51
59 38 97
0 59 3834
0 49 3833
175 22 197
0 78 3834
0 114 3833
262 100 362
0 65 3834
0 148 3833
404 56 460
0 42 3834
0 157 3833
548 55 603
0 88 3834
0 102 3833
652 53 705
0 49 3834
0 59 3833
810 43 853
0 105 3834
0 60 3833
933 80 1013
0 80 3834
0 74 3833
1076 17 1093
0 63 3834
0 171 3833
1109 33 1142
0 16 3834
0 109 3833
1228 12 1240
0 86 3834
0 107 3833
1316 93 1409
0 76 3834
0 138 3833
1466 101 1567
0 57 3834
0 168 3833
1619 67 1686
0 52 3834
0 60 3833
1736 65 1801
0 50 3834
0 49 3833
1860 80 1940
0 59 3834
0 108 3833
1969 48 2017
0 29 3834
0 143 3833
