51
67 99 166
0 67 3616
0 175 3615
223 84 307
0 57 3616
0 63 3615
396 44 440
0 89 3616
0 28 3615
487 38 525
0 47 3616
0 189 3615
543 62 605
0 18 3616
0 124 3615
617 20 637
0 12 3616
0 50 3615
679 66 745
0 42 3616
0 206 3615
786 80 866
0 41 3616
0 85 3615
908 29 937
0 42 3616
0 71 3615
989 64 1053
0 52 3616
0 112 3615
1118 58 1176
0 65 3616
0 115 3615
1187 100 1287
0 11 3616
0 46 3615
1324 47 1371
0 37 3616
0 167 3615
1465 36 1501
0 94 3616
0 110 3615
1530 64 1594
0 29 3616
0 81 3615
1630 32 1662
0 36 3616
0 28 3615
1735 81 1816
0 73 3616
0 149 3615
