51
55 20 75
0 55 3723
0 13 3722
167 47 214
0 92 3723
0 89 3722
317 38 355
0 103 3723
0 116 3722
457 62 519
0 102 3723
0 35 3722
606 87 693
0 87 3723
0 36 3722
736 54 790
0 43 3723
0 162 3722
809 14 823
0 19 3723
0 55 3722
875 89 964
0 52 3723
0 103 3722
1062 84 1146
0 98 3723
0 40 3722
1214 57 1271
0 68 3723
0 143 3722
1311 87 1398
0 40 3723
0 65 3722
1459 100 1559
0 61 3723
0 34 3722
1615 78 1693
0 56 3723
0 202 3722
1797 33 1830
0 104 3723
0 184 3722
1890 35 1925
0 60 3723
0 11 3722
1985 92 2077
0 60 3723
0 108 3722
2135 51 2186
0 58 3723
0 140 3722
