51
41 66 107
0 41 4290
0 192 4289
189 50 239
0 82 4290
0 111 4289
317 34 351
0 78 4290
0 17 4289
401 91 492
0 50 4290
0 112 4289
593 54 647
0 101 4290
0 200 4289
699 85 784
0 52 4290
0 26 4289
828 14 842
0 44 4290
0 132 4289
925 100 1025
0 83 4290
0 207 4289
1106 101 1207
0 81 4290
0 14 4289
1300 59 1359
0 93 4290
0 100 4289
1381 16 1397
0 22 4290
0 191 4289
1429 67 1496
0 32 4290
0 192 4289
1586 37 1623
0 90 4290
0 30 4289
1715 108 1823
0 92 4290
0 201 4289
1851 62 1913
0 28 4290
0 140 4289
1935 27 1962
0 22 4290
0 168 4289
2064 49 2113
0 102 4290
0 143 4289
