51
103 52 155
0 103 3057
0 80 3056
213 15 228
0 58 3057
0 113 3056
271 31 302
0 43 3057
0 154 3056
388 34 422
0 86 3057
0 54 3056
463 73 536
0 41 3057
0 64 3056
610 67 677
0 74 3057
0 117 3056
760 104 864
0 83 3057
0 45 3056
876 73 949
0 12 3057
0 175 3056
965 19 984
0 16 3057
0 76 3056
995 21 1016
0 11 3057
0 31 3056
1063 71 1134
0 47 3057
0 93 3056
1182 14 1196
0 48 3057
0 144 3056
1258 62 1320
0 62 3057
0 54 3056
1426 14 1440
0 106 3057
0 51 3056
1453 20 1473
0 13 3057
0 70 3056
1517 56 1573
0 44 3057
0 60 3056
1599 39 1638
0 26 3057
0 37 3056
