51
105 64 169
0 105 3754
0 146 3753
184 62 246
0 15 3754
0 37 3753
318 99 417
0 72 3754
0 60 3753
447 12 459
0 30 3754
0 155 3753
471 100 571
0 12 3754
0 113 3753
600 107 707
0 29 3754
0 40 3753
728 16 744
0 21 3754
0 196 3753
759 14 773
0 15 3754
0 117 3753
847 76 923
0 74 3754
0 118 3753
950 29 979
0 27 3754
0 193 3753
1050 68 1118
0 71 3754
0 78 3753
1205 93 1298
0 87 3754
0 57 3753
1347 28 1375
0 49 3754
0 119 3753
1463 94 1557
0 88 3754
0 109 3753
1584 60 1644
0 27 3754
0 187 3753
1753 10 1763
0 109 3754
0 72 3753
1817 35 1852
0 54 3754
0 104 3753
