51
88 94 182
0 88 4373
0 179 4372
201 56 257
0 19 4373
0 110 4372
285 74 359
0 28 4373
0 186 4372
432 72 504
0 73 4373
0 128 4372
558 91 649
0 54 4373
0 17 4372
694 44 738
0 45 4373
0 61 4372
768 68 836
0 30 4373
0 110 4372
927 97 1024
0 91 4373
0 122 4372
1067 54 1121
0 43 4373
0 199 4372
1137 87 1224
0 16 4373
0 148 4372
1317 87 1404
0 93 4373
0 124 4372
1454 102 1556
0 50 4373
0 151 4372
1632 62 1694
0 76 4373
0 144 4372
1803 104 1907
0 109 4373
0 192 4372
1935 72 2007
0 28 4373
0 88 4372
2069 56 2125
0 62 4373
0 178 4372
2161 10 2171
0 36 4373
0 64 4372
