51
108 23 131
0 108 3611
0 67 3610
142 17 159
0 11 3611
0 29 3610
240 53 293
0 81 3611
0 199 3610
337 48 385
0 44 3611
0 47 3610
395 107 502
0 10 3611
0 61 3610
592 17 609
0 90 3611
0 195 3610
652 56 708
0 43 3611
0 61 3610
803 22 825
0 95 3611
0 52 3610
840 54 894
0 15 3611
0 151 3610
998 68 1066
0 104 3611
0 14 3610
1166 67 1233
0 100 3611
0 19 3610
1255 69 1324
0 22 3611
0 12 3610
1395 15 1410
0 71 3611
0 132 3610
1448 101 1549
0 38 3611
0 71 3610
1653 82 1735
0 104 3611
0 191 3610
1817 96 1913
0 82 3611
0 202 3610
1979 62 2041
0 66 3611
0 66 3610
