300
637 53 6600
4380 3 9379
3120 32 13144
2749 64 7513
1877 93 3474
10254 82 14285
912 100 2028
10481 21 13627
1513 10 1664
4353 39 12513
974 60 5596
418 6 14044
408 36 4041
5584 49 7227
5430 63 11645
925 9 11160
2043 36 10456
6211 72 9197
9656 17 14304
3150 99 7098
4352 17 11211
5482 25 6903
642 89 967
572 96 10857
6035 86 11114
6145 28 12216
2094 46 13097
4203 32 5583
5772 87 7819
2588 79 10088
9146 25 9800
2902 90 5757
5665 79 13433
343 5 13360
2522 32 9297
2875 3 7747
7778 45 9243
7314 22 11531
666 86 9226
1917 81 8592
2165 21 10509
1362 11 10383
5218 98 12692
1033 39 2575
2766 19 8405
1590 49 11547
820 83 14739
4483 72 9606
347 56 3880
4506 89 9557
631 4 6253
247 1 4911
4257 54 9823
2573 84 9763
507 31 542
9060 18 11221
3798 5 10543
9778 10 9824
1064 93 1783
2518 82 10321
11236 52 12621
1592 89 2540
6603 54 12256
6758 43 13311
1852 16 10121
7712 33 9204
201 15 5758
4549 46 10183
559 2 5981
7688 43 8510
10101 84 13789
8521 95 10739
252 54 3459
5063 85 9222
4983 63 13211
2371 58 3065
5911 5 10130
8031 19 10983
1196 80 2452
7884 8 12397
6517 11 11731
4361 29 9589
5827 21 8338
11714 53 12165
68 48 5872
2751 11 3444
8657 10 14273
543 88 3770
11790 85 13500
1852 46 6426
879 70 8408
919 65 14694
357 21 8930
3038 69 4050
1542 55 3785
5595 13 14144
1903 76 14322
522 43 8255
8673 81 9552
2038 32 12273
6766 40 11182
99 17 9824
2402 27 14870
6488 53 7230
1780 68 3537
2563 36 14926
989 9 1817
5196 38 13325
3328 48 4539
2891 73 8288
10843 62 11130
8788 59 12334
5917 92 8061
1116 47 13913
1892 35 11208
6814 89 13025
9697 13 10211
11805 26 13947
3620 26 3748
7126 78 12284
2758 89 11951
350 59 12537
1799 46 10568
1394 55 14342
1249 85 2793
1916 35 13804
4073 57 13805
2587 33 13751
1040 41 5702
3782 13 6028
3119 35 14243
1051 56 2992
5620 74 8424
2079 94 8056
9565 90 11591
7071 9 12934
1063 55 12106
9270 19 14244
692 40 1184
2628 47 11652
2561 98 13759
508 46 11318
9211 27 9656
718 98 8550
12563 30 14974
2615 44 3835
1382 40 10942
2946 91 6633
9389 91 11079
1942 71 8006
7103 78 13468
39 64 618
6261 40 12760
2555 23 3805
640 22 14674
1614 11 8063
11492 93 12130
713 81 14281
2547 46 4223
3645 89 5178
3623 43 12400
7264 5 13088
273 24 933
1780 20 6995
5356 43 6198
2797 31 7230
4040 40 8167
3634 6 12625
3889 91 12427
3981 35 11666
4353 47 4452
1680 19 3653
12364 64 14330
538 60 12572
11346 71 13312
1665 59 7672
6430 26 14673
14049 19 14905
745 82 8337
1206 66 9261
2767 28 6536
11720 42 13116
11021 24 12069
3729 12 6988
7503 55 9304
1161 3 2925
3177 71 14223
5139 26 6632
3434 96 5642
1781 87 10607
4882 21 13773
1353 35 3564
166 79 5366
1513 60 4287
14201 32 14703
7567 1 7798
93 29 5913
661 77 14504
8532 10 10972
149 29 2893
599 61 10743
11164 97 14908
10621 75 10758
2266 52 13119
4829 38 13589
3901 43 14732
4748 43 11452
1397 81 7539
10075 31 14514
4092 7 5451
364 12 3683
6209 18 11077
9899 6 10795
3187 10 14685
4737 70 13068
675 61 7892
7676 48 10420
4406 19 12474
10460 31 13794
223 40 2742
2399 30 13593
5654 34 11310
5895 42 10986
10499 83 11951
632 54 2551
9299 55 11859
4817 87 12501
2520 55 13389
8872 25 13773
4671 24 8988
10628 57 10846
4061 88 13370
9623 62 12645
134 39 13965
1133 29 8364
11188 12 12369
7061 82 12621
450 16 9824
3559 92 9258
5185 77 7684
2721 42 14513
1027 100 8727
2369 11 2579
2267 35 4066
5576 89 7434
645 68 11954
3909 57 6469
1191 25 11918
697 7 12805
1013 2 5190
76 77 10146
2213 65 8208
3410 17 4447
2437 94 5882
542 64 4321
151 54 9461
5062 53 9117
439 97 7605
2624 30 13112
8784 48 9658
54 52 1480
543 65 5169
650 60 14687
793 97 2973
801 55 2247
356 68 4342
9941 53 10771
9886 11 12963
5255 32 12145
10575 24 13832
1066 7 3152
2787 93 8573
2665 58 9148
1722 92 13032
4924 82 6924
1645 49 10254
11609 55 12514
5748 69 6167
3213 2 13829
845 94 13819
774 51 2299
5388 65 7632
4649 64 6990
1912 14 5626
861 94 9532
3295 35 11962
11038 69 13392
2630 62 4201
1845 99 5032
4141 88 10879
645 61 7785
6654 3 8302
1987 99 9494
13759 22 14767
6253 98 13093
4282 83 7427
4598 19 9734
3476 11 7864
4971 92 10520
11857 37 13531
