300
7817 15 14714
10680 88 11209
3689 46 6610
3127 83 8706
3223 39 10083
6795 16 11056
1704 65 14345
7262 53 9746
6312 96 10404
10470 97 10786
2019 85 13808
3224 33 8930
1353 43 9643
8497 63 13237
187 14 2662
9155 86 9295
12789 43 14078
5537 30 10790
6804 82 11582
2439 13 10717
475 77 8102
5861 91 7670
1350 14 4253
4412 15 5678
9537 57 9941
1715 37 6157
1778 86 11105
6038 82 9292
2710 82 9719
11119 45 14750
860 52 10981
648 18 11480
2871 87 9015
4953 1 12824
1532 45 2398
1499 97 12820
5506 83 8105
1456 100 5386
2803 85 3260
795 55 3281
48 92 8920
2173 73 12555
6083 85 10673
10813 67 12269
3770 59 7916
1538 12 12241
5757 13 13835
4395 8 13820
6692 73 14200
6727 3 7285
128 53 13032
8614 82 11878
3219 4 9118
4590 74 10779
7952 81 8050
1613 81 3424
5458 48 11472
111 77 13413
459 10 1816
476 71 12828
4557 20 10590
516 33 1300
1321 44 6821
11549 9 12783
8127 98 9533
8389 6 8682
4196 29 13655
3752 35 13704
1280 37 7629
1254 40 1852
1905 93 4665
3320 19 10285
9121 53 14498
13654 67 14496
7312 66 11179
246 2 5489
1384 64 2108
3574 50 13338
395 68 2429
2163 34 3003
1167 26 2839
2916 91 12342
111 12 9068
6256 79 9481
534 49 8653
6362 41 8859
83 63 12934
445 30 6866
126 10 13863
5857 90 13761
452 1 9064
8509 14 11251
2297 7 5435
729 60 12551
5345 32 5507
2281 13 7285
5533 67 13800
473 80 5434
2608 60 12488
2231 50 7926
9235 84 9375
312 62 11956
4680 2 14042
9100 7 13252
12430 100 13916
8251 28 9266
430 81 10472
8621 25 12479
3901 18 11861
168 75 1717
400 40 12939
2592 31 5270
1372 84 8923
8828 74 9094
4618 93 14075
5362 70 10024
1042 15 5595
6483 62 13288
2721 48 14651
2534 97 12706
2722 19 4042
1706 71 5034
1080 89 6853
6474 77 8461
866 69 11956
2375 41 6539
777 5 7268
2328 70 9926
4694 42 9307
2181 68 13517
7759 91 10109
3960 47 8078
8987 59 13796
9936 87 14795
5925 62 13737
1013 9 4838
13382 55 13791
205 22 8530
1978 99 5092
2522 27 5813
11172 97 12688
4214 78 9042
3037 16 3785
12065 56 13657
5089 71 5466
778 23 14724
42 66 12153
936 12 2294
7435 32 10459
2296 66 4687
9425 33 11225
7239 6 8276
479 72 11008
10329 59 13459
11562 77 11714
13263 33 14278
8691 42 13257
3983 62 9129
11775 96 13866
2743 95 4637
181 26 11466
6507 71 9133
12 7 12105
5460 100 9129
2943 17 7614
1961 70 9282
899 7 8574
10402 83 13719
828 3 4063
6565 95 9321
6906 89 9285
8151 25 13648
2778 15 8076
2505 68 6504
2443 26 14483
3523 90 12469
1938 66 2584
5667 83 7234
5081 45 13009
3394 67 5829
6612 19 12015
1958 30 8372
2031 41 12517
124 34 2342
8668 1 11035
265 99 4992
346 31 11300
6909 8 12918
637 71 11977
197 37 12576
3695 31 14033
7020 47 13100
7645 64 13637
6541 35 13854
2557 24 9537
4809 25 11769
4127 26 6525
3615 94 8191
2156 79 13035
6611 5 12798
364 41 6705
2544 100 5628
6888 30 9890
2728 25 3903
3703 37 4437
5802 38 14776
321 38 7380
3109 99 10558
1110 31 12204
233 55 5327
2490 37 6627
2377 26 7900
5912 52 10082
1412 40 9340
1513 71 10720
3609 48 13236
1866 10 12688
6819 46 7737
3395 6 9204
4708 82 13497
1681 60 2470
275 30 6122
576 73 1227
5269 1 14005
12545 60 14051
7858 19 12169
2520 93 10544
5954 19 11623
598 17 10723
2367 87 2682
850 100 8931
2127 46 2619
2001 77 13278
4934 66 9829
5015 67 7689
774 27 14877
212 75 14326
2439 91 8380
4407 93 6474
6736 27 7995
4280 31 12115
2940 40 7180
12578 21 13865
5422 79 6335
6793 56 12606
730 9 14090
38 3 12004
3925 38 5215
10700 34 11800
7927 83 8476
7694 61 10827
5833 46 11962
2003 53 3867
7620 70 9001
1943 1 2760
6745 49 14840
1345 3 1654
4998 4 12606
4675 91 14086
4111 8 9431
1536 4 2605
1839 51 3668
1202 83 11959
389 92 6884
1256 14 2215
6555 11 7131
4322 16 12101
4984 49 6923
9792 12 14782
10339 10 14732
532 42 13091
418 49 13618
1414 13 9179
7458 6 14304
6684 29 7904
2052 95 10470
1153 34 3564
747 66 13323
6504 21 10571
1018 61 1867
4380 6 10681
3459 45 13741
11787 24 12792
2734 74 4903
1703 5 13421
4955 54 6028
1866 40 12982
2990 94 6902
3639 50 13232
915 40 3798
570 8 1906
9935 58 13366
11756 55 14420
100 48 201
122 22 13056
2638 21 6777
2495 86 11395
2488 34 8228
5838 9 12586
2272 27 2687
