300
2025 74 5416
1100 40 4706
228 15 5700
1007 75 8000
9261 96 13480
8681 73 12584
541 45 13442
7631 34 14710
8524 79 10341
1072 1 10212
10829 84 11666
501 13 941
5814 47 9190
7069 68 7256
4362 68 11624
6184 9 12521
9168 99 10891
7632 38 11926
8642 94 10271
2482 11 3582
2408 96 7418
8531 69 10959
7157 1 9297
3146 20 8592
1744 30 14229
1454 9 13175
13807 33 13905
6118 27 8627
3679 10 14093
7255 18 8017
8958 5 13032
5620 97 10392
8699 76 10787
2743 59 8438
1787 56 8178
5361 23 10631
1885 17 14272
6958 21 9164
6548 76 11542
2471 50 11319
9221 15 11759
2358 96 5390
1401 22 4810
2892 37 8752
6695 99 14537
7697 80 13581
405 38 2517
11204 84 11934
4958 37 6337
308 95 8172
2982 92 14408
447 88 13646
5523 4 11124
8241 6 13901
13558 62 14877
5704 88 13988
10071 7 11646
3658 44 4859
6794 10 14736
8998 23 13619
4953 76 10925
942 82 13554
1796 56 4375
9908 77 13510
11218 64 14454
13501 32 13671
1141 87 5080
2424 85 3078
5908 88 8523
5078 41 7337
691 55 9248
126 87 5754
11487 16 13740
1326 33 2589
3014 62 13823
8150 9 8571
1762 96 13003
8229 18 10891
61 45 1278
786 9 6383
8001 30 12456
428 63 1953
11733 85 13371
4632 98 11774
4715 4 7660
3463 60 13164
966 85 4800
929 8 9502
1836 12 9245
2662 38 10735
1748 73 4945
12759 26 13295
7491 88 14776
8924 69 10044
1881 28 4173
8239 80 10324
1716 65 9166
234 57 7255
2519 33 11685
5284 36 12714
1211 38 3199
2449 61 12645
2306 4 7924
4843 45 5105
3219 30 10401
3233 28 7491
351 40 14330
64 4 14077
5963 88 11419
7702 34 11024
10503 2 10885
8447 4 9788
2245 55 12071
14040 58 14111
629 65 2602
5253 80 13980
3956 12 10330
4399 98 5465
451 24 5042
3324 29 6321
685 32 2644
1443 56 8661
7966 9 11228
3861 87 12947
2027 24 10911
469 51 7575
4262 57 9219
3230 63 13878
2011 67 9849
1164 64 10535
4023 31 4513
1220 66 4319
3149 40 11943
2413 65 10710
5074 85 8626
8681 70 9109
7730 91 8987
3313 70 8274
3507 68 7980
25 27 2747
5389 68 14675
6501 44 10607
6694 54 12764
13500 14 14915
2357 37 11737
5681 86 7913
5678 16 11299
1811 82 13160
2737 86 5101
10990 41 14232
6081 34 14919
144 36 7555
11489 78 12981
4207 96 11840
8282 15 8962
3667 34 9797
340 66 11824
12603 72 14151
796 72 2551
7513 49 10515
2339 68 8818
7658 30 8499
194 81 5841
4113 91 10604
975 76 4161
3792 64 8938
6566 22 13649
3649 20 9507
1495 16 7389
886 63 14507
379 2 9461
789 89 13696
1440 68 4883
7886 55 14784
243 71 346
173 2 2104
6776 17 9966
55 25 3250
670 57 7440
7029 28 7823
5186 68 11028
521 15 10904
14553 79 14776
4476 35 10121
4175 38 4495
7668 21 8182
13385 86 14196
524 66 2707
3555 60 9389
1978 1 4315
6440 6 11608
10233 1 10786
10284 24 14746
7147 96 13552
2224 32 4102
8910 6 12357
891 30 12979
1090 48 4149
8800 4 13874
3759 37 12013
6183 7 14870
1817 76 10644
1938 91 9273
9563 35 12842
3354 90 12194
6174 79 7937
738 5 4361
8374 99 14710
729 34 3443
1360 1 14885
2335 91 9367
5131 53 6616
9264 88 9523
2332 1 7617
6337 20 11732
729 44 6049
6222 11 11518
12729 70 13489
5110 70 14253
3377 79 12115
11527 85 12900
276 80 9956
2762 54 13027
13905 19 14380
1112 36 8738
7229 24 13256
9608 96 12309
3154 99 4501
9699 48 12203
1564 67 4334
7958 97 13324
1988 24 13724
11987 72 12605
8687 83 10147
3470 20 10523
258 95 6016
6616 73 10747
10244 30 13256
1934 27 8637
2237 17 12487
6216 60 11059
1330 89 11561
3575 93 10409
372 3 8053
7393 66 12241
6134 16 7679
2618 67 10725
1495 21 11533
4013 37 13325
3133 3 14486
3550 82 6267
2592 56 6004
95 89 7809
6965 42 9972
2755 82 12745
5382 28 7748
7864 58 10713
4465 12 5160
10040 90 14525
4379 94 13162
6614 19 11219
10795 84 13270
13389 88 13502
4553 72 7932
4988 3 5510
1619 81 2399
3439 24 7806
2545 25 6236
6169 54 14983
2177 54 3651
6052 2 10161
3735 50 14862
8970 24 12761
5766 34 11076
7924 43 11765
2031 92 2375
2583 4 6008
1134 92 8174
10423 17 10613
5303 19 13863
5685 62 6216
5126 19 11501
7366 75 14101
13066 96 13639
4104 11 8901
5591 48 9866
775 4 11701
7038 75 12014
8894 46 13791
1936 1 5346
2458 21 7888
1940 30 4659
8368 45 8699
9710 49 13505
456 98 2701
63 31 2424
515 87 3361
2793 11 3317
5907 15 12092
403 51 6973
