300
973 12 1742
2527 14 14004
5235 65 14975
4218 44 4420
4127 4 12977
8155 93 11770
1467 31 13955
8951 27 10273
4503 65 10783
2561 87 6851
558 92 3425
4603 89 6419
7589 7 11158
8688 35 9571
13430 12 14978
1081 29 14343
5275 42 14849
9459 66 9738
3260 65 13608
6136 30 7853
8135 20 12866
1677 99 9611
1105 82 11651
991 96 12877
4148 79 8036
489 94 2086
1045 93 6728
9499 41 10441
2878 85 12747
6353 36 7858
7597 59 13047
8251 47 10084
1180 89 5418
12532 77 13218
3557 41 6741
1462 39 7649
5249 65 6854
11057 57 13031
4944 75 13487
4597 92 7246
2615 53 10362
620 11 6942
5540 52 7887
399 75 1803
3567 38 8494
4112 100 10118
6632 49 9799
3083 84 10867
1007 17 2211
1064 5 9087
9594 52 9675
4931 58 10582
662 99 10158
2178 86 3135
476 24 9679
10126 1 14766
5394 49 8150
8550 97 13719
7962 94 14845
561 48 4951
1634 42 11536
1803 57 6021
4558 19 11160
8474 90 12750
12664 10 14384
8892 72 14983
2752 20 4193
7999 46 9497
3082 69 6321
853 46 9314
1134 13 12288
6767 45 13288
1828 45 13810
9155 8 13668
8396 64 13006
3709 1 10356
6206 11 11422
3775 49 7915
3341 43 8660
12510 65 13991
7223 15 8089
1247 60 12314
5079 52 11673
9764 68 14301
9143 11 11259
9361 12 9706
7970 5 8383
6985 15 7346
4156 92 12393
7677 78 12113
199 12 1560
716 45 11844
3281 22 4320
8559 8 14369
4291 41 13799
1533 7 5807
852 9 8790
4443 44 6535
1062 51 14295
5017 72 12395
5312 28 12983
1598 40 12894
1115 35 14085
3499 93 12150
678 39 12444
14049 92 14469
1821 69 7495
2212 27 7849
7234 91 12577
2838 87 10675
11285 57 12293
2587 46 11856
1593 46 2841
1113 81 10224
6026 26 12640
6615 66 12454
3173 14 8262
7717 15 8373
2609 34 6854
5503 79 9810
1580 95 1773
5672 88 11417
1686 63 8303
5796 56 8743
5486 98 10261
2745 11 3953
9182 46 13226
1 32 11138
2270 86 14950
7574 99 8823
1881 38 2109
750 72 9829
2319 36 4784
3950 91 13331
10050 3 14125
13702 90 14665
1601 24 7110
33 6 13964
7056 41 13146
12220 90 14958
1504 31 6852
3335 1 5876
4918 80 10948
1558 47 6662
6085 30 10173
3636 93 7439
2188 69 7489
6992 6 13042
5349 4 9238
2536 66 10497
1554 68 4315
554 82 14522
3293 17 4710
803 44 7746
1323 42 12764
483 72 11964
10332 9 12516
14004 100 14771
7395 37 9198
10916 43 13615
4586 35 11830
6231 62 11600
4916 32 14301
10743 78 13169
1377 83 9093
7746 98 11750
1494 33 2711
3247 26 14861
1354 37 11464
1407 15 4238
1796 35 4101
741 38 2735
9626 87 10527
3037 10 6595
2538 82 6926
1957 20 12627
276 84 2862
11500 67 12271
6073 80 11545
5719 13 8123
7785 83 10053
488 66 3198
561 4 6218
6870 74 9716
8231 38 13827
1280 16 14655
1720 13 9150
3256 95 13424
11333 91 11924
10138 45 13103
642 88 1443
5200 75 5571
2735 59 12314
8502 30 14057
2065 66 2238
2640 63 12823
11826 54 14893
961 63 11293
13129 53 14036
1735 94 14889
1742 59 3111
2468 30 10747
2588 80 4897
1134 41 14542
5507 28 13063
321 47 2470
1218 3 8729
447 8 3528
8405 19 14162
3493 30 9527
3684 18 6508
6146 19 10941
4888 48 14718
13244 78 14706
912 37 6081
5168 73 7068
9045 56 13779
4889 67 7258
2065 2 7272
748 1 12463
1553 96 8536
1131 78 4600
779 47 10848
11914 78 12490
9909 65 10452
519 12 12021
13526 94 14868
1259 71 8941
6681 70 8856
24 94 10260
9461 10 9657
10401 49 11961
927 77 3852
2803 87 13292
3130 9 4422
90 16 4366
5101 7 12596
10930 36 13721
217 5 12423
6902 50 10346
4187 84 13381
10620 50 11736
4091 92 10544
6527 58 12091
6747 51 8997
11002 25 14510
6857 60 8497
8184 6 13734
2458 8 12217
2785 42 7959
4522 73 5511
843 37 14178
2775 21 4644
2736 10 3658
1013 49 7800
565 87 12932
7750 12 11780
2577 76 10156
1548 77 11822
6345 64 8646
2754 43 6107
9629 56 13242
2623 28 4533
5471 33 13165
1935 97 8147
6926 28 10936
8011 1 14269
2681 3 9907
5448 79 10350
11257 1 13114
10752 56 14096
11558 14 13750
8000 77 9387
1535 5 7866
3950 12 5738
7416 43 8212
525 89 13826
6140 92 12038
3086 15 10689
3870 76 4386
122 49 14056
9797 41 11566
2876 46 8092
9430 99 11706
503 99 1798
2948 1 5219
1851 91 12680
1374 52 12014
7875 20 14320
4628 59 10352
696 62 1069
2733 34 10646
3121 49 5907
9043 100 13349
1363 14 9967
9077 53 10654
588 23 7530
2546 29 9900
262 82 1377
6175 83 9099
