300
5467 50 13741
2008 92 2708
2430 29 14884
1439 65 9508
908 75 12890
2531 73 7464
389 13 13858
153 44 9846
8310 68 13858
2850 76 12689
2666 10 3724
168 21 5382
528 5 3053
870 90 11894
7563 63 11470
6953 50 10914
788 46 1926
8023 35 12287
4830 41 7390
1445 64 2830
1869 39 4295
377 23 8823
9461 48 9971
4317 34 6367
6897 43 11177
726 62 12965
10802 90 10895
8757 6 8791
5413 76 8395
2084 70 8672
8116 88 13812
4476 12 9681
9911 26 13815
5518 41 11080
2043 97 5224
2068 97 4205
1601 12 11319
9818 24 13399
625 92 1788
7847 12 10931
8084 58 9450
9999 36 13621
1313 3 10852
8948 100 13475
168 28 659
10939 57 11286
6120 42 14609
355 91 1704
394 7 5662
9020 89 13787
10251 54 10871
4357 4 12873
301 91 667
3870 77 8280
3529 5 6701
328 93 1140
2243 61 13754
4796 17 10187
8977 53 14334
7247 52 9657
1158 3 10668
11262 3 11923
11070 2 14670
425 72 9848
1522 39 12463
7806 78 13320
6863 87 7040
12692 62 14470
4448 60 13737
9456 66 9854
453 69 9101
11658 55 13114
2751 95 7358
3883 98 12712
1053 64 8706
1838 81 2799
2314 90 4567
83 23 1460
802 84 13059
4486 44 13533
1542 70 13222
2999 2 11832
5174 67 6728
4335 9 14922
2341 57 14022
9735 58 12533
6313 94 13333
8154 68 12954
1382 77 1476
4988 59 11302
1665 9 6800
1899 12 13544
7498 25 8487
9459 68 12943
592 63 7952
341 20 2544
2067 71 14049
2572 8 5713
2854 33 7981
11171 59 13103
4946 45 11080
10575 36 12812
2861 42 12865
9738 39 14040
306 58 3715
1486 53 11421
1452 18 4338
1342 31 5571
1766 100 9050
5916 62 13758
4329 10 9134
1397 21 11379
10814 47 11460
3810 40 7348
4884 79 13844
237 60 2232
4757 17 7694
455 64 4716
1371 72 14251
843 41 5700
138 84 13884
3898 12 4489
1272 45 8472
351 80 647
2471 14 9120
7857 80 11014
3789 46 6902
11942 76 14504
1326 88 2444
134 77 9611
8421 67 8864
737 87 9372
6248 76 15000
7573 86 8114
12705 59 13497
7169 77 11090
9220 93 13791
3713 84 14622
9260 31 14457
10445 51 12454
4009 61 7060
308 78 3349
5030 11 9251
2710 38 12355
2768 29 7480
9531 76 12497
3382 55 14878
2639 67 14858
901 44 4759
7263 2 11964
6974 94 12979
8842 36 13745
316 4 13903
6868 24 13794
1423 43 3760
2963 49 11050
1689 47 5633
1603 66 14073
3981 54 10770
10673 91 13502
1749 40 5878
1701 21 13376
6110 27 10073
649 54 10913
751 39 3528
6062 80 11656
538 84 6791
2341 27 8826
350 13 726
5491 38 13457
1224 61 3463
12 19 1657
4294 26 11156
3417 25 8644
3786 93 10983
3729 69 7634
1665 28 3237
3066 70 6479
1295 77 14119
8500 18 11449
1585 33 5041
6569 7 9944
782 90 5223
1359 90 3702
9408 75 10787
1416 57 12995
1183 17 2972
13298 11 14194
6749 23 14034
2576 7 8082
5205 30 11920
379 74 4256
9401 73 14254
9850 79 12387
11491 24 12007
6822 10 11868
766 71 8389
8655 94 13225
10993 64 14953
636 69 6340
2020 35 11046
9767 34 10219
7297 9 14292
10248 31 13953
4771 33 4886
4963 60 8676
11907 39 13127
3657 23 12256
221 34 11387
1399 9 6465
60 17 14190
2731 24 4704
1460 19 8820
8473 22 9342
2101 86 12490
2026 23 13393
11605 33 13513
7056 90 13058
12549 89 14592
1860 91 4162
6017 86 7837
632 74 761
9045 23 10913
850 89 7029
8178 18 8330
2075 20 11935
1949 3 8533
505 93 6588
566 83 3844
5914 5 9592
638 71 4371
1508 95 4729
9356 73 12918
723 38 14347
5017 64 7834
9012 77 9433
5977 47 14345
716 37 7175
3420 1 5610
1289 9 2866
575 73 11953
1571 81 4237
6834 20 12985
7103 84 14213
11993 54 14671
1601 58 8776
6416 62 12906
11234 84 13710
2121 69 9674
854 84 8631
3743 12 5775
267 14 3645
6714 35 9433
99 49 8255
3340 1 4279
2467 27 3697
874 4 4436
3352 14 7448
811 89 9176
11475 87 13444
7286 44 11876
1392 49 6128
308 7 3522
4440 19 11293
4481 99 13698
11913 83 13620
11434 93 14250
4610 26 14708
2730 24 8470
1898 56 2553
380 34 9595
2587 61 3425
1528 53 7487
5810 11 7655
2439 66 14785
13340 87 13495
297 22 971
2535 27 9987
5166 41 10587
11928 95 12987
3794 43 7453
4787 3 4893
435 32 1888
1699 92 13809
1673 90 6328
13175 5 13921
1145 6 10580
2684 76 5049
11885 41 12626
13640 28 14846
9654 19 12362
1244 22 9420
12269 31 12987
2993 46 7770
7155 22 11106
2480 24 12107
1449 37 10566
1657 18 6085
1586 91 5639
6753 91 11308
