300
1897 32 5178
8611 98 11759
10741 20 11309
6162 3 11833
5959 88 14505
9371 84 11225
527 16 5700
2524 76 4767
9257 93 12273
5415 21 14435
2270 47 14123
9013 69 11985
1055 11 7485
913 3 12227
972 12 10362
3778 72 12274
3272 85 14678
3620 60 13429
3291 17 6896
5608 71 8861
3497 75 5295
3572 22 9508
5996 28 10450
6431 44 11290
5888 54 8935
1212 92 10070
3879 31 9652
7074 42 12684
3317 100 11736
10471 28 10662
10209 52 13427
339 76 12212
9191 67 12712
5368 56 10808
2361 93 4287
1815 27 10355
758 2 2841
677 89 6858
3941 45 10199
6460 85 7511
12427 40 13183
2296 5 8385
5540 49 11640
5369 69 7569
1130 56 12871
38 21 9697
14111 87 14710
4853 52 7614
3807 5 6916
11404 26 11988
3502 39 4505
2372 82 10064
4451 1 13659
11164 89 11625
10841 71 14819
497 15 13937
2579 88 3721
330 1 13192
14250 14 14549
520 83 12538
4654 71 8337
1052 31 2617
9876 45 14570
10468 7 12041
12250 82 13236
1572 83 9431
5426 55 13623
6067 27 13672
4678 8 14940
2030 85 10741
7784 100 13382
2431 42 4685
10998 63 11668
701 43 4593
11831 17 13696
2747 85 3278
2792 31 5435
4196 95 14748
6278 83 8802
3072 97 10908
1733 41 4464
2075 29 14201
1654 67 6907
1337 29 12144
4440 54 9275
1670 57 12550
1802 44 4005
7095 6 10017
1643 87 9142
4239 80 8031
4304 22 9732
1276 1 9589
9581 91 13735
194 9 7905
4425 1 10285
724 76 10347
3688 13 6151
1569 62 2928
4083 76 14394
3382 35 13353
6594 100 14772
8015 23 14042
7289 54 10768
5175 38 13271
4866 50 11216
5545 27 10881
606 89 6236
11387 63 13769
7611 65 9445
9511 28 13151
4397 70 9639
2565 27 13852
6118 34 9098
3515 74 14665
2906 18 11305
74 44 7526
7524 73 9436
4236 96 6466
635 3 14339
3168 41 13610
2703 91 3016
702 16 14598
771 49 7871
231 64 1214
5114 59 10423
3166 74 8165
11575 59 11957
6622 32 11214
1130 35 3566
12938 36 14793
1847 64 14921
13704 90 14585
9126 36 14846
2228 70 3788
3828 68 7932
682 29 948
240 22 7419
5084 94 8873
1353 97 3934
11021 50 13571
3093 13 14176
2895 60 4773
2137 1 11276
125 39 11352
4339 9 11127
11799 48 12765
748 5 3975
274 91 3723
11205 47 11503
196 29 11899
575 72 13395
7433 53 13096
11008 66 11518
205 57 767
3168 76 3374
4198 61 4267
8683 1 8945
9224 39 14483
6100 85 7736
4706 36 13683
3793 5 6349
12499 27 13090
940 78 14486
2063 24 13600
7076 80 13507
1208 22 2471
2019 23 4977
3979 96 14325
3483 71 6478
6365 100 7769
12309 77 13111
5143 92 11767
5401 51 7033
4857 28 12458
2703 35 9136
4889 63 8978
3959 15 10996
6988 40 8637
5295 64 14026
417 26 6375
2294 53 12491
1709 45 11835
2648 39 9358
11329 16 12304
5425 31 7791
2614 12 3312
6227 44 13439
1615 81 14616
8438 2 14472
6384 7 11184
1764 42 6515
1096 97 4331
13037 54 14240
7809 61 10546
3996 93 13426
2956 45 12639
2786 82 4800
4982 16 13314
3716 50 4045
2209 16 4724
2836 45 13996
3675 54 5809
2609 65 8809
2630 6 3790
844 15 4139
397 35 7827
4187 65 8489
6646 50 13908
7157 54 14369
2009 32 10545
6015 73 13570
103 20 272
2734 21 10912
1289 17 14821
8634 29 10698
7595 98 14916
12024 26 12550
4170 3 6048
1567 27 6059
2390 95 2581
864 83 8442
12313 83 14928
1960 5 7852
4993 72 9059
2682 13 2917
10681 38 12540
6092 52 9232
1422 6 12241
5433 21 13467
6202 36 6908
263 15 9914
1233 70 1966
8456 32 14453
8882 20 8911
7272 46 11097
440 67 14949
12770 50 13332
2779 70 11193
5628 89 9690
1940 20 14264
1752 88 3967
8240 5 10147
9842 66 13538
1983 69 5672
644 34 4619
45 97 9180
1622 88 12316
323 37 2863
4826 40 13632
7881 72 10059
2578 3 12406
1766 24 4604
192 47 1485
615 77 2157
4886 70 12187
1414 31 2715
867 100 14170
4407 43 5477
1895 42 7441
641 82 2008
3435 57 6553
171 92 8754
12127 10 14758
6042 55 12702
323 31 10229
6839 1 7713
3916 71 7875
1942 37 3745
3689 56 11760
4338 11 14848
8922 65 14851
10459 35 12784
7316 86 8625
8615 43 9930
5463 26 10863
36 13 6200
7706 32 11387
8875 58 13246
3700 24 14638
2011 70 8979
5365 35 6068
13221 73 14931
1966 38 2251
6527 86 8670
10071 30 12603
4185 89 9838
363 20 11416
10342 34 13286
12294 94 14090
7087 44 14522
8123 29 8881
3685 35 4411
8466 39 10190
7753 54 11680
1588 6 13508
2472 48 7353
4512 88 9367
532 63 11189
626 56 10249
2881 86 8527
