300
4773 17 6822
7683 36 11511
86 60 2145
4961 70 13676
6683 85 10804
9163 30 10380
8885 93 10242
12833 12 12972
1142 7 9018
4827 28 14418
4102 86 4533
3270 20 5998
1097 51 7818
888 98 1943
10193 15 12707
4748 8 6176
10991 73 13921
5567 67 8834
728 17 1874
3483 21 3511
7025 99 12659
1565 14 8805
7119 17 12190
8455 18 10583
718 29 8336
6559 74 13875
1086 33 7222
5822 7 6545
8754 14 10528
4494 13 12860
3169 11 4829
964 36 3645
8021 4 10231
2451 29 5063
3595 100 10622
600 72 10659
4077 34 6128
7344 13 10122
952 27 8096
355 41 12935
4627 60 11707
4904 51 11482
2828 100 10668
971 64 14884
544 23 3577
2209 50 9793
1053 26 10918
10781 95 11315
1250 32 13457
6460 2 8679
522 23 4323
3463 4 6230
4569 59 10543
7067 25 14889
5798 11 11528
2363 44 6821
2688 48 11545
5746 20 6333
2562 63 3351
7887 78 14395
2616 8 11767
9256 14 14981
7040 23 10350
5868 61 12868
1846 14 6536
396 74 1576
2011 42 7944
3718 33 11808
4472 94 13732
216 47 14075
5071 17 9317
6856 45 13082
1230 31 6552
991 19 7570
1987 92 13321
2949 20 11840
2473 81 11475
3355 67 14651
1157 26 8366
5224 77 12786
6217 41 14151
2124 29 13647
13841 38 13907
2091 48 6339
10763 71 14856
1035 25 3484
6699 28 6754
6692 38 6788
6976 10 8391
150 10 9672
373 29 9562
6739 79 14557
3579 94 8327
1676 23 14381
6450 19 10049
5940 5 9194
3022 17 10730
1841 50 4682
984 1 12804
427 82 8733
5976 51 7710
3650 40 8435
3650 5 13099
1295 94 4928
592 90 2712
5084 49 14875
4892 71 8007
1326 62 11613
1558 47 4914
11050 88 11757
1096 35 12597
1921 64 10858
859 2 9760
8072 33 12496
4646 41 5566
11753 14 14395
9900 70 10542
6502 68 6670
4233 29 4600
1985 94 7546
4307 19 4831
2004 32 4966
8973 18 13976
2161 53 9720
9441 41 11732
4279 88 13104
802 21 14373
1756 3 5806
4582 45 6408
1280 86 11358
991 83 10568
1983 16 8219
6835 52 13424
6691 100 8994
7418 14 12785
1488 77 9956
2524 78 10429
2373 26 8914
220 85 10853
627 53 7270
11313 66 13675
4818 90 5393
5033 73 5805
2398 8 10721
11068 43 12573
593 50 8974
13438 15 13995
2666 1 13176
2886 94 8372
6299 93 6976
815 5 14728
1892 45 10724
6077 52 11806
1722 84 12038
6043 65 8228
6096 41 9816
6629 75 14340
1344 27 3178
1118 40 9892
3835 64 10952
7719 64 11084
5331 73 11954
7151 34 7665
5456 18 6844
9902 35 13131
561 94 1700
2596 10 10944
3066 3 3745
10402 67 10581
1573 89 5702
2744 32 3428
8276 10 12459
2630 11 4382
1566 58 3333
9518 100 10164
5356 49 9412
3581 25 12372
5961 91 10012
8463 7 9095
1388 95 9174
8129 76 12334
7496 64 9347
5871 83 11748
8646 40 10977
10795 82 10990
4625 96 5814
7935 69 14817
484 23 1539
1456 84 4878
354 59 1577
345 22 5075
1782 13 3972
6318 54 8906
411 6 11974
12037 59 13625
6596 22 11947
763 39 12943
327 25 7788
2750 75 9156
3278 15 7937
8596 78 11125
11318 35 12179
5539 94 13732
1545 92 2531
1439 61 3591
816 22 3003
1804 40 9886
2164 52 12180
6377 67 11507
157 77 8779
2756 12 4809
7910 7 14280
113 49 12973
281 52 11063
201 75 13794
58 49 12880
835 71 4960
4 79 14555
9733 5 11972
5428 80 8043
8020 53 10783
566 38 6577
11838 16 12361
6674 24 7287
3667 34 4267
1211 92 6922
3258 70 11087
127 57 14263
1216 70 2436
6098 61 8447
1410 80 1906
4566 22 11056
1673 29 3266
4930 11 14252
7997 96 12735
9860 2 13625
8600 42 8986
6822 100 8404
4795 95 7068
1818 31 10697
954 65 6141
1538 85 13216
3295 83 6914
399 68 10201
2286 15 11338
1358 51 5755
990 59 7535
336 78 14164
2565 33 12701
1536 28 7136
828 97 13622
24 58 623
2888 68 10490
2468 62 8252
12601 15 12616
8281 38 14959
8665 96 11899
920 13 12902
2839 26 4278
5862 91 7542
7660 18 10338
1704 51 10608
1104 30 2756
216 64 11823
2448 72 11071
2011 87 5550
1213 30 2226
11019 74 11387
4844 50 11566
1542 73 14597
3853 31 4592
9873 55 11891
4566 19 4824
6074 68 14782
6638 25 10490
3851 92 9260
9896 1 12464
7656 11 7729
4289 18 10533
7237 58 12242
4198 66 4400
3006 94 10620
4020 43 6246
6133 33 9504
69 92 10238
5431 97 13966
3441 54 4341
12218 56 13437
14047 94 14594
1818 91 4541
4407 51 9123
4605 81 12018
6042 13 14605
10457 62 14193
1600 62 9123
1499 41 3382
11752 28 12685
702 15 6007
3569 70 10644
1571 98 7150
