300
3106 34 13649
1132 93 9666
2035 28 3117
4386 52 11239
11269 86 13084
6163 85 14366
1158 35 6780
7412 54 12069
6806 26 12660
2170 28 14742
79 85 2775
491 69 4171
6329 41 9340
7660 37 12336
4952 76 6523
1283 27 10507
13443 97 14681
1625 10 12966
6959 66 14121
4980 87 14399
4432 78 11132
11765 85 12972
3054 55 10848
2203 31 4291
2484 27 2618
11574 1 13019
2547 62 11358
6662 26 7827
8246 79 9050
1385 84 12913
7833 56 7958
9820 96 12446
8898 77 9039
312 13 764
12695 13 14280
5145 80 12886
8579 53 9114
6373 58 11423
6526 75 7320
11339 74 14388
1979 47 13181
368 64 3091
4653 23 12444
9290 61 12622
6944 98 14619
3762 52 4761
1705 6 12176
3671 25 6944
8092 1 13211
877 15 1263
2666 36 12554
2454 56 2811
5152 25 8574
1374 27 6185
2777 73 8194
1791 74 12889
9579 29 13093
7334 84 11543
1175 94 14773
10507 25 10561
2053 82 10006
3714 100 5745
5080 93 13133
2132 63 5378
3068 34 4210
6232 42 14923
2914 23 5952
3981 56 11081
819 32 1914
9042 48 11643
12372 9 14937
11299 90 14630
3109 86 12939
3524 11 12850
445 90 12874
3307 48 8288
5541 72 6259
5525 11 11413
1475 78 3853
7108 33 10382
248 31 1623
5831 10 9671
5180 79 10364
4098 58 11821
7155 41 11231
143 73 2284
2906 55 4742
4518 24 4915
1570 29 5407
2711 71 7370
894 18 7993
5346 88 5801
2483 91 6917
8906 80 14078
13294 48 13706
2212 46 9229
11567 7 13431
1128 70 6843
1356 12 2343
6069 62 14949
4021 76 11176
2442 97 14316
136 40 13232
11147 28 14923
3836 72 9273
5721 63 12592
8615 93 14312
1013 2 12124
855 46 3779
929 1 5141
2080 81 11586
6186 11 10425
6730 5 11671
127 52 463
4393 67 5269
1138 62 9849
8113 42 13806
2285 17 11255
508 4 7300
1049 62 12330
2153 23 12326
2321 88 11971
1436 16 9306
4109 54 7728
2598 90 6758
2322 46 4424
13600 57 13721
2845 3 5038
1032 6 2092
7681 36 8364
3991 98 13782
6734 41 13774
1550 13 9155
2536 41 11372
1366 96 8535
279 93 6046
102 84 5574
10086 32 11416
3740 65 12336
2419 55 10381
11534 9 11895
6072 65 12286
1923 34 2354
2498 21 10682
12972 49 13170
2101 77 6089
1479 9 11332
6086 15 7868
4931 23 13188
7512 27 14113
6118 67 6402
7489 18 8318
1266 14 4124
6708 92 9165
602 94 3510
5341 29 5771
3241 89 13150
485 78 4804
3731 74 14303
3404 14 9101
128 38 316
222 1 6363
1746 15 4479
1232 38 13994
2479 13 4867
734 78 12662
1641 32 2001
1707 3 13987
9196 23 10291
7615 89 9430
5224 81 13680
786 74 5052
1342 25 7833
935 19 2311
675 51 4448
12843 48 14057
2619 52 2881
6779 47 9640
9777 64 9995
10469 69 14845
84 75 12866
1522 27 9901
2426 33 10288
5881 18 12351
6211 2 7277
1602 62 12675
2030 37 2149
7037 97 7602
259 39 14820
6575 15 7519
2425 42 3005
4123 98 10251
2113 40 9489
3858 95 8659
3832 86 13901
4913 20 13262
445 12 10278
4384 27 5684
1458 31 7085
2358 36 7713
8943 8 9045
546 44 3397
7270 81 9260
6059 71 14946
13766 38 14501
13556 30 14768
10673 47 12340
2095 59 5409
857 42 13950
3491 2 12547
5614 17 8654
7535 65 14043
688 90 8674
11895 99 14165
1965 56 2028
689 16 896
382 21 1846
2451 58 9116
2198 16 2467
13456 16 14161
290 72 8329
868 47 5298
8746 24 12127
3753 72 6467
8169 15 10548
6098 44 14033
1187 39 12605
1250 13 3516
4520 30 10365
12881 72 14432
6267 78 6577
3556 29 13279
666 76 3214
890 83 8660
10374 39 10861
210 96 2163
1182 88 6006
2137 28 9014
7775 56 13304
2289 92 8500
443 13 4444
13157 15 13421
2634 63 4035
1129 90 6826
5717 47 8827
2251 71 5706
6426 40 9923
1213 34 1810
9235 46 13347
1238 44 4256
7501 75 13391
2972 60 14134
4058 28 12290
1792 69 8043
586 63 10242
9025 80 9432
12743 29 14091
6710 34 12402
7127 46 8678
4805 26 14924
1270 10 4090
1933 64 14640
4373 17 14043
8786 62 13258
7003 25 7934
5507 32 5846
4406 96 7910
4359 53 10056
4079 92 9922
3555 38 6220
3212 52 3840
455 16 10435
7930 70 10144
5485 61 11316
6384 69 7759
665 74 2013
3713 85 7196
9262 99 9742
1600 27 13466
3730 45 13783
734 12 7784
12637 76 13357
4870 25 12273
12558 71 14835
3856 15 11533
7151 3 12384
3144 65 9898
3757 26 13872
535 76 10773
3197 29 5056
4082 55 12062
1158 20 3901
5610 98 11086
1804 72 12531
6895 76 11881
5981 80 8543
4969 74 8602
912 32 9836
13 33 406
1479 51 1552
