300
27 96 2608
4200 52 10848
2571 26 6646
3879 72 6660
1340 96 13482
1956 71 2481
874 94 9590
5772 56 13995
2232 73 12428
7699 10 12725
2913 7 14583
1498 19 3478
7812 27 9623
7020 85 11195
831 25 3557
282 83 14604
788 36 1922
2738 31 11103
5258 3 12108
3780 40 10219
5958 26 11109
1540 85 9866
4045 34 5147
2105 65 7011
373 9 11536
50 95 10309
2702 35 4616
1597 11 4701
1720 91 8167
628 31 8423
568 31 4919
9721 56 9941
1956 88 10371
3565 15 3825
9786 33 14399
12967 77 13508
129 53 9789
3889 28 6397
7333 5 8134
805 69 11296
1857 51 11843
10049 44 10561
10792 98 14769
3003 21 11783
14521 18 14605
6640 10 14630
171 90 14918
1381 70 5441
529 12 13176
5065 36 12337
2048 84 9244
5277 68 5931
9068 53 9252
9141 90 14020
12962 78 14351
11054 88 11428
4096 38 14922
4941 42 5875
4745 6 11925
11448 67 12034
363 93 1388
2242 50 14561
4981 57 14621
565 43 1218
4079 53 5842
2106 5 5760
5191 11 12822
2421 40 6013
1208 84 13878
5994 3 10304
314 54 12786
379 85 10630
2188 43 8228
1290 85 13390
1955 28 12756
4321 71 5246
604 39 5466
622 18 9249
1077 79 13601
1182 18 10024
8060 8 14429
3669 88 14806
1225 57 2438
12542 23 14820
517 1 11752
85 38 12125
6579 87 14960
12368 11 14004
7980 97 11127
11383 21 11757
293 49 7479
2361 40 6148
4936 69 13213
406 92 13008
1029 90 12916
8439 34 12030
10764 20 11990
12043 36 12157
4048 47 13635
2104 71 11279
1885 86 3029
6672 25 13287
7 71 4408
864 23 3132
6115 34 10944
10435 17 10655
913 53 4973
9644 41 12895
13077 71 13542
3182 59 10721
641 53 11936
1021 44 9047
7301 17 7755
337 67 10804
2717 64 13438
2119 33 13863
5537 55 8275
3229 81 6795
748 40 2633
1306 17 1750
1157 76 5826
2073 80 2269
9822 64 10145
6692 90 14621
3133 37 14377
12063 22 13408
1263 74 13464
1409 67 4644
8945 56 12044
5688 41 10090
5528 74 11291
158 74 3810
8324 55 9263
5839 48 7357
6335 88 10909
563 1 6898
7979 33 12189
831 88 1861
5631 66 9583
9325 55 12751
5692 67 8760
6383 70 14539
4753 11 14996
8168 28 10427
1962 35 2215
8773 81 12614
1000 35 12460
4780 60 11416
1601 79 9480
2357 17 9276
4495 30 10244
7547 71 13411
793 22 4630
1038 37 6129
5409 3 8158
2030 45 9472
2014 32 11003
6676 4 12005
316 3 2356
1943 61 3134
2656 93 4450
1565 49 12962
9141 3 11227
8285 6 11130
5403 6 11176
3751 51 6820
1128 70 7727
3110 57 14125
576 68 1637
2944 100 8145
272 61 442
10069 79 10768
7055 43 10647
4171 86 12655
888 17 2227
3628 43 10171
6040 61 7181
2716 55 8357
7687 2 10615
5889 4 6941
2706 18 12520
13112 82 14900
6321 50 14396
10046 9 14091
1693 98 9413
8870 82 12314
1424 78 13424
3168 28 4539
6108 22 14359
11489 65 12336
3848 63 10103
7008 67 10269
1653 78 7472
1925 67 14300
11607 34 12761
11410 3 13471
1686 47 2130
621 59 1854
3904 47 8954
241 20 4934
3509 38 7287
5336 80 8860
1779 40 7776
1855 78 5487
3477 3 5889
1553 55 14973
250 65 11292
8333 54 14927
2099 72 7433
7437 95 13401
4652 56 10972
7065 22 11741
2118 92 9468
1654 90 4373
6897 90 9762
5601 43 13933
3155 50 10469
6 4 9810
983 31 7002
554 66 14705
7072 53 9314
8799 34 13429
7314 42 10685
5320 73 14707
187 98 9544
2401 29 12935
11130 67 14281
2168 5 11949
1952 91 6351
3628 62 3692
13562 21 14260
12184 34 13032
1854 23 11431
2249 65 5403
5603 89 14863
4014 3 13637
3707 72 9248
273 94 790
1209 5 1726
6417 27 11138
2683 65 10720
4667 23 10360
2158 12 7598
392 30 1557
417 2 14522
12942 43 13594
116 62 4280
7596 67 9582
2273 26 7628
1109 37 10747
11423 62 12245
7553 32 10006
3945 97 9669
2691 45 12548
6225 33 12687
463 6 9264
539 88 3407
4624 11 6352
8342 68 12283
4751 70 8983
1302 36 2115
4834 84 5439
11123 6 14159
5170 88 8120
462 50 9623
12841 17 13555
205 98 11797
2386 87 10783
112 14 12228
372 13 3880
7591 28 14378
2110 16 12992
1767 85 4228
4903 92 12901
10533 48 11531
3678 25 8126
1926 31 11346
2042 35 6333
6948 27 11689
182 10 12252
1785 53 2616
1044 67 4038
2619 64 11625
4466 1 10112
6973 75 12090
66 61 12990
927 98 8663
426 88 2304
10895 15 11064
13944 38 14512
5343 7 5967
1302 35 11657
1154 10 1550
1573 90 2789
1512 38 4776
4031 40 10043
1109 98 8133
13213 70 13741
9893 48 10642
516 96 14024
