300
421 65 14697
192 66 10349
10316 95 14811
5932 3 8990
6068 20 8098
2718 70 11795
730 32 2576
8570 12 14104
2320 15 3948
2655 81 10195
4360 12 14617
4070 4 11142
10399 48 13119
8562 9 10210
3795 62 6921
956 70 9580
2607 72 3399
10113 52 10437
10688 74 14729
12243 35 12410
2745 12 11413
1947 99 7866
2416 23 9473
1672 68 4534
6978 62 10133
1950 73 9470
8245 71 9574
426 39 2757
3344 31 14945
3912 40 7527
763 98 9486
2489 7 6544
12448 23 14983
3169 60 5620
12773 70 13074
852 37 2264
1275 49 4755
5990 39 7263
1088 83 14348
4323 85 9506
8929 29 14751
4290 96 7871
7951 24 12407
1352 10 14821
939 69 14027
10111 80 13526
3214 5 10432
14334 88 14431
91 32 2588
11986 84 12589
1030 35 6806
97 96 14419
2478 90 6168
3769 30 4974
1982 73 8779
1888 80 4970
6026 94 14757
5359 3 8050
8722 22 11189
3034 12 14778
491 60 1840
4147 50 13187
800 16 1066
10936 94 11281
334 85 3258
1342 53 11836
10587 86 13109
4499 30 12799
6241 18 13735
955 53 14720
1721 6 7300
39 88 6760
8493 66 12853
4121 58 12146
3910 49 4158
499 94 3126
3200 11 4424
83 92 8836
2324 20 2721
6729 70 14713
13763 52 14914
377 31 3157
12268 41 13087
1011 87 6283
5496 95 13040
3767 38 11063
3724 28 11865
190 72 8685
29 37 8861
2090 7 9583
6292 54 8314
112 26 10058
10174 31 13209
3520 59 4885
1650 51 5006
139 69 12565
3422 45 8335
5676 58 6351
911 52 2374
568 20 9154
12926 39 13704
6244 28 12431
4186 36 10423
2720 20 7056
335 2 4984
874 18 3792
9116 94 13942
10985 27 13890
1857 51 12172
4016 69 11901
22 58 13437
1222 96 7036
4343 79 6326
3284 69 4854
6431 69 7016
5289 42 10895
953 92 3035
701 35 4555
3126 5 6273
5273 24 6712
4726 83 12213
9908 27 12477
697 63 12089
2242 64 11859
1197 13 8970
1480 59 7803
5435 39 11200
2105 53 4373
4128 47 8859
7439 5 10257
4968 77 8958
12617 38 13867
4161 55 12425
5312 21 11846
7253 49 9926
5156 6 6668
8315 54 13888
1257 68 1528
12 82 13790
12044 5 13762
5246 60 5596
3745 75 6452
1759 8 10577
9958 18 13864
3908 43 12478
1332 13 5136
2295 99 5170
2575 95 13850
784 12 8517
12553 62 12976
11315 68 13433
6953 94 12709
3545 45 13345
9964 75 12498
10147 73 11204
42 25 10093
2202 91 12807
830 52 12447
1504 20 14897
333 69 4490
5769 34 8685
3886 58 9236
1696 54 13932
1081 58 13343
9954 45 11645
2140 88 12569
5504 60 5990
1546 95 5353
7061 61 7466
1276 84 10082
8510 9 13101
10460 61 14205
8508 81 9816
1270 64 12843
4462 93 12770
8289 22 13420
6538 58 11317
240 39 2505
2011 56 14629
1734 100 6857
1480 31 8132
7009 72 9691
866 24 6013
3908 10 10349
1408 78 12628
942 30 10598
7875 43 14755
2023 48 13503
738 8 13333
1079 49 11878
577 73 3498
968 84 8693
2930 32 3503
2907 87 6550
6497 14 7080
3988 76 13253
1924 66 4452
203 3 781
5354 17 13322
264 46 7991
983 36 5216
6820 32 11936
308 78 11980
1828 36 13800
3060 40 8773
5138 54 6937
3799 91 8522
1517 37 10943
357 66 12557
9717 46 11711
2210 87 14068
525 74 4768
698 14 14978
3169 83 8335
4564 6 6805
2724 15 7547
670 46 7746
5278 80 14175
6163 34 7507
7531 82 12011
613 51 9395
4252 15 12121
5372 21 12476
1626 69 7730
2567 17 13190
4577 92 10759
10364 18 12513
216 2 7623
909 31 5857
2440 87 7988
10964 19 12845
2066 67 6155
11006 32 11206
286 65 5551
7280 41 8009
9532 98 11246
13012 25 13671
1789 16 4007
7154 32 11077
5199 27 6113
2230 50 13243
7613 27 11095
75 78 743
1257 23 8950
5166 10 13032
8048 26 12821
728 59 8063
3566 42 13541
375 56 14454
6482 30 13051
5337 46 14174
2581 61 13941
5836 81 8378
4077 24 4476
7115 38 10555
245 82 5167
2540 65 12978
1067 78 10566
4707 44 8058
575 23 4714
14489 58 14917
9997 30 12376
7661 33 14312
1205 97 6660
9917 42 10652
8737 34 10017
2089 61 2736
1630 55 12874
3261 91 4578
3280 54 8231
1541 47 3506
390 92 5486
87 99 3089
2882 29 14633
675 32 5930
6077 27 6984
8174 30 12329
12720 8 13848
891 18 9410
6090 63 9582
1091 7 10419
2215 23 11064
2182 44 5262
10633 95 13972
6412 26 8335
4268 33 14798
1320 96 2394
1756 16 13302
7287 27 8285
2293 81 11442
10270 90 11161
7431 35 14244
12202 19 12727
2922 14 5536
2665 10 3117
4405 90 12859
3301 19 10052
2662 77 4953
1512 13 9760
6077 81 11141
