300
8267 11 14419
1852 94 8074
744 9 11448
4262 46 13708
2132 21 3095
8071 98 11622
8620 46 10187
760 19 6267
1301 70 11153
13514 51 13977
1722 49 10766
202 44 2172
6070 14 12777
5988 8 14631
9534 33 13449
3646 57 12433
10080 90 12233
8391 54 8686
7679 37 14360
9936 46 10952
6361 75 8958
5670 45 8699
1368 35 7667
1611 49 4275
7465 13 8570
3926 41 11226
7407 46 13157
2840 91 5956
2059 89 6791
3354 52 13615
11099 20 13333
5176 28 11566
1173 18 3862
992 51 12831
1003 60 9788
3925 22 10602
2100 49 14285
1801 10 3906
1420 76 10385
2520 16 12217
1198 16 11542
1817 40 3551
2143 60 3676
5711 5 11346
2651 20 14294
642 92 5645
2374 26 14758
11067 34 13972
1274 56 6796
2932 97 5961
7577 46 13828
12861 92 13862
3636 91 13276
462 38 5510
1050 18 7217
78 53 2417
744 82 2936
157 36 13056
86 68 12727
1862 40 7639
8705 46 13826
2940 21 5125
1253 59 1352
2683 83 13316
1839 35 13444
4727 64 7032
1133 10 3138
823 81 14932
1329 47 2344
2899 20 8054
28 4 14049
1325 33 6995
7863 81 8924
161 40 418
5291 27 13177
1081 14 9141
5679 58 14483
48 57 3920
7061 9 7671
1325 40 4415
685 67 1044
6653 100 7447
10921 78 14449
7428 98 12404
949 98 10443
1010 5 11819
2570 76 4588
2018 97 6880
1732 50 3375
9958 32 13047
2149 95 5402
1623 60 7212
2397 50 11857
4918 87 6834
335 36 4868
7435 69 8238
11808 38 13616
971 58 4273
9740 26 11270
4897 75 11200
7004 43 8087
6163 98 9247
10656 70 12639
17 95 13360
11315 94 11787
4056 65 12044
5592 25 13485
1000 59 5232
3642 7 10464
2703 72 14403
8806 88 11602
2388 21 13420
1693 35 6803
10046 46 14407
1593 46 12554
2808 65 12231
11 39 2741
304 38 14144
4181 67 6606
1851 63 8357
1821 2 9510
732 61 9613
5639 16 8071
575 41 3986
298 37 7138
563 43 7749
622 61 12360
6728 36 14953
4332 49 9869
2161 73 7925
2532 3 14353
626 37 11201
6804 59 12202
1262 74 2902
1912 15 13239
8700 93 10137
7107 71 9983
9847 51 11116
4053 73 4177
4708 62 8112
413 16 6608
3699 3 9932
13826 36 14407
8007 43 12698
8073 30 12950
1033 90 11995
6958 59 13777
9407 99 10483
4195 34 5100
7891 1 10828
527 79 2636
938 84 5631
1990 49 4941
6879 58 11279
12512 80 14293
1574 38 14178
4820 42 11061
3890 2 10430
116 58 3690
871 5 5927
3843 6 6997
11124 8 13325
2894 24 10111
1122 48 4958
7969 74 8080
8476 98 14713
6215 66 13031
1748 51 9998
2624 76 14176
1369 87 13215
465 7 9480
860 11 2474
1223 67 8393
3638 11 4289
576 77 815
2473 68 10108
3141 92 9110
9518 34 12910
4167 32 10468
1944 79 7112
255 39 7935
1294 45 2786
2376 5 12518
7548 33 8152
7289 62 14752
989 8 14302
9401 21 13137
1858 55 2225
2179 23 8801
10683 4 10949
4245 99 12467
7215 90 7602
14664 18 14903
5774 85 14647
1976 81 14200
1840 53 12414
6499 6 8164
1295 83 4601
3420 67 12405
5855 25 7334
14316 48 14840
8486 74 11113
7556 82 9610
1976 13 2358
650 91 13042
12512 2 14852
3761 15 13473
2442 20 3909
565 41 5664
1510 9 1558
3325 20 4205
8280 98 9243
9748 93 13889
5835 5 10558
3267 16 13377
3737 46 6147
836 67 1807
1376 18 8690
8494 75 13838
3397 2 11345
130 46 1846
7355 39 11503
2422 96 12372
122 76 4593
5911 82 11127
405 96 4075
2092 68 2218
4026 63 12806
702 71 1147
9976 35 14171
1490 21 1849
6992 99 13411
7283 14 7996
8677 97 11605
10847 87 11732
3314 1 11395
1770 40 2196
7587 69 12296
10670 31 14594
248 86 4815
6244 65 7985
1449 87 13725
7996 24 11629
2605 5 13175
1055 69 4307
3275 45 9767
2048 48 6492
1835 81 3300
7863 30 14638
1653 88 12306
11437 79 12658
6671 53 10893
2962 13 8932
2274 86 8494
203 36 8665
669 2 2513
2986 36 8301
4216 57 4824
10506 19 13511
451 50 14930
2137 1 4741
10134 20 12029
5674 37 11098
1625 3 13027
469 17 4458
793 14 2069
8689 9 14557
5150 19 11439
10660 38 14211
1629 62 1999
5472 73 12256
762 99 6863
1019 13 3096
6822 8 11019
12087 35 12123
5731 35 12583
2030 95 7602
2016 40 9958
3355 30 14763
5844 81 12254
3591 20 7219
10175 22 11000
1816 32 11604
6920 13 10076
2298 70 7130
4668 19 11616
6227 44 11407
7221 68 12298
2448 83 2550
939 53 4571
11418 45 13826
9080 86 14898
3501 12 13720
4745 68 7065
1097 14 1248
6433 70 14289
1510 98 2619
767 84 12709
2306 72 9789
9032 11 12352
