300
1195 31 1863
1017 70 12229
2001 17 4898
2274 75 12073
8614 18 8811
291 96 3253
3747 30 10798
3564 90 14848
2357 20 8777
11998 32 14048
1201 62 4973
3533 7 5515
2063 95 3924
4601 6 11777
3607 49 9243
375 55 1442
7756 21 13887
2103 12 2806
418 18 4333
2430 87 3264
2885 97 8673
1505 39 6628
8192 69 11110
3295 23 12441
4374 37 14280
1280 96 11467
5863 23 14604
9605 4 10436
3822 28 11739
5696 94 11108
3446 62 4091
5714 48 11423
4369 24 9595
5505 81 9166
1564 30 7862
86 94 14771
96 28 3743
635 67 4622
2367 29 14904
5610 90 10622
2982 69 5178
2215 91 12810
4082 42 7933
3278 3 3944
5193 34 14340
6228 30 11536
4163 72 8743
14826 25 14882
4682 95 13448
1366 65 4027
6445 31 6931
245 60 13288
7730 8 10164
7074 47 7482
3505 92 7913
8540 29 9241
2383 57 2891
3575 14 11270
3453 95 8439
3856 3 10403
6115 6 6494
1949 36 13809
946 69 4421
9774 81 11251
13193 76 14019
8913 9 9476
8467 49 13042
2681 70 5983
2008 39 2965
12655 18 12817
8357 52 12294
2389 52 11827
10 84 6861
1976 18 7483
7333 26 12540
1107 39 8068
907 13 14892
2018 78 2401
277 33 1041
8235 9 13458
6032 44 10693
13408 87 14321
13281 26 14931
6768 66 7279
11314 36 14543
4100 22 9429
48 8 276
93 85 523
298 90 6976
11397 12 14432
5948 86 6820
1399 12 2822
2087 59 13568
2561 62 4718
2242 59 4068
9181 83 13522
658 40 2716
7870 5 11899
5690 89 9906
8957 32 14189
10231 72 14049
1813 60 6412
2047 20 2159
453 19 12387
6436 3 11142
2780 35 10972
499 43 13545
1704 72 7988
2150 100 11711
8619 38 10045
506 27 13977
156 16 8908
9352 28 12812
4812 88 8896
1190 37 5264
2960 99 4680
5952 71 14901
2673 80 12690
2044 79 14756
7398 64 12943
13473 72 13644
2454 92 3126
1375 56 9182
699 17 14901
1268 86 3985
2155 56 6051
5421 14 9756
696 50 6415
2751 56 11478
6337 52 11496
8814 79 12341
4874 12 13442
5631 33 6842
676 67 11572
6830 66 8335
4269 4 9376
548 88 8836
1718 76 10610
6492 35 10045
1186 12 7493
12747 69 13843
4740 72 4966
8924 98 14656
9759 64 11388
5737 37 9597
6992 18 9518
7228 70 10464
8964 92 13879
2135 73 7950
1281 29 11392
3631 84 9321
4096 84 8509
12791 99 14977
8380 18 10564
530 90 11357
1388 34 10689
5019 21 14429
4313 34 8591
11677 31 11924
10071 89 10670
3024 58 8281
9012 100 12864
115 33 1049
3160 49 11450
3951 62 10950
6574 24 13307
3808 40 12310
10722 73 14412
1331 5 5420
3344 53 11337
265 76 11032
7623 44 12887
2422 75 4542
1256 69 5629
1535 5 9390
2372 6 3998
1028 21 4285
7771 55 12165
4121 87 7923
2281 29 9016
3552 36 14295
349 8 4394
3753 77 7669
2676 3 11158
791 90 2000
110 98 6205
6065 88 11710
1162 21 8815
673 4 11846
4696 11 13158
6040 36 11287
971 75 4972
9325 88 10853
5307 91 11483
5166 47 14644
894 73 10288
7719 31 8184
964 35 8656
1811 55 10747
7337 52 10594
3965 47 4048
12847 42 13721
5124 57 9718
2419 34 10486
6141 1 7541
2723 10 8806
253 19 12897
1969 43 5552
2087 67 7813
8268 34 11020
7119 60 14829
950 77 8729
7886 26 10130
5188 28 9196
263 25 14573
6118 60 6392
6316 86 6515
1297 65 11170
10653 8 11454
12466 10 13495
5509 36 12041
5854 24 14918
1570 41 7018
1324 7 7812
7865 71 9403
1620 63 4409
5991 12 9172
10522 8 14842
2215 34 11639
2113 87 12036
6319 37 10430
2921 71 9444
3790 71 7776
4469 51 12624
409 62 8148
415 27 12750
1215 44 2684
9686 69 9819
458 39 6587
2335 46 14721
10267 99 11787
1390 100 2761
6333 31 13296
1868 43 2136
1226 31 2491
5058 70 8405
5765 17 9410
4829 16 14311
11749 47 12613
8759 56 11825
7046 53 9898
209 86 5175
538 32 4856
609 74 14854
8644 78 12976
1876 33 10674
5562 77 8619
2350 78 5009
372 81 14970
2216 31 7755
1963 46 3802
3819 31 5886
1764 10 9612
11347 98 14292
954 26 1620
3144 48 13667
5681 28 8353
10173 45 11928
12432 99 13684
3297 46 6056
417 68 878
2408 49 6060
10584 95 11595
5538 4 9499
7263 90 8202
1807 68 13687
2349 56 7972
8807 63 13270
2894 36 8147
938 99 13034
8145 15 9476
819 56 2104
7259 42 12955
7607 9 12741
1490 31 6901
8187 85 9619
585 74 11947
9592 43 9733
10301 75 14884
68 66 8711
8475 22 12643
5304 80 11923
1503 83 6275
331 16 12693
1615 14 6329
1600 61 11821
2447 4 4102
3899 80 5610
804 26 10029
642 60 6662
