300
914 97 5625
3437 6 9180
1593 10 5873
1285 6 13315
3295 67 6921
1690 7 8060
3658 56 14351
3448 66 9037
6615 77 14619
8479 78 12461
8751 7 12479
3223 12 3489
4455 39 6558
38 5 12271
9586 12 11090
6645 27 11070
1042 2 1301
1455 22 9657
654 45 2499
2209 51 7017
614 53 6442
2484 14 6459
8998 93 14552
9463 64 12746
4306 8 14139
1955 63 3550
6047 42 11027
2155 31 9230
4318 81 12512
156 14 3111
2984 96 5296
3573 33 7238
7773 93 11171
774 75 12291
4131 61 7688
6620 56 14842
3071 25 4108
3565 34 10857
1233 70 12059
846 1 10641
7571 8 9932
4372 13 14639
4632 60 12530
4438 45 10166
5709 9 12663
70 17 11097
9413 95 11928
500 100 11209
11943 4 14346
718 17 3019
956 86 9379
13856 52 14708
2101 55 3063
4447 47 14724
1231 22 13068
7789 15 13582
3974 37 5273
3911 60 4883
2555 49 10230
3362 45 13369
5306 36 12433
2257 51 9532
2044 62 5341
2933 87 6267
4353 63 5049
2069 91 7587
6304 52 7100
2398 47 12985
7545 12 13733
2360 63 12953
504 48 8829
1800 96 14935
9835 68 9905
4176 13 8148
3354 16 11454
11201 67 13177
1843 45 10327
5156 21 13193
2682 68 8573
3904 13 4869
422 69 1057
7618 69 12553
3494 77 6180
2407 7 4283
927 4 12013
1509 40 14036
3383 72 9533
594 20 1585
605 29 8438
6209 54 12264
140 7 439
332 7 12015
2657 81 11645
2014 81 11968
8804 40 13370
1893 86 13065
8806 51 12650
5237 72 6480
6556 2 10608
13244 22 14907
847 54 3053
7822 85 10735
2974 60 4834
2530 47 14984
1292 47 10049
7410 17 9705
11667 32 14512
8573 80 13411
9151 96 14117
2051 67 12454
10915 15 13637
5680 64 11323
3506 25 14692
3400 87 6230
4746 29 6924
2213 15 10932
4383 52 10648
1713 23 5057
208 95 1460
6277 71 8402
108 77 13384
1631 54 11361
1189 83 12241
4519 61 4944
3928 79 13440
12067 41 12418
7450 18 10833
693 89 3382
3668 92 8511
5009 50 9188
2474 1 5592
6707 85 9860
7522 42 13752
4022 33 9907
1256 45 11723
3813 35 13498
7480 31 7832
2425 75 5575
262 59 7028
4483 53 12830
5949 75 7216
12582 43 13716
554 9 7381
12937 73 13144
1327 31 11188
7189 47 9526
2381 100 2746
3587 64 10274
5889 43 8339
7708 55 8630
3384 29 12516
144 80 978
8957 54 11886
2075 65 12827
59 51 13085
94 49 3273
7738 59 9451
106 99 13711
3543 50 7805
1788 68 4340
11220 21 13971
4290 54 12811
1047 18 3435
113 81 8103
2110 66 10068
5932 85 12431
67 68 12524
1247 30 14032
1620 24 12838
7037 16 11252
3466 86 14784
8348 9 10853
548 34 10557
4392 74 9639
328 96 2388
378 99 5587
90 99 5323
913 53 10432
4230 17 5345
875 36 5379
236 7 2082
6665 74 10535
11518 4 14362
5417 39 12828
2189 91 8465
1598 33 5915
5534 8 11757
2650 17 2712
4455 30 9741
4336 13 9203
641 94 14279
4227 77 12725
1500 71 14015
666 14 5586
1068 96 11147
846 93 6293
1600 16 14574
223 17 13463
2878 84 13992
2529 89 11182
4865 95 14236
215 53 14018
1025 29 4499
9471 55 11147
683 41 3450
9503 80 13165
95 67 11560
2105 34 3541
9724 35 9941
8286 97 14059
2191 80 14621
1190 27 1983
2667 55 10093
5309 92 13816
305 73 8895
5171 66 8300
4565 62 7112
9806 82 14432
9149 67 11389
1354 11 2272
8512 23 12096
10843 64 14315
1721 38 8961
8216 19 14103
821 27 8857
9095 47 10219
7653 68 9983
6333 35 8956
14851 52 14970
6671 45 11285
1731 36 2707
3714 38 11904
10239 82 13303
494 8 5032
9717 53 10256
6259 79 11613
11149 93 12508
3939 4 8819
9757 24 11489
3675 26 4320
1630 64 14249
7516 5 10029
227 1 7604
7637 96 14410
7075 11 14839
4078 9 13789
6941 10 12612
2666 88 8244
6390 82 10376
4770 31 12458
1914 20 13712
3480 7 6815
4533 13 7974
440 96 1384
1716 19 5193
9009 59 11066
5353 82 11511
2633 27 12967
69 58 2650
5361 51 6322
9245 39 10846
882 77 14407
4739 63 8796
7392 14 8182
367 86 13167
3360 79 10020
865 46 4973
2254 91 9257
7661 61 14736
9849 57 14080
922 31 4524
11056 56 13213
4809 15 11592
7476 74 11535
1473 30 1709
2262 56 12714
1703 19 1745
1997 48 8845
2399 61 11601
5932 31 9109
331 15 2296
2562 54 11889
5203 27 10761
5689 95 12778
2892 26 12076
394 50 8204
7481 71 9446
3537 96 12920
3161 48 7371
1697 36 7999
233 30 12647
731 42 944
7894 66 11462
8915 50 9416
11571 1 12562
2884 70 11273
4983 8 13281
4501 30 13337
1395 44 6245
1795 14 7334
