300
3342 27 8266
7723 60 8671
278 77 6573
6828 65 9674
11331 71 11411
116 70 239
6923 11 8445
8966 63 11621
1865 86 13567
390 23 5219
3945 85 10746
5453 41 11786
5717 56 6859
8145 26 13377
5369 26 12225
391 72 2412
2886 43 9993
40 30 13902
2603 24 9359
4163 41 4589
10339 8 14282
7583 56 12985
6302 10 13840
416 33 12288
2266 30 5715
1740 81 13054
3377 20 9651
4104 76 5161
3758 1 14172
2398 33 2716
5128 47 12086
2881 14 2925
8015 14 10920
6981 77 10943
5975 1 8313
159 12 3454
2292 42 9368
1347 53 8058
11149 93 13818
771 50 12090
1619 15 13861
5493 47 9283
1673 68 13284
1411 61 8010
4671 77 13919
161 12 3621
4597 83 13038
3511 44 11389
3254 75 14194
2624 48 14838
1031 5 4937
9711 67 10324
1981 66 2516
2484 1 13472
7431 86 12751
1898 23 8810
3151 67 4748
93 13 6256
3393 25 3651
2650 97 8481
12629 11 12819
7383 37 12885
1036 76 7166
843 91 9935
6110 37 12279
778 20 8711
8945 82 13303
10557 39 11290
6122 5 8970
4106 35 13053
1625 57 2734
9363 31 13639
761 71 6594
11490 60 14012
10953 67 13941
10961 19 13704
11978 65 13442
5092 29 12754
2224 7 2878
6095 89 8654
2451 41 4583
6730 23 14928
6340 83 13122
201 77 10492
5941 2 8681
10945 59 14799
2298 87 14052
2712 93 7297
7878 43 10824
623 51 2300
1120 95 8617
5336 64 9706
8769 40 11833
1595 9 5026
2723 42 10938
1084 29 5849
3186 78 8727
146 17 4996
201 36 3643
7300 20 10242
3536 65 9176
743 67 3929
6429 100 7612
496 42 5733
1981 60 9976
2725 15 11855
5007 26 7320
7886 54 14579
6586 17 10663
5829 55 8551
529 10 10920
5269 83 14465
7965 36 9118
12931 47 13025
6233 7 8583
290 14 2475
878 38 1598
511 59 5930
684 74 12301
1074 95 3540
6190 55 10216
1030 53 1912
6269 32 11217
715 11 11389
410 34 12459
2789 96 6227
1456 33 3618
2466 6 9548
7360 95 13793
8307 93 12795
9450 16 14017
695 41 14631
9628 93 10614
2171 15 12617
2546 16 4810
12770 19 13699
10204 69 10419
6929 24 6960
1265 2 8921
6864 11 9928
6122 87 6953
7438 100 13085
6113 80 14608
6039 48 7034
1226 30 9088
1326 64 2673
6953 75 12523
5975 42 13143
6023 94 12681
6480 85 12277
10952 74 12921
3834 85 6193
6462 30 13347
5621 38 12818
4914 36 13349
280 32 11002
3529 15 7410
7778 35 9726
2389 84 4148
7628 4 13659
5593 67 11832
3639 25 5410
781 78 7137
899 79 3990
7777 28 14820
1063 2 9425
2400 3 6722
8592 35 11585
1356 51 8054
1983 27 3170
6541 9 14379
1408 95 6743
7183 60 12061
2251 90 8446
366 19 6817
1245 10 14634
4909 3 13039
1731 51 1927
3091 91 10270
12751 5 13045
1415 31 6230
2612 62 4744
10740 3 14567
9311 73 9755
7148 1 12430
8504 63 10761
1264 33 4941
5475 12 8882
4309 12 7244
9400 61 11860
497 58 757
726 24 14890
7140 22 7806
461 64 8130
1460 83 10475
1785 35 3365
9191 87 14355
760 43 6097
3521 27 14439
4078 99 9465
3827 18 6835
9216 65 10966
9573 29 12744
12064 35 13354
472 59 711
1471 60 14856
4421 2 9366
2603 71 11122
3307 70 4066
3110 4 9837
332 68 1559
1149 71 6318
13636 82 14539
581 89 9036
5883 45 6347
2764 51 12775
8302 19 11308
4946 12 11115
5485 84 8133
40 54 6247
279 34 11990
5997 91 11836
3855 76 7295
1508 67 9217
10589 10 10847
6394 30 10181
203 26 8061
4512 33 9860
371 57 7140
8747 52 9983
668 93 957
2025 57 4996
2277 34 2715
335 2 5145
4280 76 12253
334 93 3295
3471 90 6067
1948 84 8624
1797 78 7438
514 91 11458
2029 27 3794
3397 80 14704
2104 74 2623
277 54 14731
8611 63 10163
8136 37 8277
61 75 4936
1354 97 12462
5582 21 12884
8264 92 12377
7530 25 11903
6402 39 12741
41 79 776
1309 39 3212
8488 25 12509
1779 95 6527
232 24 13523
9297 86 13123
3874 20 5901
1430 45 1673
3734 25 9074
1409 4 2358
4188 75 10963
1619 61 10834
3911 89 12238
4515 62 7038
2498 12 14291
2103 43 6052
3150 76 4034
3540 88 7470
3560 58 11049
4675 100 11137
13669 10 13969
4860 22 7132
8647 62 10712
2262 76 7078
6561 69 10872
6690 3 13525
1189 20 9423
112 96 4234
2230 96 9082
7510 52 13886
1550 16 2767
1494 45 13115
7157 98 7863
2345 100 12084
8314 71 13687
840 2 7074
9300 99 10878
10003 37 13350
3465 69 13979
7863 95 12589
6124 46 9614
786 24 4429
7413 58 13058
6939 78 8402
10958 45 12245
6663 51 13133
9326 40 14478
1685 86 6890
