300
11850 73 11968
564 5 3321
4513 93 4920
1665 64 2370
4519 38 12537
7050 83 10746
7593 77 12400
5701 46 11664
2544 76 5720
1123 20 2235
8279 91 11429
1688 79 11645
1707 8 8553
694 83 6893
9202 75 12842
362 89 4995
6630 84 11202
11073 72 13795
4814 49 11082
1267 51 8511
6198 10 10372
8405 25 12202
5026 57 5988
1376 55 2203
9653 14 12559
2361 88 6448
686 84 1204
3776 38 7521
183 82 14164
2633 18 13643
2196 35 8008
6539 40 9353
12340 63 14189
417 79 856
4492 2 6723
1380 11 3672
2032 48 2996
3278 63 12104
5217 84 14019
6935 90 13179
3194 12 10311
947 11 6718
8014 69 14070
6061 78 7311
13816 95 14198
10132 97 11573
973 79 2523
12194 16 12820
7646 41 14659
9054 9 13957
1330 50 4185
2407 27 9175
1140 14 8649
8432 63 12726
226 47 6882
664 50 5047
2259 27 13201
1523 97 10718
9802 27 14352
3220 53 10847
245 4 1420
3814 72 14084
4587 16 7583
3924 19 10331
508 46 8623
1009 74 14470
336 30 7924
188 4 4552
2285 37 4408
7965 81 14622
745 65 1693
4820 55 10398
10939 64 11091
12164 86 14366
3998 34 6743
507 17 6542
9401 66 13419
4837 32 7010
814 24 971
10928 7 14021
10334 62 13772
3772 62 4792
1285 60 6889
1684 98 13964
9615 67 11475
1409 13 1674
5138 7 6118
14113 79 14326
1321 75 14703
3195 43 14585
1550 50 2363
12397 1 13954
6211 32 13327
722 40 9961
168 55 744
1395 90 2254
3257 34 11174
1086 55 13583
1840 79 5251
926 74 14154
1963 82 13059
9900 19 14308
1209 49 7589
3406 73 7971
8719 68 11175
469 70 13745
2447 40 8946
10457 25 14291
8159 68 14147
13096 48 14061
494 97 1094
1503 92 9039
6327 2 14759
9723 14 11116
212 48 5224
3196 29 4466
2458 16 12608
528 74 5668
2312 6 2546
7382 19 11298
4306 81 4552
4934 50 11114
9766 36 11849
6931 59 10439
1004 83 4348
3155 56 4689
4283 19 8875
1458 92 11191
659 23 7550
4310 2 9664
5482 58 11161
3846 26 8982
10407 92 14277
585 9 9562
10298 94 14966
5468 11 13620
4205 25 7774
1315 62 8315
529 6 4268
3189 50 8732
591 42 10274
2236 44 3799
1780 46 4595
72 86 7644
7777 22 9862
7748 85 11996
912 39 1911
593 50 6295
1310 5 11204
13885 80 14126
1228 63 2693
2141 72 2684
1372 83 14961
1990 41 7708
1239 49 14585
5758 2 14707
6691 71 7966
9166 29 12749
2919 63 9059
1863 29 9776
2869 92 8977
13148 41 13202
1608 9 13859
5667 63 9627
1682 44 11212
6917 63 11292
774 51 4450
2230 9 12886
8643 9 9268
2680 35 3876
742 38 3869
1476 36 12073
498 88 3934
5638 47 13193
4939 61 6589
10068 1 13683
4763 76 11335
9720 26 14151
8851 67 10995
1826 19 9600
330 15 8164
6181 60 11796
6082 92 7446
7192 90 9894
4491 20 11124
2828 25 6857
12219 73 14177
1815 41 9651
665 95 2121
1263 70 5999
2735 54 11389
7777 64 10652
2969 66 13255
1880 39 3114
12266 68 13244
1462 94 12349
642 1 926
5909 1 14577
8543 25 14174
687 49 12536
9161 22 14103
1783 38 3330
614 3 1501
3486 6 7296
11500 21 13112
949 64 14524
7889 92 14099
7150 96 8165
9522 90 9654
2756 26 8050
1603 46 11094
7297 94 14564
1592 76 8305
4692 14 11712
2165 51 9715
11530 35 13476
1910 2 5420
4616 40 8494
7688 46 12582
8511 8 10201
5106 5 7440
1897 20 14560
84 20 3049
1908 83 12314
4334 33 10589
12721 23 13928
6984 45 9157
1122 7 6988
5038 86 8255
1323 2 8776
4044 38 9980
6456 83 14937
8873 83 13398
2411 50 6820
414 59 8685
11084 83 13790
1107 57 7713
557 56 9053
6404 61 12099
1022 1 3162
7320 22 8798
8364 10 9520
4932 65 5882
1486 75 2563
2200 48 11751
4395 59 11423
4294 57 8741
9037 67 11840
5052 23 8774
6643 10 14923
2622 89 14020
536 18 6349
2449 20 3836
2049 31 11950
61 41 7501
4735 81 13100
2327 71 13695
1784 73 3271
1126 76 1984
607 65 8622
1096 87 13221
8878 34 8978
5218 7 10506
3629 88 13874
1364 43 6181
367 31 13555
8998 73 9166
2422 35 12701
2102 72 3232
6484 45 13298
10978 45 13795
3710 62 8533
3509 53 6506
1444 51 10690
560 99 11327
1728 87 5429
14224 78 14834
3995 51 13784
5542 12 5691
5291 2 5454
72 62 4758
7436 85 7801
9241 97 9589
208 40 13933
951 34 10772
6378 95 9639
8016 28 10661
10351 97 10858
9482 47 10827
1644 86 4902
8155 77 11392
309 11 13972
7941 86 13281
282 2 1569
2314 31 13429
6542 29 14881
7555 3 9027
5271 84 9956
2753 34 2989
3667 84 13824
