300
868 95 7654
9228 67 11815
4022 44 8740
5949 81 7146
2541 68 5013
2742 94 7157
275 51 3514
16 40 2059
2322 80 10353
8259 53 9528
9955 2 11108
2714 24 12303
140 29 6134
8089 88 10423
3816 27 9943
6784 11 11544
7516 63 9074
1369 19 9538
9077 21 14317
4916 16 11732
13043 91 14899
5970 80 12339
121 5 14156
4574 15 9718
6698 64 12443
10123 60 13191
714 60 7688
6886 53 13980
10017 9 14085
1821 61 14397
5858 23 11345
1137 35 11048
1371 27 7493
6376 49 11133
2104 7 6892
342 4 936
944 3 7200
1493 78 9221
5220 25 6825
3999 78 6621
5451 23 8812
1436 64 11659
1524 12 2673
1733 43 11694
8897 11 13341
3353 10 12790
1958 77 11760
10342 100 13699
8050 43 13097
8182 38 13056
10988 26 14864
5681 99 14988
4282 5 6632
2905 70 12192
4779 36 11831
2750 74 12163
1576 4 13409
2791 85 11835
8325 43 11108
13862 54 13956
12642 32 12846
558 19 7932
3886 35 7170
1464 33 2580
2590 67 6377
5764 81 14872
1631 38 1900
2851 96 7481
11124 2 13505
1513 89 10819
6141 49 10879
5460 31 10884
6260 9 14870
496 15 1059
1807 35 12901
443 94 3864
492 85 8499
5460 15 6059
4467 14 11449
1852 68 1930
5427 42 10183
454 78 889
877 75 7968
1549 54 12770
241 76 11829
3397 23 8208
3542 74 7514
12766 78 13851
1920 58 14144
2465 87 14057
617 1 6172
7261 39 7391
3229 41 5868
9446 6 14425
10031 33 13559
815 54 12869
61 2 2873
9331 97 14615
2881 19 5709
11417 86 11785
4100 75 10455
2946 85 3116
6391 41 10343
1023 48 10727
1252 52 5298
7455 29 14121
931 20 5652
8340 80 10668
6586 37 8324
12899 46 13279
1548 39 13073
3292 40 11845
5547 96 9999
1220 47 3280
1760 12 4043
11927 26 14545
7334 28 8232
7708 91 13885
10646 60 10756
2686 78 10693
2136 59 12496
1303 86 12675
1094 81 11170
307 6 1077
6947 80 12773
3691 9 4024
12159 59 13517
45 10 1420
229 27 4556
9169 99 12175
752 97 1458
6089 46 12841
4938 46 10888
3418 16 9894
8198 33 9317
3616 2 5519
5217 29 14748
1950 25 6283
232 24 6106
9282 23 13997
2460 74 13655
958 83 3121
6745 35 9816
1323 54 4690
11762 73 11909
1111 96 2291
8585 100 14761
5280 57 13639
1388 58 6724
8399 71 10252
2035 81 14620
8229 52 8964
1354 62 1598
111 90 5269
12659 64 13114
1856 66 2042
2618 44 7971
1550 1 3087
12569 25 14586
1732 13 2017
7727 46 9324
6004 71 7542
3889 49 8236
2112 91 14165
3797 64 8966
4885 91 12952
76 40 13103
992 44 1687
10439 2 12168
506 48 10475
1592 31 12953
8538 87 9424
12580 53 13257
6174 83 8831
758 32 6752
9288 30 12852
1152 70 6925
914 72 4887
511 35 5321
3240 10 7216
5715 11 14886
9198 81 11466
138 79 9789
7623 94 14322
1871 88 2330
3044 70 10986
12489 7 13188
7190 98 14375
1744 49 3060
8600 94 10257
1720 73 6396
583 31 11184
4477 12 11863
2916 56 12653
6461 33 7329
631 15 8291
12773 31 14001
2746 88 3173
10520 27 11123
5365 29 8051
9951 29 14659
12401 18 13785
1597 56 6127
2280 72 13216
433 41 11433
1982 13 7122
2444 92 10191
1158 19 12882
3109 16 13020
4894 29 6588
1301 61 3905
5590 15 14843
4718 62 12183
516 27 5670
280 32 8164
10187 6 11913
340 16 2595
651 6 12695
3937 5 10086
5916 74 6108
11536 68 12890
372 73 2185
1705 20 6013
1322 65 2236
2451 4 5634
1100 30 5858
5131 20 6001
8379 55 13768
2356 58 5880
1097 64 5542
4272 92 8587
4489 91 8187
5258 80 8735
225 16 10378
4310 52 10945
6306 47 7583
403 64 4405
12648 6 14192
3037 41 4325
6883 50 11398
281 71 11126
6237 8 14474
1512 61 10560
9837 100 10659
4771 80 5880
1490 66 8692
10738 100 13409
1328 61 9203
975 69 5939
2548 53 13499
56 39 2026
13964 53 14304
857 8 5163
3528 13 11696
9978 7 13274
9022 72 10534
7963 67 12760
2115 47 2781
4402 58 12622
8435 81 12506
3560 34 14230
7943 81 14382
1715 4 8479
10075 47 12013
478 5 1299
9709 39 12859
1196 38 10625
4793 8 10666
8690 14 11693
7913 36 11464
4175 65 9783
9333 63 10777
3193 28 5121
3028 28 4725
328 54 9894
1999 86 13780
6616 82 7604
8803 76 13687
10249 29 12396
529 79 6425
10875 35 14895
4305 94 10641
4632 85 7608
913 58 13482
39 6 1133
1766 6 5500
7049 53 9220
13606 56 14077
6294 57 11206
3372 12 8725
2535 56 10355
535 40 9743
2234 55 3359
754 72 2472
8396 66 14924
3675 67 3794
1419 89 5055
212 44 9778
274 40 5047
3711 15 6108
