300
620 87 12372
1471 45 7336
5313 38 7726
6046 8 8977
3238 72 12924
5060 5 12615
7030 17 10153
4652 50 9539
4635 44 12416
9372 11 14755
4207 1 4396
9514 56 13943
192 55 13279
8434 19 14722
1704 68 6101
1056 9 11454
1202 20 11575
1530 59 8253
610 21 10076
7368 97 10334
876 38 1349
1788 22 11854
8647 32 9567
1857 14 13298
7588 77 13222
1022 89 12353
341 84 3576
3340 88 8599
2269 81 12208
2592 66 5036
9357 67 9829
4813 81 10211
8486 28 13391
243 83 5312
6136 32 12275
3051 29 7243
614 19 11078
978 63 6423
7252 58 11366
22 12 13670
589 51 12835
8004 43 14600
3687 44 8746
5683 17 13403
3396 1 9925
1868 89 2352
2575 88 7079
9644 29 14341
7324 86 13838
639 65 6802
646 33 1700
1024 68 6006
6264 79 14221
592 43 5648
6053 33 11706
1264 100 7933
3980 9 8692
2294 13 4670
3004 98 5081
83 38 7011
9262 84 11362
1026 42 14207
114 20 9526
2335 32 7272
7131 30 11927
3204 35 7648
817 55 1945
4950 25 8205
7760 86 10360
2321 56 5452
4246 1 9150
1150 45 14892
504 7 14441
10135 48 12467
8932 27 10089
3657 89 8242
2440 69 9639
10549 74 11462
2059 27 5879
5493 76 13055
10272 77 13688
9457 76 13175
500 60 4325
843 16 12818
5436 70 9682
11922 14 13401
11960 30 12770
3748 9 4240
4440 68 8714
1618 60 1973
3597 13 10710
12251 99 12517
2158 21 12298
816 56 2934
2672 68 5380
7514 39 11956
13099 41 13314
5469 45 7500
1358 14 5546
5 18 14615
6547 32 10864
2877 16 11872
3622 70 13882
3597 65 11173
2291 14 3565
1027 35 2073
2536 98 7910
5455 9 10647
513 92 2513
1031 49 14785
2701 3 3536
877 87 10050
657 32 7445
5865 17 13729
3363 34 4545
6648 77 14938
5148 10 5743
10982 93 11957
70 77 7165
8427 96 12244
1933 37 5403
6218 80 10964
487 27 14123
2470 35 8867
13709 87 14347
10859 72 13280
4884 84 14925
1283 98 11032
9000 15 14622
2158 9 6657
419 48 5344
999 34 13533
2056 38 6415
41 29 3615
1274 62 13289
1521 9 8334
2334 19 14819
6396 3 6621
1569 31 1702
10353 63 11654
1496 5 7755
7731 16 13202
381 79 803
2291 70 6163
1546 84 11475
3928 40 4785
12248 59 13441
1351 21 12022
992 92 4514
5635 39 10662
8230 9 11263
2850 15 12474
7524 20 12758
11076 60 13653
5281 68 8739
2718 46 6956
1247 60 11692
9740 51 11479
4570 7 6029
1217 29 13761
9727 15 13366
4356 83 11587
3392 82 5143
6145 61 9068
2536 52 3818
1484 67 3419
950 92 2786
4545 3 11873
727 93 11363
9511 12 13448
14 52 5196
1524 16 1581
4933 73 9465
6611 33 9496
169 81 4692
1218 53 1678
6371 57 14215
845 54 2051
907 81 7429
247 62 5229
7393 60 10668
8586 22 10785
7552 56 10735
12350 49 12756
2295 12 11457
10523 14 11237
5810 31 12477
4595 68 6296
8829 67 14668
3321 85 14494
2350 89 2775
6283 41 7556
8208 56 10383
7987 18 11968
4752 51 6726
8068 43 9694
4548 73 8866
11023 38 13708
2924 53 6328
3 47 6286
1206 33 11149
9539 99 11778
11443 84 13256
2178 69 13849
8015 32 10242
5678 32 8135
1182 89 3882
2738 50 14179
2250 16 12908
1689 88 3717
2538 2 6579
4284 45 8968
6864 7 6881
4900 88 8442
785 7 2794
1392 21 13784
2536 54 7139
3207 40 9923
4876 98 7793
196 7 4089
2258 68 4342
4761 49 14706
1541 79 4557
175 46 14861
1779 16 13073
2414 3 8279
8810 35 10135
2497 1 7061
4351 58 4696
5330 67 9863
6609 5 9582
304 100 3093
2944 64 4050
13835 32 14732
2029 98 7642
1496 7 2642
7764 48 9210
1607 12 9080
5350 72 9859
4980 50 11379
12852 63 14354
8178 32 13611
10749 63 13174
6729 47 8697
470 49 11828
11970 35 14129
4792 92 11038
4223 89 9900
2282 33 2597
8587 60 14678
960 99 11206
9192 33 9393
704 2 13311
3462 99 13702
774 87 10010
340 24 2264
1306 40 7923
2319 59 11215
1628 50 10152
2187 86 4342
8379 51 12961
9199 75 10112
7698 1 7803
2576 68 10954
9246 100 11599
6576 78 9029
3242 96 10348
4491 65 8642
6523 100 7972
153 5 702
1293 6 9970
2438 81 12927
6652 18 13834
1732 74 7081
2584 19 13143
6494 93 7650
3205 79 8266
1780 53 6692
6141 15 8977
5003 94 14933
485 66 12487
6018 84 8504
1036 21 14168
11253 6 13401
1985 96 11572
959 59 9219
5166 93 8106
3232 93 9673
2003 34 12257
58 25 10666
1379 3 2429
836 24 2331
10235 34 11684
5035 89 9370
1459 56 10653
962 67 8545
1545 82 14140
930 48 14289
2227 16 2691
2404 97 14402
