300
1308 19 2592
2524 88 13627
850 52 5064
3793 7 6479
2685 69 12267
911 13 13177
351 36 11153
9916 73 11080
1117 60 7968
2239 90 9775
6241 79 10156
463 70 1454
526 75 8251
313 64 11543
1620 68 11867
2311 33 2390
1290 29 11591
2051 31 3293
7617 61 13339
7189 57 14610
4024 19 6767
655 21 13693
817 25 1967
682 87 8794
679 21 2432
1590 19 13735
1127 50 4687
12769 22 12864
3515 31 9100
1507 44 12909
5258 68 8182
1498 67 10943
2748 13 3040
4246 17 12529
9693 72 11397
7104 22 10879
1125 20 9246
553 59 10377
1550 1 9143
7549 81 13410
634 12 13601
3833 23 7677
1664 6 10510
70 62 7292
2470 21 8331
7843 60 13147
2893 25 10409
1752 4 2519
6502 93 11882
1107 98 4891
2411 12 11216
4900 26 13229
2052 95 2406
588 85 13157
5090 32 7053
3012 64 14813
7087 37 8982
2175 53 7275
3527 82 13939
7291 100 9990
838 11 1572
9666 94 14074
3459 44 14327
5275 45 8223
12199 17 12432
2057 53 13614
8740 70 12739
1614 73 4076
3602 35 5857
2413 34 3554
11332 93 14322
13743 29 14703
1717 84 6947
4539 39 10788
2933 21 10433
2675 30 12235
3681 62 13667
10850 42 13353
2283 80 4432
4587 47 9600
2089 88 9942
6297 62 14561
6016 41 13081
6795 94 11440
1185 68 2407
1070 51 14557
5650 49 14208
572 11 840
6753 60 14562
5986 89 7778
1887 43 6751
3947 19 4972
10962 94 13662
8888 20 12981
2776 40 2952
1743 93 6843
4718 38 8154
2392 27 14067
11610 5 13952
560 48 1590
2952 57 6005
9712 82 10979
1078 33 2985
2151 26 11806
9300 85 13005
12052 21 12971
2242 74 4794
3511 59 7556
809 21 6649
252 57 8455
5814 46 8999
12329 56 14451
3395 70 7924
1546 14 14917
12444 49 13892
9444 27 14101
4392 69 9775
7732 49 12549
2292 6 14086
7400 15 11934
1960 10 3978
7575 45 11685
5052 30 8116
13668 49 14403
1568 11 3761
772 31 9579
6144 3 8407
1551 26 6226
1359 55 10426
1559 12 9381
12852 55 14615
3469 31 4254
8858 69 9542
5724 65 12691
381 71 6579
160 58 7367
510 17 4542
761 89 10951
1445 2 2148
97 43 1166
2805 78 9760
12449 85 13410
14343 3 14500
5046 30 14620
2638 24 6261
4692 5 13043
1926 36 8257
2087 32 10010
2350 72 9527
9550 19 13426
7943 3 13156
326 5 5542
887 68 14921
2502 62 9780
5755 41 13352
704 19 13070
6131 32 8355
11483 33 13837
4319 55 13870
6009 33 8869
11038 8 12294
7917 72 11238
12707 1 14494
7361 81 8333
1616 21 2322
2331 50 2756
1114 78 2168
10422 70 13256
11976 99 12547
7901 68 8878
1015 15 5784
34 94 11918
3398 29 10249
590 89 14156
7634 10 10860
6642 47 11654
3657 14 9959
1540 70 7901
11657 68 14917
189 91 1427
5042 37 8798
9145 32 12336
1347 77 5185
916 65 5239
8056 8 9264
826 8 1757
6154 47 11845
6363 4 11293
3592 48 7626
4379 93 13091
584 6 12945
8057 76 9447
10942 35 12923
1553 79 14446
11986 29 14457
5942 46 14610
185 7 2108
9194 36 13851
146 33 2915
1180 44 4644
78 47 2572
446 56 1743
3436 11 14802
1239 76 6793
282 38 9772
5242 76 12931
3727 24 13711
919 4 7011
8526 79 13276
3678 85 7800
5669 31 11476
6839 18 13425
7339 74 12428
7661 66 11236
3946 57 11421
3671 100 10883
85 31 9399
4873 90 14397
447 60 4364
6750 51 7597
4935 38 7402
2936 72 5900
10655 59 10991
602 52 3977
959 86 10608
7380 31 14981
5364 1 14883
3997 82 12134
6779 90 7349
10766 39 13985
3871 86 9598
4428 12 9521
8932 7 9735
13867 33 13915
9882 1 10260
810 18 2163
2659 60 11984
4076 14 12324
1992 47 4053
907 44 8315
9121 48 12559
3359 31 4439
8316 88 14710
6248 37 14816
7355 24 10160
1416 98 11824
4533 21 12086
346 55 14722
5397 75 10634
13420 98 14092
12 87 117
5206 9 8797
2431 40 5653
1283 92 5246
160 56 12301
6992 94 7830
441 54 4022
4304 11 13916
1817 72 3497
728 14 13153
7912 16 12214
7733 81 11899
4350 1 9057
6477 82 14852
11550 74 14442
1865 27 14817
581 75 8295
482 92 14294
146 2 1770
12464 44 14356
399 13 2242
5962 28 7623
135 62 863
10051 7 14701
628 60 2536
12883 68 13753
5281 54 14264
1698 25 5756
1216 35 11582
2216 81 5653
11329 12 12795
5149 21 10907
11710 76 11902
6693 71 9534
632 52 11521
5501 60 14950
10676 70 11893
2403 68 14118
1452 64 5645
1709 96 14552
1844 9 2604
230 19 2988
7691 58 11224
2459 87 13552
2812 60 9840
809 29 2683
6410 16 12707
11257 22 13294
1189 51 2493
5064 38 14329
