300
1168 52 12718
3423 29 7602
2473 73 6294
2407 57 13980
1172 70 4733
5647 39 6126
4676 54 7097
2502 86 4590
1831 2 13195
1145 68 13472
4647 58 9781
10772 66 11070
10365 86 13735
5487 68 13815
11568 57 14948
10036 86 10513
1613 1 9835
1542 3 3208
8629 28 14764
4273 75 8335
9643 52 14463
2197 6 6633
9426 49 9561
5036 42 8046
5018 60 14295
1104 7 6544
253 30 2352
196 75 11179
725 22 14314
8891 96 13324
635 52 6848
3477 89 11012
2912 55 8743
10792 41 11803
2164 13 5447
587 54 11762
4440 36 13709
100 86 2394
614 6 11840
2160 86 4238
1108 18 10983
6949 1 10677
1927 65 5737
4837 59 10821
10570 36 10615
172 63 2853
6121 1 10732
854 1 2496
10535 80 12709
759 5 8458
1509 8 11000
5153 75 8702
3544 59 14725
2225 59 14555
12174 16 14030
662 21 12191
474 84 2858
6953 33 7083
4547 53 10101
120 90 13141
205 82 2135
2535 94 13433
7800 98 13717
5428 86 6052
6033 11 12001
1306 91 14973
7 26 12518
7083 27 12566
1345 14 3109
9798 95 14943
2524 25 13289
2070 100 12095
6891 94 9011
6733 77 9583
3775 83 6441
349 59 1311
8124 98 8917
771 41 13603
2534 17 10625
2120 24 11318
1376 13 10559
6222 86 8753
8417 69 13556
1554 99 9497
4910 19 7900
1813 20 7319
29 1 2268
305 10 14746
5887 23 8962
1779 35 13564
5816 7 7808
1865 26 5957
8012 73 9488
1992 8 2432
6905 61 8251
696 6 2789
7680 49 11212
1889 49 12394
4863 8 11755
567 74 2817
2714 80 5243
3396 9 6530
1807 24 9525
1623 91 14414
6390 27 11131
6293 35 8732
8128 3 10776
2205 100 4934
1556 26 5628
3232 10 9160
8351 6 10029
269 23 5212
8943 64 10963
2850 90 13994
12900 41 13062
2452 33 4073
451 10 3690
3192 96 7227
4479 30 6056
1549 72 13583
2071 30 5436
7982 87 13684
3713 98 4413
3981 41 7176
10021 84 14583
321 16 9086
11960 13 12054
1418 96 3801
146 56 11108
6237 58 10092
10722 20 14829
11121 12 13437
11622 65 13487
7156 94 11847
11668 12 13377
9658 14 14645
2098 20 5537
5439 94 14566
7310 37 9602
2687 22 7901
2264 96 3508
3167 44 10578
835 24 6558
616 39 9183
2004 23 11750
978 86 10863
1549 22 13082
4059 43 4659
155 54 9774
3912 35 14955
976 66 14083
13641 68 14486
8225 37 11807
2321 80 14330
1762 15 12334
1510 82 3934
5084 16 10883
581 40 1612
110 91 5977
10149 69 14842
2922 70 7170
415 100 8884
6042 37 9394
2166 82 9119
791 44 14237
2791 10 3835
1804 52 2098
14231 33 14731
2959 17 12379
2565 53 13830
1565 64 14195
4085 95 14941
1292 44 4614
4511 23 10365
13536 69 14431
5352 32 9594
359 31 9501
8627 99 12894
7852 52 8815
1851 31 3826
9238 42 11885
9191 74 14757
4109 4 13542
105 97 8528
1444 71 10142
517 36 9625
3603 12 5597
3130 66 12869
543 32 8525
507 51 6318
6299 66 8880
228 9 9593
8612 59 11715
5663 36 5950
10574 79 13226
7600 90 13473
8519 74 9430
3849 73 8623
1959 36 10093
3647 42 8926
6414 97 14540
5813 19 14098
582 2 8245
5985 79 9028
11914 98 12026
5173 55 8405
4006 71 5069
1811 11 5176
827 13 9574
2025 53 14845
4423 34 8334
6500 20 14301
1510 92 3005
8129 55 8832
7343 54 12124
5914 14 9287
7321 42 11087
3580 94 13944
1766 79 4703
4983 73 7481
5236 59 9853
3466 96 7617
760 60 5342
2847 65 12707
8608 41 9966
8781 38 13426
2561 82 3366
1858 69 9843
8963 91 10632
3398 74 12011
6623 67 9146
2913 19 9011
5615 20 7768
1849 14 8584
6414 34 11802
309 18 8866
5998 94 10967
660 4 14095
1629 37 11169
2815 15 13853
2804 5 4994
3286 6 13017
2358 14 8442
1917 39 11521
2544 15 14647
6947 7 12434
8666 46 14140
9679 93 12805
5008 31 10814
904 28 10664
12960 85 14855
5126 18 9759
2716 90 6109
3203 3 6467
2252 75 2918
5169 53 7523
3398 1 9029
1733 53 11131
2237 14 7136
202 96 6862
1100 19 2093
4458 60 11373
6987 9 14810
1756 41 5381
8464 55 13397
822 89 5178
1412 94 2436
2022 33 8730
6102 39 10833
10772 25 11054
4041 82 8880
8354 2 14107
1882 83 13416
1991 82 11358
1917 76 4575
127 13 13680
3329 27 10010
7110 33 8658
9482 37 13876
1042 65 7327
469 64 13774
11034 5 11390
9936 64 13557
1977 86 10156
71 5 5844
7484 86 10421
4414 56 6282
3931 85 8363
1560 94 7200
3315 39 3788
3715 67 6210
1471 14 13273
7059 73 12003
13231 38 14274
696 20 9992
7136 21 12106
1449 71 14986
8369 54 12310
281 45 8422
1628 50 3719
