300
6917 5 10809
9978 49 12651
8508 11 10265
11898 51 13005
4726 83 11462
5007 99 5188
1278 55 13410
2487 50 12074
11288 46 13292
4371 91 13899
279 79 14061
703 90 3015
1283 1 14546
13662 33 14215
5035 2 7637
8272 67 10448
975 93 3311
8752 80 12116
1063 33 3732
1042 95 12164
7577 6 13107
4762 77 9043
2636 51 4124
1966 28 9944
2506 42 5766
10904 3 13635
9243 99 11063
5798 65 13068
2562 41 13068
2223 32 14254
975 34 13158
12768 9 14386
3040 4 13841
6418 58 14867
1253 23 5750
2023 40 9125
2884 74 10444
3062 52 8777
2388 40 3561
1630 91 8629
6883 64 11088
8011 96 11185
8434 19 11983
1519 74 4933
3088 5 7363
2061 44 6835
7061 7 14297
14212 13 14868
6475 34 13697
2420 86 14573
1568 98 3584
431 13 8836
2701 16 4705
4151 58 5356
6002 23 7333
849 37 1077
935 79 7738
7266 84 7867
8729 87 10242
2796 53 7226
12577 75 12799
3763 62 9263
5739 42 12893
1781 42 11253
7221 35 13276
1896 41 8067
1560 93 4687
796 32 5168
10081 41 10287
8245 77 11652
73 40 1861
334 69 1414
9645 19 14992
1098 38 10621
2440 80 10377
2188 4 12056
118 65 6759
7762 42 11726
3986 26 5540
3309 43 12134
3260 81 7472
12027 10 13756
1105 72 2438
2419 52 9730
5783 47 6445
3114 45 6101
4264 71 5737
6523 73 14469
10839 37 14093
8778 86 13194
1542 26 2741
2164 56 9629
2722 2 6078
2901 43 10613
3036 28 11398
2171 7 9483
4950 68 12200
1899 56 11878
6241 77 14238
1341 85 7393
8150 47 8814
2419 53 7689
1259 39 11060
8717 42 14054
3614 15 11124
1817 42 2652
9781 60 11386
14438 69 14553
7303 24 9145
10232 48 13444
502 13 9608
12755 97 14363
5552 87 6807
900 49 2456
12046 80 13120
1713 27 12319
10329 55 10871
813 6 5127
1361 61 14362
3950 75 8910
5253 18 14407
1826 49 7736
3435 100 12351
524 32 2444
1239 18 4297
4560 47 7855
12539 71 13626
4287 69 13099
1159 20 2871
1449 81 4739
2554 19 14916
5680 59 10385
3823 85 8261
4931 9 5070
2040 36 14165
13512 72 14686
6850 100 9053
1886 38 13369
7398 51 8516
2646 62 13237
3131 90 10407
4834 77 14444
811 42 6623
2464 8 5042
12688 4 12829
873 6 9983
375 93 1879
11661 59 13555
10873 88 12613
1467 30 14892
684 79 1855
5103 16 14180
3475 79 7606
12442 63 12809
1345 26 5859
1913 88 6501
670 75 2783
1292 44 1885
7614 4 13173
1880 98 2583
1403 28 2382
137 32 13612
9746 42 13772
1849 44 12197
12361 87 13570
6431 61 7590
4111 23 9520
12652 51 13395
12151 57 14583
2677 95 8370
2554 14 9219
3780 62 11214
2794 28 6739
835 36 1256
2336 71 12757
713 50 2652
8419 9 11955
2450 54 5994
7337 11 13928
7652 26 13713
531 11 1218
2860 48 13096
4996 40 12250
49 1 12615
6904 91 8442
3748 50 14060
3424 1 11813
7631 69 11935
5875 79 6714
697 89 12886
1805 56 11464
261 87 10299
4159 6 12202
10090 78 13920
473 22 13527
6650 25 10271
801 82 13158
3656 73 11670
10204 25 10471
1247 54 1827
11431 96 14419
683 76 7148
9136 42 13211
1507 37 4054
7344 14 9290
2681 59 8478
5444 79 11563
10048 94 11465
4224 4 7905
6880 18 9827
7505 94 12203
10803 52 11730
1168 81 7218
8847 31 11354
5211 85 14102
1301 81 11212
1218 21 13505
921 32 4542
296 99 5977
2722 7 3512
4705 57 10013
2388 15 9759
4045 80 10593
1413 90 3633
4400 69 11845
1472 49 6257
4565 34 7794
9439 12 14761
3370 50 10171
1767 42 13753
6877 33 12549
4535 99 12739
799 59 5430
3146 41 7086
5874 35 12740
3308 1 5686
391 40 12069
9557 82 11558
7853 78 8786
2815 65 5255
2980 50 4901
2743 61 10031
5331 33 8657
2348 25 12640
11624 18 12976
5561 24 10632
58 23 5074
512 43 9545
382 60 8618
5691 60 8463
2653 10 6939
8234 64 10449
11967 9 12654
560 95 10530
2609 100 11897
10619 43 11476
2639 30 14033
3404 89 12723
12534 91 12731
8732 58 14860
596 54 8344
1227 25 8123
2643 67 7650
5424 52 6314
4688 50 9661
168 50 6952
9790 73 9881
6730 42 14890
814 73 13038
9672 4 13147
6344 28 12720
2383 19 7161
2355 2 5447
1161 18 6040
7059 51 10553
11044 87 11860
357 89 8388
8792 18 9294
4469 88 5302
3956 94 9275
2319 18 6785
7130 34 14767
2086 22 5531
917 91 9076
2556 77 11013
13366 84 14188
3322 34 4342
5792 31 11058
4732 19 7967
2895 10 3627
7825 35 12637
3138 100 10537
699 89 13092
3143 62 14623
2032 59 13724
352 35 10426
3787 5 14541
5763 21 11236
6489 31 6866
5266 13 8426
