300
9300 76 11492
6163 32 10767
796 81 8249
12007 43 14199
3178 3 7274
5325 52 12337
5638 84 6589
1073 45 4879
6931 21 12185
666 92 13834
10530 78 14291
1742 88 6015
10320 30 13917
1878 63 2644
9461 87 13181
747 40 10182
5105 84 13316
5539 7 10337
6158 88 10700
6489 94 12037
341 44 1276
7396 3 13903
4876 6 9549
11047 75 14902
2181 31 8926
2730 35 11474
7006 70 9459
7727 56 13830
9551 81 12846
3028 75 5130
2931 52 14608
3038 5 7066
11168 29 11781
4136 40 11736
896 1 3796
8170 40 11765
734 65 7480
3017 58 4349
3965 65 14283
2703 51 3834
9755 19 11470
1897 62 8485
10979 31 13260
8669 5 10300
2079 89 11787
677 79 4839
4312 67 5431
1826 23 13259
9697 32 14388
258 17 12386
2202 2 14614
1595 38 9485
8275 96 10610
379 56 8921
2661 70 9829
281 25 6923
2661 59 8478
5792 19 9435
91 19 4732
4048 51 10615
9660 95 12618
2334 92 8522
1628 89 4614
3751 29 10269
1061 11 3193
2629 30 14220
3779 86 9236
1423 62 8976
7526 41 14689
1231 100 12283
3054 5 8890
9419 29 11529
986 20 12345
7203 26 12496
1673 87 13990
2166 37 7782
1427 12 1956
8680 63 13992
7105 81 12397
5770 60 13387
1806 64 7183
4698 3 14999
1404 95 14343
2805 34 3839
3746 4 10895
2343 17 12584
4797 8 13369
10756 17 14350
6319 18 10633
1768 88 14748
1080 96 7175
10534 47 14966
411 100 13448
2029 55 2225
865 2 6818
928 25 9729
5885 8 8539
1838 88 10761
1749 74 12247
6219 98 14254
4691 1 6301
1421 15 7164
1032 8 13106
3065 14 9353
8143 21 14647
3076 98 11462
8174 75 13291
3929 34 9298
2954 100 8935
2084 94 13798
3173 28 12761
1791 26 2225
8733 39 9087
488 8 10267
148 9 2824
4862 18 8689
1200 89 6391
13629 32 13674
8033 39 9846
6078 50 8049
3628 88 5628
328 53 3609
570 8 5439
3333 70 13624
10302 78 13175
10243 87 11422
529 22 6869
1990 18 11897
1202 93 7029
704 10 6835
2102 88 2825
5817 2 11925
10851 36 11488
6462 69 10847
1192 27 8260
1560 60 10513
11759 62 13086
116 76 455
1469 37 1967
6089 60 14515
11356 46 13273
6611 68 7086
781 27 11445
4446 21 5977
1604 44 1656
11510 91 13109
4964 90 8011
2349 81 7263
763 49 11513
1841 14 12049
2417 30 5482
6788 56 13305
56 20 10357
1393 49 12306
2085 76 6705
1345 56 1886
6272 90 6905
4929 71 13932
2575 73 12582
10701 16 11302
12184 44 12229
1577 15 14335
3600 94 13713
5138 72 9692
3614 16 10059
7968 3 11360
4672 49 12112
1749 25 5217
6392 21 6942
6451 43 14530
5573 17 12339
2631 2 9276
9814 37 10682
5552 62 12351
6498 30 11107
634 57 5935
879 39 10559
10283 92 13430
1462 92 2901
1753 32 8035
6977 38 9451
10531 45 13140
2318 14 12449
1446 61 4753
5948 80 12231
176 75 7172
8840 57 14648
1363 84 11846
2170 71 14345
3627 94 13630
562 74 12126
658 22 1325
1695 24 6749
8118 62 8315
7636 36 7813
103 100 11578
1588 85 2643
688 6 8130
2086 67 5258
6161 83 7244
772 32 3150
5841 22 7870
1927 14 9360
6871 98 12483
456 85 842
206 2 5546
1070 12 13251
2556 24 6947
5006 52 5450
401 3 2287
5507 68 13479
7884 72 14692
2381 51 5673
2647 34 11725
2044 48 12052
1978 40 6507
9096 40 12992
522 54 4284
7398 40 9595
2542 50 4770
2087 96 2259
14238 43 14753
1565 72 7211
7294 49 11745
3657 21 3999
7323 7 8535
2769 81 13058
2840 93 12044
5247 98 5491
1013 31 5470
578 25 6311
550 69 12564
3902 57 6890
4753 26 14357
8225 92 11782
1454 25 6870
2232 46 11123
6009 67 11611
5538 19 7388
5570 62 8392
4032 86 10500
891 40 6297
3760 94 11298
8586 38 11622
5823 26 10112
139 5 13620
175 51 3852
6793 73 10753
11945 82 14205
1825 38 14625
5225 59 12490
891 22 12038
1167 43 11784
2221 80 6832
502 15 4186
3260 28 6521
7273 76 9212
3655 18 7677
2804 71 14390
3006 59 7349
580 42 6054
2303 22 7573
2463 1 8849
1205 30 9062
2331 92 5706
11382 17 14375
2942 52 8749
368 53 10778
1909 37 4481
2768 69 14138
1041 77 6409
2627 29 13722
5787 86 14589
1413 23 14811
1387 49 8889
7199 52 10878
2628 20 11022
1314 84 10162
990 35 7944
5719 85 6855
4325 63 6833
3785 89 3965
9227 14 11269
1871 22 9795
4191 28 6210
8330 78 10248
1725 50 3077
10179 20 11254
532 94 6897
2374 27 13330
458 61 1758
7384 13 14950
2836 17 12086
6159 51 13793
752 65 5884
2025 40 2718
5095 48 12424
2587 75 5302
13691 50 13768
7493 6 13078
