300
1554 100 7884
8776 19 14047
1007 91 5708
7594 60 11285
6840 58 9318
8325 55 10043
10345 58 11589
2414 52 11982
9615 2 11560
14071 69 14148
3937 12 14954
2183 28 8101
3751 11 9758
3761 16 5139
2368 18 8833
694 78 12721
1731 68 11880
1045 50 3482
834 22 13654
6182 58 12326
1210 69 4897
830 45 10605
10227 51 10917
2242 12 5100
6776 88 12456
1487 88 3849
911 38 1377
2 64 4185
1698 50 2157
5563 16 12632
7305 37 10680
509 13 11357
5073 17 6341
6261 43 12557
435 79 5626
3190 44 13870
874 49 4501
10763 74 12545
5676 2 8664
9712 89 12599
2294 81 4509
11919 87 13630
4709 6 9223
952 84 13521
142 43 8528
8730 50 12300
7128 73 14568
2245 63 2768
4734 69 14586
837 5 2552
12440 25 13003
7055 96 7242
378 31 4771
4340 31 13716
6216 46 10664
3668 57 7155
8053 59 14200
5660 100 7919
5646 38 8942
4981 58 11810
3694 36 12959
1913 17 7462
65 18 3199
4076 46 15000
1206 12 14239
6045 85 12476
7135 60 12221
7616 56 11890
2054 50 5511
1883 88 13897
866 94 9159
3094 85 8705
2265 22 2508
1408 86 3125
1973 70 8011
10033 42 10598
10805 73 11239
912 11 3742
3057 4 12186
717 7 9044
2213 18 6667
658 8 3893
323 12 8778
5417 55 10349
1788 8 1930
2012 48 7290
1178 44 7560
9668 89 10657
1802 49 2227
12812 8 13237
2562 30 12543
10270 2 13380
15 36 12462
11414 83 12127
979 47 4035
5537 11 12087
9375 56 11502
1593 83 3306
1433 12 4582
12668 39 12764
5863 54 11014
299 24 5710
6313 16 12379
4153 60 6667
4695 68 9252
4619 77 8227
1347 5 9564
1166 94 5929
8914 63 10618
761 35 2103
228 64 5103
5958 93 11751
10945 82 14017
1567 28 6017
2198 66 11678
1869 82 9186
4185 39 10776
7577 85 11920
77 28 2231
659 62 10039
1746 6 11227
1683 25 2511
8814 1 11198
4714 32 12219
1370 29 14513
6133 96 7724
3484 27 8642
797 63 3448
2561 95 12204
259 96 6986
7581 62 13556
4472 41 14651
2979 13 9313
9396 43 12666
1836 30 12705
2239 30 9972
8576 91 9567
588 2 9407
7421 27 9619
6556 15 8926
7833 35 12109
1859 31 10444
125 13 708
4089 81 7847
5308 75 14990
519 93 5540
10960 7 14011
11457 77 12637
2340 35 7108
766 79 2646
5698 15 5848
7433 44 13263
8540 41 9622
3952 82 14458
11361 8 13969
4095 33 8712
6475 65 9156
1579 45 8905
6038 49 13727
6859 55 10732
6486 90 11698
1712 8 8185
4452 17 14584
4109 53 10705
76 1 3165
2262 59 2624
3899 18 6619
938 53 13204
12057 84 13871
4165 46 5274
1815 13 6484
5872 83 13184
6091 65 10369
7949 15 8719
1023 40 7296
1571 7 14151
4542 83 7008
1378 58 10646
4469 49 9270
575 9 14669
6793 45 8991
3788 69 7687
1189 48 1818
5232 23 11519
5685 65 12050
1258 28 8285
1764 67 2399
3265 35 13893
10430 100 10588
9458 93 12119
8089 94 9939
953 89 6743
4710 26 4736
8526 91 11604
2379 60 8055
6759 18 12016
9683 92 12548
2089 95 5670
2594 36 11012
913 52 12747
6647 78 7796
450 55 9417
1326 97 10637
1150 42 4714
1298 54 14489
2876 37 12324
5755 81 11139
4759 41 6836
11892 88 12011
1076 59 10077
4669 5 8158
5640 3 11654
3651 18 9994
1827 19 5033
2546 6 9914
10942 38 14907
1532 7 2827
8804 43 12663
1631 61 4886
2737 3 10882
2389 5 11250
5539 87 7357
833 18 12419
5365 60 10638
173 50 7815
959 76 11730
9175 33 14350
241 62 11525
5633 45 14294
3429 67 6033
8247 7 9447
133 13 10098
8763 58 14806
3581 88 5614
13816 15 14874
4963 81 9243
835 7 5417
3813 96 11569
2788 100 5765
643 41 8790
725 70 3597
6553 43 14443
2032 27 3299
20 12 12625
1360 16 1736
5627 68 7109
5038 14 11515
5390 49 14165
8449 63 12811
4215 34 14994
2451 87 9380
84 37 6264
2354 83 10243
1723 56 14325
5863 50 8919
9063 6 11445
3785 21 9402
691 78 8329
3751 38 8604
1961 1 2208
5741 27 10124
519 95 5590
9684 59 10502
112 22 6794
7471 10 8406
340 85 12246
3199 39 4019
6253 72 12484
6220 2 8783
3638 30 8489
2050 12 12138
2695 77 4989
768 90 11384
6894 21 9123
2154 82 7243
6237 34 8602
1543 72 8168
5957 27 8300
233 79 9100
3421 33 10679
5055 64 12090
411 41 8416
2639 83 13353
8587 35 12337
5864 65 11230
10938 74 14579
1686 19 11167
1634 63 2501
4558 9 11202
2167 82 14103
13375 93 14953
4946 26 9256
3315 57 8081
3059 87 10862
1153 91 7910
1499 65 6378
2472 80 11156
310 32 403
8213 26 9930
10761 44 11501
