5000
78521 76 96444
233164 63 233277
91185 3 153235
121951 3 138040
99367 96 140837
69475 57 142035
32804 1 175250
48320 99 187423
139669 49 148568
34173 25 64305
116043 53 165847
38263 46 234058
92894 76 105663
28846 31 97444
135817 46 236584
29587 79 218521
20161 67 177239
64530 64 176349
165890 92 197197
238857 34 241537
198462 64 224362
58618 47 60148
39681 17 73973
3788 84 160508
2759 10 181631
48539 33 172180
187418 64 210053
48062 25 233529
73813 96 202152
8154 46 19790
142011 91 212742
38186 1 228871
69282 77 110946
106898 85 231331
137740 37 223087
92407 77 109822
24029 34 91762
14727 7 106277
20534 46 113465
34801 52 45091
20484 71 106608
82626 18 119855
69946 32 213959
65597 45 196554
98418 11 210782
24803 72 80571
102258 70 248215
5118 9 6167
691 35 53841
37193 11 225492
135645 24 153135
158362 97 201394
6421 50 38167
8326 30 193810
32543 15 151262
56 13 10190
93475 21 94309
60811 96 244845
42135 65 134731
61658 16 199583
16856 36 200690
65155 100 165984
109848 70 155332
1910 68 18361
46147 82 131586
62191 85 181603
229565 24 229666
149484 24 236308
99508 5 204320
74822 32 187021
89367 9 111537
156888 9 170027
54513 81 215506
69253 17 152897
51569 20 58272
41747 6 158968
92592 46 115003
111651 28 144148
103080 49 178248
67181 33 224169
65825 7 74715
41144 85 217741
67746 90 169358
51169 66 60916
35634 5 143898
136977 46 187111
185094 30 216434
112666 34 129066
86921 68 89157
66203 37 172650
65619 76 85086
28814 7 47045
40902 92 229974
77570 18 185509
3108 12 41435
108787 63 196205
4278 32 107913
30766 95 38054
135703 89 178072
51086 38 162115
120624 15 204473
74677 74 189466
42289 89 119332
141106 6 246432
19630 76 184479
64415 39 243429
52277 76 220941
1546 75 225539
5392 90 176333
182438 51 189556
94568 63 237333
175812 79 186067
54763 19 95026
42754 4 209320
35834 15 249875
117882 92 154248
22233 56 221125
79389 72 194434
36925 22 128095
126359 64 248518
126213 12 149788
5993 92 17836
137501 37 139553
77378 18 183416
68638 58 82425
62384 82 147947
74110 89 160001
168269 65 218950
64003 19 108157
131986 38 230072
54683 100 203645
8165 58 142857
122068 30 213726
65282 80 68346
167604 89 204305
188907 73 238684
51325 26 162177
67867 45 122229
7122 67 50211
117953 23 175875
118789 68 155005
44795 73 130427
133997 64 140901
20737 50 183320
177693 21 190872
58158 71 59817
63621 64 194566
118900 71 161170
76384 68 187203
108048 70 192110
125625 96 150157
153948 59 186300
17615 77 124418
48187 66 148609
111313 60 176346
198541 93 230166
163749 60 222112
37930 65 54032
50728 85 191666
197275 35 219378
10698 84 184062
56322 51 155146
102851 67 133563
57966 88 174891
36847 68 221633
22380 66 85985
68684 8 143187
3720 51 214159
48411 12 227873
113765 51 169837
184944 53 234169
30455 80 249579
120815 97 171928
165101 58 194062
73179 1 125323
92857 37 133739
126345 19 215233
138924 99 247320
21627 8 101745
12645 96 129717
193398 17 214591
20677 4 143485
102722 98 233822
136996 56 147573
173 33 101906
5180 27 102246
10897 64 41854
155982 5 240237
177598 69 204275
78195 52 84531
66382 32 203358
50917 74 117512
163118 62 166672
113143 77 232975
184281 20 228926
102611 49 127155
170234 46 194574
199904 59 248852
13737 4 115346
32394 56 177695
20339 87 207972
93055 5 131998
60041 56 65675
36167 38 43914
38082 26 65529
65097 20 237822
194822 97 234177
129953 62 134868
101976 81 174596
48531 19 173857
86616 6 232425
233377 15 234453
137218 16 216259
151809 78 247546
61080 70 127380
208180 77 241552
13949 94 66457
32294 11 49656
74698 23 244530
48811 68 199049
71314 78 118934
51747 14 185155
205541 88 240504
172666 32 215813
59439 20 158098
59658 11 194131
128284 91 142329
10859 1 20834
22687 5 144806
185081 2 212614
45528 83 124106
112049 69 239005
190531 15 245258
151859 81 200535
209913 27 249615
468 37 59919
31817 19 146542
32628 98 196722
37569 44 98407
96963 24 202364
8341 67 47427
156890 67 217194
120503 20 195486
66783 82 224401
130553 16 214311
83083 62 145514
102579 34 147342
47025 22 169797
105765 47 196880
65684 72 185286
233506 41 249029
104587 45 139001
33975 58 179393
39712 88 200498
130266 61 238570
133671 93 152752
58907 34 125869
105273 12 163565
43029 21 66578
84219 93 98334
22429 77 53135
53524 15 233159
92730 78 147499
61372 44 117101
205748 50 223321
117887 77 198010
85243 29 201507
56807 73 244387
84742 86 195292
8988 26 22994
115735 86 205627
76244 46 204617
57785 3 103053
14597 39 111690
86173 19 194011
154997 66 200779
134124 46 152685
7389 51 85469
13869 96 105001
52876 71 221871
20295 70 31201
169643 15 236675
182711 34 186213
11475 90 245568
19303 25 63564
49327 46 157154
6627 81 65051
68429 62 161832
65153 25 140250
152391 25 224373
57148 34 81572
174961 48 217542
69018 55 167840
82209 23 229263
6993 19 28442
159500 23 184986
33664 36 156657
125954 49 211898
102467 67 184734
98847 89 139559
54368 10 227548
4250 37 180349
26905 24 58310
94302 56 233226
55123 47 76324
13202 90 96266
157900 50 236899
28584 38 180738
61425 9 112121
134799 48 149271
168952 72 249376
177243 32 235604
29237 4 143915
74736 15 131801
123369 54 169496
104985 91 218744
30488 73 236487
113052 17 124802
103138 4 164442
30301 66 49453
94828 19 190157
118473 77 119506
10112 46 164812
118285 88 212382
76166 48 151124
45166 37 156046
86955 78 181528
66981 62 124948
147042 67 218669
175353 99 221914
117033 75 171267
145902 7 239644
45148 18 184962
191587 66 207028
64996 71 116230
75253 3 178507
19146 53 134862
105258 51 187504
141350 58 164844
167509 83 189759
19161 62 73585
86045 44 129174
106680 30 201779
152160 65 211288
60600 21 237561
72023 27 217208
921 83 39595
34298 80 158362
57363 2 172426
185349 17 202025
105934 16 165391
28840 31 100039
16458 77 231546
2744 25 208589
109332 79 127224
129674 14 234812
194215 26 229844
122014 34 166372
116737 41 145088
56845 62 134042
10927 62 58534
196014 74 216980
171937 63 198562
90321 90 135776
202205 77 233694
7212 51 157045
123534 4 130997
92213 5 208530
21673 93 65159
16783 86 140723
69177 86 246230
95739 44 202660
135086 17 171698
110437 97 172363
59483 84 230422
65667 8 196523
34484 83 39242
140187 33 183569
57586 3 142865
92882 65 211084
29421 53 45320
24582 72 94989
91393 4 194850
134441 2 198329
34031 29 113788
23286 100 47243
186348 41 215956
100217 95 218705
157233 79 220337
75221 80 126953
114615 38 160985
80384 95 134183
166543 87 239245
151617 45 203972
427 11 156525
126056 29 157246
8976 37 51033
16260 64 132962
89308 72 208580
68049 31 106843
62188 38 204214
225912 20 234203
3532 84 18708
175434 69 204196
224147 80 249179
11815 58 54412
13794 19 93404
167388 54 234130
1118 28 104873
111416 26 144414
53943 95 188010
35062 66 92427
47650 34 54330
155939 83 249632
49034 94 106168
120124 67 180704
127400 3 155762
69033 74 192481
15109 40 141709
43528 59 93984
22453 8 31148
47390 62 147453
2965 24 163557
158070 27 181673
29499 90 153888
239923 66 249109
147866 53 212753
196863 85 234218
96146 64 193044
146257 46 150096
104607 18 152380
89211 82 124987
103833 38 173720
100478 59 139818
145318 81 161293
86217 100 155372
63122 84 155980
33735 17 239730
42208 44 137155
113012 27 206436
78292 50 185768
24543 32 196355
53582 59 61933
241 52 73622
233194 40 235582
294 84 164678
148364 99 249552
41001 62 42200
51499 4 114461
2424 45 169099
35750 23 209803
48490 90 155784
23922 73 156697
105278 2 225470
85646 14 100545
59200 82 205523
32169 23 227687
144200 59 195212
111770 69 212341
98695 93 130467
17410 81 48013
134549 37 150586
4329 75 176784
11156 37 206573
107052 42 152530
108242 81 116625
170259 67 172177
145647 15 151615
24022 56 217971
14132 35 86459
27627 94 121983
92785 9 154784
86298 57 239071
203299 32 245120
98877 47 141125
83429 8 167319
69814 39 230196
6153 85 215908
92656 19 239564
235226 52 247724
8609 35 53077
176272 89 185722
55627 41 184538
77648 94 144194
111860 17 175007
55566 65 246052
23685 60 138432
89541 27 89594
7680 1 15809
81381 37 116446
146687 94 161915
58556 19 121114
77461 86 104451
40918 91 244712
36808 56 177123
40827 40 121331
186992 40 201237
95337 40 122361
44549 34 141146
49442 45 228809
126168 54 204659
124208 44 184609
54822 93 90189
113509 41 130683
212291 60 231452
58363 100 139740
88555 80 187376
8395 44 198395
125232 69 182055
142980 68 155780
195459 85 228084
41438 77 201761
7739 33 67276
201662 95 236922
60074 34 173383
20075 25 247878
210694 90 233774
47951 89 161692
53327 4 148978
71238 88 80610
4483 78 97171
54908 64 55150
2300 14 202052
52832 51 75568
217961 9 223368
29209 53 116578
54696 54 216417
217431 87 248497
37061 5 94188
72578 42 72938
62782 88 138034
83962 51 96439
59953 82 235970
49722 44 168166
173180 7 231500
165053 32 177246
26011 26 110183
64167 59 237095
116444 69 226289
80249 89 143541
41454 83 126510
83347 10 128977
6391 11 108758
97381 39 207871
137100 52 169224
141640 15 175538
54999 76 229911
25600 43 83080
42620 59 183657
51326 65 162173
3923 97 92192
20395 71 46154
117446 51 187026
25610 98 214759
183647 75 188384
43098 87 87776
62704 40 72716
127513 40 159316
36781 80 37955
125808 48 212067
170144 97 225684
129525 9 210833
173363 20 221929
52524 6 162617
85011 24 208079
165771 82 178989
94772 32 167408
6966 91 166390
5950 82 41710
130102 85 210862
196947 23 212230
96782 19 184405
138836 72 186997
206005 76 212673
60471 20 76640
90786 56 204289
1465 82 173880
213975 11 246790
83083 52 107687
139398 91 208935
62875 33 242202
58206 36 84471
27080 76 203776
39498 13 96743
114601 10 229139
85049 62 212767
88935 62 114362
223464 19 246348
48657 20 186082
207050 30 248986
12691 76 27573
16313 24 69055
84219 18 116155
70611 88 194378
163478 59 171891
96600 51 152023
23929 52 166714
212734 84 240877
74765 29 222631
5628 93 12471
64264 22 174750
16947 93 48297
185865 23 201914
4622 100 75337
75030 69 237807
7602 99 9148
49511 33 149880
13838 66 26462
75211 95 102396
159249 83 160240
13999 68 100982
8087 23 20850
100562 74 223411
22521 6 202941
43397 57 216933
133056 73 170665
177305 73 192542
245427 7 245479
15777 6 203829
140245 54 238319
155069 75 177850
87600 5 224098
79464 94 114877
3317 66 130127
57361 28 231632
209856 15 213973
72010 90 79878
179737 66 211189
12216 39 20390
68587 81 189460
44343 86 231960
84504 92 221947
115745 86 248140
90531 9 108245
155939 81 233165
101741 44 239743
166161 86 210798
140319 83 171902
100574 50 191563
61667 97 70982
27581 73 167094
182325 22 225734
100458 8 206944
65250 44 104792
60682 11 122199
37200 87 64339
38473 9 49357
37181 44 105355
183300 76 196728
103550 68 214722
56203 50 158267
25005 91 168042
73806 91 110110
35123 90 130551
245695 90 247559
10421 16 245786
54986 51 89167
111061 4 156527
246539 56 249182
104906 57 181306
102253 96 219838
48868 18 153467
192100 6 205273
130015 69 244042
46093 80 185327
42855 76 88115
53065 84 132343
8111 76 102456
49093 89 193182
55513 44 101617
216390 47 227261
126377 84 162101
53499 11 125565
92845 25 112188
139539 36 228991
110272 28 127588
53382 78 229721
157081 68 217074
67068 20 120821
88442 60 101026
54336 20 59327
112038 94 164904
32959 62 204149
88373 87 215139
81816 49 122488
125020 41 174203
220383 30 244678
142380 77 226127
4806 6 75286
139777 79 158711
41128 88 232389
10919 87 128569
99981 31 176119
46632 76 65312
94863 93 247757
84321 5 177733
102570 46 167885
67627 91 199408
50513 8 56166
9552 42 192008
173977 47 235779
120247 77 127696
100816 2 145385
10668 93 47664
50443 31 170834
71650 78 233380
69688 85 123954
213285 95 235597
78808 91 128239
40136 84 93446
37557 51 127820
24097 72 106114
37260 31 111190
128755 11 181131
84216 7 218646
84572 68 175759
36069 48 155936
4599 5 172340
176516 46 236801
68397 62 101753
113920 44 164823
12729 14 191201
66920 57 128107
77333 96 125533
35087 36 239577
23730 93 78658
45618 88 135924
25927 70 87952
101242 57 139878
60511 2 104325
44754 13 108545
89699 66 172641
85935 40 110150
26866 58 164902
75801 31 170647
52528 42 239879
20989 71 125246
79448 57 180083
63978 50 99815
5141 81 136784
181976 14 218826
30170 72 165376
81026 64 96478
121110 67 246868
28577 89 157855
170361 94 213707
164902 75 239703
67483 24 118637
199942 34 245452
63029 51 180742
239211 79 242647
57973 67 140637
192631 88 197409
111892 3 134105
19470 24 76531
41302 55 54067
100929 66 196739
9315 7 48966
192033 86 245222
76661 22 97114
65891 70 106105
12638 57 132899
480 97 83177
161879 69 241985
115900 65 160549
45945 45 205656
67967 24 246771
87637 78 174839
52003 25 164445
113708 59 156179
40047 32 225376
110554 7 167678
99770 70 108701
163386 99 212252
6081 71 19659
10663 100 81192
108399 21 202809
39168 10 112191
1146 23 87398
148087 4 237339
100112 23 217981
40305 17 156442
49424 70 94653
149361 21 225226
84696 14 142587
110618 59 170326
28376 87 37611
14892 89 93603
2291 36 49956
22466 53 68070
67995 89 215431
147024 88 191833
76536 76 168908
94067 34 167309
117098 80 238022
100580 79 199710
10549 36 129625
1341 1 213620
33310 76 130325
97975 66 111952
113264 66 205644
123362 20 154160
25450 50 205085
183754 94 239533
228419 34 239777
156727 25 170256
124452 63 155661
62946 48 114934
229959 12 239620
20145 70 219971
37707 41 140355
60202 85 104689
47266 83 65789
58016 87 202754
145140 100 185146
40017 55 140567
108002 78 192888
27915 12 214117
129091 5 225918
184141 15 214165
69699 64 229949
862 75 213781
71338 52 235245
141171 75 151863
40319 74 182420
42383 74 228534
115841 23 174901
123123 74 220759
133030 83 239252
153110 38 211019
159443 57 161450
23788 48 68693
75577 80 91935
115482 52 190601
81797 2 225533
133677 11 234410
177890 52 219301
84320 60 188261
2221 6 243017
78682 12 106541
94985 4 207161
79784 21 160832
135719 9 170118
86720 51 101996
96933 90 198800
22242 71 236276
70679 36 73649
42038 56 152826
145913 5 152485
164153 27 167540
17814 73 45727
111504 11 169210
239369 20 246833
93948 45 230398
63775 91 154289
60278 13 84378
86412 74 209260
237691 28 243057
57350 19 245489
37534 48 219431
63240 28 109342
75543 46 155037
98712 47 127380
153636 100 229271
25250 25 228475
53814 97 75951
47726 21 195113
69357 67 212698
56433 57 246480
139339 90 163704
115878 57 185963
23813 27 104484
69474 53 180626
9774 75 170851
10784 58 105210
132923 19 230760
83546 10 110244
20859 4 229808
63869 3 145137
95607 7 172929
117476 40 126397
833 3 224661
25432 37 212298
92398 53 127949
23368 25 47872
249885 12 249904
7666 4 196498
183687 88 185944
215055 60 246353
28626 47 115449
7394 60 51275
31338 68 207556
139850 27 247636
193217 5 200972
35874 1 116465
115356 16 197216
81612 94 115822
76484 56 157562
38656 41 71191
90199 12 214033
112660 25 166730
164329 44 209690
143428 25 237050
42519 66 223804
157932 69 228152
96345 69 109753
35786 67 245404
180108 6 201884
64256 43 248553
89237 14 121010
57298 68 66283
29795 18 119954
154405 73 246174
159888 15 245605
53193 45 173425
146948 26 218744
163779 5 234847
37951 38 105620
133849 52 148739
129825 93 200720
30946 14 88973
88421 71 152938
171198 99 201785
85264 22 126372
119859 99 196964
89060 16 100412
66676 59 220042
27148 30 160825
132381 14 172143
84233 8 138614
69578 72 82716
8344 92 166945
63507 24 227021
43511 30 82685
107337 15 130204
198609 2 234786
163705 28 207205
40366 97 102142
100451 24 214519
50903 82 245249
103798 3 118514
102708 84 158952
93208 56 246501
54233 90 187025
35815 96 107635
155116 40 195420
161829 71 244455
2063 35 209237
40058 79 127516
69805 27 130938
25515 39 80673
203617 73 221913
59546 24 134529
223714 36 237081
62539 93 110112
164422 7 166514
67931 53 82230
5046 68 131711
43790 100 157461
168216 67 222462
132211 55 140014
5327 3 97566
27621 1 159543
104638 92 170545
134089 88 233591
99785 80 186242
151999 18 154110
162417 73 192799
18380 38 45696
34872 65 63304
133927 93 137288
26720 38 47935
197481 13 229357
7980 32 167925
80866 1 162386
114975 76 236175
25324 65 81584
107023 67 141373
27495 56 31577
125666 5 174174
185690 27 192414
117149 44 245853
34118 82 55792
40208 61 133129
116961 53 223467
97479 59 147167
118742 13 221084
47110 83 167624
175709 46 229772
93409 94 137324
49935 39 104877
115611 20 134602
9977 86 38141
84102 6 193392
13586 99 46532
109120 81 179371
125492 51 137252
239679 65 247683
116062 22 122416
48197 78 79191
1709 47 52987
207269 81 232234
80200 50 245405
11296 62 185110
15335 83 208255
81479 74 204855
224184 46 232584
116468 33 150580
194774 61 237742
107400 57 227476
208863 22 232974
9240 19 137142
24044 45 244375
116894 95 216553
138161 26 235993
26187 25 70765
2802 97 161973
27888 50 204128
85466 79 135784
84865 37 237019
71593 5 141705
12461 46 119129
15563 29 230637
110949 39 178961
23164 28 142987
49705 61 210402
46214 100 177909
79714 5 176268
49992 28 203735
162398 37 196331
128782 92 181980
29125 34 187438
26228 46 76409
115089 82 133874
4012 73 140769
74888 48 77053
24509 74 120441
123494 81 180487
123246 3 149431
110104 62 180391
5794 87 114639
126674 49 184550
125545 23 238624
175335 35 211140
18335 57 66393
131445 21 239548
5557 1 195699
138159 57 207792
184505 44 211384
82563 33 106461
12126 25 167803
38849 90 123026
24016 4 183749
42768 35 51979
112058 30 117899
5389 6 234772
124924 47 221044
212289 17 248688
111296 22 196140
210021 69 220306
148930 95 195528
156139 56 193526
67402 61 151199
1442 83 9391
149632 5 218966
194849 48 207525
114582 88 132398
102372 60 147922
12077 56 58941
108953 64 145648
14198 39 150253
22832 68 63771
74695 50 117944
64741 25 145139
126379 79 170597
170520 78 231192
83184 2 95103
49112 31 56120
155984 99 216267
150007 28 188671
150514 19 225309
2151 54 67339
43455 38 127253
114942 22 240305
14480 95 103624
42836 3 160879
130456 2 187292
130170 29 244399
182294 47 249695
206476 85 222141
35579 17 56483
58204 10 165162
74652 39 146857
140779 98 192199
27972 20 188417
46795 21 212304
41852 40 179543
148759 91 240099
55290 84 228224
106743 52 224791
75323 27 196911
7582 63 125500
796 53 154869
21586 99 126715
163839 84 170246
170738 43 172255
180268 16 236145
51602 14 245767
133007 47 137666
48320 57 181708
156081 69 217929
80660 47 145818
230956 71 231324
85359 20 173520
83050 62 144002
21307 19 194869
24522 16 91378
95353 91 140929
195574 18 229465
99888 65 147794
15827 24 65622
161041 17 182556
3225 89 176994
16044 9 173654
99521 66 173633
110706 56 163426
195614 5 211828
127966 35 236111
172896 68 182372
148152 8 217821
99445 70 238153
46575 86 80197
101250 71 233321
2009 79 51264
76576 21 79103
1822 60 44071
53563 47 162220
140647 21 153797
80001 44 208979
122316 6 165130
12408 98 122475
150669 92 181208
134038 59 245589
1700 86 194360
132071 94 192882
169478 47 199978
71743 44 200843
208534 71 220272
73373 41 177841
94159 94 205413
142494 66 233633
13520 53 172478
85364 36 241098
43218 82 54672
120924 43 212337
99829 9 228983
108982 76 131573
128471 88 133908
145515 4 161336
123860 81 179998
55221 73 171031
25215 1 70144
221274 64 245051
116999 64 165241
66973 57 213740
8193 93 188285
81572 13 138477
108108 56 147849
111341 93 159454
55498 7 98450
117095 73 205265
60468 33 187813
224926 22 241882
74790 31 184037
112685 85 118862
39461 94 193614
83223 11 243612
85087 56 213062
51893 99 84256
31958 17 101321
121345 54 158592
65872 2 200958
298 34 115228
117026 61 223529
10188 89 178893
122596 26 191665
117206 9 212242
182259 58 226019
26431 41 28108
40224 95 81206
57638 57 151702
52713 58 217351
23074 34 93883
149987 54 210017
134071 94 225846
138244 67 149815
17666 80 214587
96116 56 117864
186075 49 226731
226464 10 248811
220765 28 233497
111715 20 143017
66283 1 201746
68267 65 90574
112330 5 179108
20587 72 100585
157074 21 198646
8259 5 112980
223032 70 223243
193706 74 195806
113450 12 237979
102626 4 194464
63682 35 197777
77689 35 190819
9499 84 187765
24568 42 231209
162056 75 195922
136438 91 190698
74636 2 79250
118296 10 135153
29748 87 125753
146145 28 204819
45986 30 102107
182898 49 247284
134753 87 138942
88294 81 202777
42013 32 221242
224802 62 240599
157737 4 164282
38914 51 50868
130429 77 220856
14344 89 247380
100791 13 115663
110119 67 161730
31149 63 43295
105600 80 114496
103344 39 208532
106881 60 116325
89863 67 126016
117663 15 125970
118754 88 190433
1779 25 130328
147905 100 226389
17129 33 91953
49082 74 170763
219569 76 249950
86433 58 141682
150012 90 197228
199285 39 209894
52976 21 124310
126283 17 151475
17109 96 219963
27756 21 212277
11342 7 64927
131746 91 149550
89262 49 98030
62034 96 155835
6475 65 129500
1949 5 127711
34145 60 223555
50892 57 136120
63073 76 117569
76712 5 223143
13759 12 112083
5116 86 95664
217117 89 225388
29970 63 88285
135635 30 139445
127409 85 191742
84178 56 141749
10717 73 133438
136470 80 167971
120611 49 189536
84145 79 181832
21741 71 53426
201519 90 221965
22039 37 29352
191041 45 224248
6935 40 198398
127629 86 242740
49905 82 198421
48995 95 79000
6524 43 55429
8150 77 12811
10863 57 186752
61278 2 135247
151172 8 237192
84973 55 232808
195919 14 199269
42718 20 182837
125925 39 199315
78326 92 83600
79175 69 221409
132090 24 224700
123682 29 194296
54414 2 163711
212723 59 230116
8258 53 17833
62816 97 191787
67376 30 154353
13576 73 242589
20156 11 246471
47577 20 247736
10518 40 92953
33633 68 37522
55314 41 106651
77400 69 132551
34592 30 80092
185866 69 201046
121084 30 133001
69410 51 180144
69822 8 152802
63078 83 162683
68744 68 233195
75088 81 85734
58356 18 148970
70883 18 137900
18580 16 212619
124256 57 178827
72350 83 169669
65010 41 82479
105101 52 111656
166522 44 221207
120120 3 238502
84442 9 186596
119165 77 143671
93886 29 230928
34180 93 201461
161592 8 177880
59496 61 225488
10739 93 150973
201017 60 244192
47470 57 165338
57781 91 159238
55962 82 125434
75736 62 241972
142839 57 169378
14531 32 217651
42337 37 113508
112929 18 219718
150442 81 226076
66580 23 227932
94296 10 237747
76641 29 183362
226016 11 241801
57664 34 106630
138160 12 232604
43132 7 112809
21860 17 45850
7438 39 118405
103384 47 149965
131484 44 171190
57825 68 174665
148768 58 207607
106113 96 181828
170833 26 221974
74156 82 85848
54018 37 145916
82023 60 144455
66309 43 232360
70816 87 75713
131788 11 238173
86172 9 199823
69262 13 134468
128086 80 146381
46905 31 86306
80654 54 81752
6681 91 29224
15166 38 149235
52937 54 160482
167205 17 204739
169165 16 233085
81816 45 133210
46916 91 189314
163032 53 184213
239691 50 246344
83672 19 156987
133958 93 201639
228677 33 231612
5906 88 102604
131264 70 207786
54744 16 188703
48356 72 67436
25412 1 203343
78249 1 83867
61060 26 101187
35339 79 69228
180051 44 181065
55045 10 191691
47963 13 243128
223655 59 229136
61641 68 78903
8880 63 91650
164544 75 211128
158961 68 188729
188361 15 202660
50488 27 78344
47408 32 195909
157573 28 182364
24764 20 139883
61500 33 210220
753 83 48107
74805 35 102035
89543 83 211156
38727 29 239391
73605 58 153500
97358 43 148641
110207 44 128109
1714 62 243998
132405 63 139486
90656 23 212097
180839 89 220834
155339 69 198929
37047 20 187126
2715 100 216970
107816 59 194237
26320 67 88313
10580 93 15717
177343 72 221837
63973 42 103156
37116 20 125424
32507 25 229663
36888 3 178499
116660 20 141493
81984 12 185655
62605 84 126627
172828 100 177971
90393 20 213838
206609 39 227010
154521 14 214627
12391 37 245560
90899 52 226029
66516 36 221589
65027 9 132240
127316 78 155193
19237 26 212369
103855 52 150721
113433 22 238901
112283 85 122316
81655 35 196748
145294 14 218276
215474 25 244247
172114 12 193501
94235 22 95353
5452 24 128428
77926 36 117035
108647 92 130272
28380 23 53303
81643 61 104570
105508 23 194944
29449 12 81307
82183 51 156284
155652 40 156589
4014 31 183366
218750 93 229178
117308 18 238054
50050 46 209675
11301 98 218514
39061 87 61937
6788 12 88128
3053 51 225660
208253 30 230017
18081 67 52037
140180 12 238673
52690 62 114870
77615 60 206834
133684 44 163817
99634 55 161303
112616 72 141560
166851 27 185860
136229 35 199062
52879 78 245103
28199 91 36884
111514 97 206300
145081 93 149679
180697 14 189946
79951 90 160766
39047 85 61119
193232 45 241217
35673 99 164290
83023 81 110363
154642 29 234596
13844 33 189885
126233 98 156214
138243 99 248239
52366 17 63831
90620 45 204684
167208 98 225171
155533 66 196705
150691 32 245876
20629 46 59237
23670 7 123034
71798 71 151605
64546 65 108041
119426 51 174873
4796 6 169957
82552 76 189530
64910 14 181956
168076 84 184603
113811 6 116929
112082 77 238561
116948 86 120894
45614 65 48616
69704 37 195828
147374 75 172922
67932 35 162825
150824 78 152450
144318 3 170683
38254 27 165841
69650 81 149484
149603 16 209818
58108 83 92817
189236 78 223240
65177 90 226405
241834 74 247600
49594 21 187343
43586 77 242958
37771 26 225340
26561 92 232848
20081 71 36046
134877 22 227861
70739 83 200829
41541 1 214255
188467 72 203901
222606 94 238275
66277 52 96189
70334 87 222459
80523 14 241799
155808 63 182830
122198 40 225581
13822 74 89482
83439 4 123414
59272 26 218204
164310 14 201699
30458 50 83664
42494 61 226111
126282 15 152031
68446 90 182770
9987 46 14420
26831 36 198352
127283 68 176706
8295 8 26345
41579 38 137376
91880 59 194303
22877 77 231430
33198 15 235179
183885 32 222467
61291 35 203365
13842 52 30287
67958 88 168217
116148 27 241799
137610 36 224087
24287 85 72345
22901 9 239557
62690 8 189221
101990 64 247603
73226 22 75878
23515 87 206326
126832 100 213187
7784 14 217572
78937 40 188221
82288 18 107501
16114 73 141573
226687 17 242650
137451 17 161634
95749 35 211124
88707 9 96435
147157 22 231157
96644 74 221308
160223 58 178715
39453 57 144275
46506 46 89082
41574 53 221649
89974 11 182833
77103 65 224209
75095 61 218716
138259 100 210472
31912 100 95718
92597 69 221699
63683 47 75339
202228 90 216593
149342 85 204973
27289 25 222393
5971 95 178498
160118 38 226009
227006 70 227631
11579 77 65445
27211 95 121673
46691 96 100072
34313 92 102956
83875 89 146576
46276 13 205370
56872 69 136390
69876 18 139501
10622 41 26832
20651 11 220368
21313 92 192815
60070 66 128920
25662 31 204766
124643 57 189475
140100 84 182263
95762 97 119033
90228 8 236401
6212 22 158233
55858 20 168873
5251 51 231328
133640 87 167252
162705 39 175635
156528 23 159791
33988 69 124671
105148 8 110760
179958 33 198488
63054 100 167016
19547 73 110219
3125 95 91279
42020 86 216197
28481 14 83314
137124 26 222059
141252 96 160511
143876 80 168562
51465 61 140058
141180 90 183003
174404 58 191181
48922 74 139281
69993 61 138272
77163 15 146596
62670 34 78921
110923 6 188631
189253 30 208890
101917 43 208101
74206 86 224518
54995 98 161767
170520 28 171047
15335 82 202426
59608 5 178416
132198 12 166402
99608 9 142733
140563 54 180615
3897 73 178912
14202 96 76716
82352 40 124524
27973 9 173611
41634 24 54995
17765 70 109889
25790 33 31282
41388 55 124839
70392 78 213389
72972 94 125809
177965 67 182880
48137 18 237569
56397 97 66762
132613 48 150363
159357 98 221888
134314 85 175438
52661 82 132932
3946 57 197660
51369 4 126016
231739 3 240770
153591 45 217699
40996 8 58458
24159 25 147295
51729 69 161224
57564 16 76469
8062 94 235059
78941 13 129371
46703 61 54181
29022 38 48158
84156 2 139662
154269 34 247094
137793 44 175471
129751 52 163554
43250 37 185357
56739 96 137111
165012 64 225376
53383 12 72672
36597 63 64112
22239 100 106276
158503 68 228882
98332 64 178410
22823 54 122984
64166 30 68812
65901 33 164628
65915 5 182736
23779 23 23813
44516 13 97237
34289 70 43490
25466 61 139161
74427 61 143002
164384 75 245496
78997 84 226182
62418 44 133050
13010 55 75666
16215 28 70499
33215 3 237640
67415 33 97112
58129 77 182867
95995 23 203528
54399 91 181810
83394 93 133244
50340 84 63698
104310 61 214725
55094 7 201175
155886 62 160835
38554 49 111509
109923 75 205100
11692 2 72778
54867 32 78860
136025 88 174085
115973 73 191162
11649 100 101451
57926 92 116749
14342 98 136966
100633 25 118524
77123 11 120775
60053 64 163256
126283 99 168432
47624 5 166584
160091 82 247113
143188 78 215976
181600 87 184411
33483 12 73733
81902 11 182080
78571 95 220187
81840 51 242640
176638 20 240954
169953 58 248267
84413 52 209862
99519 30 200424
16441 65 128520
64324 37 201959
165721 12 242707
14128 17 180502
85126 54 209721
82893 100 218641
355 10 202948
115297 58 195704
73111 98 109003
119133 58 144143
46402 66 111598
119295 46 154059
30850 89 67894
166714 10 186805
195231 93 200289
16701 96 125053
173758 78 229589
39117 18 196232
9116 96 43019
5016 11 52710
76806 56 134599
52939 3 86027
37811 68 233164
50619 70 195871
51504 9 183111
1333 46 4873
60236 76 234721
202948 12 211396
40241 97 129270
166669 28 238303
23915 72 40828
84691 46 91237
142808 89 155970
28679 56 106087
17361 88 111123
40789 15 163600
133576 77 167217
13139 43 172257
115910 12 181203
5495 98 158942
65632 53 170942
111447 44 180795
140139 24 208827
47011 52 123813
10164 32 101221
42354 4 238404
13141 84 234226
54633 44 98254
112166 83 232301
36493 38 80830
131042 51 131481
93110 75 166347
33504 56 184841
34492 91 228232
78110 49 204100
6107 28 178421
5560 38 19988
66772 49 211080
174937 71 198818
24690 3 45070
116261 41 203529
59905 40 207433
72056 60 168152
2791 50 12196
26164 57 210259
44596 36 107648
139502 53 183380
45458 36 132370
3567 2 189603
58488 4 172184
23108 34 120218
118832 85 206015
48918 87 219116
163006 85 221645
49431 83 211657
96922 85 116017
147696 66 166062
191478 84 216604
27430 73 63690
35728 74 84480
69703 39 248056
195603 67 207500
41203 60 211915
23650 28 194043
131770 61 179443
164038 11 203216
158360 73 232807
102729 18 129524
120863 20 198154
140304 60 158899
154179 49 175683
60278 53 153277
74279 61 94047
94816 96 217904
240543 78 249632
149279 20 200073
191319 69 235739
29699 5 56426
56638 43 71250
42138 33 112016
9571 16 62492
112778 34 197610
33457 80 128101
26354 29 227193
65527 2 73609
106039 48 124603
7140 20 172354
4745 49 19883
11576 90 35905
138042 14 248982
32233 44 90788
141940 40 150716
18801 84 158615
27939 29 146152
53398 45 138825
105430 51 175874
201047 80 219589
157092 53 219580
131737 59 189537
17501 57 239252
19270 90 152290
104884 99 224697
165084 52 189727
89453 65 103635
165156 77 170879
77153 31 88323
36268 28 187303
52657 95 242381
192122 49 236153
64895 15 196641
14566 26 165037
190540 48 236312
168956 67 230977
47777 42 212406
38440 57 96956
76794 45 197665
160740 63 201281
157028 19 221835
17516 26 80211
48448 96 157680
124091 92 167289
51712 36 149394
70666 81 156622
159104 73 179110
33684 21 67140
222772 99 228845
110461 62 158787
52367 8 95284
72683 51 158362
137085 52 232271
35791 40 89442
4822 36 221733
79474 48 236241
169295 71 186003
123633 51 193930
178149 58 180071
56399 35 153307
51321 24 69821
24303 11 212327
85557 42 231768
15004 84 242142
39245 4 93770
169489 43 214111
128654 15 166588
6688 31 122526
9768 71 187124
42010 42 104025
119978 80 152643
31785 45 105054
17682 78 111668
28587 8 190042
143354 66 154978
126450 61 135889
26340 87 246496
94117 97 169690
51472 69 146661
69262 45 142254
41326 32 249437
7005 58 155616
64762 81 162771
74743 99 146190
178012 6 235300
60608 76 65640
73923 73 116896
57762 95 199921
95648 99 105635
18372 72 239435
72706 34 190414
28818 53 195039
36738 48 186200
71293 91 216845
166278 65 167526
76788 67 149057
28311 11 155840
3468 54 104977
42005 37 232933
68029 33 139994
170259 93 220528
105362 54 177989
227471 97 238570
21307 37 235299
304 45 113341
134563 7 199401
70259 3 101044
130175 37 217648
98679 51 105861
246793 71 249850
61397 98 165675
59261 7 80679
14064 63 31812
150903 26 170787
6540 91 161706
84249 62 95674
71971 33 230792
77397 66 123986
5869 96 69911
41802 1 222057
89385 4 113838
184218 46 249987
66024 16 78810
79637 77 183936
140331 88 249393
24444 4 25144
109086 57 225277
125814 21 200176
54794 15 108278
34234 89 90365
10979 93 218067
137279 94 156900
138522 74 144235
4696 20 133926
37613 1 222362
9780 39 196059
184187 39 213231
133632 89 182086
7363 69 35983
30440 10 116005
139716 30 204871
73604 30 222299
39418 21 47640
73164 61 236169
15855 96 32710
201931 81 242277
9304 24 122073
29670 15 123307
189973 68 237325
98595 33 236980
41136 10 151664
113483 70 233985
45445 2 179431
58722 27 113037
124140 57 205544
194264 44 226556
17325 51 232775
5053 48 39571
8065 86 114476
3852 55 188658
404 49 42386
43986 49 45233
111247 34 175372
47576 94 122755
219528 80 237311
163099 25 236907
44135 17 216743
1628 83 48586
132155 94 156779
181424 80 196962
42509 35 219587
11656 26 101829
15687 54 116408
83347 63 103912
108468 4 203948
155736 46 197619
36388 61 240482
103761 75 179338
2500 24 85395
35026 88 92592
22069 52 163168
121274 83 132531
155764 76 198579
129408 48 209803
141757 7 243052
34063 32 229390
171607 12 177120
164044 69 192127
51404 36 127041
12512 19 108068
55096 17 62994
4860 7 95233
34632 20 144324
32749 70 97453
51370 17 125179
11534 90 124958
89949 51 182329
105085 15 247614
182983 100 233859
117727 6 150727
15374 52 202342
25344 47 157960
11411 9 225922
121898 81 172614
8305 37 214099
73946 63 227361
243678 8 249441
55598 89 227166
46982 30 95855
191588 30 212447
6038 51 147491
62801 49 176670
26583 30 186449
195825 21 199636
115477 39 131673
7837 58 61241
201619 74 236043
61849 28 199723
18293 56 137147
94696 18 186637
24726 19 209424
58007 88 243324
64531 96 123268
56749 9 183715
10102 56 192478
168005 81 179964
128580 83 179511
6566 78 21347
171410 42 194804
62158 67 175105
73056 94 164466
15100 79 159659
131740 73 173984
61176 46 182206
85144 22 155125
85995 95 112189
49855 6 207011
52230 65 142727
21286 80 62620
6038 87 125787
187741 35 214483
25690 98 186625
53662 40 188908
8343 87 91929
12725 97 213420
99714 82 127173
49560 62 70073
15538 23 138261
162998 68 217690
168556 65 190038
3875 77 55504
163713 27 194401
19830 56 151898
46848 90 131180
13477 63 137998
18041 35 195575
133602 100 145711
49722 72 217069
49587 98 207357
70069 48 229767
72706 25 102341
130724 7 188331
28373 71 123760
11498 100 231319
25028 70 244479
95506 33 174760
52434 11 145875
42767 22 107777
36598 24 47797
32765 25 138505
13552 27 47397
142657 72 245710
788 90 189304
30599 76 75458
57551 35 180999
93543 85 120059
80213 24 173695
12067 11 20103
198145 28 240883
165692 19 219350
26666 75 239984
19423 59 163626
24247 81 188090
20356 88 92954
82168 84 194546
164593 71 189926
215321 1 246911
52954 52 134474
11955 14 196302
78622 54 137739
61976 85 96328
67968 4 181813
87710 87 172641
123176 47 184697
54660 58 142947
100594 51 205868
91576 30 157174
81838 71 235601
62670 81 197504
207030 23 214518
220908 16 222921
49598 32 119146
84405 35 212528
4049 71 228704
39088 43 118726
43779 93 110611
154303 53 234758
79002 87 178571
72808 78 161983
88427 92 146023
89234 3 188516
158070 1 223477
178334 42 248343
60980 5 179838
172224 79 230242
144635 18 208624
76766 9 93518
21355 21 63103
58865 19 172224
152901 20 153690
97231 85 206765
123458 69 176582
86580 47 211574
55922 60 143415
43250 5 188626
109580 60 225597
95057 94 154253
73292 45 85783
170894 66 191543
82380 95 122663
9202 93 177089
171086 36 209572
87493 42 90268
25702 31 222468
53116 17 133939
130099 42 178637
18259 92 227615
212435 36 247332
222899 74 248259
103625 72 176157
198179 5 219449
9792 74 194335
59206 8 153192
182294 89 204321
51199 3 186488
63232 74 166844
56126 30 148770
71572 11 156310
114875 74 223658
90680 44 116277
162275 56 232247
117798 29 211805
83871 14 109691
10541 8 234843
113876 20 134854
17360 18 142407
124320 56 195392
93842 80 100270
41236 20 181710
64700 3 165737
31386 96 125588
100399 58 192337
241432 16 247577
71079 66 236481
36110 96 162715
17540 23 214103
87149 18 168478
193638 84 215950
58979 65 61095
10694 49 134186
135698 69 148738
152527 31 224130
75651 60 109823
11544 3 128499
23057 42 87300
66296 16 129672
116149 70 147466
85469 89 174026
47174 82 107223
8555 88 131509
186766 48 217465
38312 44 81366
12382 42 118873
27290 68 246955
24256 36 138068
123571 25 222867
98327 46 178139
78156 70 232822
56752 65 195965
28185 76 189322
8807 37 186938
19499 63 117240
26871 25 229773
9164 13 162200
7166 7 213190
31498 77 43437
26116 51 123273
78102 29 118099
72449 28 79357
185386 8 206426
22614 38 105064
64141 27 234545
32719 43 228730
7548 11 136680
81604 84 126461
50957 9 123254
16087 85 198349
88901 83 175809
37601 65 240959
24156 52 212646
243405 76 249661
24687 1 28313
89015 55 217312
44057 97 124267
142306 51 191188
53196 1 111197
58603 71 165509
93859 10 154736
52681 81 158334
34395 86 214558
156553 69 179739
64847 29 152011
145006 73 163470
82195 13 176825
185451 23 245419
7742 71 15363
62165 50 163148
85661 94 218797
76096 70 221032
13902 65 86496
81882 4 189010
37243 3 47626
28819 1 96605
56477 17 101208
93110 59 156989
49770 72 116104
127286 66 147579
75531 50 164245
111344 50 238074
111114 1 112315
80509 80 111750
130585 10 146647
163047 70 176065
123725 76 198537
56566 94 193005
5014 37 20657
97650 78 235345
123474 88 164766
134323 10 148650
101281 27 197899
165321 90 180460
11 23 44305
89349 65 244140
2429 83 215546
90637 14 106831
73413 99 183322
18006 41 238695
161478 59 236889
119834 64 233091
110032 26 140198
37285 12 169944
9889 23 80693
8378 11 210319
166087 7 221681
69083 63 154807
121868 77 157859
22554 13 104743
63564 95 170468
86796 62 219306
10844 48 91781
53769 36 213763
14211 82 32170
844 79 219745
85922 96 151756
39989 48 125409
73296 39 194950
27751 95 245940
175676 57 215571
53139 73 173600
121532 8 154272
125137 98 181749
150323 7 213989
120136 80 125903
105757 93 223758
46910 7 151709
42460 62 45022
19876 66 127751
10779 86 80342
94960 69 112307
122265 33 246891
78922 42 232541
74047 44 97548
111122 63 142397
198745 29 219220
3348 74 53151
89268 33 202276
63488 19 181983
140864 100 159339
41786 91 184252
5577 73 207069
123725 77 215900
11613 59 220303
99612 88 249735
116944 75 184917
44672 64 86400
110969 8 196618
15497 61 87722
94315 96 123876
87354 45 137917
144464 59 145022
216712 62 246050
157344 83 157967
1797 2 170748
233921 7 239975
26423 22 184800
42518 46 217448
161480 85 198075
103695 41 224758
106086 2 174171
41378 81 58311
70031 63 151777
18730 68 27388
17943 53 45897
189806 3 243678
237949 81 249372
189141 14 224016
22117 11 72956
26207 44 228448
95221 96 145622
28542 84 183613
26812 89 51709
105479 27 199921
162395 96 247203
86592 43 241661
111171 56 200992
21822 39 48511
29914 65 38087
60231 65 190439
44696 8 117084
66031 21 165470
87178 49 132356
22453 100 159130
135474 21 206689
6533 11 79251
114653 76 131864
5189 74 11420
10517 86 150385
48878 98 201195
65281 2 246328
122306 38 160465
126854 40 157607
64461 2 165862
24762 47 104541
33604 42 168566
159021 37 162757
137111 9 145759
185229 77 201549
69542 77 92905
55831 31 74204
23970 8 48675
59038 19 69842
155708 63 246811
69967 78 155104
156910 38 218894
50060 39 92853
15027 86 183810
6473 84 174341
79659 50 222987
89498 90 221642
183306 32 231315
2254 62 206348
42428 52 201591
16353 54 175569
17495 80 244543
159802 28 172731
212701 7 236835
30808 20 99290
77576 38 188212
6403 75 51199
86434 95 130800
179633 73 249235
67131 10 227878
18210 10 142393
46664 29 51548
36486 83 42864
115231 86 222002
47578 55 168194
175650 40 179930
127613 3 187864
105265 81 194450
74699 34 170662
70268 37 130716
144540 35 201906
90422 53 115052
9958 52 77408
75924 56 179158
84418 93 85732
193905 68 229890
190850 37 209847
25101 50 214187
21214 17 123553
17769 32 140903
152106 2 154233
22110 46 182042
33847 9 157974
88822 96 245587
10358 6 79646
158569 16 232583
4364 30 14613
183679 72 210469
34797 86 133565
90836 15 248401
28389 80 36508
146878 38 148148
22200 53 186980
562 73 139100
143 95 9446
85567 40 245489
115947 81 137377
48393 34 125507
220534 14 238275
4883 1 40554
4499 67 237049
53288 14 143711
12796 94 243759
4410 62 120520
26016 25 133844
57184 68 89755
90204 47 217396
125110 11 181389
124456 35 141416
114399 47 159322
69969 93 193215
127064 77 148396
48379 85 232529
79798 18 175286
55689 10 205400
71882 20 108569
21853 20 36426
223217 85 249722
151003 75 159019
50485 16 167845
59358 49 117951
224359 17 237753
151842 76 241220
198577 14 237527
77218 25 182808
148080 26 216496
2753 58 20124
43191 14 226419
13252 78 160614
28482 9 164950
39527 91 71634
90681 68 195935
10977 57 164248
109232 93 172208
24345 56 224806
127064 48 241851
205797 65 224801
137905 45 140213
43377 86 224258
91647 35 238925
11708 44 98071
45187 10 163269
59595 99 225726
53983 18 105419
1365 61 208153
34057 97 107906
120537 71 236789
180605 44 196394
212268 25 232367
166220 15 168039
6545 19 192529
119977 91 243041
21116 74 76219
176310 24 199893
79349 23 217620
75622 10 162756
310 69 245255
226673 11 229851
43411 25 89415
106400 21 180948
85680 73 249439
36419 48 98635
192756 90 239898
46346 30 50335
134452 14 227566
26488 94 217766
126761 28 205842
101707 49 190737
120895 43 166059
162759 30 236136
116642 25 221446
155404 25 196087
111095 64 114046
159350 74 195008
90907 88 129534
91846 57 105940
27059 46 54414
33574 93 159641
45665 90 119705
89044 37 143300
50311 58 126562
9290 21 76526
22501 39 37139
86423 1 196204
160268 24 199686
24764 99 84381
83559 21 136694
205275 68 245245
113053 55 123549
89976 95 141146
88373 28 121861
219354 35 225778
204997 89 242300
57303 1 119923
132451 18 142633
6048 84 24319
127229 68 154272
10137 11 98592
92853 32 239160
54911 51 171118
86448 6 239469
24879 8 114263
147303 93 173050
40447 50 247329
224208 38 233914
131382 31 131679
211654 79 241719
90683 73 194990
158161 2 241484
239697 84 242021
183591 66 207678
36919 7 57523
122424 25 203128
117236 61 234783
192874 27 231806
59681 68 196870
118990 95 122243
16226 69 25310
15531 58 97131
161099 22 162941
118302 98 164629
180865 63 190959
43499 20 126244
80952 95 127857
94555 100 222271
9250 16 72148
193952 4 205729
180325 12 189762
97562 1 242173
162467 64 180451
163945 95 171143
79746 60 171570
119059 11 221677
94687 74 174629
30595 8 105557
110634 48 144436
13540 57 93131
1754 93 130293
13139 22 198270
72719 9 91213
43794 5 177691
115279 95 234530
182479 100 206931
169811 53 243226
182259 81 182560
37218 100 46831
20764 71 233322
33512 28 125070
44100 75 135108
13919 4 218043
13344 24 118504
112866 23 123414
178382 98 245413
26753 7 114391
62904 90 68719
128119 22 205904
6016 91 140011
5652 18 242774
71849 96 89351
125827 59 244353
178616 17 179854
96829 83 245632
145079 23 202358
78634 26 141542
86464 7 230859
118424 75 158998
42257 24 172829
77482 9 157434
81144 6 87032
147967 16 234749
5541 63 62191
104802 15 135797
89326 79 101781
53173 90 186902
8622 40 47612
48632 59 159628
63088 91 78474
97757 91 153505
5632 68 15380
121844 51 181168
47108 63 62446
145460 20 228384
129266 91 187514
14628 5 221488
88481 35 155029
45792 72 82035
4209 15 241397
34171 96 52811
153805 1 163629
5219 75 51001
10069 99 219591
127293 69 170118
177666 44 248887
238187 54 239788
76804 40 194315
87588 93 135511
23683 36 152992
12383 10 157758
205772 16 233374
19815 38 158339
25590 30 175617
201131 2 247732
105186 18 247896
33863 51 226684
78685 95 206635
133383 7 200197
94369 60 152473
38609 96 237241
213831 30 215286
109898 92 183944
61834 98 138056
2010 61 64282
81671 92 161636
53271 8 184053
14701 15 63984
93129 47 210812
58841 16 126498
122029 5 191377
50593 95 158429
75693 18 203099
106926 61 217666
58158 78 167563
112389 19 141762
24557 55 96692
93737 2 247628
185036 2 217999
25713 54 49463
162293 28 192505
8412 32 138286
77111 72 230027
138142 66 160123
182228 20 238770
195439 65 202880
15324 60 208070
135568 90 150862
68316 39 189474
54061 1 147097
13750 83 77727
66453 20 183931
31895 87 79381
44722 29 240788
191898 84 213328
103327 97 128022
43419 28 97283
89517 13 139936
50447 79 88897
54661 66 202640
156892 10 204258
124909 82 244952
7657 91 211367
28449 76 116294
79838 70 242963
70551 47 201510
87856 51 130929
145830 18 238028
180760 58 233756
180523 76 187375
26068 49 237697
122486 56 205284
151640 51 246901
93122 34 165227
16578 16 39742
71246 76 102802
73493 75 212179
80425 74 212057
42972 30 155244
117932 86 238009
158248 57 212645
62204 93 191721
19321 5 46889
213041 81 246558
22169 57 146102
17463 97 50871
226388 77 226746
150156 19 242306
199501 32 204729
163526 27 185324
8752 3 187356
145743 53 197645
160144 97 194344
68930 84 148342
21125 87 74112
38808 33 227200
190025 89 223637
90431 78 115682
10707 22 127649
163049 86 234318
227190 52 232806
210500 22 213150
19569 96 74812
59818 4 66507
16458 21 163802
38192 16 185440
151082 77 204888
81070 7 125198
126931 20 203068
58349 96 244409
45413 37 205145
123157 54 166276
32029 59 153458
130686 19 153633
22565 89 199892
121188 9 201900
20892 49 139927
220066 28 221643
23259 35 162665
8091 10 86319
4655 76 234488
56934 32 80296
84186 41 153688
173161 41 204918
18775 65 143230
150021 56 200700
5099 26 81107
110393 76 182574
10655 74 135113
135001 32 180959
51982 61 112785
5679 63 153458
142246 29 201328
67257 79 219441
18357 41 245595
170432 40 246753
98618 1 194335
167620 76 196476
4479 65 41487
87343 54 186229
45357 72 70840
13036 45 118604
198539 76 209720
51494 42 205177
78891 85 105495
155326 19 230324
8309 61 112353
30449 45 122964
16527 70 38062
40585 59 139279
15352 14 70503
54983 15 187547
22853 14 187599
170228 47 186968
46679 18 128704
51448 3 196472
154645 10 241735
49065 67 82123
101334 26 118909
114063 82 166519
193936 46 216816
165856 40 244810
104060 16 245883
41644 84 126675
107850 5 139733
24004 31 170598
123982 74 232107
125313 68 138709
99399 96 140490
31482 24 248699
51665 46 231889
31435 34 117824
102769 65 157042
34152 97 242274
84415 51 206565
34854 34 177493
38848 19 143963
30713 64 237813
11794 1 134263
14392 46 237788
120938 52 122844
27030 64 128103
11877 51 31950
87739 68 89313
137370 74 220698
162535 24 181584
127467 50 233771
122834 30 185891
82415 58 166273
187811 67 218314
18175 89 118217
104544 18 199964
165004 56 199666
38571 84 95494
153740 15 204538
75790 30 228161
32469 8 171232
16134 24 30342
70467 10 208290
29906 76 34923
219749 48 243212
75777 81 91362
92651 30 182000
24472 49 65472
176278 55 222328
136699 93 242770
53618 93 142565
113142 23 141679
33326 51 90424
38384 77 65234
66422 80 155065
155907 71 202034
139957 83 232978
88532 64 162923
18756 40 207823
38208 84 96210
26718 66 162799
29428 83 224977
31743 22 83769
46041 89 239039
51056 79 91171
14577 66 92992
81628 64 212793
54054 51 151018
85802 82 148448
136670 27 179036
145137 57 156543
3529 12 45670
8340 95 125636
108467 5 144255
126384 93 159200
14456 92 110267
113743 4 133503
41346 70 225967
58846 42 209076
113975 12 128055
25789 76 189413
67140 66 71692
185173 35 233615
187806 79 244201
138317 65 239927
44519 60 111850
113247 20 219911
41830 99 249821
154663 27 216733
102808 56 134006
113210 47 213012
43738 8 236509
33297 16 223946
61439 87 141232
7616 91 215633
22443 33 106718
32309 63 195086
81363 73 119558
63563 47 154223
41934 76 159103
4186 77 244383
16162 49 92811
69784 69 132094
170514 26 246487
202153 62 231456
25037 91 130087
40461 86 76748
73427 88 230493
73855 5 94383
193856 50 197422
50043 60 100957
77812 46 133210
117408 29 141732
145064 99 235561
63198 26 118733
32504 57 157310
74195 47 166801
41340 10 77450
71862 68 72654
101119 23 151707
18971 30 127257
181744 35 185624
63749 92 245027
19172 84 94880
75463 13 123953
7268 96 57526
109286 88 111846
51307 19 138152
155149 36 234718
89183 29 233241
33391 64 137828
189893 22 235054
131018 27 170685
59540 43 82642
76863 49 87258
43073 7 106831
62228 38 229650
93819 28 148453
4943 53 37534
147731 18 174395
173469 18 210335
188470 61 190596
25268 83 48624
16085 99 60528
46402 48 74041
66963 26 208430
60367 61 196202
14015 60 106362
6568 39 67744
13987 57 137234
74108 38 224651
7349 79 219087
2861 22 153711
158687 17 212395
120624 24 163606
82551 61 199183
196940 94 230016
106048 75 140160
5273 35 154336
209831 7 214947
188324 17 214103
11995 89 203595
43128 49 138182
79468 83 131610
90596 82 104112
173225 8 223273
116963 39 162606
57019 69 85056
168673 35 226376
155087 96 186449
10644 85 107114
29836 94 63184
112231 74 142666
51148 33 201224
36457 53 121654
159878 30 182138
86893 37 203824
85908 63 204046
14642 94 228469
42341 69 231929
192823 21 244772
160198 79 181855
12277 89 118357
5115 2 17806
201473 46 206983
14677 22 186993
196861 62 211180
34122 86 119179
60705 67 179514
49364 97 126975
72705 89 76967
22751 62 247039
122183 46 227838
11686 38 86449
174313 22 223200
189895 84 246028
102045 16 194649
8658 86 79268
197553 72 201806
25494 41 73793
57355 29 65659
82930 96 135375
141828 90 162293
55529 75 145511
53919 27 58032
86106 69 182038
77364 84 169076
49572 31 108425
79521 25 139756
7215 9 143116
64237 51 238907
77671 100 166794
116021 5 182663
209402 18 224984
145482 75 184785
32069 75 117385
49972 83 157504
71688 84 130207
102112 76 239692
27089 80 50213
118036 73 206614
57092 33 172024
130025 83 193621
230310 79 234153
48794 91 80524
46465 77 105683
70746 21 81802
126504 29 150568
51809 16 227262
51135 43 150833
36230 7 203486
17781 71 226825
94618 74 218500
81056 53 148883
8443 61 70012
101566 93 105519
33826 70 187589
156113 93 201874
71654 24 141273
12386 78 246163
7247 93 107627
74861 74 199700
65779 2 200623
173531 35 196544
11884 55 217728
218628 51 225826
55268 79 234839
73379 1 196970
99842 59 146177
88742 87 163903
64720 25 226124
4855 32 180807
58931 66 90527
45253 98 71007
104037 8 111581
74727 7 155612
80130 39 215613
57228 45 212908
1983 88 234665
24627 84 151133
10769 28 43096
72931 58 197288
44418 29 149135
93195 12 215065
46632 49 156914
142151 14 245584
87732 89 177341
51789 85 83444
11234 51 175522
78298 1 158066
26986 41 189361
26831 88 94290
47892 93 93113
222285 70 233826
86444 18 209746
90179 61 227801
187814 69 245522
7330 40 65584
82728 17 220864
88734 51 202512
28319 71 128057
31813 92 142957
22611 80 174454
135636 51 187688
295 68 90175
110463 39 164046
3034 4 240351
220090 37 246082
18798 20 76622
9478 58 96591
131823 27 213748
105873 30 129411
147589 30 194679
148729 52 215175
6667 28 116666
63899 78 137231
42825 3 157072
145390 9 243550
17535 54 126487
192205 62 215532
147947 23 212137
145839 45 175765
105521 14 230991
38445 18 145422
140765 86 149868
118 39 135020
112442 79 134607
50798 67 222082
5906 76 195559
24938 79 224219
40132 11 45954
53572 94 116747
43905 68 205486
104232 12 115775
22586 42 200536
51716 68 212656
170696 47 248224
191411 52 246071
114624 32 122497
59750 25 239605
123872 81 144954
131503 34 221276
7087 1 120239
232234 12 233029
41501 58 48023
157127 76 162980
56180 34 213882
165460 31 197276
101114 82 163937
166255 81 207694
134421 53 198534
63781 96 153640
50525 15 101648
56881 73 72306
130046 25 222714
239996 53 244892
142296 10 143741
182177 29 214429
192136 51 226437
184611 99 223533
92087 21 186551
30125 36 247269
19702 51 248405
64223 84 162413
112667 6 148850
101543 5 153723
119958 27 120808
180727 100 234867
33628 73 142842
77570 63 130069
48417 48 242120
7312 40 113664
978 59 157439
13969 63 200053
166970 98 236222
24552 57 170920
32260 10 108344
153949 37 236250
64881 71 134803
71331 75 234826
78521 36 122821
58284 48 146104
144141 62 222825
94234 57 111262
101633 10 152363
209007 17 231710
184092 41 224500
70754 39 117172
151786 72 200723
56536 13 124715
136297 14 202703
48994 43 181702
37314 36 249615
17121 63 176810
87177 4 240190
161902 76 222167
70946 31 197116
213498 38 235576
92055 20 100678
69983 42 135887
56774 27 222920
55572 35 187975
68158 51 242008
75763 85 138635
36920 53 189821
37624 28 215635
127694 3 202320
56400 82 203913
97683 59 193326
114205 22 195345
130371 7 176703
9029 99 202286
63109 6 138680
156447 6 239768
145454 8 177215
17811 15 118521
136287 80 177532
58622 59 130124
69489 73 101955
94988 82 238699
110179 2 129179
205084 51 231396
153385 8 244871
81430 2 113970
142241 65 208666
102378 27 155643
59725 6 159397
79245 1 237044
32673 25 130120
44106 39 131014
170 5 225476
20343 14 54981
38263 37 116267
15044 81 196483
56816 85 233775
58906 22 78740
107960 89 115934
2768 65 65240
86250 38 205985
96929 1 120590
3429 54 3955
108429 38 240818
61839 76 201220
198270 85 241620
183067 43 217742
88665 11 218205
132510 52 199398
79481 95 249807
172158 22 178804
59632 94 204749
36058 55 232176
101615 5 163469
179646 46 230592
132548 94 192989
85365 56 117567
54166 13 142294
163735 75 191325
35034 77 67578
70100 48 232870
149495 95 213478
123933 28 230888
88448 83 173909
36734 19 159672
121343 25 221108
137771 36 156947
183426 91 226441
43167 35 136860
48144 96 48321
21172 64 126105
82061 57 110306
12452 56 219313
17547 64 124045
51919 47 187745
40361 92 76701
61905 45 194242
184624 74 247620
119634 23 132964
130290 71 174613
47859 34 136839
186394 33 215230
125308 68 199342
64643 91 160230
50340 74 103639
37803 59 241992
82812 73 237245
82416 9 189076
91017 50 190310
31869 82 60395
202106 8 233841
138732 27 226938
135392 75 150558
66026 71 155060
77627 20 211376
55550 45 127617
188857 32 227299
2690 61 150066
26202 52 145111
113213 2 206536
29075 25 139110
163685 5 178087
37659 80 175773
95413 87 230885
117127 36 119458
25944 25 87239
28393 3 73226
161008 62 224721
186963 81 218424
86585 47 154126
23128 17 136980
44776 29 88002
92799 96 148607
85299 91 194402
97448 49 121892
54794 16 78611
44359 88 145853
108429 61 186242
165964 85 190488
7099 17 225013
36720 21 222028
19478 77 115700
174002 42 245401
197911 23 223927
3132 45 140695
2868 51 186524
31776 84 122099
67047 82 71596
22136 64 241198
134596 93 154030
110379 1 180840
159907 30 232257
12516 39 66810
135468 24 231800
54178 21 144182
96219 51 247192
175271 25 192493
48599 18 179080
191585 28 212397
151542 74 178343
123792 66 151000
19047 81 241434
98299 21 177137
44840 47 236557
207434 10 241680
175873 76 241502
52549 21 135983
31126 27 39182
1349 15 77934
59952 98 138408
28462 43 135197
126899 57 226201
14220 51 102553
169046 53 185804
68482 29 236462
63876 9 237939
15619 76 206742
17594 69 232790
131641 53 211615
219408 47 231599
218646 58 222891
38100 6 110706
40192 15 145830
35132 8 237835
39239 32 104058
117118 33 229000
115492 64 177476
41267 72 54291
79887 13 150072
46267 87 84929
7101 65 249904
63288 66 202854
129185 81 227352
6712 24 115757
12259 89 197748
226881 44 236803
86803 93 244937
195187 36 236398
111660 32 157155
56516 90 231824
90941 49 166215
147135 9 224032
23019 67 34864
28361 33 126879
9591 60 89965
45085 45 220440
172767 74 202542
61510 77 246071
81772 80 87023
130698 44 214583
121252 51 194263
75254 26 221212
55663 24 228009
77359 2 207340
75658 64 91360
95678 26 237130
146043 2 232240
40900 63 222446
85265 91 214285
22649 21 146072
121411 85 226207
56978 67 70897
101088 78 155828
36070 83 192958
85502 15 185646
119248 10 135688
67340 27 172204
47358 10 241140
38553 94 243680
51427 16 249092
4364 36 145489
134938 87 154460
35915 23 152473
118161 58 236883
134948 59 218104
19211 73 189313
94064 13 163428
127005 59 200606
201917 22 229061
129981 42 136671
127329 46 155682
54002 91 212329
122368 51 197086
125679 61 185530
92106 43 140799
1764 80 199725
106137 31 205600
15885 86 76673
9159 1 75698
148752 47 207588
137065 69 225793
163074 21 244783
10781 43 245581
36281 7 227691
206325 13 246417
15920 82 148794
118543 15 199773
42284 59 226287
90186 78 147143
114869 78 194994
70571 29 105435
13074 98 149919
221960 19 239834
119062 14 221061
111912 8 176172
144642 68 239907
38937 27 167204
160410 100 211983
135562 85 169300
56399 93 198744
207680 22 239944
71505 58 191471
85996 70 216871
11021 23 110266
72099 44 197084
99076 67 100127
1813 57 154893
107781 89 160901
2328 1 106226
97965 6 240838
186566 51 189527
116072 39 182271
109584 31 246649
111380 43 208523
2689 90 199764
65668 32 66767
145426 61 233496
70933 5 245436
115920 40 130053
21578 38 121844
59334 95 91649
64270 86 101476
146743 79 175649
19360 46 105712
108552 89 129310
93175 16 200531
68391 75 232164
41090 31 71572
165075 92 196300
86477 32 195561
55495 97 97286
101611 83 127042
75463 77 85168
131285 91 220464
118003 12 229210
161909 80 217840
44325 17 101677
95112 99 165587
132712 79 192769
17311 93 185698
31836 73 71738
17607 53 248674
155850 34 187460
81434 42 116567
80076 54 216246
200398 46 218891
9908 77 109992
75290 14 93835
162132 67 190444
115262 62 158891
31465 85 45890
65757 28 70949
96701 61 223203
11548 15 112276
137677 92 200637
26511 8 64314
136837 65 150771
169780 71 211862
42802 26 197250
11740 92 21216
61376 93 145419
155085 50 193244
19463 10 91996
175934 67 195758
140769 93 221489
26042 82 225560
21201 48 213156
120592 54 164359
149256 9 215331
133201 92 229677
116278 75 180352
155033 9 167398
42539 17 219727
15234 28 62992
146980 31 156139
72945 35 111615
126419 65 139261
153274 30 235011
170058 46 210352
93750 53 124257
51070 2 136333
88015 99 141721
103581 52 205479
131382 74 136842
12153 20 214693
22232 74 116224
30095 12 205565
18419 1 133623
6278 57 234102
118694 9 123471
48995 18 60378
12911 83 113567
16761 2 104743
145819 100 168111
161618 61 233861
104093 95 154170
15582 7 167522
97476 49 196061
84739 25 213271
45361 54 147946
48453 68 211289
180767 15 181578
5480 47 77331
223036 79 233574
88547 46 194757
3434 81 140921
194669 16 207101
90330 66 224344
71785 41 132077
56396 90 205928
101061 42 238961
8004 15 155733
72511 42 107026
149673 97 217053
118302 13 240232
130870 2 179616
72356 70 149597
39671 5 235711
134855 72 151566
59456 56 119973
21485 61 26222
90392 53 128736
139507 68 235948
76501 53 202244
175787 41 239390
24802 9 232009
4826 90 71938
114788 30 132093
52997 63 115253
72103 6 202918
44405 54 247950
171004 37 249467
121363 10 130113
60420 76 170591
92620 77 122656
35285 92 174974
147592 4 155934
189299 30 220093
52915 26 237922
120488 87 144811
45138 41 245532
11692 13 153908
15966 19 40499
8633 8 67762
14704 8 147267
16264 27 33662
15525 1 243759
90489 64 204387
192320 59 201643
10471 61 48704
28873 58 238163
131347 51 144800
20160 15 243634
168237 73 189131
56369 20 112342
18518 53 245886
79961 53 193494
123990 65 191333
27207 93 188673
84055 11 207883
147084 22 172554
95042 71 193213
114389 91 234444
22504 21 37189
89622 8 96171
181621 23 226443
71844 34 233737
83553 44 159369
114780 69 132583
61078 98 176239
120170 17 227955
134415 97 227267
170527 2 188684
51274 15 87768
101709 96 180892
1093 87 66490
24208 80 240678
86039 43 134174
1425 98 203998
105255 65 125966
124495 29 159163
150352 8 237325
19414 94 87310
23047 98 212137
212646 25 226667
23958 47 217666
12527 73 246836
113257 1 209763
55635 47 134042
172783 26 202821
169570 93 234428
9606 84 119936
48114 85 88944
34747 24 91254
233874 61 240455
116812 43 192233
59901 12 149969
160343 55 227980
147020 10 223660
166160 20 215819
32596 15 129252
214596 77 236223
30347 5 233867
35264 44 232861
111614 56 222783
251 37 70126
60731 59 221963
18656 21 193932
37605 12 38784
58626 80 142516
45275 25 101470
146490 35 238994
43825 49 158830
100718 4 169272
32767 49 173712
6473 30 247893
7243 58 21298
61406 85 171718
134007 6 175128
166357 69 182750
168132 63 235415
126119 62 229255
102437 39 186322
95302 72 188496
23725 97 243145
83847 95 188887
161909 29 212792
45503 51 170028
108710 60 110814
19279 41 188707
17637 79 239571
106924 59 108595
173096 24 190345
173992 65 228703
100932 85 123508
70025 31 221918
186561 60 187954
78709 46 153847
165095 72 186633
80117 53 203112
55233 24 88791
4310 54 148318
42144 58 205530
6464 30 89479
15281 12 46347
140876 47 146977
8127 42 247987
152771 90 164495
69425 38 140726
119617 35 177230
111619 83 207024
33425 14 122525
29991 46 156923
33463 29 231795
162998 3 205074
228365 46 238505
93877 24 133741
54954 87 243707
67655 81 168276
95499 53 126468
178427 67 220365
225579 97 240659
101428 37 153289
62479 77 159339
58408 9 178584
93622 48 117598
25333 7 147980
3319 55 217505
43096 67 73596
33291 56 54569
233477 9 244940
6935 96 133964
24220 88 49723
105592 80 145777
185459 96 214471
27582 41 94610
105102 78 199288
53288 98 62612
20331 90 198823
161646 9 177611
49249 7 247247
12395 53 200284
3366 58 72149
66757 35 156200
8100 65 88583
65100 39 181860
119389 11 224434
46411 31 51167
45575 55 163504
74484 100 212807
24102 76 89377
151614 72 208522
61901 4 202752
146362 63 152694
143054 32 235437
28533 70 122744
48350 71 239536
166876 53 219090
41051 42 112918
81239 24 237742
68237 18 196786
44182 18 111806
1419 50 36516
98800 27 170840
92569 79 188720
40252 19 86215
45367 64 87975
16048 30 35319
48486 38 127487
121895 2 220030
129688 24 159924
82753 43 218141
69734 42 110664
29904 42 136172
116026 87 131741
39606 93 74846
78689 83 204787
79570 18 229163
81018 27 92180
27978 23 155864
23837 94 134887
78916 48 167757
234701 9 246654
49048 63 82701
52592 78 109881
151629 48 212751
32425 52 223361
47787 70 59620
92395 63 177291
150388 41 247809
78094 20 175185
153741 33 182435
15379 80 184887
102741 18 214218
32283 31 82177
31313 7 203503
106306 14 130944
88769 31 111051
44251 23 202538
35873 11 174480
15313 99 190689
149925 22 194839
52132 6 53485
26358 78 175765
20189 47 33833
96136 75 161940
65376 40 148339
92113 61 142124
66871 21 91996
166779 86 189011
1966 5 181157
1066 31 73094
173373 97 240157
124550 38 135522
122783 86 174000
88010 55 100218
439 31 32242
43858 52 50045
100242 97 227942
93531 36 142706
80141 61 248900
65807 51 204633
58401 1 169962
58638 72 218872
6148 50 246531
78668 39 209712
224095 4 238104
29683 40 103051
26878 51 42586
69614 54 93033
82028 52 96396
47462 92 207944
176626 82 213532
55421 77 126479
174261 13 228155
36037 68 146998
156868 95 205884
116522 12 187202
25862 8 176494
211070 86 214300
63823 61 102331
122511 15 238785
178100 52 224590
50074 97 75309
176315 53 202215
54875 97 170294
62149 23 189152
76524 70 216537
124776 57 237512
53514 6 227578
45496 98 188928
47571 72 74403
186109 10 210949
2540 48 161732
85386 53 241697
179708 92 192683
63899 78 79324
70231 27 142960
26426 69 165739
18578 38 86456
113901 54 207452
27759 5 154285
70301 34 176083
55489 53 121824
67942 94 214717
189838 57 223012
47136 11 248848
45834 77 177455
13171 34 71627
139957 17 183586
4769 4 181287
31529 61 142867
189619 45 246395
7452 7 205069
42470 96 89440
98196 62 192571
192474 43 196560
98238 5 198325
5336 71 224440
139519 22 233370
47395 97 123720
128159 56 228207
34023 40 60899
102642 19 236995
110593 65 177796
109454 39 239426
25910 87 136205
169585 33 203369
76344 56 155719
21156 37 145458
209759 69 219681
49335 5 136741
4708 21 141539
201918 87 215962
62656 70 202223
8356 58 217017
81245 8 153299
24924 22 119454
27927 57 122415
144789 75 199450
34845 41 159344
999 24 77172
16122 52 175704
96345 1 115978
87568 67 182787
39263 90 219411
58612 20 244604
73715 94 92935
64228 59 141231
152684 91 205284
50388 1 219416
92967 85 245406
81462 76 225908
1189 15 224587
121327 38 135400
200886 58 225106
219326 48 245647
73822 40 244669
200844 59 223349
19242 44 201617
194961 19 214789
12435 18 150503
56712 18 242374
41173 95 42031
66228 25 243156
55676 27 203922
105126 71 199858
160630 80 191438
86909 52 160967
114568 29 244833
72493 69 119777
29911 52 151945
161513 10 218501
35986 43 185779
99498 50 123480
90591 24 246968
105920 92 193209
137799 38 208288
89986 25 93775
112696 49 182908
67366 36 95789
56343 37 124573
86630 5 118960
212060 57 249647
141977 39 200897
24808 25 106626
206140 55 249813
130191 30 186512
104377 56 249463
173412 72 188298
195939 48 218665
10278 88 225155
19579 5 243017
146604 35 188104
50601 81 226005
39027 46 114776
12944 86 37114
52905 57 150576
189670 57 215119
2333 81 138454
193250 44 199591
156881 28 243285
51324 23 220577
107968 17 135971
11662 11 77145
116315 67 121974
117681 57 134485
147282 11 177725
44264 17 97331
208956 34 238982
111825 80 186660
116691 78 139412
42548 100 82153
132665 70 184453
33239 73 157132
92057 23 126818
7639 71 27268
58385 78 236406
107548 17 196457
26886 11 246680
124944 83 226023
90932 29 151095
23673 73 171394
29464 24 30772
26653 27 38325
140907 39 172501
36966 16 173190
4578 75 156269
81883 32 187382
93051 50 172298
58640 36 130604
83532 68 142642
8828 9 213616
161724 18 196920
241474 29 245629
89987 36 248411
73532 41 134255
34660 89 99764
53858 46 245571
50466 15 91288
78591 61 170361
26444 38 90637
105457 1 163056
53584 55 232919
126565 22 192440
68389 4 144796
10646 16 63221
20339 47 119660
171645 57 232418
115041 11 189756
124998 31 135194
28984 84 44563
107748 77 113890
142438 71 196103
195995 66 225519
94857 85 241098
106327 96 117661
210315 13 234294
90920 95 145918
42449 44 206774
161124 78 197254
72004 8 162552
194873 29 200350
79339 8 182643
111372 72 211397
119053 12 180563
75284 44 189874
87619 46 193533
7078 58 216072
132687 18 207713
24027 12 194936
61190 15 64348
15297 7 75418
47751 29 112852
16892 64 228505
3626 29 57762
7474 89 92352
166948 5 206321
116608 96 241641
31767 51 51841
236556 87 242996
241366 36 245125
137196 79 159731
115296 63 181728
61141 61 157229
79186 75 164124
73191 47 156034
200515 5 233068
10479 92 204853
73454 65 158384
153740 49 218840
163353 53 203224
27427 43 110825
3707 73 59956
30532 17 95702
71932 13 153472
187064 16 207475
35266 28 135339
161197 51 247561
172657 59 191574
26709 8 44086
191093 56 214109
41384 98 122471
204355 21 235838
96865 56 206567
116032 25 146540
122501 42 151595
34649 31 92105
219924 5 246591
145141 46 185673
14598 41 144205
114865 88 146222
10762 82 114500
168211 71 201237
166372 88 193162
99281 80 144377
61263 9 70582
69294 93 141772
35451 21 116131
161955 34 170106
91452 39 229724
6217 28 214069
78563 92 171233
68109 11 97234
11402 84 191441
97681 98 187359
139485 81 232601
93905 73 185602
159811 48 246747
148618 26 171214
46445 75 142664
191283 95 235894
29126 55 162660
119043 68 241716
8524 7 125554
116358 27 121011
136102 100 242197
185244 99 225971
16839 23 246455
9853 70 154150
26647 88 99077
99300 55 227169
24829 56 64353
72357 66 167632
187257 21 202152
59710 2 217687
45770 31 118264
37101 100 236510
24710 63 97026
5794 26 136342
84523 8 185688
17650 47 56617
34198 25 117230
17609 26 25335
11026 61 165561
2821 63 124059
168687 1 186452
15618 58 180941
118931 97 144734
54014 76 192264
96557 3 122831
46408 56 66158
36854 17 160482
54139 42 156184
221846 41 236138
119226 24 249633
91423 85 223231
23316 29 170889
32290 72 101312
98967 19 185670
32139 37 157607
125445 42 132569
30041 54 87636
87112 55 182981
98723 28 131864
41476 92 212288
155286 95 232035
150261 38 247558
209154 57 235982
186351 9 198258
213788 9 237890
167963 68 201086
41413 2 126831
44092 64 177360
121945 83 133734
98006 72 148874
79554 36 155706
27256 25 64242
136438 84 204490
75920 31 125733
104936 8 212268
103687 57 145971
21189 42 49206
15165 89 64799
169139 1 213693
148489 7 188792
29365 28 78719
58856 93 206631
9426 52 186507
78290 74 217566
60958 19 158233
13628 58 15167
17564 43 63551
30985 68 225293
27603 21 226443
129226 16 217851
18985 18 244732
32965 36 53950
98525 12 242080
157906 78 226185
15587 90 95074
189285 47 215528
63367 20 117119
75498 4 149513
36162 9 136608
99351 68 132480
26860 54 245129
132648 99 225440
51380 26 93776
10372 70 143378
48114 16 135442
13419 81 160517
180874 17 198043
175307 15 223608
126410 56 236270
48583 32 189106
129307 84 204650
80723 45 103980
27764 43 32268
37693 18 245139
47410 77 219363
53614 94 159465
110449 80 130272
153471 28 173608
114829 54 239238
29492 19 171019
22839 83 137826
36593 19 192142
79631 12 224151
193005 9 196170
152119 16 216949
98021 16 121875
160808 82 211418
38918 78 178501
137658 14 151800
4931 79 116412
51413 91 62603
870 52 16420
140101 71 247359
227576 14 235370
30862 10 248572
126176 74 139361
87774 30 140803
88759 53 91844
75184 36 124561
50040 38 99522
17500 84 188240
109441 17 164250
175812 34 188732
17327 95 143643
104545 90 111012
105260 96 188277
111510 31 226208
156664 58 192035
130712 98 233222
188784 9 246578
156820 24 210490
48314 18 89547
124196 11 242075
48181 70 228170
150079 63 195450
148645 85 191237
55331 69 96080
138733 5 212392
17990 1 42305
50848 12 61943
33056 18 130885
117250 11 235986
150952 75 176045
71120 50 238836
19539 50 119765
76031 77 107103
96470 91 146548
5992 63 206644
9066 81 172357
32588 62 68931
23573 60 154276
37889 91 79085
5574 99 196255
28771 8 58283
22810 69 151381
101762 31 128914
59891 67 73022
20657 36 89832
15593 26 88815
58541 13 109516
84947 96 105263
5550 35 150207
67760 87 83269
182978 48 229913
78533 3 91327
148138 71 248116
39650 56 246558
166080 61 230775
28046 51 85745
66828 94 87016
90148 51 146473
3849 90 146346
5685 75 21621
59571 13 232193
28484 13 119089
43307 39 142836
109443 89 165397
64487 20 189304
97556 61 119461
104366 85 117934
91345 56 111810
21536 50 159205
205622 9 245415
147461 30 185803
38535 49 213992
11783 32 80876
94976 29 120040
107249 95 198977
63608 46 136076
28390 95 167734
71534 52 213433
125608 88 188407
6615 66 84856
131880 13 137708
27442 84 85824
7720 82 50062
120131 88 171724
9614 8 245940
83671 92 144073
60651 99 227114
63522 53 150546
53273 50 55563
42675 71 229924
89143 10 160307
107256 83 140751
100293 37 172610
26935 85 190357
132151 60 174751
127030 5 160836
15367 9 87941
21944 73 105346
64673 31 225834
61895 62 74273
156506 24 231964
9073 5 218265
139525 1 243297
71304 21 127989
170170 89 242755
138462 49 179815
54820 97 156181
131034 43 239270
86552 69 194802
24884 24 220376
171313 23 202292
11294 23 164289
75050 36 218647
181402 49 184278
11038 33 225273
49177 87 178137
182177 1 207132
1899 70 186755
22210 10 64755
217896 6 219007
196420 17 217580
122322 51 199998
66125 73 212258
4685 56 31709
173009 14 184032
64590 21 198665
51254 68 66176
28402 18 218639
76044 40 165728
22569 90 214043
53258 54 242168
1205 44 179055
112276 65 138395
134463 76 236953
97548 3 147619
93358 35 124090
40700 37 226922
125155 62 232620
2685 16 45847
116458 43 215532
76435 59 243063
44532 53 45990
54100 29 240791
99708 38 223983
40025 53 80203
230216 39 239172
17583 81 35588
107302 32 124755
134877 7 177678
214988 56 242854
49794 29 127885
77854 79 229682
169040 70 235075
69508 95 113610
65522 34 74493
68339 49 158404
46408 92 68875
96360 29 153526
62311 97 94881
895 52 170544
133165 65 248537
6174 45 75236
33386 97 237704
35402 45 156320
105088 69 177891
59129 99 89640
104166 33 104204
125755 26 200652
128613 7 233070
8710 65 93164
104056 60 199911
17737 21 95605
171536 52 225901
123044 87 204775
3538 29 145490
195638 60 197627
106345 6 134004
3387 67 204273
175613 74 219404
33573 1 235372
92683 48 209769
97614 12 108163
111765 16 139028
100618 43 245515
128613 21 169813
142987 83 174041
43593 23 152234
98969 31 166228
36505 33 232008
157541 47 223724
94808 29 130342
33278 41 64812
198681 14 202999
201422 32 234085
19184 18 114724
66077 1 191184
85033 11 233681
73929 92 87414
56109 76 182346
64734 41 138276
17320 87 185943
22499 27 74891
75896 92 80413
218047 94 228623
36240 31 44610
231244 90 238278
84190 91 195246
132350 61 238845
106174 98 138083
54497 56 212187
80792 59 88974
30742 2 178801
4475 92 32738
21415 84 68119
124106 84 190358
113931 4 144116
31894 78 73181
71371 44 105455
34718 67 131519
147773 26 211304
23483 61 90713
16137 2 204707
43795 76 69930
80493 54 176747
117625 23 152052
81078 5 176442
81957 29 111451
154922 73 159349
19303 68 241532
52148 81 147417
74387 26 168009
134548 27 201616
6426 16 44434
115667 60 176223
19080 52 64281
189685 63 204556
119999 26 244993
5116 85 119199
33044 30 234818
47898 18 84657
154339 40 166891
7568 60 210766
5918 23 25371
68707 22 141679
22354 58 82821
205700 48 240543
45266 34 205776
60793 47 118340
28427 3 72694
180695 39 192588
161430 98 244087
64358 22 231177
57077 87 142657
40956 32 133347
108729 19 218547
127897 19 178054
144852 34 204423
135543 6 177725
134857 27 200377
113125 49 119773
198256 60 208908
92570 80 175632
27999 87 170415
48274 78 124662
387 61 63543
99394 74 177421
223558 27 234032
102062 50 130616
49446 52 115373
155719 6 226042
74608 87 249398
24903 67 90236
105805 84 144798
1214 66 94006
23062 72 129552
171149 44 191197
102548 46 215044
45779 32 184931
42929 38 84706
25224 8 122342
58624 33 175511
11492 39 108222
72716 37 191030
176727 1 187260
114296 56 197635
68197 2 206023
115910 87 235071
12762 76 244364
90264 55 239452
150980 44 215186
33718 98 179986
9062 93 115913
159394 100 189512
7194 71 147530
121905 55 205427
152690 43 188616
159741 11 188777
100595 50 166538
127501 35 225630
130794 99 238348
71904 72 208119
216354 45 232152
65797 5 91118
112920 30 217120
66145 63 91128
141794 12 178303
92609 64 198678
71167 85 167979
81315 69 214433
19905 26 102965
90303 32 194973
80409 54 236042
234928 2 235168
121473 70 236201
13499 5 166015
103699 56 185322
50595 41 171422
88424 94 92667
4791 7 63907
138815 5 140791
168174 61 171146
45802 48 94715
26739 13 189040
42966 91 92958
48115 2 132326
100969 34 119914
165721 20 223981
136841 49 229647
15145 12 218104
84018 2 107790
97864 59 241920
33667 71 53416
86467 34 244754
215294 26 248445
14448 14 195260
42826 90 49831
118920 73 229708
117047 99 217751
18497 36 217605
88912 3 123271
1311 64 175715
168364 27 180700
182453 34 247736
88393 96 95258
78282 9 153529
38824 28 112987
35605 49 60563
630 43 176124
6099 14 94596
116442 58 198671
76980 31 109773
16994 80 60683
22849 15 92568
130370 15 131000
89886 97 125081
53918 5 88410
18442 5 132386
29577 56 54833
68098 85 178773
73133 11 109331
78877 78 169745
31880 42 156574
222887 73 225032
138886 75 232691
2994 54 174558
145876 83 207209
115328 53 188782
137443 30 174022
5012 95 68163
212258 83 244648
30336 6 141789
27420 41 177368
37378 23 246527
42491 68 232702
83393 51 202314
120543 89 154136
86949 83 115391
67853 72 128489
62261 44 71307
55039 20 101987
128616 29 199873
63774 28 131684
37004 18 218599
58402 98 152418
125864 21 132815
121482 82 242400
67228 49 235983
127610 5 153015
103091 81 204581
34140 4 210688
201290 60 238382
19711 98 122677
80731 73 113733
49228 74 71654
4590 55 189270
16213 39 71746
36682 63 67581
131786 15 239992
142793 52 210169
155912 68 191334
7315 81 64895
42771 78 162056
52076 36 107703
12734 41 235108
115770 66 133590
16278 17 179503
14310 25 15712
16816 11 71213
142927 44 167547
55483 10 167430
2646 38 21313
47085 54 65422
39951 80 188829
24919 100 186083
168750 96 181859
112471 64 169528
73128 3 91916
186139 89 238351
154087 16 234208
26808 88 150728
40602 23 66585
75134 40 143176
135914 87 206841
129857 37 198489
15964 18 16534
119466 22 230829
52179 33 173462
33363 35 202946
74881 97 169141
80092 88 122165
39606 29 129037
126979 61 170357
1025 16 20254
90917 15 233285
145958 97 182866
1347 58 64587
95153 81 141450
58060 82 202640
59 30 69730
11459 33 144277
52670 37 209227
36913 46 182084
98739 22 127688
104736 86 184340
11229 17 46529
109067 52 236834
24587 18 240782
139532 80 214873
34952 79 158426
135746 96 192431
22798 23 153948
1743 29 26994
128341 52 235628
51165 84 65471
30458 34 208263
120211 91 190400
73936 11 156181
215123 63 243874
135943 11 208057
4359 83 42686
193187 39 229229
24815 85 54083
50136 32 116656
69227 74 239086
97678 92 103941
165113 14 180784
23952 59 198537
126152 56 157267
73263 6 130368
69010 29 172233
184187 65 237943
8837 53 128265
149577 85 220332
49349 40 54004
9604 97 72176
19348 61 72471
116311 86 234046
19655 43 177925
137494 15 210458
160096 8 234685
57321 15 211380
112691 53 166075
90270 70 106168
33598 71 217212
168568 37 246002
41657 56 44525
90208 1 248004
9090 28 167785
9946 12 186379
32170 32 241621
187097 1 214577
134531 11 186976
172103 27 211366
67529 57 92637
186024 43 224239
207683 15 216105
15705 93 131471
105965 17 209340
41561 53 153104
107816 98 207769
124171 73 185736
81048 49 225330
85393 77 225711
82013 77 169946
4029 90 134018
27735 3 183444
202053 90 225133
40800 98 173392
39274 62 218191
113377 29 210458
93866 78 145506
70353 42 191457
24210 51 200334
123761 66 191075
30499 27 30891
202570 84 218220
1444 85 75159
55190 89 224825
52955 60 195354
80672 10 133362
142769 43 219009
51556 16 115419
25876 20 135644
137315 59 207147
16574 13 154156
103584 55 229690
106470 7 129256
130322 39 184061
215568 25 238447
176049 57 178767
2842 37 10409
131644 73 219680
112952 86 139120
81386 1 182931
48113 93 224550
11356 21 158690
606 27 170870
149440 10 220277
75424 34 185899
48417 77 222321
153614 49 223405
160562 73 243986
54791 35 100493
114889 95 155109
126997 89 195246
116195 84 164207
75149 51 122526
1424 79 145346
99193 25 152110
18089 97 96088
14268 91 220329
96802 37 116394
185352 11 238987
159157 22 201371
90017 37 113053
33930 36 51185
188543 80 190699
152900 16 212246
183469 53 230360
22727 88 114157
98138 30 213299
7546 10 76897
71685 87 102447
14310 66 156560
181647 4 237112
88526 74 140151
196420 53 218392
18055 77 92529
18293 32 185602
163806 27 245398
102374 30 167546
99331 75 117768
96736 30 138612
196262 82 210677
43666 59 235538
212670 72 223271
13308 90 116056
112770 65 162948
173079 32 210399
22805 42 212139
22283 69 79535
23994 76 118987
15778 20 226340
19248 67 177641
137889 4 225446
16477 38 227004
99445 59 137422
2832 42 57593
90339 72 225255
56277 65 205728
42438 76 112552
111814 11 203359
163552 2 244199
188919 23 208699
138420 89 154939
22034 56 126803
11154 6 58124
113317 17 243998
179109 88 207263
213078 38 220334
21543 64 166994
24489 91 174743
118747 77 202629
11850 75 185637
140101 5 146534
38366 51 206498
69515 54 227200
162576 12 221516
197260 24 242234
90617 25 112584
33692 39 190791
157975 22 222182
243493 91 245873
70803 74 75359
138564 65 213507
69793 66 144518
114427 45 231148
36540 1 229193
77832 93 121909
66656 94 227398
38692 30 98319
201297 22 219409
41310 17 104999
61 1 90540
72619 79 219794
58839 53 115587
77397 81 240976
14624 68 166689
63034 40 96105
118238 23 249024
202451 12 244835
24132 28 169512
96009 46 190460
27692 41 67449
9366 78 52717
65398 53 73346
62843 87 94435
94114 5 103957
47443 58 194946
72887 49 219584
127401 32 175223
47965 99 152434
106420 48 135650
180210 91 238803
103497 44 150647
142584 45 222894
67126 12 205174
169864 11 186387
67467 37 163409
196213 74 235720
69272 10 200756
147547 71 164140
42587 19 229205
217962 14 220189
10336 60 43072
56777 52 62782
129838 8 210588
80182 72 122793
20027 90 147059
86091 58 187542
41435 15 159584
100875 3 219211
34943 20 170308
161467 64 212024
14184 72 92111
54458 13 145589
122920 7 140339
64273 75 173340
61062 34 81245
11881 94 47080
33701 60 45337
64805 3 200853
90261 7 139212
64534 99 224174
139353 66 207502
71003 33 226200
220081 99 240091
101191 46 110208
174519 8 207437
24707 62 241873
61421 65 66357
40449 82 102975
5375 79 32003
120762 39 162834
63947 32 225798
145036 23 187468
91364 55 200921
3294 17 94807
54535 77 140086
54758 12 170201
62181 22 230234
95691 42 200864
12116 67 144776
86194 16 169465
116206 80 156210
164852 18 165925
94214 34 201279
68765 20 187643
32349 20 188878
79143 21 196982
108975 25 238369
43218 76 166374
152207 100 239892
67570 42 169096
127520 96 235432
209456 31 218106
108295 8 221276
30821 9 59745
106823 34 177743
10730 1 75198
229053 71 237100
21927 100 59707
25554 43 216316
396 55 17571
139718 85 215449
80328 85 184924
136821 1 168573
150591 22 163148
38580 93 113497
18280 10 83508
6876 34 15160
53962 52 159340
22753 23 249134
43187 25 237927
10428 34 129517
34992 34 59679
96500 85 192250
25559 31 160554
23627 23 201776
64598 52 228903
148473 58 165518
157690 60 225510
114213 79 154842
90323 28 212287
150054 67 165478
44718 10 115476
18383 81 73706
84768 18 234764
30013 37 249769
900 22 71365
98473 65 242528
122449 91 144319
182320 82 185407
49189 87 130102
88539 48 89770
48746 13 66945
40965 83 105310
113838 5 166380
144646 61 193809
164226 81 233357
22395 62 40072
9187 45 89732
165368 19 244955
158680 8 246763
31094 91 117401
46930 59 245926
141520 80 226816
92352 15 155999
122700 93 200033
10369 85 238291
105414 2 199037
63921 34 245597
120042 16 202934
83385 75 123818
53777 76 73445
71900 54 213225
87767 44 149273
102052 92 185263
219379 35 224116
42524 44 237941
128302 4 241936
166494 35 203165
59873 11 202502
38997 65 88186
65195 85 136532
47174 74 222714
23327 18 215449
169473 44 220327
169522 83 247674
48958 63 57393
21496 28 34953
117680 93 185859
24498 43 210796
72275 16 84395
21901 38 143616
143955 20 173325
11020 10 169083
33993 25 99461
705 18 101699
62745 63 117426
16397 57 165598
39022 9 212383
78421 59 203103
23959 100 93052
70304 43 197066
145667 52 147340
65426 75 223138
26895 52 241023
207517 49 217916
25882 68 29518
44442 39 136516
9732 22 27121
15287 18 115784
109660 57 238267
135789 8 151007
27964 56 34943
5709 34 60081
141816 57 146425
70185 13 166784
114086 44 148179
64800 78 150492
108710 61 127927
50110 54 77486
32940 36 237868
4695 9 91168
43654 42 48958
113653 61 169651
92677 95 103868
81133 2 205919
74241 27 132651
13761 77 86281
7366 3 115696
72836 53 155105
47698 86 140118
118992 59 239735
40282 46 182079
161145 3 183450
32318 11 190918
123344 85 232198
121721 29 227108
109264 23 229039
120738 19 143132
102656 82 103939
