5000
69448 67 151064
20549 97 67021
23837 85 212946
108870 98 200983
37100 80 186424
108258 95 222142
168321 73 186691
139696 32 176190
122964 96 171255
45145 2 135353
166797 81 191281
192225 43 214526
72411 23 112673
118244 85 220520
19965 1 130101
118612 82 155860
67721 68 238191
51545 55 52206
39355 66 142118
111436 97 241286
81357 78 98097
70398 66 172540
188328 7 237591
24558 11 103725
110543 53 147445
24076 40 224219
27321 84 161849
19766 81 215339
9819 77 43740
151983 17 183924
74667 100 235567
147198 94 192239
51110 52 68387
167101 68 221082
65751 51 154591
6229 26 14027
121135 39 187758
33449 52 108668
78630 37 199569
19462 59 169549
55993 24 141538
103175 56 210948
80353 61 89412
205277 24 218766
167986 46 247013
21192 89 196912
14708 35 180446
45108 67 131702
101542 29 137728
24089 49 96913
35579 14 142932
174199 50 242352
55783 19 198850
8001 20 39911
5432 36 92086
153464 80 206290
49728 32 225164
46231 67 119955
51583 81 244313
32120 15 50270
13452 76 205769
12932 34 29345
28896 22 242911
120817 68 181673
29145 74 249543
36563 81 117232
47494 17 208357
23767 50 97902
56783 48 84024
12333 50 48120
11109 72 118220
11729 8 244602
49855 89 216359
34720 70 85346
25302 6 210685
48833 56 184169
2218 8 191003
197128 98 224141
34197 21 247912
15234 2 155135
100817 46 116610
113724 23 209796
13171 72 207999
210559 63 227258
207072 72 241112
24770 95 87001
102868 6 176371
113855 34 246942
67892 43 91380
117437 79 126168
178278 63 244341
6974 43 166753
127124 32 209602
55946 96 137490
200951 8 213874
192525 89 205839
35339 66 156125
38485 29 52609
122939 46 175623
60435 83 125490
199659 55 229026
230678 84 237154
174016 46 224047
31505 38 49935
207355 96 225550
1622 36 33121
186949 11 193623
32871 48 170703
19285 43 164034
31144 76 237740
67586 68 221911
119293 27 128023
20660 63 152828
5962 54 107824
137076 82 139664
48407 54 53564
121443 18 215690
98910 91 225079
194999 94 247155
93743 64 166568
52472 8 188609
196418 77 246401
101507 87 138243
75447 14 232388
120738 11 136314
120438 5 240152
139666 80 194579
68058 36 106953
35333 98 116875
68874 35 242583
95375 70 133076
21142 10 147710
40626 17 214863
166128 21 189924
37617 86 143714
41531 62 57719
29891 78 53980
94872 99 243047
100350 60 180740
197480 83 247733
31599 55 120935
42996 76 139669
37020 22 139258
36374 49 208748
83541 49 224673
2220 2 127259
82015 34 104432
36362 77 143374
151765 90 239405
184951 18 191817
80549 16 134875
13458 43 72766
133724 80 150177
49231 92 69435
39237 34 86703
59896 77 159097
36375 43 77275
136319 28 204093
18514 76 60617
78366 92 151652
147080 71 208305
20186 96 44514
191886 27 232602
17879 71 185919
102154 61 179264
120213 47 147756
143780 2 190827
58786 83 82042
52798 81 226316
183909 8 220570
67464 11 85278
37160 4 138811
19008 81 94507
64708 79 248250
10627 47 174031
18156 49 109643
36332 36 86597
131963 44 134461
141384 39 239936
51097 89 230283
113076 100 207845
75740 40 116909
5294 6 182732
40659 58 80638
134685 28 154423
150357 19 223825
151103 17 174836
20117 29 78642
54884 31 151084
19194 87 186050
65618 47 137907
51466 72 87092
166227 91 225554
15200 7 26040
133165 39 185988
31947 49 128971
52064 56 91221
23349 69 229340
70379 56 165673
48350 85 182910
141940 22 161417
71439 28 185448
56023 64 161622
177402 70 249269
120536 99 126527
154640 65 200701
17517 8 39246
25164 48 89606
187609 43 230345
126464 27 198955
3654 89 48281
67258 41 128366
212003 69 235053
26038 1 160331
11642 74 18413
33177 11 241207
135525 46 210565
160281 71 170197
24457 62 32129
85948 59 142752
97336 17 247440
232551 66 238233
8021 55 183479
58577 51 195425
52872 25 196561
48686 89 152146
12769 43 166183
34522 34 125518
15838 53 37743
2007 99 187196
36858 52 142093
70978 61 187015
103381 16 196694
209809 58 217076
31435 24 210415
143832 74 155321
142042 65 170522
43751 26 108350
13113 15 45878
100840 21 110876
55091 75 224733
186503 43 203686
33568 2 211368
108659 73 129589
119058 20 138365
64588 30 71409
18104 10 42951
174879 65 181688
68994 15 162919
27927 7 193365
70190 17 120796
37548 3 99647
85773 70 172599
14141 40 63585
54122 41 185919
78795 57 234445
128525 21 228114
35749 25 81845
177122 79 196794
57598 61 132116
23561 61 78274
154739 39 172522
91093 93 140655
75206 96 82399
58794 55 223764
103485 91 225413
25227 16 69357
59036 87 91199
30494 63 95917
63661 81 205606
5698 63 244047
36258 72 201885
30278 92 162268
43346 1 244805
235999 34 237817
17445 21 127202
182796 81 201715
135698 41 162582
55240 64 80217
117956 1 200408
30110 31 84205
62853 10 230486
64255 15 157351
144511 5 148966
62655 55 84425
134777 40 165015
209247 4 230675
123349 37 185700
73979 32 185519
35154 88 239121
163429 71 206823
105863 21 169548
40164 47 165293
11702 17 61444
111119 73 212744
4327 3 16156
97290 75 198888
7667 5 153597
673 37 60065
118364 22 229168
71263 31 152761
18982 67 69889
125007 77 178023
133526 7 166054
10254 36 13037
36377 59 203261
41098 20 69104
22382 53 194380
123476 83 129876
25827 66 207144
110060 18 160863
234868 100 247535
64775 3 196383
189237 86 237746
23877 75 57271
119378 2 218805
16416 5 140425
112018 12 203186
111804 56 227465
26474 56 53720
157926 99 212958
143524 84 162801
52159 34 153025
116708 89 219849
30285 35 50225
103933 3 231247
3384 78 150292
7978 36 27772
105538 40 134127
44609 44 97978
4565 59 155998
134123 73 242292
33966 49 52821
30128 13 175558
179389 88 202903
162793 83 180164
96345 75 131290
80116 83 201544
106207 34 157614
95012 89 113806
160300 69 232930
49398 85 51309
124695 46 228614
691 53 153187
3041 3 3574
40247 74 115423
144412 2 163301
17367 81 217451
42568 4 70695
123174 32 174015
115927 20 220211
48651 36 139535
18552 84 206486
100853 48 236589
195785 86 209768
21181 21 37257
52922 11 183630
235849 75 246871
29633 33 217358
116675 50 218097
73168 44 240171
18272 5 179108
4249 17 129222
13427 61 53113
46732 46 208539
23516 9 212141
124087 96 182617
126060 40 203541
192188 62 230028
128276 71 236565
186583 99 228639
105958 59 126572
140178 96 153460
34854 18 123167
8974 85 238252
68503 5 71276
205255 24 213160
17367 53 149270
89310 73 194145
76592 59 96797
165515 69 169523
52922 50 207759
49550 36 112052
47181 50 159314
37680 19 181507
145998 33 216848
157921 96 191951
5689 10 129487
39967 38 73565
34537 64 114705
38528 80 134295
142806 10 210471
39590 81 145162
22071 65 124198
185555 84 231168
21020 41 215454
78723 15 247277
86839 26 228814
175998 51 229769
163155 44 188966
27951 91 134196
106637 53 191615
50952 100 124440
67147 5 159747
131075 91 212468
69088 95 224748
55647 4 101475
45833 25 67058
106036 3 110781
70744 6 243737
191829 12 229843
88640 36 138674
137172 52 217016
43539 54 213886
130084 84 173992
133687 26 178951
35331 67 73507
126322 24 126992
49547 70 158427
131235 55 183482
225616 56 235025
43814 33 166910
70413 62 171543
188716 34 192639
107191 11 195379
12474 78 38082
87450 41 199790
136772 66 220462
151958 29 160312
123137 36 185676
112247 37 201196
88803 57 242228
12051 79 125384
76626 57 200077
83145 50 141008
46175 73 90253
6977 90 120139
75833 6 243342
39354 10 97924
22678 14 92358
23559 31 129881
15864 87 50932
99225 49 214583
225076 78 238002
54870 81 137806
19404 28 43007
38360 25 182185
79586 42 246565
25080 17 111594
1833 67 141302
111335 81 185876
107353 10 192263
71339 41 204149
45221 31 212868
55002 73 236925
84245 46 143635
162600 43 230892
181256 63 215384
178731 73 212286
108251 54 143122
83115 57 88728
26950 30 222326
92814 19 104453
120354 84 222054
86285 3 149395
50859 12 232247
9616 16 24838
135057 93 236435
32389 34 99739
47862 6 52418
122758 98 142966
18996 17 185709
183573 67 201869
9886 18 76708
147372 13 246971
132636 56 179958
55558 52 139930
169256 21 228952
122745 41 144611
8831 54 72506
155622 100 208693
47582 29 194285
119912 8 165003
18080 9 132130
92794 18 200840
176658 3 220597
21325 58 76776
93107 44 204842
125515 55 185563
24688 4 239753
22236 44 231325
137265 4 224700
28648 88 105899
129241 15 226649
23239 38 116195
16180 53 20488
112503 18 204084
16820 12 134371
63515 14 68143
30629 17 129518
172878 89 248106
57688 91 204235
134069 56 145817
25409 54 88353
36450 39 83449
64947 79 196193
177508 12 222706
57836 38 103536
50967 32 87437
15514 57 105828
52999 43 152281
151560 67 232784
4178 35 128903
114782 45 116534
17420 54 165046
101123 54 140896
80194 20 198525
7440 28 25380
102251 68 110486
8793 71 78092
3002 52 97560
172772 18 245866
233498 59 248270
88919 35 164026
100639 14 152486
6670 78 176997
32162 27 242736
115381 48 220412
154979 32 232579
57429 72 245308
3812 40 147202
199593 15 207441
56762 11 167018
175583 58 176555
65999 81 73133
107386 30 173935
111263 77 221192
186950 99 192942
128908 14 191614
64208 52 234266
99274 88 143468
51365 91 52292
29350 93 217524
44321 24 179815
48335 8 233913
200798 57 210261
39232 31 190816
138680 76 168376
14600 58 30746
53405 27 122548
42734 29 46869
106655 76 151675
8462 17 129560
63870 53 169553
80470 59 126375
110731 9 200320
124318 21 142687
86696 54 196588
134267 57 182205
196611 31 207425
123945 99 241978
41518 92 120154
102236 88 209435
145318 49 225893
12679 20 93835
195699 23 245244
33 59 23211
167902 19 173069
50480 23 93709
63798 63 244310
113971 51 134671
110500 95 112028
43808 57 203866
161672 44 173385
88928 99 90105
38714 15 222965
91580 34 135767
64406 6 92739
82922 45 91490
62607 82 96203
69934 61 229861
111989 36 146343
146835 93 228628
175848 78 189264
29889 95 184427
13806 1 198698
35549 14 91370
69271 89 107659
962 69 44625
20212 82 215903
66454 69 68665
13975 29 80905
51412 9 80136
132840 70 161538
7134 86 9629
55327 84 227149
79829 16 199572
233434 44 245654
144325 6 227542
65273 46 65488
146631 34 207076
145927 77 203632
86876 37 115194
63219 76 73025
10782 10 34935
50386 22 150359
213080 60 243341
14261 61 105272
2381 43 47618
57591 44 75174
32750 21 225587
60326 3 200801
73367 70 230369
157408 62 161031
82941 67 136080
112088 88 177590
58998 46 117666
4875 66 249605
66346 32 169225
198878 4 245397
8205 96 93960
151265 64 164131
135568 55 163072
42918 33 187292
128054 67 140711
171486 2 193833
89393 85 128504
97187 29 198916
46723 97 67300
36637 17 45434
3100 87 191465
116696 40 178947
194974 96 196427
18193 72 186201
101106 41 181082
124355 28 200165
56071 97 198008
184318 42 247483
45722 64 181079
43212 91 169958
159332 95 228681
17654 83 80251
10523 73 182182
202049 26 232852
62327 88 124806
58030 71 204228
30934 32 207073
89913 63 208809
80549 34 162616
33364 23 72337
221695 5 225928
93348 47 97597
93419 69 213636
147181 19 204830
203170 87 213566
7902 40 157672
126635 4 247474
236971 76 240864
152715 69 229018
65976 95 134057
35027 35 211962
51499 15 110193
199843 70 211852
100983 19 211231
160432 85 227800
96455 56 234692
49288 4 65730
76595 70 186409
31935 30 177599
40689 75 94206
151971 58 194746
124976 31 131066
127128 95 238253
2836 89 202599
84969 69 131947
16234 12 42391
111832 42 138218
102651 11 231192
34502 22 213786
6386 49 243610
158538 36 193516
81010 69 139595
146023 96 151659
139932 20 209772
45533 50 96064
57532 57 163088
171966 1 228164
36834 54 97294
55448 73 98047
75089 44 109474
38082 55 181405
79965 25 240060
22490 65 248158
50985 54 109068
59618 30 100962
2844 95 197748
84794 3 87712
133005 5 146585
16878 30 87869
103900 74 177407
178757 44 181121
155457 68 230465
2976 9 238096
39056 85 84993
123805 37 206627
49335 83 219349
77158 98 158795
136659 29 229232
38595 86 240555
333 15 96934
154650 12 177552
24649 9 169667
19770 92 166961
24890 24 54813
46936 1 237231
61588 31 243062
40139 62 133166
107737 22 198020
120204 15 207562
16122 11 248736
21894 46 45901
89810 7 215707
36480 75 245203
12730 81 134466
135627 30 200101
33089 36 154142
46381 32 75583
12560 24 203183
10106 68 20532
85982 92 241587
51865 34 159117
192538 10 229572
176602 42 178518
23627 5 103085
485 38 124971
58731 11 243846
101653 28 180700
2203 75 53026
49329 14 98750
93148 67 104270
81220 94 111085
75332 39 199966
101348 49 174480
159260 17 239379
72393 54 245641
130412 80 171896
38340 100 171679
30133 44 35887
152155 4 246377
35681 63 67243
58486 37 141297
1235 74 192477
112493 9 188947
45077 3 133315
88403 73 139905
107147 32 189362
24417 20 169702
2344 90 236622
123346 42 174866
175328 65 212792
44002 94 115484
203417 24 229720
5352 22 196656
144560 47 225049
154752 97 160749
225905 40 232638
64632 61 133262
56724 94 72144
104034 47 238191
99653 54 129760
214138 6 233812
3291 37 157400
645 92 104927
213309 17 230629
5603 31 86071
135628 27 195923
89498 91 224910
141007 84 223876
82624 76 177177
107657 52 179771
155630 5 185584
57769 75 204941
95753 19 124430
115540 50 225926
95535 97 101071
34462 18 190796
3817 90 57891
113433 5 114718
106652 35 129109
140552 97 173435
161738 60 230663
101972 37 229636
139641 5 234796
71917 18 110230
68413 16 79090
75783 69 166014
7776 43 59893
43962 40 113531
34892 48 153670
50459 36 179774
43565 14 203383
108711 31 108999
89940 6 95656
110459 73 234137
207749 23 237107
8627 33 246045
198054 50 198705
105576 57 142885
27450 34 241015
129500 87 237363
158610 40 184380
67470 40 179875
106532 15 170738
222178 73 238398
12155 26 194553
110198 22 240846
10837 7 203064
62182 11 64816
15111 53 109463
60839 84 228452
40275 57 139366
11610 84 219201
24310 55 209853
143919 95 240755
104446 5 192539
126108 97 126351
18130 48 111746
141238 10 165158
81663 34 220002
130219 41 230233
80652 66 231279
96988 53 106915
175332 64 239892
231621 22 240868
10123 36 188865
35641 62 132441
116941 53 166952
35270 51 238958
3519 2 126247
88206 6 110841
180455 60 180892
105710 22 246659
56382 19 68196
68885 3 233400
105775 80 199921
126787 50 127189
25732 3 36792
98951 12 242642
54638 32 162157
16133 37 102295
92732 46 232962
93291 52 187325
165827 59 166461
178232 32 206563
205962 13 248778
5050 57 41956
302 98 185964
99516 26 124969
119321 41 186026
155488 81 174130
181037 89 224641
16539 32 58833
196625 45 236348
64763 49 188530
43994 23 67633
87469 7 176761
49836 73 141051
183343 65 206101
137590 46 209490
24981 20 46131
7979 100 37376
135863 43 201622
89656 63 186991
121499 53 180948
153213 65 246695
64208 61 143091
207715 49 233569
29401 80 157321
98104 33 160504
10386 9 83489
163654 70 176088
7472 31 51171
86505 78 199914
15893 51 181806
229081 19 233074
148162 87 176227
12213 61 197985
48420 3 100781
27899 75 177842
144596 7 231046
17562 51 211933
78632 98 215841
4205 54 218159
100796 47 196585
106788 2 249416
133764 20 158490
192750 4 196172
180689 82 236841
12016 31 196016
130211 94 161314
93084 82 247644
64523 48 138029
84996 2 174257
116611 53 243024
44449 98 222146
54126 100 97590
21844 77 45987
58561 4 228612
134837 16 241949
76267 55 207262
121351 66 241541
49905 20 204760
189809 68 230165
178102 30 224426
55166 71 219259
22363 88 164966
2157 24 30154
96062 85 198586
120321 30 181132
69682 92 102670
202802 11 240825
139685 32 187018
70444 33 94806
173567 20 197909
75928 2 211234
40526 24 230347
81717 53 139800
186859 99 248591
7080 65 91756
27596 63 41904
178311 53 230323
12810 87 159388
73411 7 170204
179292 1 195298
184365 13 213194
30847 2 232883
22914 40 114802
41075 56 180222
57373 65 177206
35019 62 53783
19001 36 71062
70346 1 82687
61496 84 221124
7176 39 114959
20375 26 223192
172252 31 247961
54397 69 230440
64210 82 78681
50141 47 89145
103392 78 150287
138029 43 166520
175683 96 222840
87880 56 229200
4050 93 54001
228530 18 230484
21899 19 79753
151003 72 237630
222798 59 229875
137992 77 180325
151247 64 247467
56471 64 191481
75505 10 221809
22552 47 231401
11475 92 211467
236806 34 243180
235322 6 246506
37787 61 151953
97657 94 216133
63939 44 227048
7893 95 180203
66120 55 88959
9068 81 67288
96851 12 227275
7916 1 141336
187100 28 243315
123351 93 167445
55039 43 103215
127875 78 247250
29163 60 123008
184210 18 205509
40045 34 213299
50420 12 232945
14468 55 66157
29759 78 33982
63217 90 67287
28028 1 231641
93444 33 242807
120829 48 135762
100026 50 239602
28141 65 49712
26338 43 115170
70552 96 80206
196024 65 235885
42840 63 84417
18138 48 215682
26317 56 64477
1685 54 203133
140990 10 216658
27118 92 66075
83872 26 96675
12144 2 54738
120379 11 210379
211366 15 222263
6636 6 234353
9395 91 150490
130000 99 201101
5838 81 18863
129681 31 176149
126492 74 208648
75209 90 129312
11423 20 19489
43540 20 216651
38662 37 63318
25599 75 80367
4306 13 124924
184129 17 239924
159165 59 183737
45121 80 152531
33348 45 35656
188384 61 192627
122020 8 131206
67953 29 223854
75540 3 118419
60198 28 245335
108674 91 144195
22927 43 150339
106666 11 181422
60775 31 106441
160871 78 244902
235988 39 246168
69454 21 116346
33215 21 99561
49477 96 134756
233176 94 249967
16293 11 109305
96021 28 223857
59123 61 190311
83329 85 203538
11206 47 192133
83506 73 234421
206570 1 228312
21245 49 52021
57281 22 239052
36806 17 40270
90338 86 137613
38720 87 116017
27216 45 76092
31474 62 155110
3934 11 159496
163080 30 215186
45012 7 91116
173529 95 210750
30381 26 116876
151426 22 228606
117079 17 205215
79655 43 170561
181126 65 222494
83386 7 234132
33232 94 189762
139054 17 183042
26801 33 33474
116718 20 208307
72896 33 197147
22999 20 202888
12332 18 136093
16314 81 169615
52281 71 244742
71288 46 97564
89596 21 153901
42015 22 71913
65912 26 103179
98751 100 161366
205687 14 248985
18001 93 247272
52194 14 108510
77894 90 234653
54597 23 146114
60710 90 237932
167186 49 173868
9248 97 121215
15481 81 178919
67590 65 238404
82779 45 108833
13683 76 30737
124203 90 133686
225364 2 236233
114072 92 223567
6925 46 101996
30730 59 156552
195347 66 241076
32439 55 116131
19194 52 147504
229069 50 230145
208729 98 242911
19077 33 47118
57056 94 171346
9244 26 200300
66226 36 228029
63351 19 107377
85065 30 99814
77016 35 97939
128915 50 241602
30643 7 103949
103669 32 218825
44148 94 175564
113088 7 247102
34609 22 166744
99350 71 125603
51253 18 196660
13089 26 120286
50282 78 205112
48215 60 203749
169566 59 182127
135069 66 164771
115494 39 216930
4027 44 22876
61720 56 91494
48684 2 178708
94974 10 122848
129625 24 227212
79545 78 206394
34977 17 159117
91516 63 99268
11940 52 43002
220272 86 220526
9258 29 20913
58750 68 217039
54686 51 154595
9517 60 55807
72470 99 92503
29192 78 207592
1112 85 61969
81936 28 172451
128768 68 137672
193398 86 239157
38748 17 160144
148445 93 184763
128574 33 247622
7786 88 55439
26706 55 144745
59018 87 247536
89910 19 114773
182565 74 205421
101865 63 235623
49014 21 208426
200875 60 232666
36133 45 74539
197014 31 232436
2764 62 163624
199326 27 224438
54514 99 194965
140323 100 192538
47682 85 102459
62667 31 235572
23293 29 95285
43157 1 147934
69667 17 241528
108426 87 111942
3362 82 216375
241641 39 249925
69903 90 110143
140284 20 227649
111393 19 169374
134712 75 141636
72200 18 122742
63333 92 128466
58138 64 179281
180511 76 197156
96191 27 127025
219507 96 225883
48784 30 106785
175220 56 228287
64581 30 247021
178096 31 190183
98893 68 160901
9844 92 176327
108983 55 201571
126922 22 193496
101789 51 199985
86812 39 107488
95841 33 242722
43338 73 62820
182133 73 220466
153102 24 248639
136306 49 216043
53080 38 149947
80863 63 220242
113857 14 208055
130957 74 191092
6635 5 144244
99062 4 169134
48604 62 99991
41029 7 118950
47529 54 115251
113676 92 161627
188321 92 249694
51894 6 240537
134560 11 200683
77119 14 134458
103755 21 132208
179290 26 213095
28122 3 47040
107432 33 144251
9621 27 201016
113039 48 207337
77747 2 173484
50086 60 111121
71274 62 186755
9692 84 25835
44823 86 208832
20719 22 239915
102835 69 206305
170099 83 246766
25764 12 247264
2261 83 145613
128443 33 174564
2183 19 214315
121428 2 144540
175841 40 223268
169616 42 178908
76106 34 157277
78184 20 155213
125036 59 206293
90937 82 223576
206555 60 212310
64036 72 120349
40639 43 139656
64934 42 135663
81780 43 118292
178690 64 180338
114102 7 139860
70879 100 200830
29834 58 101779
46071 82 183115
25214 23 54430
14065 57 52960
134534 61 196936
52762 5 53094
51553 3 104376
54002 13 231045
96437 61 121053
45125 48 167796
106895 18 172895
121336 88 248700
165623 53 172827
18851 27 85424
32948 33 84861
64873 51 114766
69627 71 110916
110381 23 176158
73319 44 223036
8718 62 75613
105788 30 198235
200923 94 237699
205188 92 245594
80624 26 87743
76889 30 91047
11092 44 244990
36516 70 233390
206483 79 208498
37181 94 181759
23106 28 147831
23389 91 208757
60636 96 214568
37490 36 77354
174647 4 201053
63958 32 141512
59882 10 117745
216732 24 242670
95967 36 131660
232357 25 242768
206882 18 220316
109626 58 220853
33384 38 222442
149298 10 192960
119790 73 137460
47980 84 65082
8139 57 162489
120485 58 149632
49711 16 154168
38550 64 220708
78739 28 240176
24093 72 133330
117627 91 140500
8595 50 197135
57727 2 123636
241530 57 242105
23605 45 179203
773 4 165693
102911 42 125828
100022 94 210337
83427 27 125003
151111 53 229442
67659 88 169686
22543 45 225399
18375 31 58145
22370 17 101837
85915 59 101018
66433 8 118016
90524 91 166523
29599 10 215704
18120 23 50236
141290 78 173506
164267 8 249098
146664 50 156511
108213 46 249876
39756 95 64314
12040 73 75495
62864 76 182559
23386 93 217096
112346 63 115870
72311 42 89830
33462 13 157154
19900 80 83374
109799 63 223605
3652 46 144846
18102 32 37317
21379 63 208591
77540 37 168901
129680 43 169199
133347 91 244456
105047 36 244529
195388 86 249697
155382 53 173296
50730 35 104605
30287 17 215621
219222 94 220176
60139 62 137169
17003 52 224791
1302 91 71960
76123 28 76526
30089 32 50751
74667 39 125905
140591 86 222338
98272 64 240690
38647 9 64888
129695 32 133456
28333 60 188812
125871 75 194941
94693 43 242661
97160 63 191488
61226 15 110473
91484 46 150569
78781 78 135925
53746 96 57289
56578 99 221353
53965 32 153759
49145 61 217040
11234 48 57033
134121 36 246037
2747 68 77961
33069 3 78193
20015 67 204556
17661 97 248135
21158 47 165134
212058 83 241182
94262 75 214504
42059 21 243969
114390 93 240311
191953 49 244804
147277 22 225607
36452 50 134800
55985 64 184519
14539 45 68339
74321 52 168315
202096 60 246185
117429 40 175207
53078 66 81181
42530 70 142120
12696 15 248834
197243 18 204985
36377 89 166110
77701 1 97025
57614 67 110713
3987 50 77570
77988 19 142144
129392 30 203674
159946 72 242146
176472 80 178612
63209 86 83995
187696 59 200559
31753 39 90318
4329 44 170934
79768 93 231877
12647 56 194163
67834 65 164217
169636 15 202103
194277 56 240119
84804 88 184270
127823 100 182608
29149 97 157956
41032 76 145877
148559 37 156013
103505 76 121000
3057 58 45834
147070 100 201496
14277 31 180654
8081 31 102951
144383 89 231390
23743 80 226033
172977 70 221155
160776 43 195464
9521 96 49358
67125 28 94007
8381 38 46819
53789 71 229068
90612 95 244469
199636 86 220822
135723 11 144339
35001 51 159635
97893 47 194847
15492 4 103980
147534 2 153190
147833 51 175495
118938 63 142843
7258 57 53767
72684 60 208281
23219 56 23820
202394 11 243658
105623 100 172238
57444 36 124167
196267 84 212104
3687 15 134140
39926 42 137289
101087 91 184864
17984 44 74993
28302 50 244501
30017 72 192689
73816 82 157672
80756 100 156175
76277 56 76471
89975 38 234927
58755 62 211356
122036 77 167314
28447 6 38024
33055 10 246932
173702 98 181046
123614 26 189062
36073 41 100033
35458 23 201449
69163 59 144889
73480 25 142187
184403 21 188309
21716 92 237084
34317 85 173546
10866 86 189384
24562 88 29241
28864 35 209719
16277 63 82523
117680 64 201452
36351 68 167609
190503 4 195947
115477 88 221193
43425 52 99320
75530 50 83494
128626 28 212938
149136 57 245770
124387 24 184672
86396 94 203859
165653 100 234413
42589 76 220463
187866 38 248020
56433 82 119986
101439 47 101646
52840 35 54103
11223 93 84141
194995 100 203848
142095 73 191982
142315 75 247060
79348 87 244605
96650 2 130140
72714 4 100956
55356 96 89016
51467 86 76085
10552 8 163225
1115 100 184912
54123 74 63824
72951 84 167978
75955 99 245112
24712 47 132108
156832 61 199335
22128 1 148254
180948 30 187535
104025 40 130470
10559 7 203637
160928 10 230964
6261 12 95508
118396 19 230757
169261 72 207010
71424 99 243769
91854 90 162076
100618 87 176876
114924 62 202206
77686 74 211889
38676 21 47898
172782 91 189439
41149 64 222499
104220 68 238486
6369 54 58101
14817 96 218170
190003 25 191727
43780 23 70240
40702 95 53183
29393 17 98592
23326 75 248575
49940 94 68237
33703 20 97126
41608 33 176222
187765 4 244459
65972 81 75344
129749 18 212860
3508 70 44120
35463 98 235384
2885 37 64084
131232 21 165882
73467 3 109502
154179 54 161297
94258 82 160558
245147 17 248673
10816 33 135300
48462 23 81189
69083 65 92008
232675 37 241858
155590 49 241455
41558 52 90452
69339 1 195980
74999 15 82281
17041 49 194754
122938 15 236875
115140 40 242290
81472 70 101508
34042 19 207594
43706 52 239677
181779 47 190116
115348 29 205128
13857 70 64130
9644 80 39934
161607 75 230095
63534 88 159044
11792 47 13794
202859 61 240545
129605 59 131870
72711 85 169825
119247 10 123367
115951 92 227766
15202 39 66566
8552 30 108787
82494 87 184433
128428 40 159198
156122 1 211290
1494 92 14408
14694 95 167345
202450 82 210811
172057 87 191908
133366 14 133937
116827 5 142624
99833 55 175266
46805 86 123275
216617 39 249751
26007 53 237619
109774 64 209132
90319 43 241282
108351 77 194882
122301 34 163254
11059 32 228572
152070 96 248477
100779 45 136009
126204 83 167728
65940 9 144902
27691 40 217961
8416 13 68809
50126 55 182577
99537 68 117442
168654 13 229554
65847 14 75616
75940 86 148907
3353 63 222709
113595 78 193606
41952 14 182827
23592 95 31016
105442 68 134668
192152 32 224218
116326 83 223129
17198 24 67714
121208 36 208669
69691 70 225932
167836 11 232636
44550 9 70973
153581 53 249259
110071 11 182054
34736 48 81576
216655 58 242104
9126 65 151506
74625 46 140709
63727 78 125918
26485 53 175256
2584 45 110259
36449 51 111672
3843 67 226157
25560 3 115707
69809 2 215851
70462 5 101063
479 100 205074
23364 87 70195
91985 72 140795
58802 17 149638
129440 78 239539
91501 41 141892
117128 12 143583
160233 95 223133
112000 27 146861
63596 14 233378
61769 16 246875
77628 35 84556
17758 42 56486
74217 39 178257
15869 48 232866
231578 30 247536
160797 25 236403
2447 57 224634
123075 63 200643
121196 52 235271
124539 70 144435
7432 26 72972
40318 75 231639
150376 90 213714
147761 31 235356
4021 1 128377
58516 79 118776
94652 32 238943
69803 74 76037
44696 34 170692
108027 72 170689
91767 36 173896
63642 6 99195
103022 41 194750
64964 38 156122
71445 49 230392
130512 57 137082
51914 2 79144
146045 85 244265
182905 91 211053
54379 48 152536
100225 21 117463
44247 93 144709
92744 98 110896
106018 55 238419
21597 10 201357
130248 52 241005
36736 89 52167
103695 8 122976
208384 86 211942
106680 93 244488
122736 2 245211
68628 8 92895
6396 84 61813
98951 14 198288
113699 61 129526
41845 35 104124
184285 38 210496
50876 46 63871
41921 60 163298
179066 40 234614
6392 82 90382
10407 67 179920
131484 94 154379
82790 19 201150
37327 57 171826
61326 20 136470
6044 44 245366
51788 65 186906
180513 29 234268
4512 6 6036
100994 95 109894
70978 64 175638
15282 64 111609
134376 71 215671
205744 92 236838
113640 74 223394
112609 12 239425
70577 13 169990
29638 60 96715
112987 1 188549
3141 72 176155
30926 10 220273
144909 80 208379
115179 99 170289
160995 47 174881
41196 96 88052
88783 78 229786
189296 61 219314
30285 70 182850
19882 81 40924
69922 28 181547
73744 51 136111
130594 3 177152
154058 100 208426
23659 38 92360
54153 10 72822
2336 71 109858
125396 85 130975
87212 53 185640
31415 73 207331
88410 69 136910
30730 32 133891
91049 29 91283
39271 17 231704
7617 5 194977
150770 7 223148
67513 84 245291
159136 9 198083
46665 39 95887
225102 58 236867
58327 98 177295
142159 43 160945
62994 79 180029
173117 28 206562
198625 82 232890
199525 37 236256
13084 51 189507
58228 6 151315
85205 47 158898
166877 81 179552
89673 74 177700
39930 10 188476
14233 70 239716
62562 33 183707
123443 99 243678
51588 20 117456
48541 64 200475
15726 34 161001
2406 47 170701
3450 72 46934
140912 1 243629
122446 77 219882
160529 73 212401
101405 1 177302
142277 88 144754
38736 11 173860
15592 25 131591
137057 70 245259
5814 32 225032
30367 95 230956
18872 5 73713
131168 62 230572
37897 91 161037
218994 62 241596
32790 68 134033
59762 31 64202
57710 2 92570
155823 36 240125
141253 72 207703
155484 73 164195
30693 86 194840
73030 86 111597
99615 65 156674
225050 17 229997
64286 75 70080
42810 95 94541
53030 99 114787
129929 46 140304
164343 51 218752
87258 40 184342
126119 25 225195
189184 15 240020
16749 41 35382
47473 29 214385
60475 34 86024
219575 14 223934
38166 15 72687
123055 16 175085
26281 50 67203
40274 13 79496
30607 13 91550
46190 28 47150
104098 38 120684
10807 38 46160
26135 32 246256
48616 7 151563
91414 20 168701
10619 2 45217
91241 73 139666
207778 23 227945
114132 48 152616
32189 73 87831
2855 22 143211
81680 12 112114
94253 14 239106
144544 25 237656
145350 25 216365
188891 3 232919
107826 3 136998
33084 38 247773
65445 56 159815
3328 68 13447
119257 57 129281
29472 52 219648
39933 53 208398
57870 60 186934
64639 49 149618
19070 76 168341
62914 41 215398
173602 48 178969
38642 68 179660
35257 91 157297
207696 8 208871
128343 14 184698
50609 24 195942
88129 99 201492
8569 99 193346
196437 35 202980
89708 70 219124
48652 73 243447
16156 47 126519
17526 41 218458
49289 11 145492
76769 72 237862
12786 50 204327
17115 12 124538
31279 96 187869
106421 99 191159
53843 29 185684
31594 37 65151
69985 67 234351
40774 8 234766
115543 36 149281
35910 39 49285
45497 5 137169
141061 82 188424
93933 10 201416
132438 94 176453
47761 7 178172
63884 22 219066
153102 81 178751
3333 40 232230
91138 91 160939
177099 24 195189
161454 97 189977
93026 84 193352
119676 85 187018
223886 34 226794
56613 18 92606
112798 10 215330
178046 4 230188
185384 14 200417
208916 70 236644
113808 68 156663
109750 14 244984
33667 81 228375
58852 6 228174
50352 5 199585
95896 46 162069
128515 34 135116
146762 49 156753
48767 26 96048
91603 100 154953
10230 20 218259
98860 92 111142
53848 57 153926
120570 27 185297
27982 9 241402
62657 3 153056
48887 15 226381
103768 31 206603
8731 54 50464
62941 91 205952
52478 85 157659
7976 35 82283
190140 91 198953
55854 100 163986
141465 50 156118
191549 2 238585
28331 51 166586
59326 42 80585
133243 85 144288
15361 99 150525
72602 64 180130
117190 53 144656
39993 90 213560
21883 74 206446
14575 60 70370
84233 64 89867
45182 95 48568
41105 57 233522
83494 60 178904
104679 5 200734
174639 32 184066
10246 1 63034
75984 86 116420
72671 41 150364
44070 72 51808
15302 61 86994
24551 11 222325
81867 65 204028
39365 92 123861
184345 57 184732
29334 1 117295
173063 50 218135
194908 63 197129
52686 2 149278
76893 60 201172
78896 74 109337
47895 52 61394
54564 36 242272
71967 71 190014
2421 68 164562
95919 97 206425
104637 4 175972
179565 36 213731
17650 64 221344
33432 95 104635
202087 78 244722
27949 53 249580
61352 61 242603
133396 18 162713
16372 51 234389
65219 50 103157
203477 23 235444
42388 18 65775
93881 9 244771
33150 44 154793
203762 20 246220
121532 59 166899
57127 2 237358
8986 86 184950
91065 63 188254
58926 50 161549
148334 76 177630
178159 50 213913
92986 80 245788
30020 85 219668
101544 61 233860
115516 32 241116
93423 48 201483
78263 47 243448
135351 86 195482
98958 67 149888
67848 78 170719
118813 87 178371
50210 64 213541
40783 16 114742
4212 53 169665
81391 51 147009
94275 97 126087
150720 18 198262
191385 18 235214
84856 54 218204
77673 66 120204
60583 64 70123
60139 66 247622
74690 100 138679
54398 28 213469
79617 57 82890
25030 1 145989
109304 90 132593
229939 61 233423
10452 21 204826
89075 35 151940
58357 100 156825
58310 33 241089
83174 4 163605
131910 21 171356
32885 92 38636
53440 65 233319
72526 35 114669
92265 97 140318
29122 20 75758
90906 95 241094
166959 38 220496
63905 95 163438
174289 77 208255
73474 26 76112
148940 6 210779
140825 24 234307
4083 93 109975
139320 4 161428
173697 14 220288
38063 16 114810
44683 55 60364
46612 92 134406
120826 70 200707
55819 66 114380
39458 14 117451
13390 93 187177
9349 50 195091
135168 69 137185
150105 92 247382
77571 39 94486
105047 17 201913
155213 11 155507
134107 38 208974
7428 58 23908
196371 81 228456
13195 3 95399
25784 1 102287
53216 83 138712
10505 91 124899
206686 38 246719
215661 19 238792
17560 73 20358
43065 85 220845
5983 58 32418
108431 22 187827
167359 72 215010
17724 75 196367
33817 30 237080
22 6 78830
24339 83 134290
145826 5 217163
79702 31 89253
14105 19 164460
138868 15 196987
19966 49 148261
56344 56 138007
45292 83 58849
89815 15 121441
218754 81 222729
87836 41 237267
35898 48 239990
120269 25 247086
5827 33 10996
181410 53 188847
23036 91 63370
17685 58 74433
26904 83 188628
74112 13 105313
15697 19 126819
107396 29 181025
181002 57 190150
72930 82 162733
48234 69 190297
190761 11 220218
27452 61 32905
97764 58 223001
82780 84 162832
33649 76 159288
219198 86 238405
27068 83 40794
187052 82 235014
50503 79 145851
17392 90 119951
6666 4 202557
93182 88 212723
138899 10 184621
38562 15 122271
111598 49 133983
45460 55 243575
30717 94 96418
85202 14 134573
39693 76 100895
27277 20 53259
59699 71 102979
150652 10 234686
67591 87 104016
66593 24 122017
64515 24 228570
131769 50 168569
80636 77 240732
121616 36 129557
120706 29 194318
8654 96 122649
83227 51 191862
46570 51 182218
71158 62 151631
44841 68 239759
43090 86 188684
83334 9 140126
68614 67 132423
135896 39 245885
87087 2 202130
135460 73 158977
35271 91 128147
23296 23 121848
22022 84 47511
85001 60 175205
42708 3 119693
195912 82 234720
29783 89 85152
64188 50 64956
32419 6 242528
125798 86 211222
74050 92 230296
167509 31 182608
200592 37 231094
54346 59 102402
111838 65 147979
48641 8 230396
22031 93 165371
154369 51 239823
28745 11 205887
1577 64 198778
108702 73 241139
56580 32 221470
6547 15 120468
182344 22 247434
93837 19 175705
157373 26 182115
144202 14 150080
2608 8 59105
15226 36 33420
58817 62 134797
39301 74 241868
151233 16 166716
21295 20 128797
14568 99 122351
24141 59 130327
68883 1 206021
25499 25 190430
52904 70 136767
71212 18 214588
92261 59 183449
79089 59 119597
3100 55 176777
154624 66 204585
62586 9 195467
140957 53 236620
105836 44 157904
9648 12 186023
42268 75 202441
38604 99 222438
48211 71 125154
35422 58 150442
134064 57 242029
160206 62 239365
81827 33 110890
21976 11 88323
177885 39 227097
9479 47 160375
128089 84 142528
128363 78 210568
62026 37 203895
88340 58 95720
155210 96 225168
94593 90 100059
130759 80 193364
16253 68 113983
159786 11 243110
14362 22 88181
130092 84 175854
85458 74 178775
16473 61 120856
34062 14 214842
14476 18 46576
1164 23 58378
44406 98 104204
178377 85 195718
139587 59 167477
34385 52 155734
98946 100 180862
132752 80 204777
28594 39 169258
84255 75 223528
13921 2 26088
110322 2 142335
74609 24 146467
117864 84 186818
202673 58 211759
122498 81 182200
1363 74 98020
85162 91 182804
144130 90 177516
112242 21 247569
186219 97 244557
21047 90 92266
8536 67 243131
41545 52 122804
57082 21 93266
36358 99 210884
171514 96 188797
36081 58 165423
1136 41 45832
58930 100 142297
213412 33 239418
184495 64 197767
101727 96 189012
187455 81 213454
170455 6 185787
31198 97 42724
2316 87 98811
139662 97 140175
65212 78 145926
84259 40 235087
311 93 232749
124363 68 192419
15567 99 214684
136357 83 243683
75601 35 101342
93312 48 151630
75105 7 141543
67597 34 244111
15832 67 60220
116445 55 249508
89291 82 175411
52593 72 111491
198689 90 204976
74730 49 209468
180064 97 236411
14254 2 201003
11049 49 110758
228772 23 244545
29587 37 247167
16411 24 76792
122664 47 238869
170066 44 208675
20285 59 86962
215008 20 219592
115755 74 135409
64134 46 139963
38821 40 241315
105616 11 119345
55562 2 114911
18045 45 143908
50610 67 182094
41114 25 195357
92441 63 216589
93837 23 224431
110729 98 202150
57904 7 212800
10567 86 148769
217105 60 224041
168960 27 209060
209919 65 239577
72331 8 124080
34562 93 113897
183077 29 211664
26486 14 137591
11388 4 66169
63447 55 232414
25787 6 227467
64699 13 82019
34961 38 44106
110289 84 234059
181713 99 237753
50343 80 205638
99746 11 155223
101932 16 195383
170501 1 239200
15831 81 177964
133357 63 234954
57335 89 60014
32123 53 141287
122231 14 171924
141651 97 235524
99435 41 193485
5640 14 153604
69304 58 163924
156847 5 205240
32848 22 77216
59102 75 128502
56452 99 248319
27750 28 54548
2558 4 105835
204927 75 244527
13025 98 157818
66276 16 208176
3076 52 161041
75875 95 121635
59364 67 114575
149035 67 205548
137999 57 187646
133423 40 153559
195739 87 225327
102601 53 192160
145804 51 163664
44308 17 233870
149998 39 234060
37311 50 110413
139524 18 145548
82051 47 224026
172094 36 205771
39541 61 62782
49757 27 180975
92216 80 196391
111182 20 124866
7907 97 206243
58244 10 90429
27475 64 152634
145312 17 193502
92937 27 151739
84247 37 130418
57172 42 151478
83042 82 197215
13238 86 102784
33163 18 96709
20422 82 195169
177028 23 215210
17612 65 71561
48679 34 151664
113025 36 233989
131241 30 152397
841 96 203987
150519 24 171400
120157 97 165874
87067 6 135830
73928 89 112525
26600 22 36216
29955 66 126526
93479 83 141572
76724 87 140632
8570 72 113930
84683 27 206365
34084 54 96577
116761 62 225122
45978 86 138426
50874 5 103809
95861 93 124299
10191 55 201906
91284 26 137151
92511 40 119679
149355 43 156528
47704 46 239274
16991 47 230783
5178 49 165522
77237 98 88330
12538 54 208403
50110 79 177728
25513 61 53544
119930 14 249288
106349 59 192228
140301 7 192283
52658 59 195816
114341 26 236781
230602 39 236001
85594 40 136187
103128 93 203735
4270 4 36173
30764 25 92253
70811 53 166356
82467 20 118588
29409 72 117744
71902 18 111945
113044 33 148994
73212 11 80483
88916 3 91288
13025 27 203036
120618 80 177579
80397 74 236163
38025 15 196977
142888 54 148873
2508 84 31474
228100 60 231052
23388 24 57722
31617 99 93934
86806 90 243509
17536 48 80755
83955 88 245997
44668 81 45903
46042 91 114436
184466 35 210343
96065 70 106535
23414 86 41910
33979 54 182437
9426 11 123291
72180 2 189525
81540 67 109032
41644 2 66561
118544 49 159339
66716 24 147235
166737 25 170682
30060 71 83698
184798 40 223939
180427 60 194693
75973 57 191869
131346 94 148801
199418 28 217761
105983 20 128398
60367 69 236257
196906 92 205930
147863 60 151590
236829 85 245378
1900 61 57832
145283 5 215967
89389 65 246405
112015 8 117228
27233 89 73827
17685 93 43965
219225 7 226618
99540 62 128651
64934 91 100792
118334 6 205055
48007 1 80088
124534 68 231997
39555 94 211204
54251 43 236199
20492 84 27674
29651 99 98620
225253 96 232077
34112 69 96340
35101 75 218088
41602 21 184469
12018 31 226830
176738 81 219058
44219 21 125346
1798 78 62810
25824 56 177802
204446 63 244363
121252 100 216768
41543 68 102889
102901 44 216887
89563 66 244219
115286 24 187108
9529 1 240566
60351 10 143491
74527 53 186570
23014 16 170913
10417 70 150380
67597 14 170559
138590 95 231598
95386 65 168923
71462 92 245907
30005 96 163664
110535 98 187511
125984 14 178437
134188 95 186425
86676 7 190537
183632 17 191827
14868 2 85080
49604 29 235727
55832 97 243299
41400 100 92678
4241 57 64363
164636 10 182602
1487 61 160239
32007 78 155284
61778 76 98892
40481 10 141726
122251 56 239879
27614 69 174363
6374 26 141168
49052 67 165897
130616 59 198632
63512 58 180898
92324 45 112684
36240 80 200281
145284 67 159805
194912 35 198778
75117 4 180207
52925 81 120153
67522 34 245078
26659 99 38207
17062 47 228510
16422 15 92528
161325 79 205900
148911 31 219431
111664 42 115481
115694 30 201805
201609 49 205168
209283 57 244344
111407 82 157836
209967 45 225009
150603 97 227877
56687 41 143721
162220 61 199262
44020 45 188516
145423 85 230333
107567 76 114022
64297 64 160982
85135 48 142826
75430 76 216051
22131 11 215143
72863 47 155403
141307 46 155596
170037 19 179250
191546 36 197543
154380 4 245514
128716 2 193560
62705 52 97122
121587 81 167261
78679 58 225375
161471 75 187265
113891 23 223002
113743 61 208575
92518 59 171010
152180 6 168332
28799 72 145359
168519 14 178715
20699 96 224964
1514 36 124760
83823 4 146118
2165 38 148028
19837 93 53221
75518 94 201844
47058 10 209907
430 39 239715
109678 62 204094
102111 79 132376
22592 10 110295
57949 81 142534
32743 55 211469
26978 7 117330
142690 47 163511
116610 3 240176
113138 72 194158
65783 1 76882
7707 11 71349
83476 17 127700
30199 72 73897
38327 91 174552
192305 9 239052
38851 42 47613
82264 63 173738
88373 38 115803
28048 20 130122
51966 81 109768
120511 51 227098
186614 29 201701
47150 19 113627
152840 41 163667
5022 94 80541
92868 39 240838
113659 16 190008
5047 6 123046
34835 12 41114
20259 78 130973
53740 19 99054
133506 15 216182
187853 35 199971
94567 35 193639
30378 38 86181
123134 57 143280
905 49 17664
117060 21 185305
137581 22 191102
77406 35 236672
55147 71 102137
228683 100 240686
104494 23 153718
36256 32 43568
94875 13 225891
18450 22 223310
70653 28 248109
92884 27 162038
42530 82 181342
6322 89 159572
9384 16 9936
64294 17 138968
165254 50 173015
204670 84 235554
15302 80 114360
118687 64 132305
137377 50 171934
101514 30 205105
112754 89 164532
162940 13 197604
88545 21 142677
179330 54 183341
73391 31 136319
34005 68 240854
177071 59 177647
32169 62 193878
133848 81 197063
7466 67 243069
5692 27 99933
26397 23 187954
157261 50 181273
14083 40 159364
17140 9 100392
25879 62 215638
75916 25 182063
46818 22 164777
27261 84 122316
85297 88 132433
142372 94 188488
140319 74 193356
135242 24 183959
109948 28 211443
94943 21 215011
143355 2 246014
113926 9 146666
200295 98 205033
144222 86 200797
114407 53 181420
166854 54 211163
33607 28 36044
63966 14 197929
75266 86 181765
88736 11 114275
29930 84 172781
71516 27 212516
69336 30 248330
679 95 70398
50418 62 147597
106372 85 194072
14404 67 141402
5764 99 157791
47752 85 48373
5204 26 239303
100288 3 112735
129058 21 241706
120193 28 229903
25372 68 49269
214076 71 219404
46277 27 215921
88168 97 172096
6609 73 235221
121013 38 213635
127830 92 242829
21510 58 36833
34239 85 127548
41650 42 150311
103270 58 238391
93594 92 93925
167670 18 243440
50266 4 152505
13898 32 111172
141651 47 147170
85271 14 141802
31921 71 168266
77146 61 107369
126459 9 210696
8857 1 172237
188522 80 234221
61879 66 86568
201160 98 245961
350 36 46714
20262 56 108518
32921 91 143928
46728 20 221681
114584 59 150971
92809 70 202716
36681 36 156928
85215 1 156922
45989 42 81401
96869 99 167152
6717 16 223286
28814 24 161818
140130 34 181591
164097 75 172761
62759 82 237629
126014 50 177182
51458 25 176706
132590 17 216960
47206 15 114006
27065 34 221907
218029 87 230392
149511 95 182727
114 95 600
8201 60 224582
176186 67 237312
74374 51 234129
33687 83 206633
9385 6 87991
21651 74 64446
52180 58 124076
152047 89 248663
73754 6 204023
30191 41 70838
128012 52 177895
72999 24 133050
62630 15 76448
97156 24 232298
96227 95 247816
129133 46 215059
14566 68 193382
90539 8 209880
24469 16 46924
75550 96 217704
52845 88 216020
14235 61 73680
139480 15 243884
101408 68 140555
12162 85 200313
67589 63 148274
81407 20 211285
5394 27 38256
114434 65 212175
43197 26 149085
58139 85 211515
98555 40 105255
793 46 137581
19973 16 96124
38315 6 109636
39099 40 237598
57988 30 122225
88502 12 235149
29885 91 134156
3336 11 176893
76729 66 172007
3068 22 68659
89887 11 239090
103658 91 216371
32344 37 227683
107719 39 145359
18124 98 179493
73183 87 144283
13789 61 161376
5889 3 208670
29332 26 187774
9194 19 36242
68919 24 186068
191777 34 237411
102452 4 151682
65705 72 221270
56589 82 94035
37372 29 245718
89193 7 147272
21824 22 152554
143360 14 200953
113474 15 161864
41604 69 107724
166001 73 229062
172658 89 201053
51313 32 78337
203588 5 241630
195591 24 214970
53123 37 68062
68412 20 205775
119016 18 155573
64017 99 143180
94790 95 214240
193785 89 208522
46578 68 181322
51979 44 132408
175462 86 198504
3985 15 208007
109850 97 167253
184857 93 197221
169432 91 232754
1345 1 99071
188066 4 197212
144569 7 209784
60596 81 241116
67460 24 248418
32985 98 50102
34596 16 240036
65640 2 185410
93758 100 233054
83304 63 194041
15384 95 89611
41167 88 197830
99632 12 179923
84509 73 161470
83884 52 112970
123101 57 229924
5634 69 217697
150252 2 206592
10617 49 209223
87081 1 236078
15426 4 231821
55072 62 147385
185753 83 198168
112246 18 117051
88285 92 112991
130251 44 160727
132653 78 229251
4137 2 237595
140338 84 220979
80 78 97636
232044 92 235456
206708 60 231974
4686 89 107422
139055 24 219627
56875 61 201915
23055 42 185374
115913 43 137711
185116 8 233948
42829 29 197038
58387 82 190118
38477 78 191220
101945 87 201535
38943 46 212252
128924 57 155721
138221 9 247432
60131 98 242387
129538 44 129672
19275 6 172807
11777 78 111004
113661 4 199972
183448 95 197988
86367 84 130059
69872 65 175606
11101 72 145691
29768 89 82266
92673 68 127034
127198 92 164087
5347 32 194313
23087 76 34519
44119 69 149084
88625 42 158106
185849 6 230926
143465 77 219893
240248 17 249930
178618 52 203423
8593 36 198684
199958 11 209361
75018 48 228029
180152 20 221777
133242 29 219832
56189 30 222236
6347 10 232826
20190 66 192737
9588 69 212880
100020 78 177535
12309 64 184682
33789 41 69290
140871 71 160290
86193 47 221869
115766 7 148741
89757 33 191645
162848 35 202126
67150 30 102713
38455 44 195118
17414 64 72511
59621 6 240028
31476 32 118295
57837 77 145981
87675 26 172865
79675 49 173437
113573 21 229960
105234 41 179783
77245 44 243698
391 20 15551
135919 66 225193
58899 98 189398
33089 97 110881
62516 60 200026
195886 74 223905
198446 32 230537
160744 71 191033
144730 61 162380
21080 18 42148
24321 7 122631
113547 88 236227
58509 29 136573
73600 29 87244
54511 15 174429
107375 75 129792
57993 26 124454
63479 32 209448
68508 66 223315
132760 77 199957
100526 37 123699
77727 16 140525
49964 74 163542
22793 54 104909
85997 1 157888
118583 34 249473
153809 93 209830
150185 14 245614
21364 57 33317
23716 45 204781
41829 93 153310
41899 83 199361
139243 46 200865
15515 18 177180
37705 90 59754
147988 22 167244
68762 13 165452
168797 93 200220
84384 91 178761
68403 19 224017
157328 62 245979
261 44 101657
63694 31 94354
67596 67 126719
9462 83 110427
71923 6 196707
61279 4 218413
7112 44 60858
124387 98 232014
140175 65 240848
245755 1 249098
61237 52 153107
101558 23 124007
158059 70 167123
3142 51 70965
70972 10 188538
20215 87 218400
146948 13 240187
107581 77 195804
52324 65 231589
40871 88 163604
17890 73 221954
86757 69 167770
99206 95 123578
61228 20 214568
46933 89 98550
34554 23 171472
77638 46 110903
20122 31 122653
20037 4 132987
44361 36 180112
173694 16 183149
11330 27 104666
28075 76 46427
146910 80 202804
11563 28 184685
36036 7 121697
80236 32 205622
190475 98 196840
42238 72 83312
66345 82 176057
76870 26 150498
95434 94 190267
5633 28 66256
125776 58 160815
77193 47 186812
8405 82 18149
179863 93 231523
13011 29 229386
85517 87 120247
168188 82 215590
96584 62 221611
182381 30 202265
97269 72 146978
81575 93 148312
95443 87 133292
43230 6 44381
64999 11 71760
81402 24 177277
105809 45 239434
105433 98 207996
198154 57 230666
23804 44 237384
178584 4 192650
90817 30 91130
28355 63 75585
21623 59 221520
43561 59 170464
61023 91 181060
139297 17 186929
207100 33 220389
41735 5 214206
163162 95 167724
95484 89 97372
6758 3 90684
186625 73 232801
114125 66 207845
137230 56 238372
34098 69 41966
139062 67 144464
25284 23 213953
224654 21 225745
74704 1 243309
56308 25 178186
19307 6 165736
14996 56 94154
11404 75 29568
96948 47 145121
12629 70 108910
104849 42 236069
71196 59 234930
79718 18 152571
145020 25 228826
52485 78 78520
132454 42 179220
113277 59 220467
32502 28 136270
199886 27 200708
61688 60 166736
57506 22 217092
105955 44 172729
106637 99 197288
8938 19 25745
1900 95 154430
66246 99 109595
97476 11 108154
114622 98 138702
23869 10 158450
62306 52 226131
73303 2 190706
65699 83 72170
96912 15 133732
8145 70 23334
101492 16 221099
121310 22 199204
103815 90 213514
156077 85 185457
133312 9 188063
80161 65 222640
36602 99 214652
14093 72 184494
41567 18 48071
148959 14 222965
126778 7 208678
19128 49 142866
17627 87 161479
110256 89 206159
146196 63 192009
106974 82 231516
2966 47 180760
2523 35 66722
25589 70 83759
23451 33 25513
82443 49 137827
4622 4 35594
101743 12 161686
57340 88 190214
124147 90 208660
86356 16 225015
80712 97 91481
75738 89 135300
55734 98 208852
87911 85 159729
146678 51 208730
182044 30 204376
73051 80 130812
56061 38 235709
40335 3 54550
123059 63 223535
133341 20 215969
179260 5 219336
151517 2 179078
29474 49 140040
123337 3 240803
22958 66 162560
12041 39 223136
153469 69 192894
117957 49 173902
70773 81 93685
126695 10 237053
5839 93 58904
37661 65 175858
19001 98 142709
5411 61 192974
165205 13 167060
88012 90 174803
129353 29 150826
65674 29 146520
49102 89 213777
95712 86 115184
24564 19 141726
5166 96 17477
120495 26 162968
176319 19 244804
113118 47 243037
52805 6 143253
42276 12 64413
89026 17 246705
123108 63 220424
6214 68 135522
3557 9 88871
116463 32 198493
196789 64 206805
66658 83 183567
41539 75 117082
29931 62 80374
21710 56 160433
18213 14 23788
151209 44 198883
22410 1 200034
7595 34 199676
45431 62 50849
120408 41 213906
64331 48 121415
26863 51 189521
28859 66 216474
41587 22 138395
70901 13 203677
88964 98 95228
27892 95 130123
25733 87 52100
16800 99 246757
63512 78 180586
134358 95 161646
19473 46 144158
193392 41 228438
42934 12 202134
20502 27 45267
20912 36 107401
218937 56 222932
113741 94 241736
52985 79 174082
81348 89 149992
107412 87 177953
107845 56 174812
107708 66 142790
80861 72 178644
12340 71 112057
68617 44 126249
49309 44 164596
104696 45 192453
123157 41 148174
55071 45 172246
162645 5 189054
57806 44 158492
27391 65 235704
92156 78 202763
71154 48 105003
89034 7 147816
22786 70 198350
136218 96 138763
117662 58 227069
221363 15 237491
23140 1 112595
27393 45 237288
98305 81 115240
13631 79 70907
98207 31 178380
106207 75 165723
26040 100 59613
165197 81 238094
163637 55 225038
7432 92 120303
142062 87 199224
118914 68 151485
7815 50 222319
133133 60 181432
70645 53 212177
190056 76 211833
193 78 143765
63969 80 194430
141117 41 184692
118803 84 122222
46422 6 84849
106915 63 224674
78904 93 243106
65099 45 214726
150262 28 202430
28997 28 61478
99022 12 140336
28342 7 199352
137221 52 213176
43410 11 201131
34682 25 74298
89547 57 188146
1652 26 78208
81523 14 136966
37105 25 154448
81691 31 210001
52422 69 163421
38100 70 47771
89195 31 116786
120385 7 130037
96173 1 179862
50682 36 145081
61303 3 142412
144409 78 177563
100473 70 116896
14855 35 38426
129031 84 159310
135495 68 159420
15521 76 137684
191251 98 213153
153383 41 199859
134811 39 176558
46954 13 129319
99159 73 235229
63520 38 192774
186951 34 195374
33615 6 45765
1541 80 110266
99538 21 237291
79472 85 201815
98719 99 194825
58633 22 83051
16932 94 240638
72549 26 165863
8782 2 214654
23679 69 68526
49319 30 90515
3841 72 148845
107802 82 136865
121201 84 197455
85813 7 110920
166305 96 187757
230871 72 241054
101322 37 125265
551 98 148492
33442 19 75209
17058 37 108601
178828 42 179410
156279 71 197701
151269 2 192803
9622 16 236310
166046 80 188660
224133 24 248246
145166 6 183501
1456 53 25188
5883 74 58051
13456 9 164022
26239 40 109519
47791 44 168808
50126 23 247187
79453 47 96476
73659 13 177246
138510 42 241704
116287 5 248830
168981 71 205166
65299 58 181052
192772 6 218891
142517 8 160353
25989 75 61712
50389 81 196064
49939 6 142137
85927 69 134238
77916 9 215797
32151 20 69309
23533 49 246746
212848 10 226773
4726 43 165377
90591 98 120048
82656 91 123430
79511 7 209632
91854 78 239990
30714 89 165027
44956 75 156534
27059 19 153219
131470 47 144796
76667 45 100764
49068 32 228403
53713 2 165397
48582 52 200373
3623 85 56972
89366 31 106836
20500 37 68529
6302 67 234818
15284 77 119668
117401 9 247622
41715 86 80579
181423 65 182997
36443 19 168843
17403 28 223417
111830 17 203076
79007 43 127868
28308 56 129017
79475 42 204436
25877 59 241492
63790 63 156571
2670 31 54974
68667 21 75719
75731 61 236038
41780 19 161365
54628 39 145272
27492 86 232218
103260 36 221037
2164 9 106665
14009 42 37945
2113 90 118143
110743 47 218759
68986 63 227551
39817 72 203127
26850 10 79308
218648 85 247657
85157 58 229218
47062 49 217802
4900 90 181969
95608 19 229177
31302 63 66446
42895 59 191069
112569 28 223482
38808 55 69915
54931 29 215194
177678 99 209804
152617 58 207499
148161 83 186255
43737 32 62147
44098 76 182936
49272 30 165005
23114 46 76350
8113 87 126161
89276 61 222969
60255 90 225599
6992 99 91578
88800 69 135201
156052 97 184111
22744 6 143661
47344 55 201391
129325 71 217433
125522 4 190979
56001 77 197560
146182 7 157569
43618 8 45678
25875 97 65885
70925 55 123325
44667 68 154122
142789 69 215723
223641 53 225257
14699 88 42497
40533 76 84797
83557 88 240743
56544 35 145158
17619 41 180279
14031 1 58592
18386 42 102996
50023 34 207514
63412 71 146917
172766 51 178365
1417 73 86999
99670 81 107697
172626 40 238395
17965 28 164881
36723 4 62077
3541 67 213805
1031 75 2753
163152 8 208017
35914 84 43679
125004 6 172008
157907 70 221934
131109 15 174473
103046 85 182402
133105 15 199261
132118 70 170449
150864 59 174097
21928 77 190912
23980 40 122395
53596 40 85204
38112 95 46401
25892 30 149487
189277 24 204266
148347 8 211116
43492 1 145821
119824 27 202923
150997 37 159855
91631 12 213070
79268 90 104900
68556 36 103010
53315 66 181378
132817 70 244176
60358 16 193563
34302 54 190355
220430 53 226492
108392 18 225436
124829 16 193705
34039 29 200621
132839 47 210799
202739 15 206321
33731 71 201179
17418 22 168208
54717 52 203311
25285 3 36866
186301 56 195336
123500 2 136088
28935 51 230118
190496 99 200035
61990 66 181524
118138 32 144697
132606 57 142501
27990 99 133446
72452 70 150690
47312 98 139542
255 52 147128
199088 24 207165
40981 38 139742
77328 3 135036
172856 63 174080
74428 34 204444
128526 46 175262
5667 44 25305
92538 20 199014
101357 67 120670
50845 78 58988
45895 95 204483
79779 89 101123
137399 84 144178
23701 61 67886
49298 51 88163
27528 16 173740
62769 2 117538
189033 4 210084
69993 56 244676
73083 4 166450
27008 37 231847
22543 6 199584
101625 28 115088
124114 38 244704
81402 53 167024
70779 19 128282
83483 11 179979
51269 63 59745
86733 25 99529
24495 91 37285
45202 22 85847
19864 4 33054
26274 87 71395
39072 62 246273
64599 25 89633
19320 64 244503
213604 87 247163
7121 71 245816
12060 16 91247
97703 68 153878
100870 51 200067
10535 25 53891
51586 38 246435
31240 9 36029
61144 43 236275
53653 46 100642
48897 28 83057
25313 92 168796
70951 17 79346
198831 21 200139
64042 37 136106
151766 92 237788
224356 4 228865
198184 38 223988
123687 18 241732
76099 33 77372
183863 33 212656
241934 45 243816
156078 17 171869
194184 22 210014
66256 25 173999
102004 36 229601
174451 59 194469
35410 100 191263
149050 77 198930
13886 20 182680
3533 93 27136
210120 70 240749
24128 84 247463
37681 88 84301
64102 75 217110
51452 61 168965
188596 89 226378
24190 16 125165
2118 76 200169
29880 48 232835
11866 65 157614
18992 62 84037
224860 24 243562
163207 61 234559
10491 89 34821
5695 56 102846
44936 46 177880
49633 73 107056
90803 85 116252
50347 54 176757
65445 28 116793
41072 10 191705
70589 59 154651
23362 13 132971
6615 11 89623
142269 2 213040
61422 37 73119
82383 22 155992
54901 29 104695
12647 96 54002
173555 21 227124
135217 74 184684
42015 52 160423
169888 100 188383
47033 8 70814
34401 55 143990
71538 36 84862
162730 15 226603
108811 36 212753
22049 23 225683
128103 92 129273
3293 46 118471
86288 30 100605
169704 19 180325
11721 42 162546
136551 47 158663
16354 23 109716
113256 42 151319
39659 89 45477
73921 72 139857
195770 97 226140
58319 86 148181
148639 26 155172
50334 4 153430
134071 69 249423
197405 26 215338
7934 80 112149
138722 27 189130
111726 90 132970
91818 88 246307
121646 49 129988
185348 38 208129
54337 2 127681
51293 73 162222
176204 82 198080
135291 32 174686
153149 58 184912
135586 38 178281
70942 43 163697
78917 97 195827
84480 90 191960
116554 11 184846
19591 5 122554
49873 30 207928
16410 41 159852
47979 43 201083
105744 94 146146
96652 33 109584
19893 95 100390
21775 99 236025
59433 88 202601
15769 26 152855
59035 39 61193
103315 42 191952
203820 43 237358
98429 56 178771
3336 2 144593
31470 1 119391
18312 29 177417
58108 31 206715
13674 14 138197
75199 36 183147
51976 26 219348
73357 63 239028
22787 42 83781
175023 87 214431
139745 88 228373
212928 47 245855
13795 16 56905
6621 18 223286
6326 52 26192
14834 35 62743
148818 67 149885
83089 71 101136
111187 44 243096
39726 89 63102
115095 46 187770
133723 19 175434
208401 29 220805
116802 12 183352
52632 36 192558
128894 36 182458
58389 48 194253
150573 25 203598
87091 26 106088
41111 21 233675
20867 94 191220
109520 52 181858
91754 17 159698
81493 12 214365
24102 72 111132
3455 62 245086
168027 61 200902
110859 90 209623
93872 5 223697
45816 27 226909
186383 27 221041
75502 23 184545
973 44 248353
1497 44 161646
57634 48 89908
66555 77 132131
133975 9 193400
18277 94 45443
188053 48 195505
16591 93 161052
113288 29 124512
166599 43 172651
50396 11 132508
38197 13 226464
148070 16 245474
150639 8 210547
111638 10 143534
165145 3 204191
53670 73 68201
60549 77 177298
26864 9 224940
24614 51 219054
7086 82 108564
92902 26 208318
164032 63 200273
48639 2 154843
34754 33 162384
42736 61 185700
99418 42 182561
140087 91 219164
22694 13 207317
94441 85 209664
124057 16 145128
111975 83 116774
46124 78 120478
179506 53 205505
47462 32 101134
66009 26 81545
83405 50 177096
110428 64 246628
104542 57 235686
93061 57 238846
73650 8 140662
66800 19 169070
36522 65 210320
108603 68 240974
204508 48 215041
168119 1 182005
60995 81 160385
79247 44 247435
163070 24 187891
76200 73 217815
152441 23 201158
38741 67 200123
151082 71 244891
62313 34 238261
5199 22 138342
68423 54 190294
32578 10 115053
255 18 240354
5136 79 240054
111556 96 190653
103754 40 111310
221482 87 231133
23875 21 236652
166894 29 208380
180455 87 229910
180473 73 207093
113649 73 152471
20829 25 88383
90784 69 171945
127164 43 216572
107158 66 240636
45553 28 95047
202686 55 216183
85338 77 199065
6566 12 149881
168680 59 216688
24178 73 143315
208253 76 235992
106059 2 247342
11765 9 143602
40551 55 60232
155634 86 235012
68407 27 249171
30887 24 43211
97892 32 236530
4436 51 132886
23181 98 104582
85361 91 181319
185165 70 246992
7723 92 209021
61368 34 179365
60109 15 206542
158599 93 206887
47669 25 207499
93503 60 120553
102231 11 139567
2789 79 127612
122060 98 231818
72618 27 165795
87750 85 219229
111891 6 249892
195230 65 220654
37800 75 191071
110619 47 178535
26831 16 149001
53365 51 162108
172470 65 231369
136104 25 246915
15889 1 219504
111788 88 141892
171803 30 234699
216558 57 220904
120647 37 231091
130104 77 149793
144238 10 187659
33506 86 93273
85729 97 166114
89135 26 235942
164408 48 167892
130806 96 180060
3165 27 171520
46615 29 101636
116536 84 204456
55055 63 71611
16534 57 38440
112151 2 144871
112756 43 166231
149727 54 158742
103543 100 131018
21989 9 166351
83188 23 154285
72851 28 94775
158923 19 175474
193229 19 240053
75491 50 149687
161565 21 162312
149428 34 226019
21976 4 179290
142125 98 146373
44549 84 78992
24772 47 55869
51953 9 120104
25228 80 211159
53328 56 139751
144023 58 216168
1790 68 174711
4394 42 67684
45318 4 249526
125131 12 197241
89333 90 108790
23940 55 44184
65112 66 82112
36008 82 79287
27253 60 36836
2210 94 5344
65643 21 102155
176970 5 249356
47272 63 155556
85154 25 216406
189143 54 193696
173091 6 185046
44289 14 186386
42742 67 239971
118176 69 137581
15107 42 218954
65798 43 147657
185392 92 237952
91430 91 155615
129080 62 198773
30450 77 48304
46401 51 72380
70569 14 156459
185251 8 199056
41484 18 175064
10413 16 122114
30796 68 44044
21153 34 191458
48429 51 191347
88710 80 189347
58045 15 197641
4957 96 199145
138621 36 173078
138225 84 151494
2889 71 44072
160598 35 245351
118744 90 194824
183529 9 214786
174880 58 211215
53072 80 220971
130722 59 147680
73848 90 169597
99204 17 103944
10607 5 89057
21999 80 58866
26177 51 159409
201801 63 229318
130893 37 196158
89940 56 100923
17036 41 144008
72410 89 174436
167340 37 248947
106210 32 208649
69411 12 111022
7354 58 236929
115468 28 153870
195648 100 229283
119231 51 141762
36088 29 227445
173908 76 231944
45522 2 158033
109445 56 138075
189567 40 201417
37130 41 59800
178312 71 206138
219360 65 246562
44381 5 188911
18324 87 79980
4292 31 208473
29860 40 220216
87638 86 144252
138609 33 210037
63038 64 235126
22670 73 187240
23867 80 100260
131823 26 173578
35773 73 238211
53574 15 112440
79997 77 115749
74967 23 222675
15052 23 230926
125069 38 128466
77978 14 171788
8137 66 47297
49947 34 155377
10776 62 25143
77985 13 192537
209964 49 214914
10454 73 66634
93860 63 102758
80276 1 202245
91332 74 226895
37178 16 114256
90919 26 237305
56769 61 184707
119815 8 249270
91827 24 138243
30539 80 239728
56788 23 154579
39643 16 82182
45460 45 119434
105838 12 156501
13483 86 187158
95166 85 228170
28395 53 52129
107670 70 234971
105401 94 225018
2318 36 225078
154592 98 167594
8612 87 25303
32992 13 214853
175204 19 249118
20987 17 141305
13982 53 29341
96740 25 169126
9088 46 216165
60272 59 243123
87506 40 210100
11502 60 246313
79355 81 246638
76 33 76261
28245 26 220684
163882 12 175153
48600 66 224825
7599 16 218480
3733 95 102967
172573 22 186842
34790 14 178905
117322 7 210445
179124 35 221495
83342 29 138907
180906 29 241696
66788 41 121423
27799 82 31191
59438 56 84581
86731 39 155185
54472 11 232315
41080 55 231374
111544 40 236866
28925 48 102894
105650 40 176481
79343 88 244302
19320 55 145344
67047 44 231389
32509 97 225294
45222 59 81072
46668 66 53249
159092 13 238252
38524 61 74291
69641 49 122175
78736 26 179700
113063 28 127537
101210 77 113712
80873 30 196042
127858 93 177836
183064 89 226883
66764 86 178843
41052 77 193742
209943 84 210241
120557 61 183319
4913 3 21926
143705 7 247900
146593 76 240320
144512 9 247059
67033 13 232622
57735 64 245778
18542 45 166898
68817 80 124312
48986 49 69251
172870 32 200047
209480 51 245126
110397 24 164175
54397 6 189844
49417 57 180891
64382 55 115017
75590 86 191989
11753 39 126214
169221 73 177358
55706 35 139441
70725 44 176350
221686 30 240381
45535 1 98044
182979 92 206030
30379 38 53825
55109 20 142719
75861 20 80970
16822 34 85824
10322 58 188494
92861 41 233996
1000 57 5042
7196 10 177220
65492 95 180351
42137 9 93304
30436 100 164632
27485 10 224095
18168 34 109824
49269 74 73717
40084 53 235252
86973 19 115284
9773 34 151858
43244 42 168362
59192 3 225541
11609 16 123336
59071 31 207945
17185 45 76437
27600 20 82224
82821 14 197570
130012 60 139097
196329 83 199968
96630 1 140192
52725 32 148008
40618 31 233830
87330 39 92181
151678 87 213314
56337 66 158073
165645 10 220226
60979 14 129211
43925 86 77705
193604 93 232075
17039 80 100610
81204 48 245034
120330 96 231727
155722 90 170205
106506 37 233652
209132 6 215730
36929 71 114838
87528 76 172798
19855 94 142065
81243 17 172335
84834 2 183421
102841 87 112524
94598 77 211668
53994 13 151561
35211 75 201721
10157 80 191664
159890 85 231961
78369 93 204238
34221 67 240061
83690 8 230373
134196 8 135325
67115 83 83648
195584 58 208201
189796 2 203955
80378 70 175282
180718 10 204716
25878 2 198945
35121 97 199708
112110 55 233868
90908 35 244438
19898 24 116535
223686 4 245260
61243 95 100360
127852 43 203925
67339 24 129259
156 55 10216
4113 17 233548
44071 9 182045
58897 43 155253
23474 59 138320
195028 3 222588
158570 47 236503
1917 79 176294
27459 89 237180
141627 86 248569
94116 16 140434
10493 8 201018
143811 44 188652
124254 93 228664
58259 32 129050
27645 69 217229
111662 90 154472
34034 53 121562
101512 50 173948
176989 43 240567
83208 25 89542
77068 33 155679
5930 50 106266
89013 20 245092
61464 41 208865
181966 82 197444
9952 15 214044
124610 98 232473
39516 97 242234
78990 14 88037
76418 33 149812
114849 33 235483
22602 82 245263
154227 49 239195
9543 24 190139
93238 47 124759
145187 92 229249
71937 10 133831
171244 2 190140
19247 55 150883
7621 4 90972
19062 16 105293
75818 55 165676
140959 61 159906
158324 73 166800
48851 53 244523
69452 94 140639
145845 96 148594
14962 92 106750
19411 58 213962
64098 46 76975
43090 40 197220
29389 53 135166
21431 69 165361
35163 55 126238
26525 15 236646
71827 96 206054
108439 25 205657
88964 74 185549
135627 18 176097
58691 4 67444
208063 100 236067
133525 23 133633
39152 27 90812
157010 60 193167
116050 18 249312
121263 79 239343
165006 95 177913
7869 40 201274
1680 67 22562
16731 85 111629
92849 91 187015
104588 19 195967
168484 27 188453
175644 3 232979
71936 36 103939
88178 65 92737
72578 56 168058
1566 57 211625
12862 77 58074
18943 75 33540
134784 88 239320
111886 90 136836
15176 5 23586
30905 32 111320
7375 92 127048
74211 88 162063
107977 3 240819
16782 17 93084
186343 32 229383
85780 92 187894
183263 3 213677
48000 36 182710
120160 83 193030
186490 35 194870
26933 25 138693
219712 96 226518
148249 65 248348
176518 71 233753
28492 84 228292
107831 15 120479
51202 24 203922
83313 73 183242
56519 23 204862
77312 24 221716
12460 92 214409
85028 12 232556
26925 59 63778
120613 40 209212
101475 22 203544
66420 66 81542
105391 38 107163
59390 12 131782
44236 41 186505
133447 91 224298
90592 82 247370
145068 1 188016
195633 12 225929
32003 47 228280
163246 5 223233
66048 95 191998
33981 3 128988
124819 76 128000
85647 33 93994
14887 33 200162
115328 83 247657
152172 36 167396
73980 74 150758
27033 3 56069
128846 41 181880
88143 75 201196
23110 78 83111
217788 23 239311
24473 46 228051
11873 2 126264
99289 69 123308
155184 21 225938
46934 42 119677
23447 87 169073
46041 91 188013
31184 97 89476
8661 5 151642
598 44 167477
62238 10 112266
153691 89 173673
107298 60 244977
106435 92 136693
149935 9 241412
46331 33 90273
18791 45 218175
21725 88 182357
188708 44 202987
44984 15 241590
44879 74 193150
4577 54 14998
40235 49 42481
5637 1 206235
89287 16 128731
64756 80 123261
82119 58 206182
50524 24 178733
170085 3 245625
184114 72 217073
3815 47 99630
12508 47 236139
191 27 156170
191359 94 238410
118920 9 128009
23075 91 56645
31594 64 149310
48556 42 156425
176928 81 246516
159192 11 198951
99421 90 228818
96943 8 162202
8019 61 41379
68019 37 205966
70628 23 112972
67570 28 128666
151738 24 213469
25737 30 210659
23576 18 101572
80154 56 191836
101437 50 147226
96715 11 196790
57896 29 159880
234364 56 249795
94259 24 121748
28339 9 204683
62780 52 168448
226246 35 238870
129496 39 201217
906 85 98020
134319 99 172847
144845 89 171017
165828 13 218826
75356 98 249460
22416 50 244510
75070 33 164043
17180 93 30937
43968 7 163180
240194 86 243817
168024 6 249963
155044 98 171382
17958 27 106263
110454 38 155255
38203 51 114092
105050 30 210822
86127 78 172221
170047 38 231527
6575 35 62126
126713 87 189400
6173 14 61822
175515 91 186477
95673 73 141832
217408 85 247663
210128 61 231140
222248 97 242510
62122 68 111086
69416 13 80815
56988 53 116970
75619 75 111513
117117 46 237914
7304 35 228230
42180 90 196819
69685 73 157942
85463 24 120963
24345 69 236902
39502 43 224199
119333 95 183740
93572 76 241409
60250 1 241629
157476 82 217437
159557 13 212852
54125 44 98958
39976 4 196442
36953 73 93694
30080 52 98857
145848 20 215035
211125 27 248472
34452 72 187203
183028 33 207083
161007 14 175343
142334 28 150407
36851 41 185580
9117 29 124842
37542 66 132502
30976 98 100230
168281 27 203475
189693 43 229943
124266 75 233134
34559 49 50683
145410 89 203789
50074 94 111534
155339 58 216448
35581 88 62273
11197 75 191836
36636 37 157827
216821 76 229114
56525 47 178950
29412 83 211051
146569 77 156184
104273 54 194773
220042 80 242735
9708 23 123587
146690 2 170001
90457 31 127174
56106 38 97043
162538 81 226852
80811 88 105282
15028 64 147186
72976 66 242742
61121 83 78906
145323 66 211310
207124 100 222156
51768 39 167167
129039 18 217861
38743 57 77077
45117 32 67836
23889 58 89169
29611 78 35877
33069 53 42354
68370 55 75307
9642 29 170787
56625 57 188771
11942 78 83153
8903 77 225192
149479 61 196887
169683 72 176068
26882 99 225586
32825 9 110805
182496 53 215409
53480 94 113608
102816 95 103017
64269 88 117635
49511 69 159092
27068 67 217460
154179 5 210533
6285 61 215254
107008 95 179833
45900 35 187537
22833 25 128482
50259 17 143998
120279 65 224978
158901 48 190198
64456 97 85200
14208 92 227148
19213 46 106218
42922 55 201672
38439 91 243710
138153 20 179555
7667 8 161165
36181 8 188568
234248 64 249698
20286 70 80015
67919 7 245537
171861 98 222506
59313 18 134453
86526 32 219722
25136 80 78320
1120 99 121364
72712 96 152188
36779 10 230837
138679 19 217657
95195 24 185334
13792 9 84647
163113 93 230033
6342 78 111651
134114 52 208446
52754 76 68386
181907 70 213492
25749 91 196298
72954 35 175596
171350 49 188070
120074 35 139226
86486 38 136983
148125 100 221968
30721 87 126068
28560 82 236253
201999 65 234926
73988 13 125848
17950 33 234548
141977 70 164371
150382 17 187126
9283 37 118889
44307 24 181786
145118 67 184256
36600 54 201357
59365 69 235246
163110 88 217366
44444 46 246274
164116 80 210169
199571 53 243202
20887 50 135273
120130 33 226158
47858 9 223927
97232 19 214735
144590 24 145162
100361 42 186140
51492 20 147726
28456 7 108261
184188 15 206867
158335 80 192248
94574 56 135360
125206 12 170293
113988 76 181642
201491 18 240647
144289 50 240250
110809 13 216173
124829 30 205676
35906 59 123915
206186 61 248765
33478 19 187954
112211 64 241083
37922 51 247750
102324 95 137695
73356 92 240136
165242 87 189312
125308 51 188360
111479 61 213154
22492 83 119689
121570 18 136185
29359 73 105578
51098 49 144215
182430 98 186059
188728 87 189229
95800 89 157322
125286 1 213150
1565 49 148424
100993 68 117757
182438 100 232317
28703 12 181687
166741 11 170708
104569 12 217986
191051 35 210301
79500 18 124601
214022 55 244030
3755 47 86880
99393 7 247605
58218 22 156268
198280 84 244089
153317 100 213156
2103 81 174976
53096 16 235760
108826 9 223134
103028 71 164602
28648 91 162765
116572 87 211203
76916 47 90283
63549 5 148377
4059 90 17720
59199 95 116548
140620 14 161046
43759 8 242931
131937 23 185144
5571 33 10659
89296 66 94834
13310 61 110406
90907 42 217024
70516 96 71888
145623 60 196669
92680 97 202765
24554 78 42420
59224 83 175989
108204 1 211533
11295 33 76254
80172 38 141903
114203 87 222511
15137 7 210652
16608 62 50895
192661 66 204815
69985 20 236662
51163 79 224439
52771 53 191366
22868 53 197043
115705 21 236975
43225 6 196106
38077 80 83786
139474 93 197076
49734 54 195172
111887 77 159035
225723 18 239707
26781 39 244863
83356 14 128827
53922 3 240734
182695 6 200163
141480 3 145982
139435 13 139461
174499 79 230282
14931 56 115816
107559 43 115022
57664 95 176934
125078 15 222686
35213 24 76312
76529 52 245882
169281 28 184165
2125 1 7579
1874 31 11729
180347 72 180878
94255 11 158707
45516 95 119105
89784 22 135576
416 35 223699
46453 91 248609
42420 16 208525
139005 10 177378
53962 10 140655
215598 72 242823
66311 66 90931
74539 90 108941
107681 70 119759
69924 44 106301
156009 78 188197
52862 93 56867
232338 25 243313
142845 36 236837
2349 74 125462
161803 11 236065
47412 92 220792
14513 88 202890
1541 9 140380
50530 69 82631
55219 45 172725
72288 20 134183
68404 5 109344
129034 41 248006
107974 42 231088
56262 28 150713
22362 19 143173
57728 25 229640
12729 91 47615
221081 44 225558
55968 47 157023
81152 36 201294
67550 64 231038
94542 13 183455
60469 56 75972
16133 100 212665
159728 45 163951
174939 19 186163
15621 52 93772
38105 33 91866
43815 94 161649
70696 44 237371
83100 55 125731
57375 81 61311
56468 39 229674
34587 11 206856
27917 83 115387
104074 28 144201
168977 47 179877
201082 91 201836
130997 53 203725
132272 72 185727
57330 96 119471
105825 15 161279
55576 60 169545
69152 31 84028
41328 67 65559
129241 28 229876
84731 30 105660
39257 21 77067
2004 61 6180
858 84 78008
63775 28 206554
44381 43 186767
164322 34 180988
180965 1 201124
151474 32 245620
143554 83 192649
10615 51 200581
10838 24 74932
139780 86 150392
104528 39 110060
131722 53 227331
5629 47 101362
156822 3 170677
118658 70 210762
113949 22 136872
51135 52 91406
131837 37 135143
82605 63 96029
105284 90 109996
12225 80 210990
155171 70 224054
54101 58 243660
139643 54 228553
18943 20 76447
86910 20 193003
61534 43 87670
46814 14 161764
43691 63 238290
42994 66 148265
78404 9 110914
59363 54 121293
23501 60 181920
56249 2 87601
7873 2 66822
21472 1 113390
55142 71 207582
48442 3 240073
96032 29 233494
56162 82 127016
89193 7 164510
175406 39 201154
28493 48 45678
137692 69 186035
142248 92 203860
40816 59 222949
124948 27 183412
193852 71 241407
24824 54 215370
55787 60 67240
34942 88 195731
175247 29 201375
3933 36 93026
177322 64 221068
4313 60 41059
54188 15 108115
9939 13 192101
183004 71 206409
28183 57 243271
49736 60 71803
158435 37 214977
171709 85 216568
195947 64 224566
67741 73 120569
133754 31 210878
3772 44 80535
109439 3 135622
48499 15 120554
62823 41 70563
95297 20 222336
67412 46 91337
400 52 143726
169486 51 202600
42380 33 156899
24534 94 185534
26574 61 115702
129283 4 212511
79389 27 238278
138004 32 154306
108627 30 206902
4739 13 89951
118438 13 231203
53126 52 238086
125327 38 134416
36710 100 167117
222350 99 243340
90305 58 190687
66342 73 178869
204124 40 247954
191798 88 221838
26381 72 196294
175990 98 199635
51916 12 201143
44608 44 208934
38616 64 174674
53072 85 63249
92901 68 132366
91611 56 125358
107904 13 211643
28706 38 124767
179117 4 225572
134377 70 185147
6339 99 30366
99498 12 103525
25425 16 85114
130644 92 240625
5119 92 5653
88192 25 158811
97226 64 156654
81522 22 183010
18143 69 182956
7499 92 168625
148197 76 177596
205969 92 210600
171518 31 175332
109974 100 176811
12692 34 78169
6961 50 215188
8385 99 215985
33107 70 142058
46931 94 216516
39771 41 145228
66724 45 240689
13349 56 209180
11097 9 228992
14565 95 136041
197182 6 206281
31465 76 63003
3103 51 156925
41069 85 93755
44021 46 216544
30418 44 125961
50661 43 159655
24707 27 128297
32477 92 108890
112840 63 122685
42372 69 194040
157 77 153985
32344 31 88115
74367 21 159408
84312 66 203855
2969 68 203211
144086 79 152460
228582 56 246660
173152 83 241761
221098 60 233172
15389 71 32871
90611 33 133177
60618 74 145002
78307 54 86112
222261 58 228520
97170 83 163624
31103 14 102646
26693 52 165512
18704 60 179156
228601 6 229689
65664 57 137962
108403 12 224923
164487 73 210097
23287 75 201983
57064 65 152827
82058 26 85179
213797 96 230505
51780 54 244075
90720 24 187722
41317 68 199425
86101 49 100616
25179 22 40716
73217 31 217574
7448 15 20476
26572 61 200535
210108 14 229045
116228 60 225635
70274 39 168457
5647 81 54667
25241 26 222380
73038 78 167057
98949 8 173334
183045 47 249162
877 9 158354
64859 91 158375
17347 44 89476
46146 81 60682
85007 58 133377
2694 8 181902
161164 51 223887
34303 39 54603
43601 12 157896
60561 9 173648
54404 63 71920
83476 25 100438
76367 29 197680
21841 91 36110
139148 10 177138
179486 100 236230
127454 26 223591
63110 36 109062
140361 94 142338
165720 94 173458
96605 45 188519
11952 80 159236
23160 80 54316
170400 60 175411
177453 1 242590
5135 61 234937
46109 9 188136
152710 29 154091
37415 12 116127
140351 49 207405
25955 35 155407
20845 8 76598
50899 81 124392
42627 21 135902
35043 11 237661
18520 49 141067
121947 33 222986
118896 80 131155
90248 26 158324
196154 50 235145
118964 34 168023
213576 59 234909
2971 87 128381
2955 60 128383
73241 80 164807
4074 53 103422
182723 38 183667
193377 7 237534
48915 66 183247
144176 73 176353
172081 99 172794
184436 16 243742
119512 10 208733
149385 70 223048
159237 11 233517
32796 30 107101
158632 81 198042
40844 69 229395
65641 88 94908
89678 50 93583
37098 10 171537
175693 1 176468
39872 89 43884
42165 66 142449
16336 14 182716
19478 96 163916
32004 45 122122
47072 87 109651
129916 44 228221
86484 25 248329
136926 88 154849
75332 32 145380
66153 19 107241
9775 40 225600
151670 51 234363
8352 22 14885
52254 74 193938
33901 61 57422
94672 93 158003
19497 76 210432
27513 9 77139
158506 14 165602
182519 79 193676
31022 22 230984
128222 12 222542
71181 99 201212
83871 68 121547
56638 95 208445
49462 61 232653
95790 44 158570
125384 41 147574
65809 18 92475
24953 56 27746
92433 11 181719
131854 7 233963
65251 93 125815
112474 3 191990
41335 36 193388
44494 43 223954
29286 61 167504
156287 13 242595
156766 73 194437
13065 35 131270
32579 94 70383
55631 3 128843
76867 10 144566
38646 2 166674
34361 68 57493
24135 7 134431
20033 44 65311
43267 100 108167
27063 80 217616
119430 54 220512
115887 23 146143
54644 50 232354
33340 7 136950
7239 94 212491
49404 49 201918
71689 21 244955
29848 21 74919
33460 57 219649
125853 40 237722
84903 88 87400
8251 31 156794
68018 15 92894
76298 92 233827
62811 48 247299
133747 94 149668
28632 80 164182
52452 61 139214
58652 14 237834
47321 54 207468
132038 9 204038
119380 33 232881
6323 17 155883
30415 68 45270
101445 80 197335
57580 82 203003
77148 11 127524
16009 85 159263
132280 29 216610
159468 89 205381
41190 50 191742
197422 83 241283
69496 76 244045
6682 63 105968
3213 72 5570
9414 81 92059
15906 31 78494
89505 5 101418
85304 97 149081
43651 27 126644
53582 3 177549
120189 70 204458
96565 56 106945
17565 53 209131
2031 10 99912
9254 77 131923
5879 31 135231
84223 73 241071
18334 9 132278
21730 42 86811
132963 96 245527
34864 62 104255
195439 85 227633
134359 69 175091
167892 40 184393
32314 44 240430
26941 95 246689
170782 3 233546
85162 53 92722
28476 49 28706
50285 65 201769
121866 51 194820
16349 79 246910
191022 86 236753
216339 12 249440
69068 68 182566
9649 56 225605
152367 64 194501
90709 38 134637
137198 44 198102
160664 67 200170
118741 69 234256
68846 73 136812
26375 26 128179
62958 78 180725
36599 26 95415
101973 70 169955
24196 65 212298
79367 32 215164
13758 85 133416
43815 79 209542
39023 73 40230
106925 78 125777
143729 15 159273
43799 36 180981
91002 53 213260
162133 81 218327
150399 19 243091
90562 74 156003
67655 63 159876
47544 34 96756
95983 93 181956
108391 85 167512
14371 44 217595
4314 75 96943
97832 13 183600
45809 99 235566
88754 6 145472
13788 3 235775
17899 18 95476
65013 60 239033
144014 38 146555
22000 95 170013
182906 38 232898
89506 53 225128
5344 25 66686
227986 16 249528
48698 95 154742
11171 36 242904
161179 27 162641
25030 41 130656
23415 78 140586
37976 63 181070
143951 28 193358
96455 67 226937
205465 100 238373
66199 46 206111
213216 85 249520
10184 20 18387
238854 97 240352
94789 79 214848
202028 36 245250
73540 75 169489
166978 44 183175
723 47 133167
50498 71 104567
57306 15 116840
167190 13 194900
107953 34 228153
52984 13 226476
32272 73 82179
162585 99 185620
99293 43 234671
2630 31 85342
18918 94 160748
55852 45 68759
121974 52 140353
117908 47 227519
124292 77 246676
120963 14 134090
200 84 33658
169130 90 225158
194031 84 236390
55397 19 93234
238 66 116676
48994 46 56166
81990 15 87367
66377 11 66621
201815 48 235674
3662 14 241633
122068 63 218899
193976 48 227742
71487 24 210977
154439 24 199154
17129 11 147070
69725 65 206039
53878 47 124878
149778 94 165710
179356 25 197258
48591 82 131365
54272 79 153475
15927 34 238234
74894 96 120363
74127 15 92293
77634 76 88050
44045 30 54677
51371 57 201319
92673 44 170628
156433 6 176296
39937 3 129958
60192 29 174107
39490 80 171670
22185 4 47368
1207 16 225545
50586 4 104745
64316 76 139931
168003 90 199437
194285 61 200272
114389 97 188310
27429 34 33861
31600 32 119984
25886 66 114369
66206 49 151913
126343 84 135714
66751 7 233721
169825 12 235321
65649 9 157977
98626 70 163616
126567 93 168001
60908 2 91044
162419 57 215036
61113 68 115662
147295 59 157864
181528 52 197045
196827 11 198502
33972 4 204564
55513 37 87939
88345 85 201063
87426 81 139273
92998 65 233582
102178 89 110748
6569 83 175622
51933 20 64193
58389 12 134785
43337 43 58275
208742 88 214764
44445 8 141209
811 89 30938
56289 83 236658
50733 87 195206
88427 85 203285
163274 11 168233
191791 2 195978
85957 80 240823
96763 42 165068
42186 94 249091
156664 80 219672
79928 7 161941
115066 97 212015
138698 100 143571
18413 97 141038
181771 44 247722
63643 33 87959
48012 64 228015
81114 41 181617
98914 53 112091
34125 87 210977
145291 77 146880
82801 93 135059
110745 31 204355
21844 84 43135
33795 42 41723
110735 50 241202
987 92 160474
178635 27 217553
95772 89 229987
84284 43 212409
41041 82 70061
94072 56 202899
56827 24 246108
8556 83 58338
123487 40 171126
6878 45 17567
21336 99 65594
22986 11 190709
40054 15 123264
186146 96 244392
16491 93 223440
61547 87 177929
22940 44 207465
208152 54 208948
116372 17 169691
45899 53 172625
113152 19 244420
9311 35 49773
8314 21 150379
108229 95 160209
