5000
213226 22 229109
10692 44 55708
20538 32 215429
23892 71 35653
34749 16 105070
151336 57 232371
62852 66 141178
195859 42 211335
38889 22 191098
40025 85 189917
176260 22 212147
143061 16 242602
83631 93 249919
99333 32 119863
21778 78 98860
149005 88 241903
16315 5 115712
146990 48 238468
88348 21 242282
6127 75 9388
194506 29 225024
55652 97 81896
131979 20 213497
32773 100 61892
28452 20 35339
168369 35 241137
151017 91 219222
45343 100 203365
29922 58 73894
115347 42 117902
62768 36 98150
188549 83 189332
73419 29 203690
58798 52 159918
144213 55 237276
60487 16 206692
171159 88 223811
153178 64 169328
45050 89 160133
61024 55 103642
122279 27 162145
75817 14 205329
40205 11 121889
41556 90 230715
71966 53 82355
210414 1 247138
38957 32 145816
70838 46 200786
24868 99 183331
102348 47 200835
16167 55 232119
194497 39 225757
3748 46 232097
126758 13 163686
127461 3 147294
222239 68 233230
145596 1 247169
176182 97 198314
111508 74 226809
19215 100 121761
125884 38 164358
60991 76 76471
13446 99 123362
73540 37 137845
113660 64 190223
16779 1 186009
21852 48 235133
30550 92 240132
243697 55 248594
144253 80 197935
40250 47 239802
50590 39 198829
120807 95 211057
15743 17 85986
151645 1 172486
122663 19 193405
56592 3 136888
175125 70 176705
42368 8 86101
40586 87 134882
36955 65 199882
65873 57 123457
140238 47 204933
92829 95 157741
5982 24 125835
37587 74 84137
112299 21 181564
61585 28 120994
169099 31 192920
6531 80 234295
48334 79 72833
18901 99 247734
79286 78 174528
79728 77 240396
97829 78 112131
145399 3 191113
90002 22 228646
10258 68 187210
139246 52 144237
108063 84 173147
111030 85 240238
15625 22 114460
52788 44 111011
136586 57 174730
97205 31 139886
4154 11 68480
60782 68 171513
190102 98 209588
26506 87 147067
32992 64 147484
80629 89 150720
32910 63 125901
18529 59 89984
193639 17 208847
111169 18 141740
149518 56 220589
2211 59 124495
106232 27 182142
150719 38 201378
99898 55 192243
39532 69 78453
152011 5 240251
62772 81 156540
76322 99 79080
167060 6 179120
109105 7 228011
188804 61 221838
28988 51 91670
115498 35 186404
86649 45 137662
126616 77 240014
48892 23 147084
112409 99 192906
10173 68 226159
1537 63 242990
79233 41 186399
141564 10 246584
109028 100 134719
32050 28 88232
6530 100 155022
4370 7 88099
53870 16 81774
236524 18 241542
20953 15 122091
42956 21 119937
91424 69 180403
89634 7 115869
6106 4 51765
6678 61 86550
92945 60 102471
125614 88 165139
484 41 148323
33726 87 136797
139595 18 158920
28506 98 109081
35702 15 106933
50444 73 171455
152955 61 207716
105053 59 238280
52758 11 71243
166390 69 231396
70475 40 188886
153790 61 176836
80971 87 121712
131389 65 242042
119634 89 240346
65334 29 156398
20436 90 212705
131133 48 246003
13978 87 62094
30732 25 147155
44003 67 238028
189056 14 213073
152769 81 174465
5505 7 162910
35922 80 113816
132978 93 184510
16606 9 46333
137334 22 146624
162813 81 210323
148890 4 194991
125451 51 223293
206499 39 246417
179606 69 187096
201444 72 228969
112702 70 242217
142159 6 229667
22709 78 111876
238960 79 245839
61238 65 221138
104157 15 157380
43014 98 144968
90872 23 111822
112932 42 148163
59077 48 126791
22612 48 157858
69230 60 221108
66114 86 229446
95224 35 178701
4887 42 148649
15273 55 232039
88693 13 248935
120852 81 201602
24764 13 54173
91906 46 204702
61257 41 162208
33001 42 119884
97913 12 131947
170281 22 227185
35244 30 137873
89701 30 134441
118351 68 146799
28289 50 36315
244039 71 249909
63840 49 204128
65534 18 78328
66421 26 107155
122420 75 236891
93050 13 147611
7557 29 227184
167676 19 210564
6522 36 53418
220146 28 227214
150289 39 204809
223213 85 243982
137147 91 224673
190850 59 204101
150667 37 199276
28205 43 137050
119710 42 137947
138276 8 233388
20599 90 24486
160130 61 195503
115404 87 152836
118413 83 222268
24448 75 219511
172696 93 189232
184242 23 226376
71321 6 178468
92655 74 107110
128715 30 153634
8123 2 57388
52307 26 195006
29323 78 164462
11423 83 205992
153109 92 228136
97450 21 234763
39135 54 70166
44165 72 149826
24849 42 124126
133218 73 183829
3191 7 21397
172281 9 247574
11178 70 189414
17536 78 98815
135503 94 248127
30038 94 217889
100043 77 213802
112714 34 124575
77497 66 118984
93296 35 218210
58819 59 183723
87421 76 128644
204122 62 205534
9758 75 228062
104897 48 220793
31073 11 157925
4353 39 145835
163394 19 177547
184951 66 212448
100427 75 226888
147835 47 235049
108564 1 182110
49544 34 50297
90165 46 175259
66724 76 222504
98908 45 179526
121975 38 249990
46429 10 191787
11479 98 123295
133256 2 231559
41828 14 206672
165624 98 197337
188078 65 239436
43077 24 226158
141394 44 197582
158720 16 226461
5527 89 177197
15819 45 56077
39202 46 201929
54264 6 83588
1184 36 34013
67226 29 79560
2257 12 158911
159304 73 239640
15433 39 200888
114895 92 179370
56023 44 110325
114499 70 215454
178667 87 243032
173357 21 173633
60384 50 89199
68462 18 249148
69027 58 245894
46924 67 135414
30095 61 147502
44437 37 164579
40973 97 76486
103103 39 130752
41791 43 227035
36681 64 216230
106688 76 190588
57475 3 109355
60338 20 144095
134337 20 204086
18677 44 150972
15869 6 54794
84726 21 223441
142872 29 157410
117939 53 155040
158191 72 222357
33950 6 188508
155864 99 182918
129496 76 216269
79237 13 227146
12378 3 170644
121148 54 185291
74796 14 219634
22698 76 129335
32460 30 179429
140339 77 156135
21865 92 222455
39334 2 50059
52816 52 195370
28728 87 201375
58960 77 120577
239962 34 243363
152086 83 227345
35386 5 177838
10241 96 239273
118842 47 192870
203984 92 236774
53407 62 80237
149642 64 151016
70540 14 220499
5788 44 140832
45942 37 198798
187759 33 219043
126814 90 128757
6663 38 161234
32752 53 183609
68035 91 91306
70298 27 173180
102685 47 106550
75640 70 188895
163983 80 220497
54358 26 142440
136789 35 178278
35419 87 180235
21687 45 67726
105484 92 165863
189956 15 235780
1155 19 224817
95506 89 184566
9959 19 62009
19140 30 215204
197006 31 223350
106707 32 180904
19240 99 121984
13947 7 86566
221313 69 233913
115658 9 212556
71409 10 219940
41439 27 73629
33718 36 72666
21132 63 118906
42730 62 71264
93986 53 149990
180186 53 181513
44074 59 193223
37298 35 74636
80010 27 87331
197689 42 208412
87182 75 112916
57406 4 137955
77203 18 231469
136738 43 161411
74823 5 243040
40565 32 229316
13776 33 167486
117071 23 130196
50822 5 65253
10389 52 54664
9418 11 30129
35695 69 74390
75786 90 196106
90971 65 166761
166568 53 230401
216421 85 229562
69031 14 89926
121621 87 227176
61858 36 79678
39603 25 125135
42574 79 185486
58164 33 195509
109842 51 230771
25609 74 115729
187154 19 237311
164512 26 235073
99959 64 174490
12930 93 45019
79985 26 217100
12862 10 106363
62121 9 113006
211683 63 241603
167864 91 198568
77046 79 222959
17505 49 223570
94227 9 221108
42111 4 239253
21250 74 172301
71185 90 197823
37804 68 119273
83236 39 144370
177355 41 210422
102916 71 171244
116182 51 183766
152588 17 233129
106341 34 122799
109138 69 219780
6240 52 31929
99803 87 234438
66399 96 220351
62134 12 71566
1860 21 137550
3165 11 126448
114906 94 152813
60255 32 198514
31551 18 71652
86714 37 236321
10676 86 119987
185157 72 196435
168272 60 198494
80034 82 240595
128655 82 207555
40106 18 93202
30699 14 119536
51561 36 115357
100887 39 169958
12716 73 14576
45759 18 76577
29526 40 139977
40076 56 184643
60893 12 162782
138696 67 145463
90719 58 222243
116557 33 234382
103909 61 249143
81433 44 91484
49338 43 181697
46141 51 249568
94328 49 149358
156919 40 223209
47408 16 195794
17223 8 41226
28385 29 154669
99417 35 107139
24615 2 234768
34348 47 246047
53597 38 125078
158890 52 245838
96842 71 118857
9039 59 141102
99191 7 233581
98200 14 209345
32901 94 214021
217008 54 235880
31309 54 170740
104066 68 190388
29728 64 74474
16591 58 144137
113804 59 152276
72255 4 115495
210222 69 235843
93457 57 151986
62826 25 227107
83608 15 162500
101250 53 142896
169491 34 203361
103524 77 112045
24330 75 166897
42766 69 134096
92923 53 242210
43202 93 182104
180366 69 193751
68018 50 203680
92481 79 127585
208229 50 209607
57374 64 226042
158484 23 244936
14275 16 233198
40298 53 46090
68942 97 198966
120622 64 194603
55436 59 220050
44574 80 77216
23096 44 182232
57788 97 62445
82207 25 207193
69685 84 88980
35081 98 123090
61880 35 209196
53234 16 54845
160058 93 195511
128009 6 167373
197555 3 228415
69707 69 74007
226864 24 235851
119672 9 187898
12693 25 248669
16750 20 200917
15807 3 228930
41596 59 225235
131962 74 188125
32051 8 89477
141075 27 238614
4458 27 74683
90609 32 185887
182516 91 240311
146344 16 203470
12295 64 230206
43268 14 185764
164298 9 244852
81027 47 99045
184520 54 189964
150766 52 231033
72455 63 235337
32207 7 159510
65895 61 91912
207978 31 238354
28112 100 91091
89012 84 91767
142203 54 165661
129382 81 161182
1876 29 35694
29499 12 166515
53487 83 200227
112965 72 191375
220546 92 233626
104754 58 133897
124314 63 227279
35963 89 96279
34831 18 98985
194914 62 212448
48970 71 149821
19828 16 249899
106218 45 158434
100281 30 152266
52361 47 56762
193583 64 197798
47131 2 73596
79599 97 152101
81749 92 172909
137776 13 143822
7589 79 73311
104079 100 189628
19915 54 169544
127994 29 221738
73530 86 121959
68360 53 246153
29055 33 68574
141437 3 220789
26538 60 155724
18912 35 106175
102617 89 117128
60479 25 212460
122938 7 126391
56298 51 205946
105652 38 159391
69370 65 123480
113257 35 172571
151812 74 196455
223883 55 247323
110929 55 190814
81957 90 100459
239844 30 242878
89253 36 102032
22146 99 40654
172874 91 241491
27158 86 161972
81101 58 111094
32896 4 199364
52113 51 185135
125542 84 182655
81607 11 192652
94044 39 140785
48318 25 187774
46257 75 107412
203849 30 208408
15193 1 18709
2697 23 6764
7062 38 9522
51579 68 158775
40653 88 248627
119762 62 149491
58614 47 232178
42961 35 204368
86798 91 198521
29259 4 201765
22057 87 201449
58409 76 150350
3340 11 36997
93324 38 97329
43592 98 87638
60872 50 143172
20097 92 37689
71497 2 128235
162123 71 247742
189950 14 198768
93436 100 236042
210060 52 221045
123171 51 248047
36835 65 222930
109646 84 147804
40707 43 189067
145067 14 247478
34328 91 112753
189820 83 231235
29549 8 183989
79241 50 229149
16626 36 164263
126180 17 146465
53903 22 90365
20254 56 131357
35140 34 158130
125472 7 176794
181171 68 214028
43506 3 97986
45459 38 237209
72351 55 96946
152770 14 230921
27419 45 199232
141207 23 241322
132240 47 152774
7904 10 51698
165274 89 236057
146607 84 150754
54812 69 214006
60913 8 67738
64065 24 86996
95883 1 174987
56958 67 114134
15652 74 120077
146357 86 211193
30208 33 82959
20212 46 169207
121690 19 240983
131971 5 247380
94022 14 202673
33800 20 182239
230388 31 235287
181643 67 230820
47271 87 133128
40134 7 108069
9364 41 56275
86966 19 182879
46617 90 224135
147351 68 200890
58781 51 193400
152484 8 196520
97056 35 190198
108316 64 231382
55756 100 160892
88490 63 178695
19144 31 187978
203160 78 209984
178474 99 197744
186499 38 246682
95071 41 149731
45182 35 140628
4220 31 188515
24045 68 235523
34316 96 129602
46245 80 105534
9752 75 201324
215814 99 239043
158922 87 219447
112810 23 235455
164229 26 239101
23733 70 235493
197209 87 210097
39015 33 174490
23371 91 209974
27235 27 66064
213176 33 249920
18553 88 46970
86587 44 227805
4870 49 176687
13234 67 118362
12371 6 213132
151135 63 244533
168039 83 233862
44652 43 172867
28597 16 38370
26670 66 185694
126824 90 153928
74868 63 236333
112437 47 161712
31710 79 153300
79683 16 217561
66527 45 96519
110263 10 170531
206208 19 221529
43338 28 89343
60879 72 145996
109249 55 203992
84537 99 120761
184682 24 249022
186531 81 245409
95616 80 216154
177741 11 199413
3849 46 67527
23049 80 114937
100497 77 103996
96985 83 157173
15639 37 176589
96597 33 108774
112165 32 125277
82487 22 153160
199876 35 238950
47866 84 160180
87703 26 183120
116674 68 125948
192490 27 230701
37924 47 238061
54904 100 197315
39147 21 155380
100903 57 200976
39410 15 60965
58806 50 84689
35701 75 47229
141967 25 202592
135492 92 228924
138770 49 172855
33090 11 209516
48423 61 196784
108251 58 223492
15729 65 66483
114318 69 114751
76849 43 100347
74938 93 119229
28090 21 110842
29779 95 247074
115943 79 161980
4856 42 165074
98745 81 198406
125740 98 219501
85111 64 126569
27759 67 165673
75774 9 108799
37415 57 42169
54870 56 225463
117555 79 231422
141133 8 157220
59530 8 229484
140710 64 243023
20085 67 147628
69016 56 185533
52197 35 78207
87533 15 228645
12344 67 187144
119573 29 210914
175516 75 200692
28908 73 59295
96205 11 132673
115886 40 121893
11940 24 210935
192930 78 235714
147910 58 237965
157418 55 240601
35217 9 202967
106071 33 203002
106160 99 200553
32270 52 75796
67719 79 184747
17544 97 38638
60198 87 61028
119292 7 161982
31929 1 107839
166134 91 207700
112834 59 153500
96576 36 201834
27568 73 42245
96159 88 143517
50867 10 140884
80894 24 84006
154014 75 244025
95866 30 193792
102683 19 102738
52105 87 99946
214930 97 242951
112090 21 143086
156115 97 166277
41761 37 231121
129288 80 152523
43414 27 198201
95058 3 243800
74781 26 81927
41947 61 158666
139871 86 159989
134716 43 158462
98992 74 139082
3907 61 62267
51193 48 209704
109233 25 233910
201314 100 231385
55946 59 180730
147042 2 207136
66961 54 113880
53916 69 78030
22841 31 159230
25963 78 151003
39206 92 154727
85476 40 95304
56904 44 225126
35965 91 115538
98532 94 123563
135263 7 140614
93826 82 197286
37504 58 108796
28847 39 142512
8040 38 161876
37950 44 152934
204251 22 220693
27003 28 122455
89886 12 124456
14006 52 34366
225084 49 247067
1396 83 69335
152652 74 226512
106544 26 144667
19213 51 162407
123086 17 207365
149720 29 235435
53523 56 183344
103024 39 151377
148182 34 172264
118047 66 125690
34256 95 146060
177272 74 198628
157088 23 200245
37040 58 86319
15218 38 142719
31873 48 143101
73871 68 128732
132528 75 195849
145586 100 158657
44667 67 226019
85514 86 105280
106952 33 209349
49756 43 185590
23609 13 194447
26850 97 203272
75557 93 160269
11193 95 125982
27736 60 76037
130842 86 177938
237672 84 248775
91163 26 144538
59973 35 207972
47909 66 133474
43394 40 74920
121935 4 159308
113938 93 146534
85023 75 180946
202955 47 243272
87810 87 96981
119036 42 214566
147923 99 210089
57033 69 215740
17830 59 166140
192520 40 222930
75330 58 227809
4984 35 198943
42249 20 182958
18612 46 80907
1179 47 10029
126516 32 159066
66238 17 66512
206803 16 239588
139541 64 220083
122926 29 210505
59395 57 171067
124761 25 191854
168923 39 223885
128273 31 197917
74561 32 236596
172323 62 248634
33014 80 89843
23207 54 68836
172993 94 239536
73099 49 248494
8645 67 105989
88787 81 249797
19119 11 147253
48060 56 201185
29711 65 108112
61966 97 210652
44296 47 169381
198548 64 230700
134838 17 146273
8219 69 125257
41544 73 148040
7045 6 93718
78959 20 139667
230185 8 246750
31210 39 89528
26261 41 171085
68437 83 122723
243024 74 244901
39864 92 163769
42086 21 121853
63840 27 220856
59369 15 244099
101037 1 235539
47381 68 196662
70453 83 196417
93232 55 180400
104365 61 162958
37322 24 236842
20215 58 234659
114197 63 142446
16205 31 245801
139044 24 195178
88945 91 145612
1432 9 226059
69948 80 221675
39755 23 239933
20616 44 46361
175894 80 207785
123574 75 183716
66589 38 136388
42513 75 68969
53833 3 142567
74825 93 143644
102615 82 105394
14810 43 132696
141016 80 207362
46033 76 101481
215907 42 244822
223520 94 235964
94458 20 224315
87505 56 142287
65014 9 67203
105592 21 243229
57575 95 162229
51976 35 218890
77218 17 115491
204675 94 243299
23513 86 54244
90320 27 115201
13373 37 128984
91401 17 142574
102728 97 145735
56923 78 202285
45527 7 48684
17353 96 148629
17149 93 189064
177160 93 184150
38576 72 227453
83971 22 192408
20400 83 175792
26664 68 218133
121399 65 218864
111965 87 137893
138403 53 223646
36902 55 89631
78043 5 163158
123670 31 222824
2911 18 50781
4202 70 119126
104749 72 247410
77489 68 94877
94821 40 184918
199463 73 201654
70322 52 220800
45621 13 191112
69531 31 192920
19038 62 226158
57143 42 168999
108510 78 213825
169342 31 246293
168692 73 171516
52144 68 105307
146097 48 171733
189616 85 227577
87450 30 110114
131228 71 210616
99018 98 110800
67428 61 217881
99339 47 205528
49785 65 65236
122086 98 192273
88082 98 227891
137562 50 239696
70063 82 157457
29459 98 112401
85462 30 175116
186411 50 227570
126419 23 231987
70562 99 237138
35506 33 231162
144850 30 237658
182326 17 231288
31092 78 40505
31684 27 93634
117217 10 177785
65384 6 155000
27411 33 59748
51246 13 128268
2185 89 103396
154264 9 186126
88657 49 106368
4139 74 215436
15041 88 214180
50295 15 85395
17662 20 70861
33073 7 182697
121640 14 205209
89412 12 143823
135288 36 187699
68401 54 210368
109014 69 219715
19803 98 170243
28936 43 102225
58492 60 109712
29800 83 93921
72525 24 105752
179101 41 237024
119977 68 194170
66663 87 240142
190959 4 244989
159385 35 229947
92793 45 168159
31784 23 79472
48650 100 229371
39797 85 236569
12940 11 112077
38342 61 214495
44550 35 151718
15332 14 48432
167654 17 216346
11114 32 135615
179341 74 216461
16022 80 84743
50603 18 171640
26271 24 203803
196164 99 206500
33626 28 191035
211171 62 221088
162970 99 183348
15557 75 132678
64176 46 178632
156837 93 221508
204619 98 228555
123796 1 225129
135268 41 241720
142288 54 150706
134259 6 233118
66090 15 156688
71917 15 186363
77202 24 79258
14190 97 194556
145954 47 189065
35668 55 46060
85915 94 222338
11902 20 212576
218159 36 246765
7395 95 18534
15656 30 21433
46307 19 195628
198802 45 233263
71151 43 125188
136738 94 146338
18906 53 199987
14414 36 40496
60796 57 142467
113607 28 232156
222638 56 247744
117785 79 206798
43330 43 147074
78269 78 186839
111383 29 200173
75583 89 139200
92989 85 154934
159613 4 193027
28690 36 54402
42938 7 206209
76862 2 83057
24912 59 59513
15246 72 194892
44667 39 230911
51975 44 132903
75305 7 126866
85858 38 161964
229892 38 247435
36957 93 242219
32989 23 115810
112996 2 127410
31384 82 209495
205362 69 246655
115772 83 240652
125160 6 167240
125238 87 218963
35377 10 53150
73528 7 190262
77875 62 112087
11545 91 231183
44242 59 187012
126515 44 155302
186909 49 205900
204995 90 223998
1147 11 82075
9758 15 48346
10989 67 190515
11498 36 133628
98172 59 205668
9376 69 65116
57917 78 143776
5449 78 215347
124032 11 226848
117197 38 201713
160715 5 247016
48572 86 208355
111213 57 162871
51311 49 204037
186045 71 197164
113523 77 127504
54281 78 239555
15563 95 197421
121310 98 129847
134221 6 191643
176856 52 186649
179185 44 215369
34317 5 120198
94327 1 97909
94274 81 96685
92672 30 246495
58405 96 99579
107691 24 162532
90025 21 107733
102021 82 221903
78235 36 119565
18994 18 45837
210232 59 243464
55020 59 87750
46492 90 143787
82706 50 82925
35145 10 99235
6530 42 107816
193261 34 238571
112703 29 229180
7365 44 209092
85920 66 206350
85837 47 230489
54078 84 200023
15155 41 29770
62949 15 74961
129074 84 181934
6156 87 149995
86312 85 111043
43315 67 110868
5294 17 56373
44124 44 111768
192124 46 226037
134095 74 243331
69042 88 218603
38944 50 218587
155238 58 205944
99487 58 211014
128858 4 236772
57386 60 148851
156758 30 234982
20208 60 245034
41263 9 119084
106518 62 226286
38372 71 153293
14830 84 204731
18146 32 89687
115865 27 210477
23627 64 168372
93667 64 187327
75628 97 85787
228868 24 233126
149322 89 155911
73411 42 219586
97591 37 203396
133383 16 165617
53835 61 121678
18363 13 135232
7072 31 82982
27746 41 66774
145608 99 212041
34938 2 115356
8017 92 121674
98409 15 118071
92332 75 180479
104621 30 151231
21004 85 89888
158747 13 164761
134231 23 221936
12848 90 192358
40199 46 116479
99707 17 116084
24732 80 90557
76740 3 239852
116727 51 199818
54198 66 55113
25788 47 168651
168007 89 189824
42103 9 147017
128344 86 141891
10366 37 48094
9039 79 67269
59027 56 63859
94859 22 134530
50328 25 209508
85258 34 126927
127700 31 214631
74457 73 100349
102880 21 135508
7440 72 126225
129827 8 149790
74881 60 244411
137094 44 152125
38310 25 182427
15161 82 188436
32678 41 132442
74540 14 155352
84531 51 86591
65829 99 248878
34690 43 159601
30711 56 53691
23211 14 184415
33704 43 165261
157644 59 176313
184120 12 204579
63572 31 197281
21838 16 178157
145657 91 147536
77027 80 166659
89074 48 213307
11695 44 249818
24770 22 228973
45234 77 168847
60611 17 74830
30894 21 94178
69360 50 109769
241265 64 246727
147461 53 239661
39923 10 198872
8808 67 63677
56335 23 122575
81942 11 123097
166496 26 203917
104185 99 162597
147083 59 218338
145465 52 153948
53467 76 180259
90081 91 95882
25417 7 115833
59296 82 84765
189173 5 198468
39646 10 226963
92868 3 214565
200697 4 208595
51606 15 177945
138939 1 220883
116827 12 202103
147412 91 164994
67258 67 146665
156996 19 206901
447 60 118618
95587 46 184782
12143 18 84877
236482 92 245062
216776 45 239454
117573 37 228123
6004 77 79769
43392 8 162044
17024 47 198132
148567 96 165204
84281 13 197765
64844 20 97249
150993 73 152439
6033 31 223249
48861 10 136403
78959 58 163983
133220 76 149345
101688 5 208259
103375 42 106574
13858 52 16337
93816 42 136432
114639 19 180927
149115 48 249217
173097 17 200126
40692 31 187909
950 33 34711
70179 7 152537
234100 71 247439
6358 78 237633
132951 3 196245
100409 100 221287
173489 19 244657
41057 48 205599
4803 30 54657
162726 82 183941
78738 83 203685
149399 52 180657
72678 31 125926
238075 62 246639
71615 48 114855
78206 80 231154
45911 7 71242
180043 65 185698
206439 20 247938
129311 2 188645
160137 95 189115
44504 74 97774
32887 30 73968
145409 91 169453
11209 85 66980
829 83 96736
178637 61 210019
99129 46 207005
161312 76 203443
98258 14 143190
11665 84 71450
153188 38 206699
58513 93 213409
79740 78 215324
22105 5 117868
12759 11 43154
52909 41 211746
64424 75 236169
72023 6 224182
4831 90 182329
24494 86 35124
806 2 45646
146063 37 246150
71684 84 219337
102111 66 149968
74054 22 107107
102438 64 247941
29047 56 239932
153651 84 246886
6410 4 12094
159406 87 234755
178527 78 210783
18957 13 31870
37771 33 129242
115588 87 176092
163137 90 193181
10097 93 246772
50097 90 60394
9653 71 180496
172942 52 212937
196102 12 235853
1529 69 26946
209903 33 238142
22987 74 120245
58014 56 84221
159283 10 194496
72397 34 124950
140862 23 212060
76645 65 124055
8799 66 139566
110154 30 146548
61760 68 218150
22878 43 175216
1102 22 181539
85655 60 178381
8033 77 216730
123013 55 162440
64355 14 82721
91361 50 189618
46277 51 96256
92792 76 179457
83528 33 209496
124450 6 191363
16124 7 97387
67517 32 235813
98922 20 113256
57656 6 99615
205265 54 213016
11262 14 50821
149268 84 225026
2713 37 114114
42661 60 208943
148588 42 186729
18307 84 77768
131173 77 168419
178830 12 238683
81174 64 139250
113285 50 176976
22555 1 50048
31653 26 204982
47391 48 125152
15140 100 95086
154376 22 179754
11135 48 144764
130641 20 197397
75355 77 142134
72358 42 85197
36298 67 198144
9488 62 183656
21386 73 213851
113517 64 134836
2175 94 196568
28134 4 164419
120907 31 171871
83965 5 182512
25573 27 139076
28324 94 54568
72930 38 211438
152784 71 205768
103857 49 206205
10368 65 117110
109380 47 155834
50119 56 145392
110791 84 206044
49455 32 169070
8563 24 74871
116932 29 220762
234998 3 248242
93649 56 131501
135609 17 160920
19997 32 42493
11569 39 14625
89422 61 198682
22071 58 40986
68418 19 236167
42613 50 93197
71363 33 216221
30464 2 214682
78979 60 192580
3366 18 54120
172449 41 211738
230660 90 233510
111785 10 153229
102098 68 248971
133716 57 197311
101472 86 176502
17627 59 153890
24470 81 124282
157748 92 188200
40702 82 52215
51907 33 189906
67045 73 142752
67939 45 87361
147913 85 184272
64560 68 185628
24688 52 70227
34969 36 164166
700 25 87000
48702 99 173681
52565 23 234245
190008 37 196932
58264 10 65242
197425 84 236639
30182 26 142417
4906 61 9921
130842 46 232503
67989 92 233192
145383 33 233023
47423 81 108546
88896 40 196273
21142 44 206346
21888 98 166319
42325 50 76968
48071 21 114692
188055 11 204116
81375 85 137216
138704 74 175420
32925 59 239781
16718 68 238269
21978 32 96684
133272 13 162960
31402 18 235748
72577 48 194179
42621 35 220595
149058 65 161601
189926 6 244644
64962 86 174388
17774 41 119252
92976 43 231932
15374 89 50450
85939 85 249077
94839 1 101613
55585 45 144235
37983 34 89846
36313 7 138220
111324 98 168235
165135 43 194540
122271 54 240226
17075 86 93606
57332 9 235194
21263 89 237911
54870 99 71051
51479 68 59809
22720 26 189777
187553 80 230080
32791 14 66556
146763 99 185916
143036 8 143127
239905 92 240271
123078 74 242674
1580 43 241839
76607 64 184123
20614 36 127676
197027 34 197950
85827 19 95802
75596 73 118246
85014 43 112208
195669 67 216739
7654 83 131852
88703 49 182838
125736 37 146288
183261 97 225260
65552 34 95379
87373 47 114149
1363 39 156104
33902 52 105842
37580 6 198147
16627 87 80360
46852 59 63056
64653 46 148250
147810 72 185258
101339 61 183812
91249 23 234431
161984 11 211950
119150 12 121081
9638 2 148808
141316 1 210261
69293 91 182913
154550 36 186572
106957 58 244231
223579 21 235759
44615 66 55494
14390 68 117319
32078 14 211668
29199 48 68038
100798 36 115260
72130 3 92794
3813 23 93299
123234 46 195696
154258 33 210560
38151 42 197117
217221 16 240689
8125 86 135221
4803 17 176279
123171 94 222097
117444 79 164384
66362 5 109588
129872 14 183898
21883 35 198889
30470 94 216032
41392 1 111426
183343 75 220612
88006 4 97465
48137 41 96534
227047 46 243809
144 41 140557
86456 35 212300
134974 33 170075
45032 70 191038
201484 71 220585
99335 53 107759
91778 70 116663
238714 74 249646
13532 5 240434
168137 60 211433
37823 6 65214
116952 37 209138
86655 81 175913
88047 75 184031
89497 16 163021
19105 7 22710
66723 52 102270
40976 71 237693
147012 90 248154
70278 28 225900
21256 47 159661
25422 20 224871
87608 49 240877
55908 84 200056
48771 51 186479
65956 33 107895
139121 96 148943
163462 7 170862
23465 1 123710
14238 39 121644
86048 2 165730
75791 53 210482
1570 13 212671
17854 52 125677
82812 31 132777
115563 86 211521
92629 91 191176
26201 40 224361
111613 55 200521
60541 21 100155
9862 10 145932
101851 42 229163
10319 41 97862
142015 11 181342
33345 86 173175
72308 99 98045
130200 37 233370
128556 98 154125
87377 59 239482
66008 7 218660
118288 70 226152
50724 42 210231
61151 66 209787
136139 80 183850
179024 61 192812
78931 16 120043
7463 52 142288
169176 75 189832
72956 26 197406
61037 36 211920
167749 59 192378
64472 22 243950
193785 45 228216
22016 14 109148
78140 68 184837
28938 57 212389
35360 36 211949
34724 79 215550
58615 29 144902
168675 73 247114
121402 34 127594
76581 74 110571
4023 30 158483
45540 45 219802
59150 77 163139
110836 10 192498
119966 25 163808
81548 65 85517
63006 68 217371
220112 41 239113
47335 63 237297
55358 15 65629
28780 36 163141
99233 18 205870
22710 55 173454
167450 9 214301
4777 6 6972
143144 30 209480
46558 44 97753
88174 62 161111
49744 80 57906
19189 3 38893
122839 91 178314
215811 35 248475
97570 82 135737
27709 56 34206
48455 42 144328
106251 63 249289
37192 3 40388
28833 74 174285
182820 68 192188
172475 22 230704
82246 49 186260
73607 26 227825
186825 16 237537
15690 33 212203
160387 2 163370
46767 19 68529
128923 71 207043
61166 62 212589
156020 28 233381
17443 66 179048
145092 69 204939
5618 51 242629
50644 69 69662
74458 100 90956
71294 77 113945
227639 42 238074
65074 62 147416
125443 19 166605
79131 65 201339
75222 81 228606
64929 24 65483
180835 75 234507
367 1 39120
137295 48 146239
102794 24 224821
63346 49 208638
32460 10 44837
232128 17 239481
77743 26 212535
41999 89 179203
124788 55 203706
193180 62 246786
55766 38 213460
18882 74 240180
26028 57 72048
159263 83 209076
23196 33 181779
131543 29 173556
7289 83 94520
26261 91 26479
35202 59 103025
203066 38 237893
126319 70 236250
58000 9 109759
26518 73 133747
47943 34 211512
75240 48 154357
110750 46 119145
240500 92 248170
67925 35 172763
51415 18 112143
47691 81 93044
56419 3 118252
65565 82 120226
86496 70 201085
31549 80 100379
19665 36 110152
13397 79 169807
26687 57 146820
31705 25 128869
43063 56 237643
221285 21 238168
213894 93 220581
179808 1 180280
76127 74 125309
185879 36 192333
76531 5 111989
68909 47 120175
34958 10 113798
78757 7 224813
62202 65 246045
34548 8 96164
134028 60 171161
9423 96 12850
13851 30 196904
88844 39 188497
182910 86 234412
81307 40 146628
23479 44 247181
8306 87 236881
88135 62 176350
80119 34 186532
202148 36 210939
7377 98 209877
22097 33 68487
121003 6 249150
66 74 5622
18879 88 101915
101416 2 108504
55347 72 156952
30137 91 52078
186308 91 207643
43108 30 57174
132036 91 155653
70823 85 75279
163612 90 167648
9236 52 225054
115672 16 234776
11993 43 126803
4389 63 171089
187430 96 188062
75023 80 170258
43868 1 103561
125564 82 201990
191187 35 217323
16928 50 204211
68076 15 216709
150925 89 239473
151344 98 159359
78549 89 99892
124669 18 149264
43443 41 249007
125473 39 146384
5533 97 138669
51513 64 65658
24740 60 47503
97410 82 191860
49586 24 91870
12285 33 72868
67574 71 148105
40917 51 141706
31271 3 146077
50451 59 245385
242823 57 247393
90410 8 248922
100502 33 208475
65895 52 140336
83034 76 162345
92211 87 136516
23679 24 53235
3799 90 131994
15962 91 71045
78585 74 106430
173760 62 214217
123396 25 201875
136462 33 187177
17500 22 90903
92281 22 236071
3583 35 206787
63691 85 218799
18819 90 191873
7223 20 29508
38151 46 225191
164179 65 171433
63483 42 205424
99039 63 249086
148619 44 182056
211021 20 245922
50829 61 54056
225676 97 232453
22867 66 242088
76638 87 209772
65460 82 97080
140997 21 214964
159262 50 228899
138091 95 154103
158125 40 248832
90731 49 108775
129415 13 168294
80009 10 149895
81404 98 202366
98675 42 186289
128994 16 206956
81089 51 130337
210909 6 231455
18138 6 170766
132411 14 202980
59344 41 248488
40220 20 218510
62813 26 173291
22318 14 50499
87251 68 99493
141799 62 178023
27653 88 116862
32749 85 148240
55217 36 196071
160004 21 164687
15839 55 135826
194939 84 205519
15148 56 45683
227944 67 248291
43124 68 156852
8518 53 130595
88492 6 128452
40798 61 225572
33215 32 207349
159441 81 174241
224881 10 249047
70383 55 237887
38884 33 80582
20022 15 21220
123384 8 156549
116352 14 171770
123805 87 249378
174540 31 189480
1158 17 72111
135979 76 197649
57271 53 198527
65895 18 235893
125364 91 128574
19617 78 200270
199369 28 224255
25102 19 41493
12836 25 246368
21113 63 34865
83946 83 152568
64870 84 125448
38454 70 203949
170335 24 189464
13994 87 57377
91271 95 227036
93757 8 135846
46685 74 70200
32048 67 247242
71998 82 232558
140642 38 182807
88206 1 207335
7944 85 46208
85197 74 129139
46894 99 59515
73314 72 98686
39609 15 63696
102475 59 152527
38116 81 248409
78770 49 197259
21854 12 114971
206285 64 238000
32519 27 45485
168583 55 234929
108814 88 134651
134546 89 138835
171970 27 234852
73181 84 129520
42241 5 230196
50282 92 184991
103136 57 198405
45301 34 227891
139660 84 144690
73947 80 249477
19319 26 177513
3972 5 86312
120932 93 228439
83609 41 96626
105972 2 149833
94706 92 143148
154170 84 190396
122373 33 185147
168116 52 220875
65654 49 68374
74001 48 245253
81668 7 170465
142674 7 156934
15098 10 246148
193927 88 201842
68788 28 92628
116805 81 246691
46710 44 223169
51732 58 78614
80676 41 208032
57577 97 112912
134620 53 178302
118251 5 143536
14773 43 148406
141182 22 220968
47346 3 240074
132659 9 219619
73362 30 142441
194201 51 224404
213225 53 233423
9438 42 21669
94280 50 232117
18952 96 27425
10727 77 105751
73879 10 157752
19324 33 214571
137626 16 217403
160694 40 230289
148069 52 167887
73773 25 193673
73020 76 137348
78689 3 134743
140273 43 171046
99488 39 218869
3038 40 149951
115676 61 219760
96121 63 246721
169408 71 222836
197225 62 217090
30971 62 100719
92197 88 238188
55046 67 191010
40388 87 135541
40058 95 201901
77368 54 217161
61020 60 227654
28848 43 95770
137 90 72415
24886 2 182197
69545 59 192208
26460 4 171047
19759 30 231938
189771 74 228673
85294 44 148101
44398 20 131790
149478 46 224611
46398 11 196939
149140 59 230442
119888 5 186740
132369 59 234751
12192 16 142150
99400 20 243954
126629 77 155334
28150 24 164459
240334 90 248513
33832 74 221822
112185 59 155342
203081 38 215984
86821 18 129467
31131 85 87503
215462 71 218709
77674 94 123854
82095 47 86124
115024 16 205105
3952 79 83217
70308 24 212206
84710 39 90120
187193 98 206198
6121 62 12389
37517 16 183701
133567 61 185636
137826 100 154374
120783 11 198735
85751 28 188416
42208 4 90469
17672 73 152867
5065 88 223070
40758 100 69853
196319 18 226645
44995 30 80868
81154 66 127661
29450 17 137742
60 72 158007
23704 38 112332
27435 35 209223
217489 46 234035
99784 62 236107
89708 65 96794
61496 29 229691
152288 19 243127
125312 32 183004
116400 83 186702
221288 64 241612
79295 3 106426
72807 69 208652
150556 21 189603
108682 73 157060
85085 61 96205
87195 17 178307
80435 52 232326
387 96 51989
116175 18 176466
64894 80 74648
71935 78 214032
45745 47 175303
92842 16 167900
1292 99 86001
101110 36 232644
34587 74 170725
141878 17 220509
53572 79 156063
51806 5 220550
77354 54 104693
27488 92 131857
89876 47 194665
104419 51 173036
187234 65 204857
20075 86 178656
55292 99 102690
126485 75 248575
93531 49 137283
139313 87 176903
98916 62 203237
5913 82 135834
198168 68 236023
108698 51 147992
6988 87 56213
172956 9 205750
15523 90 100161
103426 66 111532
72874 34 134821
17568 9 229865
214931 91 225824
122489 76 240320
2280 12 175162
13345 15 16416
20500 95 170957
70848 2 188484
14543 85 30683
88793 39 221231
7851 55 192550
128647 20 130319
210504 62 241562
157734 4 238595
169189 25 213690
56267 78 60746
194121 33 198670
151071 75 152449
35734 36 116506
170590 10 222157
102504 11 248384
162758 78 219350
54364 78 116643
10810 67 166313
55860 55 194492
89130 41 160984
17984 83 39945
45913 65 85328
85461 47 105690
22120 51 237515
2575 4 231407
57231 72 141759
67519 39 144578
47446 50 53753
160542 36 207748
201490 54 213556
48351 31 77085
137095 73 161364
19505 51 208328
20656 49 245674
144054 32 241921
15020 58 233407
145554 83 178896
17080 32 121722
37518 64 233100
132470 10 163375
181412 28 222607
6956 60 152346
10247 6 102741
95760 8 214765
56051 54 235249
64428 68 97387
57234 89 239261
43629 68 157846
51038 9 227803
25433 65 36637
84963 8 227747
37550 17 80642
26027 42 119883
23522 9 178609
46341 82 92523
107244 26 171642
31196 62 96767
133616 26 220727
186118 65 223592
79469 40 103990
3644 24 211518
95889 26 100162
5670 33 147134
129533 27 171048
62966 41 81742
95929 69 169421
26100 82 244991
54971 11 198410
94587 83 112793
63634 16 137700
64254 47 237017
75619 56 124504
59148 90 186401
146440 18 163186
35970 18 71310
4469 79 233089
66113 94 227972
83855 85 149716
83371 88 166167
45068 95 223360
40997 1 230395
10772 57 56980
958 44 198490
9673 20 19842
62423 52 197432
177278 36 246539
56725 25 79489
36770 24 49085
198419 29 222380
126636 51 164789
16658 84 24286
189745 86 192615
89487 43 212130
95944 18 150895
109893 39 126401
20513 13 95073
44914 12 131418
136833 19 147019
51287 7 105359
95924 65 248406
19893 27 142058
48149 85 160586
146115 34 208364
16140 22 16942
60184 36 62437
83928 57 223663
177 45 227218
29265 91 65785
54505 19 139394
102947 52 152029
113893 55 133682
204307 84 235333
115423 2 196385
170238 76 208631
25250 76 68422
27351 28 124110
141372 88 238964
7440 73 58263
15883 94 106337
30043 93 220471
125524 16 211321
37019 38 144019
105768 89 160415
138848 31 173698
14345 70 221717
69898 51 234564
35388 91 157823
78590 94 243365
215262 71 231013
19381 56 125780
102926 78 230693
5661 67 62886
63305 69 193001
213174 57 229026
76884 55 122097
94954 13 101318
177320 15 207669
7840 45 133095
59327 12 68746
66321 33 147830
130981 1 246696
93506 6 148854
37977 79 160716
18330 3 41431
69281 81 249706
42144 65 227077
132068 28 195351
3450 46 95243
152196 67 220325
120540 95 154668
169234 34 221889
16215 5 226930
11522 18 171911
60327 57 92228
55922 19 210066
115169 74 131544
87290 36 133645
11623 51 69984
7224 56 227468
56097 81 90511
58246 75 202467
224784 38 248062
109088 22 172067
143848 9 174337
97370 90 224372
46170 14 224615
49391 86 108026
27013 22 43908
14193 23 135461
82309 60 249837
79840 75 105396
156826 80 226392
14766 82 168680
59945 28 149532
30237 79 49543
19916 47 223127
19674 91 208067
76532 37 157682
95353 89 149350
84568 18 159016
94908 18 186047
33390 97 196457
41816 77 79508
75437 30 161187
123241 30 231289
42680 22 105086
184657 56 206621
57698 44 105869
10429 10 82900
69552 89 84527
95465 72 233258
188359 29 224538
154197 36 163619
143592 1 169659
57609 8 161218
17723 38 146427
22683 16 190331
119056 86 184257
66429 57 181487
115413 30 239374
153731 11 171504
90932 86 115787
176231 7 184481
31318 40 207095
4820 54 77239
72021 88 171259
165148 95 171442
84566 47 220168
64408 81 153490
176134 30 202649
27694 64 204833
145401 74 156463
43765 82 181617
129871 50 200515
115716 26 174736
114570 30 222778
52279 96 146913
187011 25 249387
48368 22 198025
47822 64 124413
77800 68 79463
11207 58 189964
29727 94 56605
27 29 33623
195131 27 204052
11951 89 83898
52498 71 87576
102718 35 240521
202471 59 225237
63469 74 238717
8118 19 35632
110409 60 158454
68689 28 159905
214307 55 222621
37232 88 88350
141117 71 204282
25603 77 93602
125931 9 134243
56515 7 160493
161180 14 177533
124592 5 194468
129565 49 144553
40108 8 118655
139824 52 221155
50531 98 214794
88872 23 244991
207182 46 229127
115014 15 201387
127193 88 148587
79196 22 225249
5634 9 15351
14880 15 150798
99419 3 165340
84223 6 234118
144992 80 235683
26257 12 207138
83157 45 190269
18976 54 145068
23956 56 133723
42164 85 67433
38738 79 186457
102099 46 173593
45792 12 73624
47829 44 81218
168580 46 226874
16574 61 32773
101801 35 171925
136269 66 179259
137294 49 215465
26016 84 249033
53315 98 213439
75436 77 198113
33668 37 74605
53227 29 240814
10365 99 182222
69389 3 82214
13355 32 46323
11892 96 117538
139922 32 166738
76953 48 217971
165223 76 229475
136447 85 156020
45676 67 169886
81626 42 166709
13889 28 225252
144404 43 240518
62375 62 207149
41948 98 123770
140015 79 229893
192080 52 192810
100499 62 169754
44879 34 229676
26583 38 93088
18186 53 91067
95239 76 192475
39247 70 194795
51993 26 131925
21485 23 110111
59428 78 133097
157132 94 178626
226739 35 237029
106321 58 175623
96347 90 212984
11108 66 212730
101700 94 104930
127117 3 172968
96617 18 113107
58951 25 131751
205386 54 206265
18503 90 60213
93093 2 154101
112443 11 249948
108506 74 223209
109562 56 236817
196665 42 236240
20057 60 200213
90975 73 141440
19305 83 163714
91172 35 179300
17140 90 105295
137818 20 173705
177349 75 206387
123995 14 159284
47865 20 91701
116358 23 203296
63157 3 93207
77802 6 155932
111716 39 159366
93130 50 221665
86189 23 160200
27127 29 92656
27537 20 178971
8135 28 69456
20489 47 24813
163795 60 189180
171449 55 245653
37408 14 115562
60632 85 172239
97031 5 194441
67438 43 151846
145199 24 211620
158541 44 179972
23764 57 196074
67453 88 164912
168765 41 189835
111520 4 152845
840 51 222332
16900 38 210475
27372 6 246158
120718 90 130815
183677 89 198381
185471 37 244183
118643 51 171860
123898 22 240761
15028 47 57562
2162 17 34693
61284 35 210555
53534 33 199018
11262 99 125466
175457 98 205311
137168 27 176259
153907 94 229850
47110 44 202631
10331 99 115229
10317 44 151686
72632 57 101024
108299 13 211558
91721 15 212678
43033 85 83852
62310 16 119607
180851 71 243468
79674 92 158962
24202 75 211181
134550 21 165467
2927 58 233254
222934 55 247567
8177 19 218203
126014 18 197022
27612 50 127009
147628 70 187309
181177 9 205999
36613 32 80401
25487 12 164882
104806 30 177470
102277 89 180822
1511 17 235714
33845 75 222353
1156 96 133315
28654 9 145482
243337 13 248299
65411 89 174961
61708 12 166562
133494 61 212337
181251 33 241812
134331 68 247225
133033 99 165636
49175 19 57512
62328 18 248912
111297 22 196375
150464 35 195343
93415 79 194447
37976 36 74021
23759 65 37321
197728 59 209005
134318 59 137584
78409 76 112528
12702 70 225899
128236 97 221299
146250 6 195415
80084 1 239281
15039 28 17723
9087 57 222685
51632 63 112897
30184 35 198827
113132 93 235413
47254 66 57968
60094 69 169233
131419 69 247053
98600 42 144661
44896 35 231992
204853 47 236871
122000 59 175494
77170 4 105618
43537 65 123000
159463 21 226428
72612 49 94432
137491 55 239845
84774 28 237436
777 75 160722
70042 34 230687
126924 54 147448
137858 19 239581
94176 8 236531
54 10 181660
3486 27 87115
13818 28 155451
57726 46 208757
274 39 36058
26066 62 161332
18128 21 147354
107087 30 245084
65315 58 186682
24002 56 81242
50103 10 109950
25442 56 244641
85609 98 233672
8132 9 14143
98115 47 178520
110746 75 118984
61331 89 202747
49279 48 209227
124271 11 134767
47 95 11236
194367 46 248367
18910 24 53065
149050 12 151578
142071 10 202196
204923 77 232947
44714 15 127015
48393 47 110341
70810 54 231564
91890 53 210366
45571 79 146907
159711 8 190417
156976 11 230860
99930 88 161293
210552 50 231356
216205 84 239422
88767 1 205263
186501 17 187050
110454 54 170619
74500 65 194256
63870 49 120432
22304 64 143114
4808 4 74508
134257 18 165455
33714 75 198406
110197 95 148312
27281 62 69211
13328 71 205725
45239 7 242889
33228 29 242907
33822 83 55907
114756 43 238719
67516 84 198271
40540 69 63742
84220 35 150283
154223 14 228854
66533 46 91051
28569 37 209049
30965 49 124080
37841 83 200723
20728 6 105859
45482 24 85214
106962 31 168286
86351 1 235153
11486 88 26804
62955 93 149832
45681 53 131528
61362 11 83967
150302 80 204237
93943 67 126377
200425 100 207666
9528 33 67911
51082 1 78326
44353 89 105541
49213 89 221712
153130 12 213146
186 17 135528
38800 73 137972
223552 90 237470
46531 47 222450
25333 43 134844
19127 54 73648
34878 67 154392
114834 24 205190
5327 27 28604
79605 60 81231
87214 22 152853
47185 12 196001
119683 54 246312
222052 1 248022
100286 8 185254
156844 4 212819
48103 8 132218
17690 98 123305
140793 20 218374
154052 65 222107
204766 13 216557
179349 42 217782
81343 23 169925
97507 62 107978
53467 42 117824
135088 11 243087
172242 13 176750
82773 77 223796
170086 71 179907
151466 76 215882
85075 7 212184
33411 43 135718
32802 71 244199
193809 2 213557
136836 26 228658
142897 1 161276
89845 94 196736
66315 88 132375
13394 79 161013
81863 21 218659
101394 63 156236
79811 24 217902
223497 26 232163
203189 65 249215
62570 54 143339
118887 10 130275
5064 100 187214
149903 6 158838
86295 83 245235
77972 50 90661
49198 33 157838
85639 81 241026
4524 65 168893
156439 37 173212
208729 3 213047
171308 12 244532
9722 17 92886
20795 85 247958
5044 76 40960
106558 21 181689
92317 14 129742
94805 26 95722
28556 8 193612
102666 47 174953
107654 35 198030
2711 18 144059
40398 85 208116
116054 70 158391
180533 60 195694
118004 29 153301
214438 94 245912
180538 34 222988
146708 12 159041
84840 3 157655
18566 52 167905
52341 60 195380
63601 100 78582
92647 90 224101
93817 13 236440
18876 55 207175
56420 13 76038
128408 57 218767
102730 88 230209
67786 13 127311
23806 75 124446
70478 51 105454
72532 65 163152
21762 39 134951
40463 20 66039
86520 49 221995
3705 18 246072
132975 38 209098
19013 51 139788
50265 63 92437
120728 32 125601
174851 62 241321
45655 24 199293
22432 53 87557
133616 19 135100
45387 22 110754
36136 17 186167
130107 1 170090
239495 32 239895
84188 96 168034
26344 18 52440
180649 4 239760
10788 79 158563
118438 28 242976
44631 75 177854
55850 55 76491
95276 60 178441
161423 58 245635
37740 8 90175
40960 10 177383
32732 56 46661
3708 6 82384
32607 46 82918
90882 29 142864
218272 71 231937
151167 25 238794
79464 11 101668
18246 54 177536
42690 21 246571
34050 40 156265
60819 96 122545
11466 77 127573
21434 65 126450
113186 42 146520
9391 79 194215
48936 72 104458
108665 91 137070
39444 91 170657
101362 87 126958
65844 88 147348
109717 87 221019
77182 43 164497
91131 87 228128
206405 24 224289
125571 2 172681
82624 27 213974
92268 46 109713
52718 61 204507
71309 51 189186
15371 19 230220
157415 8 184330
85831 56 140379
84100 48 138387
5854 21 45020
57952 63 87488
184141 63 242353
12632 5 180129
123450 33 247158
51237 75 71761
155144 51 249592
111719 97 132186
87575 22 230402
175748 29 211733
22807 30 236541
183265 97 235914
61606 40 80355
138495 85 189249
20883 18 74114
76742 45 104929
93682 36 95186
69040 85 202196
7481 42 51218
14919 70 95608
122690 70 187468
106012 24 160873
14536 51 35156
24390 28 120075
8210 28 232800
110595 23 150713
44446 22 196843
137938 79 237460
116927 22 152331
2490 11 5804
13701 73 238924
9228 56 193827
33352 48 190447
105944 77 107069
30107 4 143144
176753 69 187114
66122 75 139665
5560 20 248295
87190 62 179337
168865 52 201852
124750 58 209365
87813 55 95980
127401 60 211739
162702 28 234418
59130 72 75646
124058 72 144854
102654 12 141972
77213 41 232855
42183 21 98803
172550 83 177711
44976 42 47895
224435 82 244995
122435 9 182369
34458 92 81077
38744 46 61074
137144 8 191344
18797 71 78927
163192 33 206285
148842 44 159823
18933 64 106539
42840 46 74310
17518 15 66369
4157 6 78877
203559 36 217024
48657 11 135056
117770 16 232403
190772 61 208973
7078 5 119349
84444 44 180134
16833 80 219550
40300 75 144096
23241 53 172501
84901 86 106301
24203 5 34604
188842 71 189355
83450 94 160084
132477 8 248974
172853 70 173842
4432 14 179494
1023 65 178993
124912 45 233219
39663 94 83923
79868 67 191098
96776 53 197587
81178 97 135393
239033 66 239332
117630 91 158600
100234 41 200400
14028 4 57480
12108 74 110926
192970 6 197882
111809 34 233566
65148 68 192556
98259 85 142562
12384 55 16719
60068 78 91840
661 86 144928
125029 59 208205
180578 40 220985
45050 21 190258
75078 3 229027
94930 49 148808
18003 40 202150
52262 7 239218
21643 88 21748
10106 36 65073
78753 98 126076
75107 77 207759
201509 52 218570
141077 57 185643
41720 46 150322
12382 50 47320
26996 27 57019
107085 54 149878
96847 45 183666
45655 55 132101
14232 57 130870
68590 48 75518
125304 76 239642
82652 89 102607
16781 59 167514
224912 100 227677
68614 28 108367
1153 83 123761
51101 43 182457
106851 90 216884
152655 73 196584
253 48 87699
155275 18 210053
139777 78 221729
103505 30 225489
89417 67 240984
31997 98 181452
1020 52 211847
104910 33 141714
178106 57 189029
138734 6 184554
58785 46 209643
105719 42 164348
116065 30 168486
13776 49 209748
161759 82 216183
40233 49 195516
137638 10 195016
212029 19 235032
152599 78 171618
565 83 96608
11372 54 137922
14665 11 224171
29020 27 90532
124865 80 227214
127494 61 144226
45016 88 125471
38352 9 100275
5800 1 229866
43330 65 182070
17175 88 110172
146715 85 172056
7366 75 137108
150014 33 217029
17201 21 220084
4402 56 135677
61530 99 187626
209968 64 230272
90600 69 184768
764 68 17584
105597 17 184490
34383 12 116863
222840 46 229988
33733 44 49071
115242 82 220261
47239 98 192381
202471 24 237874
133709 43 179810
136443 44 218398
132065 71 232326
149114 82 227070
107131 77 150183
116641 54 170861
44615 25 219763
187404 15 195609
228149 33 237008
85046 52 159005
33119 22 53021
2637 49 61820
105049 88 167138
156755 76 249536
48587 19 166741
79273 81 98905
12281 90 154243
115198 6 155848
13699 4 127313
105282 72 240318
43522 98 61833
11889 62 184409
80362 96 191772
157315 24 233113
114399 10 155803
18952 69 183210
98039 48 202683
12844 67 117531
50100 22 103612
203501 83 227843
32849 46 165368
145317 8 223919
63975 66 78311
76374 87 115825
8268 28 34281
39903 100 209476
54225 13 71295
68192 3 118709
5078 3 238642
74070 71 169634
76218 47 107207
49439 32 77137
91802 48 227988
93729 72 222012
61096 4 244920
17060 42 44003
93 25 214699
194942 15 212617
19149 3 82939
154346 75 218701
107978 93 179275
62267 87 154068
77083 27 244629
39951 65 111863
45711 60 127192
69220 38 176440
11026 49 81100
28198 58 220342
6157 69 43212
34877 31 70716
66579 19 118961
173349 89 189664
124994 6 236534
95147 92 245827
200604 6 200973
36516 48 38809
239531 19 241770
19924 94 38174
129159 50 168883
147277 25 240409
155344 36 155971
20073 25 177103
85574 97 164029
125536 59 180066
85147 19 124676
6294 34 245988
125855 57 147226
52080 29 207897
28203 52 218240
240726 13 249190
121731 54 233116
114918 33 130812
140298 21 227166
181898 21 243361
38497 50 203995
88778 86 227849
189089 45 192518
102549 91 206473
139930 23 192167
82865 66 97912
52049 100 239541
198140 9 238155
130650 50 207385
99554 81 99949
15339 23 70524
36058 5 55635
154114 99 188372
187819 59 207966
115218 12 233983
163468 28 206604
64631 83 87132
144834 34 194461
182578 98 199029
82765 42 102924
147802 54 153229
27833 12 123021
176637 83 204734
68665 50 70960
34872 51 195231
26095 10 65940
134071 66 146027
44375 66 44798
139076 53 187534
43864 69 240480
25252 46 192326
45280 82 122102
43087 20 116810
17540 84 217215
108005 81 123342
84342 23 233453
183304 76 213981
36071 33 52637
111044 53 121870
46097 34 140218
13857 96 45008
155053 40 181370
22604 76 140673
101459 93 249544
197588 66 207422
215009 86 221587
120113 77 165884
46973 72 123882
4026 45 62872
123059 27 189517
91200 6 205867
67827 29 172375
156280 20 233921
196943 55 205251
40330 85 91128
125272 38 151531
6178 1 140840
36888 57 207406
10187 68 80383
37654 39 156338
93892 39 235036
65688 56 229957
98842 42 205033
38539 10 41483
69205 82 106591
110984 94 113169
11673 93 68149
86553 67 150278
122568 25 139918
66083 45 177628
179703 86 226231
190933 43 205507
80274 41 87491
201468 17 229362
72206 94 224500
2729 69 122200
3130 82 34039
164907 99 220707
35797 16 141298
119949 5 160389
156971 62 231651
19058 55 148622
51147 38 153012
214472 53 228049
133945 62 221438
139882 11 187842
127640 15 216558
201582 78 236743
26774 79 160024
90380 25 161219
15408 37 168178
126776 65 194373
70417 70 215943
108180 92 188552
96644 71 116424
133710 65 246852
114612 52 206642
22358 51 57167
26018 18 98465
17001 82 73552
84793 12 111876
8521 15 95639
91598 31 108683
86593 3 238138
20890 94 84693
22965 55 194260
109683 55 150945
65616 51 110528
187529 53 235121
93031 47 110433
32624 87 245391
94830 55 123113
139692 65 228773
94980 91 242687
24940 73 131600
103689 49 210917
50686 71 157619
57791 11 228794
199520 43 227782
87596 29 183643
112532 71 142740
68315 56 117539
204143 95 234398
27535 73 53016
130301 19 183458
95628 39 238361
82443 45 132133
211523 13 214150
184934 23 248116
42502 89 42709
81809 40 101771
16494 89 92125
166871 69 195065
69121 62 87442
123324 58 228156
189021 43 189272
37330 81 70074
48392 74 66376
193043 66 201826
136269 96 236958
15835 90 39379
10125 4 143525
95719 31 120829
15865 45 226959
118480 44 228755
83843 23 208608
2504 26 210748
5671 41 128237
81933 6 111027
108798 23 189322
126838 50 217639
101173 19 163253
44796 21 212709
225634 23 246309
139040 1 199618
39867 83 142001
25538 8 88252
24583 65 173190
122277 27 177111
46996 58 211582
130459 64 224035
22883 82 226680
77961 100 151558
83929 1 245060
19330 75 233585
30107 90 38531
3709 21 230109
137350 77 174457
109911 63 146065
48272 20 195974
81757 7 132489
17704 30 149678
72458 97 102003
131160 44 174029
40011 25 243685
4711 55 116461
59333 87 219646
93679 98 98675
27110 97 173646
29059 78 67673
123475 31 182166
96276 4 154873
122863 25 186566
20636 79 230348
59343 13 152643
47529 91 236717
27261 43 213116
58579 88 172454
22956 3 72101
38042 83 82438
52449 2 241924
49265 35 243477
203748 14 248056
43403 13 123537
26465 85 174712
153940 52 209534
10856 1 64034
111677 70 168131
80362 99 87284
1180 76 214203
179302 10 239310
36491 88 230732
87403 35 194659
16662 7 115893
60523 84 247519
66255 2 94913
162394 20 163870
215454 31 238602
51663 12 66649
11621 7 211173
169783 3 182215
29782 23 51794
17977 30 157296
71736 43 160077
41448 84 118051
5103 91 18916
152789 18 190467
13523 72 130850
113701 61 234475
141395 67 146572
44678 20 154775
39950 68 98220
55107 62 222764
39827 84 212164
49976 30 191516
38030 9 127485
42636 28 53664
113487 86 229160
19322 97 177563
91597 57 186017
8576 41 144363
220387 74 239582
124670 71 226216
111478 8 150130
211245 83 239226
102557 87 197187
91335 27 124206
39815 90 108161
219148 35 230299
125035 75 218965
186962 31 198630
177024 26 245465
58709 85 71379
8310 10 209384
84000 86 114035
16728 91 190440
54253 62 88639
86155 39 91666
78317 40 200959
61968 5 201411
28427 32 185229
45526 41 197614
71946 68 235514
44941 95 217936
35839 64 245129
137580 37 237833
137531 92 177312
2536 14 158542
8909 89 39112
39348 8 242335
21875 8 143960
64505 78 230296
156483 82 237906
4563 43 27826
22334 31 227226
38040 32 144933
142049 76 162625
18646 47 190610
5798 40 10821
84661 45 121222
211725 57 248242
182210 96 230671
27869 67 235224
82890 61 164421
151660 85 216530
86282 27 222189
206561 46 209642
5146 31 89277
44133 3 194871
21816 85 105245
39838 8 196131
131779 54 206783
86465 91 86811
108064 23 169874
128185 97 159058
3395 71 180612
24272 78 74018
77749 29 112332
64233 92 127325
65696 87 181428
28837 82 82095
55675 73 102706
65599 61 148788
2110 18 119425
6444 12 99677
12361 94 99523
56602 16 160394
61422 34 69278
5080 38 148219
138419 64 236260
92991 26 125697
74436 5 95676
21922 15 86687
669 52 10741
53898 37 237385
10533 69 178821
70869 62 171880
14869 45 202056
56521 72 162488
130525 44 157911
57634 85 107687
43476 60 200773
65506 52 188477
87152 6 188348
57645 56 141546
116155 20 220869
136244 21 247134
177835 38 212235
94274 51 104284
146878 7 233400
20441 18 44991
72588 93 170433
1743 79 195302
107216 62 110381
71284 59 241187
120968 17 216626
27362 82 170658
7526 12 131491
84723 89 136837
36488 71 206907
103121 23 212174
160944 75 228183
50847 41 157473
13973 9 198361
189452 22 244972
46414 48 180407
137614 17 180581
208674 30 222417
56564 21 92074
120286 33 124833
153572 94 165885
14336 13 121376
88254 97 243846
81344 81 102438
12347 93 168895
33427 47 187492
166880 75 181528
184602 81 222591
38289 72 243666
224214 44 246579
13491 50 61704
11260 76 179987
6121 24 188504
36579 53 176178
65905 53 73166
13331 2 46399
170849 90 191161
78078 48 100739
36240 62 164869
12809 1 84653
48701 15 135296
45497 67 172966
14439 15 153680
125970 7 172091
29983 69 105127
78253 86 192743
62118 69 81998
23344 70 51913
102423 24 149498
78200 21 114167
15810 18 105672
149226 67 227537
87949 29 203775
60017 99 115507
188279 50 205050
12873 70 192341
1555 71 2911
70441 66 150300
2898 76 49282
127972 69 201310
90011 58 230442
123462 72 224251
48721 75 137943
38334 33 147949
107798 29 123870
10942 34 232986
135008 65 210983
149062 35 168986
98253 33 215763
100882 86 241365
89448 9 175802
175690 26 214557
106523 65 230534
73618 100 194336
14147 35 140444
54963 61 231263
99217 86 118048
9629 4 153872
156883 11 160783
128869 47 160886
31023 63 190946
5430 82 95831
231250 4 233341
117073 50 212796
175501 3 211651
31141 83 49167
99150 52 158341
234394 15 235508
196743 48 248429
81470 7 126644
29967 98 136169
68999 3 240583
158714 4 221166
112978 37 223945
43760 26 76701
160861 62 165186
170924 30 171322
213609 10 236713
21690 10 32739
167714 42 192497
34159 14 69337
114077 19 216500
140225 4 242427
61532 70 197142
95697 49 223022
18918 75 45975
20938 9 26604
4129 100 158891
139088 17 176577
121950 56 156365
53382 43 230949
147522 86 236387
148614 68 192506
99761 16 148636
136651 12 233251
27425 78 88349
97575 27 185536
2877 37 52208
34829 79 237905
77441 5 161918
54425 91 73179
24540 81 171187
99256 87 131913
126240 67 174121
99637 1 178737
17265 48 115089
37109 34 47164
178070 79 220370
15278 42 227605
107739 66 243959
72474 98 146563
158238 21 194844
124864 10 145037
109633 80 246640
153942 76 167171
94704 2 241597
135470 38 176789
64515 80 154216
47927 12 183554
18623 76 157611
30401 23 214550
48811 58 103856
212881 18 214358
208857 11 216645
67368 8 143664
209467 16 214554
32530 62 133202
107094 9 121706
21058 59 113238
149247 1 234968
170297 25 184339
82215 13 246779
189959 61 219696
104592 58 182159
104881 12 180136
64161 33 102475
53191 22 71537
107277 35 181107
40451 71 229836
173222 2 249985
10867 94 180553
106070 9 212770
115040 78 124098
22998 35 209689
86233 12 234450
44643 45 223721
107698 50 159121
151301 85 197900
85538 41 235008
127705 98 223771
76164 45 185368
72989 51 125720
44268 56 137609
114086 13 229507
17823 92 159517
96262 72 98594
60217 8 221619
36586 55 56870
132120 45 225829
178773 52 244428
125404 16 209658
145097 30 150395
50160 56 197638
37196 96 136533
9893 74 205911
204634 2 220074
95046 11 209945
117059 45 206877
136216 31 235567
203014 18 249115
8977 10 190826
210853 39 237477
82975 6 176988
99296 83 177044
133006 81 150765
25693 70 49325
116282 35 169989
66835 73 228273
129255 31 223324
66943 3 99379
107323 77 144084
138228 24 198907
34909 86 216401
30523 17 90898
32295 69 55835
2571 86 192378
37610 96 90519
72443 31 239247
200103 39 219855
119408 43 174997
214452 28 244503
104965 51 245701
208948 24 209712
139322 3 205368
155595 10 196165
124882 11 136335
25612 51 248488
159775 10 200101
101520 72 213804
84886 64 85251
57285 10 215896
196500 79 196638
23730 14 176089
114777 98 160190
227665 24 227841
171748 26 190503
30957 51 211113
2288 2 75950
70760 28 96777
151438 46 249106
86099 49 140814
143093 99 200035
168560 65 178686
44339 48 237098
169463 82 177200
68131 86 77223
17281 61 239291
88279 57 184777
27810 13 41452
106202 79 236932
175358 43 179289
184255 74 231227
28063 16 122848
80087 6 142733
82314 60 226084
16064 65 31674
224186 21 234835
47776 72 51628
43833 9 118753
71136 99 200320
106306 37 211512
6195 12 142729
57277 84 227888
197062 9 198674
24664 93 138202
95657 5 185865
71589 50 205811
200730 76 234215
62307 37 247664
74116 41 173488
200370 16 244381
19883 84 169839
20947 34 71057
49262 14 60494
116015 77 142049
20923 24 223233
74817 5 174196
72349 7 89907
127756 2 141864
8934 22 52825
45867 100 81859
128728 91 147669
185355 48 246626
86849 68 167370
125831 95 226537
2533 53 52931
69956 14 156564
33205 10 209180
156548 82 233700
105134 80 224496
161253 97 240185
20199 48 206670
171763 17 214832
76691 16 211256
161914 85 221911
2218 11 175806
18939 54 49940
98877 51 222828
55705 29 225800
63429 59 89931
29157 60 213697
50339 66 131446
128698 87 222674
10693 44 46690
199880 92 203980
10440 77 37586
18639 75 55754
84891 80 186336
12304 54 224039
15029 8 65448
53001 88 165680
80193 20 205097
159145 69 164227
119996 39 212747
47 55 197864
37738 61 200709
132309 83 157067
39745 28 82616
148717 22 239820
184250 79 194825
160987 60 187977
27554 57 131176
107029 96 248200
241542 30 245034
3685 92 58046
62227 72 247433
154888 8 157539
94952 50 129057
2494 9 164134
56924 34 210962
156 28 31805
162964 82 243173
192864 49 243421
35324 69 248297
23383 49 38943
180493 33 248744
159960 16 169620
177957 91 203002
19076 47 41553
82592 81 133961
31940 24 65877
9061 87 78985
36625 59 240979
140327 69 219243
125152 40 163337
154708 90 216417
11929 21 109395
25791 87 152171
198961 57 203896
108920 27 129854
35544 22 161507
25235 68 136486
218476 12 238083
71814 99 153779
27763 42 102191
11495 98 227875
43161 4 149209
17691 98 199018
101799 53 138582
112517 35 208816
130829 65 161137
83595 68 238925
34213 74 139914
187266 20 245908
100808 1 162353
62450 52 192192
19115 10 191228
85449 41 89479
106185 81 244807
178264 69 239890
112719 34 182795
72363 82 124347
180262 33 198779
53701 38 120602
137379 93 172998
79056 50 92540
85737 4 91020
57090 39 245397
62183 17 147566
126883 86 216938
188861 60 234715
121746 4 229798
69178 59 239793
81978 84 139493
81405 10 122377
64123 65 79269
166581 11 222927
64902 86 143848
60204 84 158674
184936 41 247244
4491 100 115178
105828 34 160955
33410 45 192088
191785 25 202050
26336 5 77652
137321 81 217033
25616 52 69796
60586 57 77543
36915 89 106775
144946 48 161670
95921 53 152923
196075 23 243019
192375 62 198529
166825 72 191762
22797 86 239329
18077 83 165296
24254 42 91932
89606 44 175533
35720 5 207373
37164 7 128677
88020 99 216273
15443 48 159814
114391 66 226119
161299 67 171029
79115 70 149565
90888 22 179096
104815 97 202385
61167 5 91171
61408 82 96232
92479 96 234039
99518 54 132851
34376 55 190672
5206 50 100601
31339 60 39286
79918 44 151582
30493 10 139057
46613 49 104819
58622 98 118122
118543 99 224172
21434 45 217229
88784 11 103361
143645 34 147826
8486 1 115297
73094 6 228237
165830 84 248214
182978 51 231402
76633 65 166427
134743 75 139867
106356 63 161399
30460 59 192506
94338 20 191455
92930 68 164581
147952 86 249486
119764 71 222369
110816 20 170323
36422 57 242011
26286 69 240914
78121 57 178220
18364 64 233346
29795 71 86405
37322 9 205864
106158 47 156936
10781 56 162775
57417 2 114896
34104 10 39516
179362 32 245679
139967 48 171950
64969 55 67175
134528 84 183896
94897 72 241427
35508 9 103557
30845 46 102494
46921 39 198694
37116 95 99942
11830 88 105597
34679 46 38627
131778 79 239046
89209 93 193842
16144 72 40462
65783 7 211516
126167 84 213646
73014 18 84857
170557 95 178914
20990 80 101738
111031 15 163299
89584 25 134067
39452 17 223723
128424 89 182333
212971 80 245183
57404 72 159427
109964 63 249123
145236 4 237255
62906 16 191124
150275 33 226194
153056 72 181725
195088 44 218527
233239 39 238514
52836 46 202930
40360 93 89925
10339 82 182503
159092 68 185227
28085 49 140664
6302 52 192348
133163 27 156298
189547 92 205692
159086 82 199439
35670 41 175096
92188 79 215719
43231 56 168560
100204 40 146954
102719 6 205760
153031 88 220954
46163 89 167996
93101 39 234231
118982 36 182930
185867 42 225878
139597 77 196885
46859 3 92924
89502 31 134854
103639 63 236204
14757 21 19020
54055 38 228959
69065 92 182391
52376 17 62896
198971 90 205844
200018 16 230428
98536 80 229743
36703 79 49343
219577 79 238426
161825 12 195672
25050 99 208906
199 86 223153
10398 38 27855
49090 73 219582
67652 60 97640
106569 97 164074
113791 35 159625
98265 31 218442
76142 39 126706
36578 31 187226
34666 44 63078
173717 4 184369
50085 49 68780
68459 25 160452
57226 9 134950
179519 90 206025
2668 69 246815
77037 76 178246
30892 57 178949
39607 28 142013
33122 95 226719
19222 12 184345
79015 12 209622
123111 93 153844
129332 55 213980
24677 17 72655
63573 28 179477
42540 69 102150
175710 68 184009
185224 53 241759
24075 89 188842
59780 49 63932
149646 30 243757
6931 59 104720
5973 80 109216
6025 11 173441
89522 4 203465
4718 93 129341
4731 22 23499
53582 30 117831
20485 68 116628
9523 38 37338
117414 70 143529
209342 19 219031
17753 32 152917
93492 100 204569
62039 8 167910
62663 27 105691
91939 6 167773
85048 71 131412
149307 56 163434
29096 71 242859
94086 34 248051
95442 42 212324
54945 22 229222
97479 62 143763
38800 27 177715
19818 10 48571
115404 73 231697
65833 13 178630
3921 7 129819
35830 76 45817
39843 75 113503
94003 92 208339
116242 36 196808
5278 26 99657
130535 50 236982
70695 92 228954
14255 99 172623
149393 4 186729
6263 57 159517
138151 38 180864
98757 32 141398
29341 8 141947
163606 55 188137
61409 1 131474
67876 31 142689
104911 84 121651
14647 24 70925
73933 78 227257
30023 56 106622
21743 55 45278
29718 60 45274
89691 81 192857
91659 63 102380
11570 3 229552
39290 89 52973
108193 3 206352
30285 51 38192
64807 20 125867
80922 79 96666
18848 33 210629
162231 84 179097
130449 96 147671
95233 98 239580
175117 73 224099
53021 35 182057
84121 75 136398
8654 33 103361
172479 86 202125
18588 24 65431
41474 8 67930
5840 44 31211
29265 62 239756
167264 39 238718
68061 14 150691
127751 85 131152
142459 49 234523
137882 99 195745
30816 72 208899
119231 90 177476
23923 59 190648
27986 13 50448
169760 18 201356
7833 47 63620
11955 69 206784
91510 42 235654
155081 28 189294
12161 23 198849
37598 85 162173
198836 83 241485
55272 11 124807
115786 69 247643
101056 3 146057
54945 27 213785
45497 4 242740
137910 57 214203
52221 27 187981
30885 13 108225
56475 65 178193
14721 29 226455
83371 45 249285
149591 63 190172
209131 31 218753
75920 62 162967
24202 50 76870
99899 24 214234
100947 64 195491
129567 17 226352
43464 44 221369
150945 14 157045
35752 22 70508
101358 99 136561
78076 69 126437
141229 84 171981
32815 91 39656
83129 22 172748
55562 39 100650
110423 35 232075
107773 81 111312
121903 84 183898
69894 29 177777
101941 93 237015
62440 7 234338
180334 8 221755
91699 88 145168
37003 18 70958
150627 73 167771
31571 91 247416
85426 24 215815
22089 89 204912
155206 66 183776
199848 58 242695
20207 41 165376
27021 21 215515
100864 99 210240
139495 7 170927
131859 97 174943
105329 32 244939
6762 33 244424
63913 95 65017
191988 91 197863
67942 38 198572
41068 19 122145
147028 45 230550
127370 11 241519
175906 88 176176
15665 29 148838
84705 56 203310
88364 12 242728
39338 31 116069
9283 29 78230
73857 51 113445
101757 29 113445
109660 43 212889
84251 71 228353
160287 32 230734
88619 76 113609
51463 91 195350
190173 5 191295
59892 37 145956
1104 44 215101
24409 7 153090
146651 75 173343
136861 67 170796
78651 56 156911
106251 44 173801
202529 48 218218
194909 74 222742
9565 60 219207
94200 45 233354
131820 25 138230
121748 94 193222
95421 26 205725
38690 83 85367
108149 88 199845
80676 60 116014
124461 76 219247
49863 89 84920
178211 4 206595
78472 98 96099
48049 80 153898
135853 11 228705
59705 5 171521
170643 85 204551
144596 12 159524
86574 72 141231
30302 87 160756
145517 83 185581
16328 85 115712
85322 95 201732
207056 63 228497
54866 71 179178
189020 51 226104
119808 73 238733
51127 37 128391
142098 93 153414
26285 91 221297
1080 91 174570
139614 12 177445
104053 7 182498
90094 92 192376
66983 9 135110
73551 80 149428
55692 32 98776
28183 53 147599
127281 43 158279
187799 64 215458
140395 78 245920
105983 97 206499
38752 48 69161
141071 16 194963
177974 20 188621
2863 25 137662
115029 23 201202
67849 87 134553
40777 92 181479
213459 55 226291
64014 96 166863
87079 87 213050
14946 85 222826
95426 6 249705
153211 74 226655
122578 42 196411
50141 40 163051
28528 66 113156
17169 57 166750
53596 14 218110
114566 16 200633
77185 10 157802
167772 18 180554
154628 61 249683
51303 85 213583
142478 72 188521
53086 36 219010
23801 14 101107
32295 42 205812
47080 29 63891
115133 59 150508
229169 86 236406
188242 22 221520
209392 24 229979
88178 28 233346
43469 78 157051
4938 90 168909
86713 18 199622
85193 78 247821
121796 41 234771
23458 82 95810
119795 55 229687
2983 67 97355
46111 57 173305
99738 45 155973
157634 21 188334
5377 89 183013
42603 10 76540
234512 94 239230
189047 97 246804
152441 14 187803
116825 73 133316
35971 62 245943
176843 94 235979
72226 100 201915
60126 10 180222
52897 23 237349
164880 40 213716
135171 79 178654
92660 40 146614
107123 39 199243
61457 32 142586
39651 81 153672
97693 73 178442
205180 37 216750
96639 16 249683
48675 47 80720
30012 7 114369
188890 97 192493
3808 63 211204
137848 14 171097
28958 19 40368
163645 64 222706
141401 73 141968
2709 26 121250
67182 95 218659
205545 69 240259
29733 84 51272
56277 76 164174
97193 56 137009
122268 43 228371
61679 88 133785
9250 73 121717
87192 38 203572
67567 48 206498
30477 80 88667
151192 24 188729
89858 16 206500
64888 24 98395
29981 98 143035
58743 3 180593
70908 34 228631
116732 30 238989
181550 37 242123
76874 72 124334
59130 56 198434
27192 83 177897
145313 14 211111
30862 49 243128
77956 41 167525
36574 34 206822
7306 92 94931
113914 9 159413
96629 31 129381
17355 35 62182
75621 28 113347
50263 53 52734
58042 65 247274
60224 33 208652
138635 49 241723
157255 59 211942
86368 39 184183
166343 19 220269
65221 28 79822
604 89 189896
33872 12 172832
49258 55 176199
94337 82 163656
127428 33 220905
92962 74 113197
84864 56 186153
110303 91 225176
8398 15 222876
86471 42 235421
18208 84 82298
75411 49 182724
53857 47 84512
10752 95 102674
16804 12 51369
40670 63 128404
5607 78 98067
68218 41 173108
41534 20 135797
95035 41 187120
157889 85 169283
117891 9 137932
75478 54 129868
139642 86 224716
105071 73 219294
125247 94 149799
27619 7 183097
140364 25 225413
149418 77 175220
10410 87 104940
43382 51 189294
95181 47 104978
107111 1 241199
164939 30 218351
62994 36 218033
141834 45 197192
32803 30 41994
4795 39 24450
151166 88 203833
20319 95 63644
79671 99 146129
38678 10 208037
60712 51 202428
13061 11 168135
249016 28 249797
35971 91 153508
142783 98 195782
28889 68 231697
11261 51 204664
136565 42 150883
83814 63 159478
35930 20 180206
12760 99 39621
158456 68 168353
201969 50 245216
54605 55 211109
157611 44 172833
41058 70 245442
96087 8 173378
235613 75 237075
96342 82 141961
43841 40 112184
95013 10 182732
51245 92 197379
113067 55 124742
57990 48 183299
70655 11 195378
157728 91 181337
8772 72 78592
133410 80 157275
40244 64 190257
68067 6 192918
58778 39 101175
181950 86 192418
67202 93 245809
47639 78 150899
5045 33 185760
49016 5 71442
113130 53 234203
79190 7 197397
16032 69 191169
68303 36 165991
39152 90 197903
53275 89 81484
11805 36 232972
45316 77 235138
61767 11 128311
4787 23 53805
132120 40 226526
36234 2 217616
92459 84 133607
94002 30 102803
32009 44 187691
74064 4 142073
74193 42 115283
57925 83 237261
104172 70 190796
66384 15 226865
215049 95 230930
31851 69 201971
17848 79 245012
35522 60 164073
195019 89 245639
125540 95 181778
40601 83 42804
201067 75 243971
20103 22 64156
143695 91 243610
86204 23 133148
19922 92 148208
87157 54 113183
90871 95 168484
197228 4 235336
12079 90 117423
179291 76 233452
776 68 122878
46978 65 230963
34227 15 72968
148278 70 167351
17442 76 111371
10216 6 155162
37868 50 38042
106452 68 238761
17615 75 179691
157814 2 208879
11772 82 220915
186945 94 230342
29867 50 236801
18219 11 89769
197725 33 247896
118435 26 231017
143475 89 248562
46158 71 137881
2658 21 69501
8442 53 24673
51717 13 213183
142069 64 202662
1031 87 44109
109702 84 142312
96825 57 176145
148560 96 151648
116918 27 158061
88787 14 219631
148048 83 172687
125420 5 209323
15609 8 234481
24758 50 138814
60581 100 209178
63897 59 243955
20008 83 94412
72659 38 208090
147912 63 245639
147432 12 236259
96635 69 156005
192200 100 215927
177019 42 180843
72626 18 104431
389 25 221892
21314 98 210434
38580 96 203891
83412 74 220110
111060 8 155043
96958 78 238421
39200 68 155709
158453 40 216612
92404 7 236411
121164 64 244945
22758 78 180350
18842 45 126900
31824 78 168405
27396 17 241575
110889 29 172050
3591 10 128175
42327 2 82404
32048 53 201608
171789 94 215581
136529 56 217772
9267 53 227064
122369 31 194480
149026 10 198526
77553 20 214223
157785 94 191570
38393 46 181189
39399 29 101147
97287 78 199816
12747 98 128246
111723 77 211749
121861 56 200170
150021 22 177341
98100 1 164663
48839 41 164430
107440 6 238933
88861 23 243515
84722 73 168423
93642 36 163132
184426 3 192110
159912 51 202696
77672 84 214256
3319 13 59065
107632 27 113241
84697 45 214740
101178 89 201112
54851 10 196091
70759 17 99560
61454 32 81360
64559 87 233442
31555 72 123568
188601 2 247218
18070 48 62740
40709 80 161058
45262 41 201764
149554 81 247030
81227 55 241215
133519 73 152227
105790 79 170788
12699 72 147560
81907 58 211498
105587 11 159475
91876 91 154545
215041 1 219241
74868 41 172410
44113 39 145798
59262 82 184622
149285 21 156767
17319 11 155406
24643 26 90914
106195 83 224240
97161 85 171519
159256 70 246796
103473 2 148453
97615 85 200011
235505 65 244451
224316 70 236635
7533 95 159412
57768 76 202291
108209 70 137992
58888 91 125009
32524 56 238360
55395 47 147818
107673 20 205865
207228 3 218460
54017 88 133398
54870 59 64004
69848 16 244633
38294 28 152221
158386 17 233712
194825 77 243762
15228 10 157741
14972 1 117786
108364 15 154286
152072 3 158668
180254 30 212010
20864 72 214528
139977 5 225892
70170 85 126789
13188 89 69841
64309 86 178390
156548 31 164218
168497 74 224760
75020 38 140874
1145 71 51355
60241 48 175285
103466 29 122010
152739 16 221177
71637 39 121002
49950 31 212335
81018 23 205912
126182 76 182483
104457 3 182898
149083 20 210706
180014 81 219072
137909 21 226469
24358 71 39937
122514 62 196886
33903 64 54208
58930 33 207417
154034 14 164814
52478 3 217117
21397 36 191916
190886 9 229335
98742 39 113790
44419 44 195494
143347 75 162824
206776 28 229786
154554 71 215390
42278 60 129369
80437 24 90866
144729 95 234833
111220 5 215358
25794 89 248591
123699 17 241163
76767 13 85884
71185 16 174225
79811 45 196448
29670 61 35307
60602 24 93582
150097 26 164098
76412 74 104337
96670 65 218882
93364 94 224776
111034 14 177631
91462 47 123135
86370 66 233349
12253 29 205621
127409 16 223938
114483 67 222315
140470 36 218576
221756 91 225944
40191 80 83961
26017 27 128115
216819 35 247078
25189 3 136868
35205 58 58107
19664 23 76471
110918 62 207388
86449 80 197557
96199 48 132021
58782 43 239384
77653 41 148702
30062 62 189386
66114 89 106627
126796 21 160629
88275 40 185178
81761 41 148326
80793 77 229829
49609 38 83159
112878 6 162796
27094 23 236863
141732 42 224061
151705 13 211728
84143 67 97223
86112 4 120068
40799 52 168254
8190 9 68101
121541 36 195592
19829 30 198723
159229 51 226481
60449 54 166436
133473 91 156263
74061 10 140763
97136 64 246993
5737 55 16801
56013 46 87517
12935 28 20610
38755 82 76009
16151 59 41131
125869 15 154571
173538 60 198171
56690 66 91642
19309 10 117585
179309 33 247453
25955 30 131684
213282 25 245883
83348 49 179979
28133 47 88290
106346 7 154288
150485 19 249949
171911 79 196584
240589 5 246710
5377 41 240285
62726 4 191252
72003 17 198260
197191 84 248288
56248 28 152622
159139 70 164178
53837 41 134338
65354 66 74636
222488 13 234428
189019 53 224911
82794 66 245936
54468 85 117319
28107 98 178070
105670 2 229696
6309 67 128948
174806 53 237452
100559 68 204520
138890 55 167482
116129 47 122106
183667 49 210423
210263 32 228694
138967 44 211579
30809 11 192897
107489 75 202262
85869 87 226062
62160 16 184757
13940 70 193945
26311 7 221265
844 95 174142
101087 72 118931
36885 84 227695
62505 41 131504
28284 59 169876
54880 77 182953
57438 79 65264
134 21 109838
212873 71 232440
21946 1 66896
25235 29 109453
5720 30 44048
5023 29 130491
81571 6 141593
86612 65 221980
146487 57 236487
10174 97 225052
37794 43 49581
40780 49 94674
153623 39 163807
107230 59 114551
132863 26 191279
147066 37 247750
538 65 181479
64190 51 239668
166253 98 244936
2600 80 66330
22818 45 143604
3947 66 217694
34188 43 171617
6086 70 130966
69007 17 242581
173333 9 229575
179755 23 217029
117603 50 125138
97836 44 188632
34228 37 175412
6416 16 65303
186347 93 221591
7219 70 65280
176250 41 180626
102012 57 105959
221426 28 227912
5492 39 154239
184904 7 206297
105629 20 108280
11557 23 217353
182950 46 204575
88612 42 138495
103590 65 206099
29811 5 110199
172689 37 219239
25238 72 110253
135742 29 248959
33262 97 212844
79727 27 127251
87814 14 145774
112925 47 214238
10417 81 15725
26288 74 172486
28886 84 222809
202724 83 225222
38682 87 131939
27508 38 167522
105666 66 230191
104233 77 247011
90318 26 225849
6679 34 191409
85557 21 231310
59982 18 128607
73742 67 79451
118500 24 156257
145035 8 153423
98520 29 242142
118170 79 119836
143247 12 203894
94766 10 156596
71550 45 245013
176335 21 208963
86565 100 165625
136704 12 165784
25594 70 214074
127083 61 151474
2649 47 97913
120538 52 169624
56455 80 238397
235876 6 244348
89564 49 161118
141036 87 248565
188084 87 219645
127703 13 134894
193368 97 236123
157103 99 171424
103219 95 146848
74579 29 207419
40668 90 193574
41632 67 141598
73872 84 212512
99576 65 241979
192730 64 225294
110655 48 208921
1884 82 202679
29874 75 187912
50559 72 81078
153411 75 232088
19412 94 69976
122612 4 180140
15523 11 216870
159890 21 176719
202765 19 239391
28483 83 133739
205501 63 236636
189603 9 247032
12590 86 223444
88988 4 248898
43916 21 128424
4001 20 188519
56432 97 118064
96413 48 158383
176763 83 217532
128250 69 197926
87002 31 140171
45367 95 63576
136402 69 182119
91813 19 138403
65819 15 76082
73500 36 218167
30262 67 129376
61766 65 168130
15491 64 83020
92977 34 122880
15102 69 248380
94635 79 143391
123571 64 179970
89360 60 151516
85555 79 197071
77021 89 212775
106940 42 126664
151241 36 235739
84706 51 196113
4287 5 63439
17192 76 96249
179528 36 195268
20113 92 62961
235371 40 241178
30125 75 184834
77846 65 176418
45444 30 175125
53726 2 123999
74401 89 92111
11610 95 21581
29252 13 248323
652 71 55288
115385 77 121643
6312 56 224941
101213 79 117437
135896 47 184304
1568 91 123242
73913 87 203927
76220 81 203578
115853 29 117872
83649 96 207283
67651 29 177296
2004 57 19473
32638 14 73082
1897 37 115272
143747 60 243818
64924 70 212274
13183 18 204058
66108 91 163215
45803 64 191642
23090 31 220271
3590 80 46300
46526 28 66091
34281 5 91582
134947 13 185454
43429 85 203418
226822 67 233646
68249 32 208479
16980 54 122758
21050 30 164307
115855 66 222623
96755 12 177019
7027 58 109196
130711 33 171759
133603 74 150620
140656 91 231997
102366 89 118863
59765 53 89141
97079 68 222499
152192 56 212024
69122 32 141306
130805 5 240136
4874 88 127997
33422 84 123807
150117 60 210589
131102 47 151601
69517 43 145822
60069 56 169947
73440 8 86512
16433 9 235914
137896 53 235338
130004 63 163154
59796 45 247748
159816 30 162099
108499 7 236103
152367 22 164949
23604 67 210830
135527 83 167067
114502 71 171681
221833 3 231131
63803 78 95031
79689 88 119544
109092 85 219361
221559 71 222934
176347 92 219689
7328 53 108281
65334 87 85271
176994 79 238809
29923 31 169260
25611 17 242694
119730 95 192984
44622 79 93762
81177 22 195656
61630 52 88243
131834 75 138340
62065 59 219603
163313 97 204405
11040 26 161945
83515 30 97784
97457 85 201498
29456 43 147357
82356 52 194885
31478 98 103818
112594 13 134424
52385 57 75184
72192 98 234216
193232 46 194032
67622 26 73861
43218 79 174535
44259 94 71265
18098 92 59911
194876 79 237166
99140 59 196146
15447 100 39186
67826 5 74594
17598 78 208291
200013 65 203093
39509 26 228376
100900 58 177296
205548 44 220938
175657 19 233124
207987 58 244137
9594 12 123700
76509 92 134770
48834 16 216309
165984 99 167247
162909 1 233557
147513 31 181358
78176 59 143597
123838 63 163390
111162 56 216288
114926 30 196452
17489 100 111526
51965 77 141395
66223 50 143653
18210 4 195418
47515 34 212478
28257 37 65298
54716 45 79538
89536 89 113753
37625 32 126017
15479 76 185350
140867 54 157953
35642 90 45446
41093 81 106275
150180 55 180045
115685 88 229155
143611 89 188923
43650 70 122349
42002 17 239940
141388 66 247300
5656 45 163033
85560 45 226676
84369 9 221093
76529 84 87317
132764 88 203855
26819 3 154941
163249 29 236597
6316 30 170016
202349 50 233991
78452 35 117258
40790 41 249889
42046 6 61702
202448 52 215295
111486 72 176225
185983 85 202919
115406 84 217272
30935 46 186146
41494 45 212830
33607 82 157364
235344 98 243982
66434 75 92478
25305 91 128294
59577 39 188408
164349 44 229793
42396 18 151120
190823 60 218564
168005 32 194766
85998 32 167107
192683 33 246676
1818 38 227957
27999 85 137043
69186 28 87754
145380 63 227799
42874 84 203072
188217 11 244167
67253 43 89268
54350 88 180612
232351 77 244406
37202 32 242923
37139 60 192607
156392 38 187182
96195 94 237566
171209 52 182296
115137 58 180565
16328 61 234721
107932 26 205691
27376 69 62709
30278 92 229668
186168 54 215022
117910 100 211585
28397 72 122373
162221 57 172402
155092 31 209652
18289 72 154963
4784 11 33248
33813 70 175556
4261 2 201550
168409 41 175294
52885 81 92593
23231 69 197107
15070 54 92192
37881 50 179005
28161 26 114388
79110 91 142913
158611 85 199344
68341 17 151161
149273 14 204802
75265 96 200120
48596 16 157743
69511 43 164333
156808 87 178988
39565 43 39827
41639 61 183009
57929 62 64274
153757 90 223352
106279 7 153755
134958 31 230784
58528 76 141275
79285 7 163675
84958 11 122540
81509 3 243166
79563 2 181277
74139 71 184742
75469 62 95220
115349 78 154868
41503 28 118340
38743 10 163547
2151 63 61218
92014 4 207881
84716 11 213946
13072 46 183070
9500 77 74404
5046 87 154153
27132 19 110030
92365 54 228875
16689 61 31584
51378 1 75734
53686 71 172365
66782 56 244412
34814 32 177851
91115 74 106809
91545 28 187090
148631 85 150957
106326 92 112835
67192 63 146680
107663 69 178227
30821 50 95605
36024 33 108869
124614 13 154304
122666 34 181516
121428 13 157177
183141 78 248080
145938 7 213706
119480 39 228608
40618 94 63867
39775 48 51507
171402 72 228250
97388 11 169537
180364 34 210747
129000 77 183084
118898 77 121758
173321 7 213499
213398 41 215200
78443 46 135781
176089 69 193732
41485 50 108836
44460 100 158366
58881 32 96807
61156 35 111014
57151 82 64697
23870 83 37334
56739 24 115553
32093 58 66377
25181 56 185865
171551 54 231972
91014 9 111357
31522 36 85207
72998 56 141808
33121 47 180318
4286 62 203261
114681 83 213527
155631 12 186152
114002 99 183491
24403 50 89690
56499 39 190848
5206 7 241751
125020 71 244268
719 20 202634
57223 62 118443
146769 6 172443
75911 23 192357
132394 47 217319
51578 73 104526
75874 94 182044
149030 21 219610
195012 24 202062
163896 41 169549
131575 68 235779
120179 22 204706
18511 39 85892
27412 10 111572
23363 17 197702
105506 100 116778
114057 96 120867
3838 75 241625
78600 67 234613
84597 77 184028
56532 74 204050
