5000
90768 95 236099
208542 16 211277
170376 42 203508
94118 54 186539
140130 5 249741
109597 96 188961
174617 79 201725
91427 84 123931
199533 34 206068
153172 26 176493
677 34 202365
73728 78 210706
81928 3 197517
116834 88 184712
11528 32 69397
149478 20 161083
135624 3 189308
99160 14 172093
43067 99 54018
148352 29 236516
55695 18 73865
55734 43 194914
43569 26 61020
12962 43 87194
41346 51 75823
137020 80 230491
46894 15 111239
146237 62 196664
11491 18 79507
169190 11 181365
86838 95 162969
89623 91 199156
69063 59 149953
24264 41 98262
37598 9 158519
100273 70 249625
69575 98 228406
48220 6 194548
27849 76 245620
7384 61 9147
98678 23 217151
198565 90 206691
14743 55 247644
203136 8 225309
159612 3 214641
46812 21 86627
83018 9 175493
19090 3 205901
93383 70 243520
127359 58 210523
88706 73 163673
28833 46 150427
26882 40 48774
28563 85 119699
174769 42 240244
88373 45 225267
77075 20 152653
211019 38 247065
33225 43 208600
62194 99 209176
19078 52 201692
88617 97 118853
37384 41 105686
59107 40 81692
44329 79 140696
56211 33 91012
50665 35 244933
202200 64 231622
29951 16 81366
169085 88 177997
62272 62 101554
185596 75 189127
200619 49 222887
7824 14 15419
211645 9 229566
89053 13 242298
4359 15 141491
131673 16 159742
137351 93 193596
4431 89 236104
9287 72 50317
59471 59 143646
31279 73 98172
63099 86 223962
22764 4 58475
514 78 27049
144068 45 238461
133664 5 142038
6628 51 71230
50466 52 75820
45745 28 68837
223019 100 228271
91236 14 123864
150657 87 155389
28100 100 248777
165468 35 196963
153998 57 240165
37507 66 209161
241429 56 248412
2447 42 185526
160001 5 215746
177026 53 193025
35858 48 40458
28565 1 110458
50099 50 145555
27041 5 58067
149887 18 161390
51843 54 98550
83811 84 117291
217241 58 249373
68847 69 123359
144700 77 240268
29976 88 178520
84015 19 155872
13825 32 166405
31252 100 224275
44402 7 176471
58680 62 235619
34513 29 197753
54821 78 186583
356 26 29327
75046 34 117474
12048 6 139532
59056 8 70238
84998 90 227805
1409 89 155347
83482 18 95855
102666 25 138999
96189 88 130333
165234 13 217418
46646 49 198172
47672 95 73530
15142 6 169973
29342 99 29981
45136 11 52635
28195 92 106851
1714 49 102286
8012 85 226807
71424 72 94344
57913 9 133716
27867 88 75689
84474 70 184344
71108 98 235532
206044 63 222062
17780 53 111744
101524 60 249690
115331 19 215678
212969 68 248720
32191 24 34840
79525 54 202352
5724 14 196809
8108 33 26210
129985 60 241643
30260 11 186833
135470 78 210047
148326 25 212835
48508 25 177998
187390 93 203607
147047 16 211227
35883 92 99056
63816 36 149180
197097 51 247530
122057 66 249234
102552 25 229101
24516 67 58363
150555 16 183611
148426 89 170953
135117 57 140658
148937 34 188078
161554 83 237230
10393 16 81941
84207 70 213717
135258 37 205484
132525 95 184671
49228 39 233175
25328 70 72491
175745 26 187564
25692 68 190926
8509 53 104306
212105 26 247708
95414 43 236596
108660 16 162967
149787 50 217741
62012 97 155246
24447 20 211094
33488 29 83123
169316 88 229669
32351 65 159745
43603 61 236457
207918 47 220878
20217 64 226896
71589 78 235124
85404 71 233422
74240 70 106299
12847 80 232552
113337 67 150963
36256 76 168989
71120 35 169864
7243 76 152497
97704 78 149138
41062 11 113321
39783 36 239967
187351 58 197310
48223 40 121067
117328 50 130769
71801 6 233795
203288 96 206556
91673 69 188159
109079 79 144997
132565 37 203018
651 61 110274
14223 84 138328
81152 88 244045
34895 2 96771
40581 73 194631
68418 44 105333
230048 27 247257
210600 44 218079
26555 12 237712
10273 30 130836
22645 12 180501
189946 52 233041
25684 27 93538
14040 8 91106
24976 66 80970
160973 37 229941
45194 59 226488
103578 99 130378
157012 36 195064
60899 91 73915
65871 8 233418
97312 98 194220
85593 100 202842
31710 13 192814
107447 43 156900
159299 86 175799
40509 82 43506
142632 41 196033
36086 88 157211
75174 6 127214
165886 7 170950
86559 19 180253
42373 77 222370
107519 73 115235
19070 68 41285
65575 74 95006
10845 91 50442
7256 47 101772
31663 59 194251
20254 67 74491
134076 77 153471
169343 81 228947
194493 92 209327
79732 81 200804
182309 19 189615
30987 50 224036
14655 53 146058
79156 17 168075
165308 55 209002
160208 61 207859
115848 51 169866
109257 36 248220
28647 88 227775
89556 20 132816
95858 82 203203
60504 53 187044
120415 73 235352
10605 66 29440
155931 57 199960
142015 40 168434
59016 5 193041
22857 80 142709
43610 65 107187
147115 5 232783
65008 48 194689
115555 46 145475
84467 70 154393
91030 61 130300
160072 42 192051
88813 91 208035
36591 97 67925
9514 63 147109
123221 42 182820
86097 47 98404
41864 1 135130
119071 80 143340
118612 41 187390
85566 85 124974
36547 25 182479
8936 40 228089
11460 26 28480
29577 25 81023
94929 95 230494
34483 63 83902
9371 23 98446
23882 1 153256
209757 80 248616
125708 3 205150
45409 43 224085
46249 92 55189
119383 97 144463
66852 33 238781
139628 53 181626
53514 86 209747
97533 78 135365
49280 40 170011
168960 59 188543
225976 69 238776
206380 28 244885
30597 86 177862
110111 61 123601
102092 2 130433
143717 67 180150
34251 39 231353
38853 76 131462
4091 62 20912
59362 14 196598
29400 58 106298
130289 86 152112
162276 63 176845
35120 24 215857
241307 17 247402
71891 76 235381
80158 33 123233
47295 70 207146
158502 38 189684
28320 6 29904
32373 61 175406
89259 57 192975
182719 62 246763
111829 5 144913
126587 78 243940
40788 50 136883
169761 75 244467
40465 30 191255
7137 47 65369
210980 88 211538
53649 59 179581
6928 28 17398
143418 92 225130
155491 45 196207
14037 56 37458
156395 1 194113
68652 41 107403
73449 58 231092
210345 20 232394
69045 85 132996
93394 53 217234
6609 77 202078
10955 44 228510
78651 20 247139
126859 22 171556
84067 13 222023
100503 63 184457
1894 67 196414
122609 97 241130
88 18 1495
75996 73 245905
119588 17 210864
109524 53 109872
11961 79 147979
48334 96 121299
75089 91 197287
141889 57 236423
72417 42 189480
174645 42 190319
12156 6 136434
143675 68 231064
1387 61 229924
137676 69 202681
215372 28 231186
49318 84 142711
64428 89 148278
18592 36 164147
119369 72 212523
20952 69 165116
91406 92 175687
9527 6 198218
79329 98 219001
48226 84 67687
133735 52 239205
94772 77 235568
77937 40 171671
20346 38 219509
73951 57 123290
120563 21 243815
25435 45 217116
170889 10 229484
1218 51 83081
16993 45 103865
56484 38 110850
127339 66 144452
59880 1 124550
17604 71 167327
63369 65 66678
33416 64 208230
19602 24 82778
12457 95 191250
113113 67 125848
39954 67 188494
6670 61 9230
206093 76 216619
171843 35 229209
50013 23 221201
98115 22 102824
87721 16 103854
154441 63 198168
41111 31 76526
81531 9 155254
56444 33 188664
227219 48 249553
76213 87 218117
24810 36 230905
79322 45 144811
37924 3 203159
22152 1 164844
56051 94 133176
59180 2 101604
97903 64 241118
70278 45 147955
38207 24 52276
129059 97 224193
46544 16 232609
27389 15 223554
178862 4 248277
120426 98 222088
29553 4 89530
104794 36 186710
9598 52 69910
60598 1 129937
27456 70 150108
215966 81 233812
214679 98 248735
141126 92 187664
55819 19 73971
94962 35 154176
82521 33 180286
77081 31 178465
66384 31 156477
83321 88 239545
95617 65 132262
32050 72 51571
198154 39 227002
103121 83 112193
81987 33 143912
147391 59 181764
40754 52 126610
59136 35 126388
111813 63 163620
189684 72 232571
165579 97 203013
46502 47 100257
33079 56 125588
150545 38 160907
54334 99 119355
82072 74 195899
74761 46 247817
119324 29 249896
39522 11 195254
16420 9 158125
7513 62 88074
116190 53 159803
132284 27 163736
191446 28 194925
116774 54 205990
119320 30 121846
40801 31 85128
73507 60 220554
93395 98 149330
72698 21 148424
47486 25 72121
130214 57 230784
67172 11 211423
73689 78 78425
62921 59 159742
104213 13 119172
20032 18 128333
125509 20 166705
40587 29 41205
21719 83 179508
27505 98 120765
122403 7 199527
98606 13 215233
125069 75 184936
231737 93 240705
98453 60 129397
199836 99 221342
7232 85 198904
89167 35 220002
31888 31 36127
38204 20 50685
46385 16 156270
106812 84 144602
156387 70 157171
189847 33 249083
77837 44 234996
149641 58 247129
5312 30 19473
150194 19 177689
63416 50 137304
4231 17 125110
49479 29 94547
72136 82 203941
83388 3 205727
53859 98 90156
45822 48 178981
60972 10 156293
34396 50 101728
24822 26 244306
205461 3 208108
32136 51 210103
15508 6 195424
140193 80 205821
69783 16 197385
31080 39 159750
92236 19 174889
66084 25 227422
62017 50 88867
116560 86 188153
65054 12 167430
41962 7 121663
115202 6 155374
231287 29 247339
188997 86 216422
190739 67 199321
220752 63 243792
1464 52 248269
30380 7 58692
180745 12 213414
62203 6 144779
124670 18 241663
198404 14 219963
7229 85 16420
85771 83 139100
11406 47 117623
103672 35 155160
415 17 1277
139382 38 173212
176124 77 201669
43656 49 117412
91147 77 193338
26725 95 197538
89519 60 233112
74983 3 236601
78557 23 80009
29556 42 63453
4635 7 70007
73033 30 200834
78417 75 211707
36558 43 173275
207490 58 218128
1250 86 20195
124464 85 245924
65186 30 163112
188025 52 220017
54111 96 119385
29524 57 99191
102378 65 134845
205940 30 238415
117007 36 136011
222524 2 224655
184489 21 241489
52331 1 176829
229139 76 230416
122442 90 221314
47510 70 62927
21971 53 236811
174251 30 223667
137288 63 190080
7423 77 242263
69349 12 235516
197893 91 242507
70328 60 123657
39891 15 241470
135785 66 144423
52405 54 126484
4286 86 157783
2061 60 63952
81545 38 196450
23091 39 93992
73290 37 143646
22726 42 81361
22920 63 174423
34740 94 94707
54522 42 101853
153002 73 186022
150851 59 165447
28302 85 166879
56735 18 123491
51861 95 81032
66799 35 235454
128457 9 147548
108937 67 133512
45525 71 236122
80560 66 111972
54944 65 123530
118095 53 238907
182149 3 201894
58930 5 180967
58602 67 80729
89716 19 249716
112281 3 219526
24449 50 41571
76538 51 168390
28812 91 237231
85306 55 126006
60349 64 87528
218945 75 219902
210413 79 218110
20768 78 200767
22071 16 228697
54547 40 236303
212345 11 249067
133716 59 170559
65429 96 123436
138208 27 145202
56176 36 205290
35818 99 221334
209232 61 211207
186938 2 208948
30683 10 114708
61970 92 157122
78518 3 147045
171368 37 181367
135328 67 179180
15247 39 21605
22192 80 160843
150498 48 235678
13618 6 122506
199125 45 226774
18358 55 122907
27315 63 160062
131207 100 193702
22877 21 67869
233027 44 236491
181787 13 189803
54697 11 153812
97065 56 225397
36595 43 111108
187859 74 224586
96901 31 172270
28045 39 70041
87886 5 130673
31577 58 143559
54477 51 81412
170596 44 171940
14831 49 61048
178170 6 245836
176228 2 239371
23879 13 121842
23392 49 157271
164371 78 186517
196198 15 238050
167920 91 171550
44026 45 46832
151293 53 157523
27241 15 107698
106075 25 235328
108667 64 233254
61038 61 175275
136111 24 249083
182888 5 209247
124874 50 188206
140089 59 220374
62505 85 86588
85943 55 231584
202424 54 214485
120151 13 225137
64532 15 245167
16259 1 90007
35659 52 56464
119945 66 212993
14142 47 242215
31337 4 127117
118538 68 165442
131350 63 143008
70343 68 117633
139985 79 180528
22196 87 51352
28571 39 34456
1173 87 104590
121925 1 158953
101851 74 212290
134499 96 196795
31343 16 90494
44220 93 70110
17253 57 67202
7526 29 81297
74418 32 136147
97848 98 143408
84579 14 219575
77746 6 136046
24294 10 173703
149835 65 222920
48693 61 154439
14896 52 122712
8421 11 79573
98468 44 107071
7042 82 139448
141741 33 193620
197754 88 232603
13954 10 99695
30083 55 108390
120778 55 202482
115983 11 179859
2129 61 80855
200419 18 200518
107007 32 158716
5571 8 139297
33771 45 243791
66169 46 181364
43628 74 200705
83422 32 133142
123120 79 154839
16689 67 100483
45937 43 107737
186612 47 196046
144644 16 187478
102690 75 244963
108833 2 218276
111517 61 237953
13669 11 107635
110584 72 144855
108338 51 166132
175033 24 203846
19554 57 38918
52502 94 60090
43803 87 145344
157259 53 237481
63245 41 103566
54074 33 164012
38200 90 247468
158383 10 206223
136344 24 161960
199758 26 212526
67840 14 146997
203829 92 217045
83507 97 233428
138660 66 234919
27372 83 197182
108385 67 192081
111845 84 208751
26453 46 79754
25929 63 159654
9962 78 31685
142481 29 248560
55857 93 147215
78408 44 125908
173766 32 189679
25021 11 211354
44729 86 240645
6441 10 181027
128499 22 243374
202423 12 226054
62182 61 159374
10875 26 193127
79097 73 225344
178875 38 205911
21529 64 245776
76407 3 145453
28538 72 249093
92542 16 223814
52009 68 168075
69996 40 180782
203252 95 216329
96203 16 171581
142421 82 225661
20913 20 138229
143524 76 171472
231592 82 242608
84350 57 103159
21877 69 93394
21227 94 91076
172308 63 246425
52935 42 186066
161766 64 242480
214690 70 237251
21875 36 181017
172571 48 192044
13228 35 68702
177944 92 192541
52163 75 143308
129535 35 226501
100048 80 132808
93130 87 139015
114468 23 183403
32504 2 138261
63390 28 201113
120686 73 138844
155737 8 178951
114892 83 116437
159281 44 178796
142932 60 203689
113168 92 189780
19333 34 134144
48665 76 117390
136027 3 161638
99603 15 158596
24570 61 185931
112181 16 203178
97564 63 224375
105866 57 133520
154076 21 181654
172713 44 206443
44649 53 46364
87195 52 113301
141021 27 207956
74746 14 111109
21441 1 125599
85453 24 224305
43393 88 225838
135949 77 219358
13738 15 148704
82708 55 206496
67743 69 239029
148322 12 190533
153284 59 236688
86371 25 175688
62755 51 81224
4019 99 34462
172090 14 214687
23951 67 111384
199201 45 201081
188349 97 216199
191719 55 204105
73197 71 131871
87405 5 97397
32254 20 238401
75538 11 177822
93611 32 106983
5887 31 47657
34847 31 103823
9380 29 145606
18967 21 150288
15750 19 193174
54030 26 182665
32392 57 144164
31087 98 181727
12877 13 143641
39234 87 62618
178049 65 234017
23514 90 238495
4719 45 228423
70943 84 175622
109554 91 181670
82359 7 160210
139318 34 244252
31740 7 85988
144117 61 156614
44684 96 176767
100558 34 156194
650 65 234034
159160 31 243673
28714 97 45052
84387 33 221875
30440 68 205119
71121 74 106301
156901 82 173931
25678 70 104658
31230 31 187316
99477 59 239367
48305 34 162126
157294 49 177029
13277 29 99463
94151 13 219279
66785 10 150706
33873 4 132023
4854 12 55847
92627 77 134724
32174 41 36615
132065 2 199495
183598 86 247028
146368 90 245583
93607 29 147429
184995 58 222202
136103 48 177853
66214 91 157981
92208 86 203450
12604 78 114527
3377 60 229025
29164 76 118653
156414 83 217447
19602 72 29472
57203 65 175795
47891 24 59880
47385 43 166532
169306 79 192038
45427 79 113508
204916 89 224304
149245 34 242731
26566 67 198956
135402 78 140889
145905 66 162635
112690 6 138536
151778 45 181165
182782 10 240806
106041 65 141895
8539 54 10034
65770 74 75716
97665 56 228051
108773 62 204703
34460 82 60698
139248 90 224901
131877 38 245571
145712 56 148242
70835 23 179823
67300 56 244688
88608 28 128112
67624 13 132072
81093 71 143280
160823 78 176851
41043 30 139650
201881 28 232953
41197 99 235849
29764 87 34712
29095 61 241041
23717 41 32774
37220 83 126735
38221 7 233810
16378 12 116729
116619 69 152733
95413 10 158020
66039 66 111851
122378 6 134278
28067 88 110143
40681 73 97861
124045 3 231209
2491 42 20706
18449 54 52810
59673 43 152788
140375 66 149204
131719 88 145973
167846 37 189376
43849 71 131253
51243 22 191485
91436 51 141622
89754 59 117647
7389 56 200127
40189 36 85760
128684 39 224520
4500 29 198052
38191 45 222262
61041 22 61198
181593 73 216177
2968 97 149774
42334 82 228408
113369 82 184436
29456 18 116296
41244 85 228957
176784 57 200907
186935 3 210636
142878 80 177601
88709 54 200905
166332 95 248304
21135 43 90987
66216 2 189159
74885 6 218028
104017 43 249990
1140 77 216747
123392 71 190420
156506 15 240114
186155 72 200928
59711 99 199363
9952 40 189488
84806 95 201562
165664 26 238772
147850 75 174542
20300 3 216633
10378 57 173655
197858 57 218196
117261 50 129445
37725 30 101217
44077 8 242312
34247 51 184944
28719 94 48488
44090 25 113934
148140 78 163959
74260 95 244017
67834 71 85658
234621 38 243737
6699 56 214042
32912 2 132472
47949 74 123602
59591 94 139470
39860 70 148296
103440 9 174452
103278 44 162777
216307 14 239450
80886 89 117785
46807 66 134811
11779 50 240612
49719 23 132828
33972 94 70607
115707 94 149956
43624 29 138109
99840 3 153951
5747 5 233337
103811 4 105169
120700 54 169599
75000 64 129140
7012 36 149353
108133 73 195621
156058 10 242972
139028 100 156051
4077 1 123593
96851 78 167411
104317 91 123512
207741 75 215488
87261 45 174795
200541 44 244820
34095 37 216968
49766 57 214436
92706 86 244350
66380 98 207967
166376 68 208114
120340 98 172458
28863 83 185199
68475 70 112495
22807 98 157149
42349 95 245554
137398 70 238240
2275 21 61689
11425 95 226334
25033 91 54760
68492 99 104214
152108 26 177979
82083 41 165064
104242 29 136845
84838 43 200830
92591 79 201342
3954 80 110211
60318 47 76952
99019 9 122787
89111 34 185449
17182 61 125508
182458 23 221838
86901 6 134414
79312 54 118651
76377 36 164299
187798 10 195122
64083 44 112385
55670 11 200282
61770 73 195543
84722 62 85513
2138 20 62613
7772 89 210271
79374 17 142677
10453 7 33516
111629 68 179659
66088 25 92127
18191 39 249341
77466 71 240189
69513 23 215164
4486 47 54793
140805 63 203826
106885 2 123314
91876 31 188688
193917 33 241250
112101 94 211139
125863 32 146799
99822 50 112781
57907 41 110767
175386 67 221928
16433 30 172365
82781 44 90067
71497 18 135043
14691 92 187884
105305 16 215483
109470 18 131532
70285 93 85503
192434 76 212949
144452 32 144997
110325 85 198846
55191 98 82391
111991 95 161626
66419 10 104509
184955 83 217678
59789 81 113996
24832 14 94549
86561 92 248874
11712 91 23847
106450 77 109642
49525 67 199372
95959 14 191608
62994 48 133489
20451 11 60003
39284 18 152728
50322 59 214393
152867 75 239172
68021 57 168693
12324 20 84849
133261 2 236629
85981 52 239957
80977 37 211749
132447 65 168880
73558 85 230301
21569 53 200949
175099 14 210108
113303 68 186064
178769 57 226072
14828 82 109036
84925 32 236227
40022 75 226080
50082 33 91953
11936 15 121671
35080 92 217995
22301 94 133904
114917 11 120490
142933 94 145674
63444 8 186875
33523 4 234490
17829 17 214745
23688 7 204217
67938 2 152683
61432 1 216769
135785 82 175807
130542 60 233706
155839 82 217806
49659 43 142874
61158 96 162657
193107 58 201684
13190 71 148392
46374 45 183222
66462 58 124562
60048 15 226637
89095 85 152464
39649 1 213825
1586 69 82824
17200 51 149773
2946 43 189261
62038 74 105344
41585 20 50372
7527 56 158468
88532 53 92796
13819 27 188528
146430 78 244148
1054 32 2400
6932 47 48516
139691 57 178042
85344 32 207525
86328 67 138772
20842 31 65805
183468 11 240294
238857 42 248969
52578 58 93532
41451 52 238089
214418 67 222030
2010 75 113039
106076 36 142452
72915 64 130118
155931 14 165765
2794 21 127352
119078 32 120547
178094 53 181707
56310 16 214631
50291 80 57254
37678 53 203125
133466 49 227678
60130 72 173346
117696 50 132281
139328 51 248261
33250 41 133844
53372 41 245708
16431 54 163702
85899 14 144905
77049 70 248086
111268 54 231248
26552 36 139773
111583 30 163907
133362 6 216114
82554 69 113336
31437 14 172611
75031 68 121188
112900 72 144502
31434 54 129289
188889 21 206904
77006 62 160851
9433 91 202259
124284 76 191185
52323 3 231843
32833 62 109555
40264 17 227400
89513 40 229597
48879 15 158128
77868 62 113052
100215 4 244028
17443 13 98345
119895 15 203804
177537 63 216636
122812 17 160851
103884 76 117888
85688 33 127139
207470 64 224308
123643 36 190455
19268 57 68045
182343 75 239995
24906 100 157041
130798 5 195477
179900 50 238994
36943 100 217678
22644 91 212399
16182 96 21302
9885 39 35710
46204 52 143380
23790 15 203506
54362 38 88993
13587 30 32111
53672 99 76697
34149 62 106226
41651 82 117164
29471 2 195367
85627 85 138428
59135 40 77947
53857 3 217813
112542 15 141732
62774 45 134392
158245 80 205225
138323 15 217679
57096 51 62440
39039 2 174373
127874 20 147772
28948 35 32841
203120 96 235699
28471 13 186000
100215 19 190275
218149 79 229578
22021 79 89184
16153 50 165535
98899 73 124923
1000 28 180980
62498 66 136414
196103 94 213594
46442 35 183189
134377 1 150932
22122 90 114094
17996 45 65514
143612 50 154152
45987 22 136568
81868 60 132637
80327 60 222266
107804 63 154949
94505 93 238876
86789 4 110984
19206 11 184919
41749 53 99908
68801 12 109179
170951 64 232056
37975 53 188007
79126 5 181665
33216 6 88450
38086 30 209182
9020 69 165942
85253 94 170187
103483 22 171844
100244 7 224655
153163 41 197878
187486 59 209239
135147 44 236855
35818 74 192230
201254 74 237309
28601 53 192401
6746 91 246247
10356 50 100701
143608 74 217113
126547 31 144962
65216 58 235440
19749 90 59236
56041 72 80618
10634 62 240341
27434 84 115044
80512 53 135086
5039 18 132832
6888 24 41937
107961 81 129701
32524 42 104840
75179 68 165802
143479 29 147784
14768 15 109443
84019 67 177903
144474 33 219179
62881 71 147963
2929 32 60400
144863 46 217984
7033 19 24003
78917 34 109940
28511 40 44731
87656 49 147834
79674 3 211196
90139 70 97825
33009 24 185795
55036 35 246615
123123 56 126586
59658 10 238152
87468 72 234724
39448 10 99098
31275 24 61985
33982 92 135209
42153 55 154811
194415 75 213751
168806 80 176711
94536 49 159194
76692 59 159945
80058 43 215850
52564 87 154608
50675 13 142476
25186 67 126627
22624 99 119847
55560 45 168308
93693 3 142629
24558 15 155407
36459 40 198602
147018 5 182562
53717 74 80982
72383 70 113858
6642 31 167283
4719 59 211289
76949 45 78794
175819 83 196979
57399 94 154118
48885 8 53324
12561 21 34496
19708 68 19835
86455 25 188737
44358 62 214142
42192 36 162368
37919 69 51807
13615 82 114846
4028 13 34530
49839 15 233286
82774 45 199018
10408 31 31302
30165 44 196124
100077 84 139781
177515 55 249430
89366 23 107908
59283 90 248753
97210 25 146850
42129 76 121441
17138 64 120771
8678 67 74493
157654 64 220627
143188 68 244185
88198 52 183915
27839 47 227412
16255 1 51134
15609 9 83713
52334 75 69018
59903 69 178722
132271 82 200033
128326 23 167976
174383 87 232486
39145 44 164226
3811 82 56135
92542 90 101484
8224 28 80321
77065 58 107975
43498 8 128767
16610 40 126344
85163 15 104917
91307 70 161198
66274 36 107255
76223 36 130972
110192 3 112992
47306 17 142793
10854 85 184769
149785 80 237100
78703 33 216025
67279 67 235362
9066 89 164092
106224 90 131252
158351 81 206122
118010 11 177989
142628 6 182142
111617 85 247649
148992 56 238926
63962 66 95393
134544 99 169998
118171 93 194883
120617 33 220334
118569 90 123483
71347 74 224217
104050 72 150803
15069 36 19227
85212 77 216704
118225 50 164188
123790 8 188346
59875 77 218035
111273 21 242501
57488 58 148879
23230 32 226611
68339 34 242011
11256 92 48815
8474 58 103468
3513 73 193723
177501 54 222786
19227 34 103559
201575 74 215151
63431 71 229522
75791 50 110886
228174 61 235242
49984 21 130506
25227 79 41148
216525 63 232674
22675 26 146374
101692 58 173299
73940 96 233766
4545 3 58876
218355 47 241889
149752 65 245195
6748 1 149599
41226 10 192139
128797 96 153565
105508 22 191363
103812 81 248491
44032 96 153191
66692 29 198774
7410 88 198836
2319 68 20115
10854 49 56204
106570 42 147259
122617 36 129021
71626 98 80658
86607 84 116606
103152 100 113359
8486 72 57900
111467 93 129470
245 27 215776
65357 30 112795
180132 78 245736
98448 10 223059
33 62 182962
47219 35 86026
160541 48 238314
99326 32 236059
18565 52 113312
148969 21 158960
12441 8 187921
45474 17 185591
51571 92 116608
156250 31 199826
86111 50 125381
81311 11 112209
21905 89 137136
83359 1 242297
232705 16 246578
190262 39 202451
192979 56 214917
161611 7 213424
47402 4 202824
72896 28 227969
49301 86 218080
72213 86 208462
39976 72 97783
126910 81 160932
7596 30 128056
7933 52 186007
71182 81 110803
8739 1 74165
61194 35 92770
199271 92 237868
207372 70 211950
61836 76 152527
40436 99 110491
215512 96 244917
145950 59 157687
2075 95 246184
151488 76 152422
184402 59 192144
75466 72 173749
244382 52 247722
1328 4 182236
50069 40 178558
117475 23 130315
146803 63 221928
94191 96 107125
63529 7 96733
214309 79 240361
68105 27 196503
32232 76 37028
204070 57 216464
98420 35 110761
202209 76 238310
125969 66 146030
122318 94 238351
91478 15 202983
114627 50 190135
42672 65 43412
27511 74 217548
174808 40 244179
3741 85 41583
139603 8 204866
14402 100 134550
60302 61 167837
90384 20 127290
171013 13 239198
79752 78 198048
241928 56 247338
42779 34 161503
6577 85 195253
185243 75 228234
84743 12 89426
44546 71 66305
122693 25 235349
45884 13 129778
154254 65 189195
653 24 161386
159459 16 230941
12961 14 218157
31796 10 42003
50008 78 182477
120927 73 203737
61996 74 95738
129242 43 203536
124817 9 152751
86912 60 225888
31727 22 111949
127423 50 232407
178583 46 207498
66891 25 104990
57442 28 144879
17156 63 45721
88825 50 149955
58850 21 65235
97321 56 203646
82156 91 176742
165455 12 174416
28966 26 158315
3003 35 224216
69943 1 169503
101556 52 158407
57055 42 185590
207981 42 243984
2336 96 85157
30487 73 111236
46174 3 101447
56365 54 76883
50835 9 180848
92443 45 204558
123905 7 125252
111172 19 190818
216048 33 246359
18713 36 163204
44348 52 149894
27869 57 46722
42758 76 50114
78495 64 202088
67760 26 210700
85147 59 140165
97885 19 203810
39314 85 153503
237785 18 239193
73518 83 162614
162707 50 225654
67762 93 212815
10601 13 150933
227782 41 236064
106932 44 132015
16336 28 229006
86437 74 97905
161562 14 222125
14967 61 79999
132174 93 243704
35394 84 190859
51382 52 160658
93187 3 106674
29795 37 241285
112971 24 150692
218811 28 224842
17940 20 182968
90131 66 205208
67130 50 244547
159379 58 168327
32532 54 145487
186992 68 243530
23309 52 77702
90176 45 234996
107225 7 216884
101970 61 223856
439 29 50542
156062 1 216589
26678 84 234263
175940 47 182473
89367 15 98515
123036 55 243915
40734 10 141586
99763 65 142632
128384 11 248228
125993 75 161246
46402 78 184369
63659 51 190968
41014 63 242672
42876 53 53316
103242 84 103745
66649 70 145214
7832 37 136968
216440 19 226405
92117 70 247856
188837 14 246605
85249 6 143691
203943 56 247025
90638 33 161226
171717 24 194874
39092 94 239822
143430 12 147668
86931 47 200767
96020 92 145542
62529 93 220147
62577 90 94877
51753 58 78311
105551 14 211697
58343 58 95820
107705 3 122046
42030 83 248238
50923 21 141232
4358 4 219846
63694 68 90565
97345 75 186562
23221 49 206568
152082 19 154142
225381 30 246741
91265 88 169330
103525 1 143404
49062 67 105702
2425 89 12435
65659 11 123784
101189 77 157474
89491 21 204984
166817 62 227488
16014 88 219523
122860 42 234804
53679 48 71704
35096 99 211009
182651 55 191835
96445 76 111913
34587 25 38694
32583 92 78549
82264 72 248435
53902 72 169417
25496 69 31097
98579 12 104003
111375 80 220004
53563 8 71992
16412 63 228462
39920 89 47741
107775 68 141377
61080 7 141464
178148 12 236275
28092 79 220173
11040 32 224130
54791 46 100660
135738 32 205381
185966 96 247528
98644 59 175473
54975 83 238761
20818 17 123371
12478 26 154421
123578 3 179942
169737 32 225879
117043 97 205099
149061 48 197595
5984 62 193539
73115 16 233316
8316 87 63453
46686 84 243365
174645 3 223295
54092 61 173017
12677 99 104856
57965 38 169857
53103 24 244975
88560 66 234229
63548 47 165421
67411 35 194549
172203 12 246700
69101 77 199609
154539 97 216449
121329 88 230512
25657 87 63886
89162 37 245400
104375 68 150385
42112 4 140267
149746 73 188322
195887 90 221986
181472 86 183238
29100 87 124458
154919 77 184520
149711 12 245006
100781 60 131629
28232 80 178214
26419 45 178893
179420 21 198667
60464 53 206410
9692 50 82992
170820 97 197294
48901 93 60203
127159 21 236109
13556 63 192955
353 26 40696
43731 17 111532
22261 95 145993
71247 93 231904
117383 35 181533
116124 84 196708
45231 5 157440
58642 86 121238
106766 4 113507
47520 59 83976
204060 8 234085
39074 90 243184
137210 11 229594
9431 12 122522
39945 10 181546
28478 7 103999
173523 25 202842
13561 34 84709
8984 95 14256
45647 60 148871
6628 25 104644
57653 49 84336
169710 77 239384
71772 30 216486
108002 8 196271
21810 15 155827
158094 15 179901
11256 38 87340
90850 44 157253
60165 89 206172
50262 93 177722
92523 66 237766
62112 70 79826
11333 10 232886
144343 98 245842
143184 9 182391
23508 88 37005
141279 98 170635
5724 11 179842
47374 82 130945
17898 17 147110
102890 36 141245
30542 17 138923
88801 80 142671
50376 22 52052
172524 44 194720
227497 95 233105
60178 70 207931
73149 3 185588
180000 21 242445
207956 63 211326
30885 68 245222
63743 58 160871
2367 99 173106
55593 41 150168
15127 37 158885
168881 62 239491
29373 42 77594
149544 30 205214
56717 88 177389
6618 39 234498
76443 33 141228
131096 50 176649
61339 47 244883
138331 10 248459
24160 37 152953
81895 80 209641
59757 32 98843
32495 31 189375
156771 50 192491
2342 4 201332
86925 95 215416
134457 92 178820
87667 5 116239
199818 95 202802
128478 35 129664
21584 98 61852
59618 14 243673
118356 63 189978
106902 74 118718
88565 35 231680
97743 73 208887
147282 64 219008
46980 84 51353
128297 24 169570
213464 25 216778
35620 32 79292
63414 36 238157
7412 92 232044
88456 56 163707
177445 94 182081
143242 10 234434
124728 86 132071
195240 10 226797
181398 18 184877
47843 95 100304
46403 93 214344
151905 6 236960
109079 66 245447
5184 22 64975
159032 76 159434
49118 30 106893
24787 82 39508
91535 48 168164
10099 84 16667
64097 21 231630
45886 80 237933
78750 92 153454
14174 67 22690
94509 7 228888
172870 28 238874
1045 8 176178
36632 6 106192
80437 94 222658
125803 85 229148
14574 94 77973
173140 84 225498
118486 71 178246
124544 82 223515
36484 4 217998
42733 6 100752
9186 59 224630
81235 9 142659
100430 65 122023
179642 23 249449
49970 8 150767
101371 58 135322
136578 43 177729
17142 71 104933
137412 45 228004
150057 84 210632
94224 93 155365
12145 44 225842
20691 41 235239
126081 38 202041
172042 11 178280
84842 17 186356
26901 94 239698
18727 94 107396
31901 90 37335
55231 96 105402
84925 56 180985
162054 91 231499
148831 70 238249
147872 8 205817
85392 65 245899
16737 12 126959
70362 36 198884
276 74 86670
95087 14 203660
136265 7 136743
53790 79 213325
100926 75 192671
121552 2 196995
134353 77 245784
40349 49 128473
15765 93 60905
144632 45 153311
73883 30 178971
24727 98 28090
118023 45 127774
153 46 55248
20112 64 69221
148164 74 234261
803 3 193293
67356 41 180571
114880 44 215144
185019 42 199663
50798 58 67098
27964 5 208424
51913 74 102673
39854 15 112751
35802 28 121532
182121 64 188651
50550 41 216862
60581 100 107958
41297 28 164613
209183 48 227049
69668 51 100665
115533 89 167423
5370 65 240334
168936 82 239614
13879 39 176067
117291 35 169629
4252 37 130751
218805 2 249703
92361 30 207656
27639 11 218065
122897 96 229951
2341 2 139099
210646 35 242023
89853 22 180445
20811 18 141022
1330 84 206898
188909 9 217160
24399 95 142606
79416 48 126811
78512 25 200781
216773 35 248210
109369 73 226776
143608 38 152721
122746 45 237926
4606 83 74308
169533 11 219462
74566 6 194803
59106 55 123562
11582 54 187107
76237 12 90247
7570 69 72148
149318 95 174289
73371 34 135660
144026 84 228824
62184 61 87854
42229 43 227642
5487 22 242717
49081 54 72951
192898 20 228170
125575 99 236078
75470 38 214350
149667 21 206876
15342 100 189615
17662 47 188257
4416 53 247198
7298 72 157554
105339 8 176156
85405 56 100960
62866 77 119835
189118 3 233664
189823 86 210956
78312 52 90308
233664 79 234198
135875 4 159687
46680 33 111462
66143 75 125664
76626 29 84742
39486 61 145163
197545 46 237532
30491 46 131123
60602 82 158505
38279 36 191764
139449 22 209387
175017 24 222814
45850 45 207796
183144 21 206493
121401 51 190751
28706 7 94237
58046 44 109002
86743 81 99843
165264 26 223148
86097 58 242219
18353 83 64083
50591 44 172375
46569 60 170282
159321 15 191054
65860 59 142454
113152 37 194362
63237 65 198083
102105 2 203621
168869 31 171181
19638 86 141540
41920 56 130617
17839 45 93489
33717 100 242977
20290 91 154665
85171 18 175450
174999 96 214933
20867 36 178875
123633 59 134774
23801 29 117533
17558 29 100642
194330 48 202506
62898 52 79079
46863 59 178160
84917 100 188501
88902 52 208240
113121 58 169514
211017 76 212920
23152 95 147470
136710 34 170007
166702 98 173997
130800 73 246766
145158 38 206965
101348 5 243598
13585 77 41664
82626 88 163980
49088 89 62243
202526 67 248708
31383 58 176033
2165 80 224182
96917 34 139885
171445 13 182766
100043 96 174351
140773 63 151106
33012 35 71343
127592 24 192903
40067 71 248696
66138 21 85608
22524 50 131646
132385 15 177342
56980 45 216213
165567 91 233831
132423 2 142443
108401 1 159342
29187 62 126826
155063 64 248970
44845 79 154876
1752 44 5348
77173 84 99579
78541 49 133744
35199 35 225315
149648 24 152074
63935 43 122201
128898 22 164340
21887 76 192804
2093 65 206400
6733 45 106065
148721 25 232018
80677 100 241557
92868 39 232063
53967 85 107794
45920 28 188050
68524 53 159973
57325 68 186704
119746 24 223690
30209 10 30773
24192 33 43007
6386 4 237229
54908 63 222864
50509 20 202453
81911 61 96459
75764 77 159793
25996 15 103748
130152 61 216012
174742 50 248170
3022 70 167961
123274 92 158583
58140 91 117744
90087 19 235155
16402 73 228158
34875 21 128704
111723 35 157496
27772 33 118935
150745 76 171243
110211 31 144612
177114 71 210556
69259 96 126985
234038 39 245200
92873 83 185659
55464 31 159200
128917 26 189267
177739 38 237352
53645 37 190964
65158 79 160195
37240 70 114757
53398 39 170053
1364 60 206273
149283 85 242162
3659 61 209522
62857 97 229856
94740 34 213608
57771 49 114258
145767 35 187140
44941 13 230854
18659 33 62804
126494 58 214844
92892 37 110428
123288 49 163565
7856 26 107080
87591 73 101617
97949 59 149040
141396 5 184677
126093 94 229057
137048 61 220386
113478 82 217444
127125 79 173592
50885 57 183635
132055 56 164196
397 43 236651
21809 52 91668
150799 13 240738
51459 44 87380
38508 63 146429
145965 71 158949
11570 25 170001
27221 26 213589
125464 12 213498
16013 25 80428
193454 85 209901
50193 81 134915
29266 73 232944
1752 20 152650
46169 5 228835
164570 74 235777
51741 21 89185
104357 45 229641
58379 20 207326
19999 32 94583
113830 84 227806
166413 55 206571
136359 49 157455
58842 68 118906
203668 39 247107
33684 10 63101
166911 16 198735
185919 70 224556
132920 80 212254
21340 63 61956
60226 33 123548
19506 35 231516
51465 64 103917
160715 64 184081
159451 3 185245
128765 1 192562
227831 59 244018
90815 4 95729
47851 87 164185
83617 49 197991
89625 34 131009
27614 24 94524
220427 18 220581
82358 24 178868
81440 58 148624
8020 63 169253
32805 4 231935
37136 3 47899
84695 2 102984
32786 4 143324
58417 27 164318
100472 9 236596
3823 81 239218
8948 93 52353
8225 58 197192
96055 27 150450
59537 73 149794
51803 75 183838
929 14 48442
247786 35 248378
59793 77 184492
98360 35 156907
127043 45 138425
166095 12 239001
3478 4 35673
136478 93 233174
38000 2 172813
70394 68 138174
42498 54 63887
104573 70 181902
43459 19 98778
77867 20 97182
132882 11 196543
82484 98 238570
20095 7 237222
79700 29 81579
4731 82 170759
57794 96 181056
13375 93 211584
46368 23 123216
110208 71 141772
11728 54 46746
115450 47 167162
177254 7 199575
45941 21 95542
112868 95 225427
25366 18 65521
3565 35 120441
126983 62 146275
175167 42 178847
19552 64 65293
92263 2 121766
59937 28 119887
164359 88 182693
46988 90 179730
89064 48 229263
17975 16 247959
106576 33 229187
174242 83 229293
38559 54 161880
134724 73 149249
23055 52 38655
174530 40 194569
133480 37 223916
24418 13 207317
78463 48 221401
111949 43 131056
22315 22 118005
198078 92 204261
182040 86 215863
102985 21 234943
68516 45 131494
123163 99 181751
85053 38 248965
173337 41 219795
132547 58 186571
87019 41 185623
22145 99 188855
63787 9 243240
25050 34 50029
133164 40 149070
137445 61 166186
211020 81 225576
40598 28 72503
53788 63 183635
23642 20 167094
99644 50 238854
42617 72 200688
41571 5 158175
178223 9 245145
173786 52 213644
170526 99 171325
183691 51 234581
100248 45 248039
23179 94 122431
56943 5 141883
101657 90 137694
111913 48 115472
140748 75 207427
889 63 67162
42187 60 148648
129727 71 165347
136179 53 151744
133913 95 138167
23047 54 199781
70076 55 207099
58893 86 72005
97116 30 142262
181975 36 189559
190251 71 209990
200101 70 230179
43324 2 109614
28392 21 64840
75458 100 156356
230692 9 240928
187902 24 247043
31556 66 237712
126285 14 217212
61612 76 124331
89329 30 100458
69516 31 160680
133394 87 223855
40311 14 232437
55153 67 129000
61993 87 110760
118741 100 229228
47230 28 72460
85389 79 110569
149769 16 157918
42166 46 42994
35553 2 228517
100027 84 125575
157400 24 202138
166229 29 230563
136713 81 232128
13227 86 237181
78981 11 163832
39866 87 203087
88425 87 108506
136607 53 213202
169477 2 245033
87026 59 195109
19927 77 198132
16962 10 46728
85923 42 158778
5088 65 48528
23320 47 28703
15499 83 234141
127377 29 239586
208521 32 231951
100452 99 245993
65794 19 158322
90747 50 160560
8216 37 40756
174339 7 228217
68667 62 209791
150518 67 214727
58042 7 184985
172184 76 247859
54101 77 113492
92831 54 214422
50034 16 68891
5536 6 151637
108605 69 217982
45504 12 75674
10356 70 204503
195722 8 241051
649 99 98457
140432 10 154586
19328 36 216387
135432 21 171549
56170 17 210071
107717 71 174617
25777 93 78394
89677 36 122650
47529 7 115928
139535 37 178272
188259 82 203756
21362 48 196637
65651 17 248009
134856 72 145712
14107 95 47670
43168 82 114424
51537 46 197593
133184 41 199673
99374 26 113297
92967 54 170803
44368 7 61366
154975 21 179185
30421 81 40135
148764 20 202835
15659 9 235165
184399 78 247669
79217 43 119334
173253 38 245218
217004 97 236916
77780 48 192120
4572 56 37387
4756 6 186023
25821 28 77312
203500 81 229304
24002 31 216105
142940 36 212338
133323 73 204393
122893 49 142904
125950 35 143754
40945 91 49482
16674 48 132187
132855 84 234895
90028 27 109949
101475 74 184578
58890 34 132329
27035 19 159842
122806 83 174397
47300 12 139590
74750 60 216321
48165 46 149925
100510 90 124596
97885 87 107837
53932 41 245566
88261 1 234033
119380 84 228530
52089 8 90309
25243 93 184649
98898 24 129164
214713 50 229102
166141 38 200906
42832 27 78558
38451 36 62509
92715 65 136692
97074 30 241922
28038 58 238502
9698 61 125740
45221 92 230137
5072 11 183955
115036 84 135783
62575 55 203745
32471 40 178209
73472 74 123357
52325 56 132228
107230 55 225483
31734 59 125234
68963 67 195083
148884 32 218863
50788 57 86864
6184 22 184535
22509 97 234727
37991 23 59565
104880 40 245146
19714 67 183934
83993 1 118955
9708 35 25708
37075 49 230025
15419 20 41869
19996 61 58704
120953 100 149026
134218 45 220614
156543 98 188107
94768 45 98410
20768 28 104429
5584 35 160740
97969 86 155653
201923 2 219960
53615 37 156307
25679 24 234281
7410 22 187729
73454 31 231936
232735 64 244147
33431 89 223638
109762 68 178858
100304 45 199276
165701 43 177958
193619 42 233847
59299 68 60510
6783 52 27618
4478 35 237633
41776 38 143644
135582 28 185802
27415 13 238980
35710 38 139357
200096 16 219467
104054 31 195079
211193 87 217586
119422 60 187599
52907 63 201303
70605 80 137776
67819 62 98470
29920 4 99852
17957 79 56979
111468 46 203507
47186 35 197236
183341 98 205006
98739 79 235039
190588 50 225356
166148 66 177707
38299 8 237495
75098 23 84018
185844 8 235183
30157 79 107677
14729 21 105988
115949 19 151130
5442 99 154335
114009 89 215357
170862 20 238242
139425 55 147537
120834 29 134014
173683 4 218262
134426 77 166807
33144 16 194435
67285 51 98945
127000 43 212097
165 39 137475
21206 49 115830
38535 50 148840
78385 40 241231
16714 39 177026
105483 15 199291
75655 45 212495
166326 46 166376
184319 25 216782
10853 35 122598
33862 3 221410
16428 53 42883
71910 3 118419
126586 13 139435
133590 9 204197
174683 38 190874
5697 14 241761
39320 67 180554
62371 4 219209
53965 6 145171
35690 81 131526
11718 40 218508
143324 98 173929
79280 95 82513
99896 17 193417
6735 9 144967
208213 36 209619
198820 35 213611
70451 44 167799
47720 29 72796
196007 42 243437
185544 59 242777
163103 23 225399
77810 82 98920
92685 20 203078
72577 80 243446
83293 74 174870
65848 92 86958
55241 98 215898
192107 46 204600
48680 79 185313
132615 66 243164
135306 45 139494
167746 50 224024
40726 50 99023
951 4 43493
17418 25 208107
56132 2 180900
132937 1 234014
58033 32 101393
21953 87 112867
103090 2 115190
148334 28 165024
65526 4 92319
32719 99 52678
114762 50 149227
145195 70 156748
36026 26 212579
90687 25 237746
32657 96 155031
16929 17 154419
131751 95 209290
24408 42 143309
96710 61 170475
198542 30 212935
5798 87 203435
97611 100 131117
134725 25 237839
95339 2 128744
50934 41 157551
150877 82 239259
82995 52 222552
96508 51 205656
23998 24 136542
1917 64 102378
43878 93 236354
99918 30 232218
75219 40 110899
115217 55 199678
89460 44 99974
65403 9 138925
59011 68 183089
141770 64 181512
71323 41 189182
16903 48 52825
27984 17 163470
80717 43 185134
67944 4 96345
121766 93 240585
7291 7 32275
111266 13 224927
6118 70 23955
97190 76 104960
150574 11 197848
111322 42 226639
34235 54 205665
69919 54 105311
116550 19 170320
86447 36 170876
20481 31 113615
57257 11 216633
32362 3 159014
41496 91 191473
82906 34 143715
76914 85 178697
58514 93 137667
107493 67 115818
63468 94 156883
77024 89 104517
63762 85 211634
143893 2 205520
163246 57 222057
70409 62 161056
167548 60 177226
73407 78 94326
84246 10 104836
22231 86 136485
132301 64 227164
103127 96 128043
152789 21 169815
88394 21 139462
64920 18 99172
165014 98 241648
3050 92 79786
126452 54 160551
123147 41 141750
164024 9 210340
7063 32 82050
106113 77 188084
123380 43 153484
161954 37 193583
74916 42 79137
26215 85 50376
60723 71 147225
86841 81 156930
74888 98 155498
33858 92 229379
26020 97 227678
124269 40 249069
20294 61 214284
87975 74 183133
65901 94 189704
123006 97 195028
31299 55 93793
4675 70 225476
39796 90 161793
124541 23 224630
80573 35 88530
144934 2 231346
33127 83 107700
35560 78 130746
38319 1 77122
86886 76 166670
44807 81 141028
29721 28 165573
73837 40 179874
151391 45 238125
57021 66 80676
10028 57 87589
15800 94 30141
9134 10 161925
35664 12 222618
130634 54 240946
197522 41 236354
11127 82 84807
100411 49 160759
46282 7 151530
164702 46 197348
26211 18 134072
81173 5 230481
22932 72 166547
87335 62 136827
176189 96 212390
112462 8 232176
43557 16 116414
62515 23 131787
58877 49 113238
25680 33 248777
102653 21 152292
91874 64 193942
82700 45 150120
120391 71 123392
40958 3 90973
61724 81 237437
128041 2 213056
17368 10 55759
120470 85 230583
120534 57 185181
168224 98 203412
23220 57 196183
61683 91 79703
35267 7 238179
136409 88 199069
18750 19 179346
157129 43 193200
110423 85 121872
38851 54 145606
92645 57 148048
37901 80 219677
24816 33 102493
161867 28 162475
37458 40 145132
85936 59 196855
73957 58 208268
130871 88 132229
9856 33 143458
84539 23 141353
27298 74 184342
43787 95 208395
164067 66 209803
86782 100 238234
113606 84 230661
90815 76 176255
18898 49 244238
9749 25 233823
96477 33 146760
102341 30 134327
175271 4 206473
199929 82 217357
12461 22 230404
34768 80 199364
14721 42 180842
24201 49 148500
94616 78 148651
70976 96 159251
66423 77 192462
4710 88 206214
26081 100 94226
15068 80 67946
243701 2 243915
91263 93 145084
59345 76 224667
152507 46 162743
71619 5 240833
7369 43 24155
25522 53 56870
203760 7 220923
135233 10 215754
143861 77 235845
43521 85 247799
79595 29 217477
88759 50 94488
121968 17 176445
22106 51 156670
134904 73 230959
147777 93 209623
189904 97 243046
29340 99 129908
82643 2 221038
144268 1 146547
56827 98 108934
106554 44 246367
121150 41 182847
48255 52 51821
90103 85 231125
62490 64 203919
60986 52 114558
117755 16 204795
130273 74 133627
103174 94 138378
145978 81 206446
193459 19 204072
55949 33 216630
166098 78 215037
3410 24 190024
121213 82 146547
222850 6 237661
14964 5 133151
204110 91 214388
102864 10 196435
11187 26 202899
181056 97 235224
124391 61 173841
63183 71 220700
91473 4 169568
93620 3 247150
1542 22 199688
56521 47 198754
112770 71 218690
24813 38 27100
17186 12 169242
8737 1 179026
88416 93 99361
46480 54 220187
1220 38 164869
143924 3 226141
24818 98 108002
805 13 69310
65397 90 223337
88261 41 209894
101962 49 127030
153477 20 207799
32292 24 83619
6525 42 71528
93643 97 169935
26788 23 248905
35520 90 193664
63479 35 95549
168662 83 212128
173054 18 184830
69691 88 140680
93938 62 224869
45668 90 196836
81277 97 108036
13087 81 216684
82361 58 222065
92265 84 249990
26735 49 232702
83653 79 181171
173365 91 219058
37446 43 50799
132512 97 220531
119026 80 241691
12907 83 63889
81852 68 167687
57628 45 180982
8709 15 65906
115219 65 207654
98273 72 142433
30095 53 197956
96715 7 104262
189269 59 229946
108962 22 204497
131124 52 225023
58664 37 241762
5922 7 35827
57465 53 69954
22346 29 102756
2318 4 113428
65273 10 86057
38867 9 145250
160361 86 180764
97073 98 239470
95237 12 186154
161835 8 241901
53718 34 149815
106255 55 196977
17438 99 25125
140320 100 149185
81544 97 129023
25690 48 229813
139006 85 150154
30370 8 158974
57769 5 116358
104023 84 117643
133594 9 169133
54624 21 115517
152275 59 210057
130684 88 164789
182551 63 222413
36744 64 126187
92343 25 217554
1163 23 94929
74616 100 178094
165215 12 187193
130763 38 222452
78891 20 146487
124058 91 124389
29056 76 176597
151411 34 169625
199768 99 222895
113683 70 199093
33778 7 88498
169138 8 194700
88467 10 242076
65446 34 194807
40020 55 62860
174404 20 221295
107535 48 249940
25068 47 235294
82873 99 116034
40921 100 184524
43387 49 137623
4859 37 234190
110775 55 111946
943 40 29014
158414 87 196574
61603 100 198523
151506 99 225069
156317 64 209613
126749 6 126946
119140 70 204364
34580 93 52951
31468 80 72328
4276 73 118382
23567 43 56952
63901 28 189467
132294 75 211027
83482 29 116174
138999 85 172437
86885 71 151060
38688 94 46944
136083 89 145977
138571 81 215342
1875 91 181324
15857 27 129165
96962 43 166238
18580 22 66192
95218 78 219134
156751 77 244066
157277 14 213113
48930 37 175692
115161 27 213674
16522 9 72350
40248 96 99472
4830 87 160911
47906 60 176279
95279 35 96320
78554 5 155593
8685 85 78119
26883 30 50092
7706 86 77193
142978 44 178335
149278 66 240652
16745 29 109866
32732 67 181014
106262 10 179815
52441 5 122551
112204 97 176782
29700 66 131025
74048 67 232667
91236 6 133482
63096 17 228356
72606 100 189139
466 59 221531
208546 23 215904
22044 67 35359
52612 62 99236
74992 95 116504
192535 16 230229
118822 91 165917
2549 25 60945
4647 13 117103
90658 40 167870
75352 28 89006
49019 18 62270
16674 45 96806
36081 23 177123
6588 67 131483
11349 15 166161
46502 89 102974
25230 88 179902
19581 34 64084
68464 5 187194
72309 14 169823
125376 40 178948
33407 13 124544
81147 68 171242
113647 19 211822
50241 12 172102
63756 31 142405
167485 54 175813
80409 50 157306
207152 11 247349
205724 17 235784
224335 25 228471
116395 63 136476
66441 27 84497
40000 5 127624
27579 21 76583
50827 10 192393
65545 28 127697
145568 20 157605
161324 62 206820
5789 19 195206
101509 12 131490
165201 17 213678
37456 33 126747
33791 81 118487
1523 76 202450
65001 94 77519
167248 91 175004
84370 67 117631
202263 94 229891
20033 88 86088
92892 24 191485
119102 43 138896
18482 71 218758
173258 88 215459
61405 97 139037
3249 39 122166
4941 55 75994
17960 46 21492
33404 26 156273
11919 84 244777
31582 98 60619
110033 56 239946
47035 37 177824
55744 45 141360
42443 36 181306
16595 6 85516
167946 47 227292
148394 74 193388
184548 44 237672
19427 88 91505
3566 20 47447
159851 55 204616
50693 38 176161
63889 83 110217
117826 64 127575
36186 60 171071
20599 100 24049
26134 22 121827
132658 59 210036
33972 22 222062
251 26 97700
85778 45 219411
6475 24 154368
210412 89 228180
15245 54 247734
11587 95 179811
62657 46 103643
135099 14 242314
49268 20 201516
42944 100 207330
15851 66 81660
61855 7 76807
73316 79 190144
32170 73 160616
74463 83 119749
12598 88 40708
5151 14 155127
22290 71 214641
110706 65 246190
143740 53 161571
40759 90 248379
83438 78 100632
88602 42 214169
66776 31 173809
167272 23 248835
17760 71 217926
141945 5 169995
41339 76 162592
37707 73 100311
41516 4 42040
150865 47 162799
94659 19 219356
148496 41 240862
189790 8 222736
27809 6 178817
112075 35 150599
44133 80 189645
159556 41 202874
138380 36 143222
94415 32 184297
21008 90 154795
79484 14 165709
88949 86 120551
76117 13 140828
41116 84 138691
11643 60 47305
63523 60 159723
105606 17 137758
10329 97 91254
7702 76 92635
114304 68 138915
241543 68 247320
141323 35 156073
139631 44 157006
87654 77 205790
76914 71 148146
158914 80 221790
3016 61 97972
20404 30 192993
6509 82 9990
138985 8 231826
49931 48 168921
7722 28 178671
95280 34 147176
199518 61 231631
55533 71 193617
122486 43 150125
32552 96 217252
154136 51 178010
33973 24 163121
60502 59 185845
211435 23 215460
131529 65 223358
43977 13 205583
165555 94 178179
105350 50 176747
32703 69 93515
77574 22 177644
102152 49 168478
132121 63 137013
92086 35 213005
6445 86 169717
204762 67 215522
124264 34 175370
92594 66 125009
30307 19 100268
10663 7 145334
153338 29 204640
150557 25 240188
12984 99 246035
151565 54 224135
11636 19 190326
126352 71 145848
136070 89 211420
34343 94 105105
14001 22 182500
151494 16 236307
47352 87 249814
67001 57 249769
16043 24 115491
31313 18 104823
40124 27 156824
117956 51 172709
20348 6 195695
25343 63 99558
162740 49 167584
51306 9 190317
211783 20 243794
106087 34 217969
27360 22 222192
54016 91 243543
105110 49 215151
227351 20 234492
145241 35 243231
148872 4 231579
20713 89 110551
17216 20 189878
83003 13 242600
23430 51 214078
141978 98 168603
33221 12 108968
85604 82 117108
158132 80 171140
23810 79 28810
69379 98 89905
91601 8 121235
27810 29 120552
126411 73 194556
166468 68 190966
146916 84 165181
92365 86 141020
7477 40 67972
6119 38 226620
156397 60 174973
44398 68 224110
35021 19 229880
119448 28 225561
7386 39 103718
88013 77 107701
115243 72 224452
172864 64 215123
38436 83 125504
150538 79 168284
123503 51 139688
65346 30 195062
24550 43 24605
66677 98 158113
71984 60 244741
61244 15 105873
191971 12 205884
5884 42 88296
20190 34 143907
158653 1 199884
101244 73 120415
42083 11 78094
13132 13 69243
94327 13 184244
22117 97 169721
108421 94 173918
84583 90 167096
45289 46 149588
8415 80 10385
23085 33 62809
32584 9 42955
67395 6 96651
150087 72 214654
85877 59 222917
154744 54 246262
177656 15 230419
21325 84 128354
76117 22 119020
25212 52 192403
122393 83 137611
33968 9 35492
41121 80 95004
11235 89 16297
146148 8 185342
136231 18 248383
64894 71 130338
75445 99 149913
136128 65 184498
75185 54 220635
146112 5 210874
42250 86 120623
157781 91 209167
140830 34 166741
84720 94 99667
93937 97 176335
62669 72 152925
10315 41 184286
43704 87 137414
29519 61 248564
112728 52 192491
36567 49 197492
51199 20 161787
26579 68 31814
32385 46 74440
142835 94 166240
104931 41 227340
89358 48 157228
180968 38 247756
107067 50 161005
110803 86 215812
23798 60 53799
133630 15 137240
182653 71 187164
44227 44 144769
153334 92 192665
59006 28 162842
10869 36 43132
157048 70 209732
46714 24 180860
93059 30 146701
65320 79 233639
26976 9 135273
143154 76 152543
5554 87 83894
67778 40 156229
19444 63 106843
166754 33 187342
96519 61 136609
50334 7 146528
17988 27 187439
42785 46 134498
174284 30 210253
20267 41 180041
53966 96 214618
13750 84 217107
129024 78 167041
180049 28 192086
77087 92 138532
33323 5 234480
112280 16 214981
85046 15 174015
86055 57 98406
23281 33 106450
44666 34 151659
185129 75 242338
219787 28 242487
20027 89 157780
74423 22 241604
155692 50 243627
12032 63 231073
56503 34 106985
190917 50 227857
86390 42 195722
99557 18 112678
89109 65 234745
81152 73 103957
105115 60 177470
85456 67 227520
160922 3 226762
73063 27 157536
16151 50 225948
10824 92 24222
16947 77 215356
88476 60 176857
6825 33 150519
118208 27 187115
202607 99 212929
138321 42 178496
132348 84 151467
108787 47 214161
78567 29 139250
131225 56 247904
228367 17 246075
21301 25 183318
4497 8 198012
145609 33 222509
104988 54 110808
34743 23 72221
58297 94 185295
132614 56 249997
189490 88 206285
139539 54 232738
131995 79 145450
20024 3 39782
150472 44 247389
29820 87 141089
76381 12 218547
20307 82 164236
187571 17 209845
137529 45 195651
113769 39 126185
55426 2 140345
6134 1 104511
125222 29 247122
25720 100 130326
3215 42 137729
88466 80 178427
155529 60 202966
41871 41 50964
202905 47 216950
23704 36 35512
51021 38 249949
43276 66 196058
35453 94 200761
204976 92 236950
194878 5 232797
52726 11 60327
176148 12 176434
20002 11 227935
185060 19 246393
197961 56 230503
108780 83 131935
126142 74 128994
40292 60 63602
68887 74 196272
18148 72 24319
41696 95 249109
16880 63 49638
24157 47 195789
70153 54 169379
107091 3 164552
3712 67 170483
71891 89 152086
183035 25 198894
1714 3 45743
156023 36 198019
42341 77 54753
92210 15 243861
92099 54 131188
185607 98 219936
21671 12 156290
102586 68 149313
34262 71 243332
40612 85 74612
54947 85 57471
36870 78 239955
26045 44 27053
86707 74 185104
213788 46 237869
12423 45 94195
35202 63 156872
102941 53 173476
101061 16 221005
71878 20 172457
51389 92 65197
94054 63 194894
10559 88 198630
74589 49 90087
37681 42 222516
123740 5 216100
127381 74 191198
158115 41 220257
55269 7 116044
71805 49 86696
1549 28 175927
228067 81 245633
144495 95 156931
134996 19 216246
55190 80 197803
68680 42 202692
92078 19 204127
67624 11 77236
77215 56 246577
144667 55 159718
1169 55 225333
109206 39 245510
158624 86 198376
31525 7 158424
102066 62 120461
11066 71 87300
105692 11 235531
51691 74 244203
84566 66 142765
50585 36 50881
56835 4 111598
32357 12 192791
9661 73 41323
44979 35 227443
112595 45 193618
16114 44 45766
182641 63 237093
19021 39 156702
31018 11 87602
111045 23 140478
116481 11 217064
18549 13 56448
117178 34 189027
105162 36 206095
147233 29 235797
235623 13 241115
96831 56 214125
81894 21 221480
105959 21 224520
113004 48 240704
116535 1 209051
110744 89 215507
149716 55 201204
5153 8 199598
32628 91 121931
41419 99 176105
38350 12 214213
93652 33 238840
186946 82 202379
34942 24 232799
1281 64 59283
103148 29 154711
102004 11 154852
217359 98 238543
113158 5 200719
149746 96 211795
33708 70 100822
85393 70 138981
58906 62 181261
68801 17 134692
74071 22 148145
102920 59 143675
27874 31 163588
27843 20 206817
39087 29 72211
135491 90 162621
11120 65 84700
75423 63 177013
40748 96 60306
43137 28 74712
205637 16 228669
32150 14 217073
73890 99 108233
78941 19 130298
38018 60 141617
198985 29 247040
106337 96 192245
95613 51 155272
69125 56 212754
54056 23 102118
173881 7 227774
61959 25 202311
139834 15 164520
52086 39 119935
24271 58 224728
140986 9 173132
36976 55 225727
159664 30 189325
32788 92 74989
51468 45 53087
54306 91 59614
193682 93 199629
46182 64 177517
110926 18 175555
104758 42 203290
3057 22 175461
84953 33 179280
53561 15 63516
34343 15 215204
113423 25 155646
90087 46 92589
34884 34 151006
131391 25 157687
141280 81 204815
16034 38 249744
206094 70 221112
93465 41 220624
195902 77 233438
49693 41 249735
111500 33 136697
49945 15 88234
87378 35 239707
138947 59 207964
133088 73 223281
89085 99 141949
24832 43 72679
118063 68 142968
15138 90 175933
16525 47 36072
155774 55 217067
20098 93 26380
148478 14 229765
122281 94 163063
28390 3 172876
140055 90 203626
91875 24 93447
193330 50 222743
80547 76 243806
2159 61 132854
22796 44 46896
61006 16 76130
58480 49 173705
12156 13 185139
52564 19 167807
141931 16 173809
8707 58 171662
64523 30 92280
75918 42 135713
69942 20 81184
6200 53 9064
11770 31 133589
166228 87 173701
165485 66 223990
40876 38 116170
114655 22 142598
84988 67 101143
28625 25 149554
39677 87 178748
81082 39 93714
26627 46 88019
75725 36 91893
112861 66 213776
188975 41 247332
112275 44 112334
122278 75 224303
100273 44 201711
166223 37 221864
23841 1 91516
52876 49 153721
99293 26 175859
29333 24 157604
214134 51 248786
59552 91 144841
113217 55 142648
36731 31 192848
36710 73 101351
47548 63 111865
176517 72 190267
78664 89 235085
33993 95 168110
159557 9 187485
24121 23 212661
8658 80 14668
56476 83 131878
59584 99 135938
81281 41 157516
67633 46 132098
119887 93 162033
70364 38 234268
11962 62 15267
40192 80 87434
105733 27 140434
2698 43 212989
113370 68 178301
11747 76 34772
24156 6 233954
15689 29 243154
31874 67 224123
56547 44 209684
158223 94 193842
191146 76 205881
32194 7 181203
174520 96 230344
92820 100 174255
216896 25 224733
85434 55 120361
101809 34 243686
223449 42 246585
194019 91 241705
11260 95 235906
165065 45 223425
4957 49 246122
19830 38 171977
54743 83 69541
211158 2 239190
11119 8 164543
101264 15 192721
40610 93 130581
20793 49 148235
45454 60 177188
138565 60 170804
45788 57 195783
104915 20 223625
130857 94 234025
155940 35 217037
96623 33 229032
74435 18 95961
2717 64 89240
85392 48 188939
204580 91 213285
197239 64 235615
51781 74 84871
23005 36 221372
190624 26 237068
20277 40 79489
40725 95 226489
31131 34 226373
149986 89 237970
57392 74 195398
164981 8 215518
135793 50 136803
47907 23 128205
40791 61 111014
35869 17 144434
91386 61 247102
96913 76 132635
153031 89 239274
136584 12 163465
34717 91 161398
110289 92 122471
170288 55 205589
155226 72 199330
59124 35 126363
147473 43 190273
25252 25 209397
35041 6 86974
159089 49 199281
2890 7 231352
43708 86 213833
59721 3 176880
138058 15 243058
10049 88 166813
90119 89 159070
42541 42 178009
175178 72 225728
30679 10 190139
122168 46 216479
76404 43 176349
42421 39 132814
172949 31 249154
62386 54 208281
108595 72 127899
157779 72 230691
152576 50 212910
8700 82 14801
138038 3 216927
42374 64 117128
125231 38 137684
21163 19 230182
34402 2 176921
68472 10 188557
117300 88 140936
38994 61 167964
160756 15 237462
18070 96 58264
141744 16 217455
10247 95 211466
76049 93 153498
26416 18 222812
51259 56 136002
25002 24 183408
66223 70 146765
73262 78 214552
76110 72 211722
32761 86 45108
176764 59 246164
5349 70 73193
81350 16 92806
47917 98 152564
50616 53 124527
77124 39 244943
54452 15 165318
10957 68 205549
190643 42 204567
89383 41 102625
29720 42 227606
128617 67 146376
52105 6 58028
35543 67 222655
11302 69 46840
183571 5 232532
8852 58 170394
222110 45 235184
171890 45 223504
49050 13 81965
52097 37 104475
28872 3 100400
20288 45 147272
75879 74 175258
202460 81 207315
16632 84 52693
102034 47 248738
56736 42 152383
54786 14 118813
137132 43 156053
12645 30 100581
181795 60 240672
39003 47 61837
60716 22 126341
92831 99 224633
110557 45 161077
91101 24 189484
120892 1 160252
53333 49 196191
37376 83 145513
197928 67 221767
122785 58 218211
34374 22 75543
176711 70 195204
145600 95 234089
137113 94 239934
135968 81 216201
240760 67 244671
5984 91 174917
41031 99 113633
50236 46 152646
221196 3 246717
178041 32 228626
99379 54 237616
50890 94 111323
2783 39 117143
97730 49 187371
194602 98 214032
29272 88 196456
8839 100 221087
103277 34 153996
194487 83 228577
135342 53 159013
25092 78 110526
79020 96 143732
112336 28 166072
99615 8 144225
63778 76 212496
161513 65 177728
139861 64 198252
116493 53 133065
145064 96 215086
27686 42 167610
78133 95 175507
189192 72 207261
124259 59 200019
66917 27 242861
50578 22 240358
155247 39 244693
65077 61 122786
117814 67 135014
143395 7 144134
18623 90 77959
127333 36 130788
38472 89 204678
22402 47 194466
61939 31 119023
11487 91 77358
6902 1 14702
65208 50 249327
175983 95 231724
164967 13 204290
9094 6 152498
131312 52 137508
17799 30 56082
161271 27 197893
29096 22 149258
42654 74 162660
7497 1 149636
103948 59 119589
210543 6 237533
141627 97 158727
203647 94 224645
140737 2 233900
18758 93 24153
59766 94 226883
57968 99 110106
59823 69 162169
117139 8 146870
50928 89 212807
85860 96 175894
167057 67 243222
124858 99 199408
3443 35 242334
179465 67 233431
57070 53 244988
76816 28 204364
10267 76 145745
9989 30 110604
32343 96 170707
93516 64 183789
25539 31 146738
85233 93 232525
14079 20 68934
180189 5 241843
53490 36 147065
126944 11 225760
72169 2 203788
126732 80 148915
53928 65 229083
102815 86 120425
152069 14 197434
4694 32 215511
20797 62 241080
138465 83 204338
4981 54 67538
79717 96 146194
57529 78 65263
37475 50 187076
72522 6 189465
184047 96 221256
50282 60 236298
71921 21 101022
18761 54 208792
77369 24 194621
11212 60 173143
43027 90 209485
431 12 175985
4253 10 9645
33170 51 154359
44456 42 217767
7039 41 69707
85082 44 140675
90639 24 233556
10233 19 24894
111309 18 217822
62494 70 172842
112441 54 175665
46595 84 153700
139468 1 218783
100876 58 214460
73730 16 193720
105897 95 200785
54382 100 77994
166917 78 173791
93749 73 245550
60991 27 64615
57634 88 123582
70493 89 91664
35005 58 158755
60387 25 125162
43059 50 197917
160374 30 209806
20831 69 226891
173168 14 243571
116197 47 239500
131067 49 217403
42922 47 190055
25917 23 45814
140499 20 155619
134720 19 193671
155279 15 206248
54795 83 200313
10061 38 51576
90999 61 184688
80027 98 222969
138748 66 197270
18151 27 34019
87167 1 214623
52401 1 201895
45592 17 218334
71920 34 216809
139652 86 165093
73867 3 81625
109083 73 178020
31207 99 56324
176331 27 194854
156650 13 225828
95065 6 111553
85333 87 242253
57096 1 165034
1405 20 88671
125344 25 160246
37675 54 192728
157985 17 192350
99483 71 186568
58310 13 94099
32104 91 198292
113432 4 205429
117989 6 126349
146266 52 216471
87129 65 235677
2355 14 81365
68586 48 96790
4792 38 56824
22046 47 138965
139159 58 141546
195390 12 230109
101066 34 136378
81256 1 194465
127518 54 178574
19948 71 172014
120808 43 207087
24453 35 190220
32325 31 79489
97862 13 108668
32611 80 59356
11447 51 135956
195326 63 226369
59204 16 121983
50630 74 163475
171393 99 228983
99229 65 168756
72787 23 147328
11097 2 72894
158182 2 200013
49645 66 212683
59681 80 204906
50686 64 247191
73152 92 181204
114445 60 134113
10007 91 97697
155942 86 169708
96710 40 192740
83980 1 185200
88079 99 166207
104899 52 205400
57242 75 64301
109521 63 126310
149243 100 213052
14938 27 206901
79298 10 87771
66201 53 102239
43094 44 103208
24843 26 166662
147053 1 242993
119014 1 144360
24618 96 158570
178697 76 237759
114544 77 165163
37008 29 213774
194657 19 223398
191400 4 218843
66789 90 206234
20290 60 242790
215340 16 218480
29534 98 173297
22188 83 38643
62364 10 96126
127778 87 234877
72092 75 81194
179195 39 203868
1077 90 112199
1392 66 164013
19509 12 65070
75933 47 197390
52184 96 153581
181610 79 185131
2496 69 243653
100730 38 156847
187232 68 204782
5784 82 121216
55929 79 79453
123900 56 185854
26368 99 94928
127624 86 217309
78654 68 176687
100496 9 166841
20538 9 34953
31153 2 215824
142415 85 217638
29114 43 106092
33559 63 207896
7171 38 13145
5856 81 216495
178104 32 209460
67634 46 213006
30591 51 145045
47678 67 208015
158783 3 170206
205033 50 210397
50283 65 229372
25760 83 192246
210413 51 243353
160230 80 224415
71863 59 217277
32841 46 148870
91988 52 186032
95251 40 218960
69139 52 224564
73079 16 137809
60280 30 242414
126463 51 150264
4444 100 211673
16528 29 210426
23827 43 28846
80178 5 95922
95481 28 198812
20166 3 52703
190202 73 212466
43019 60 112221
212063 49 242401
19171 98 50561
95685 72 129897
72616 86 91741
25220 33 203717
108080 85 143339
4749 46 154719
185963 71 198190
218378 18 229826
6029 17 141510
178026 95 182313
121127 79 131226
188451 53 218111
130925 43 162761
65603 24 203483
159313 63 216620
18107 9 117803
51263 40 183650
32378 75 110286
123307 43 247554
62201 76 81488
40507 65 95186
80169 50 195617
102500 33 212988
38709 63 104319
217090 6 242453
59386 67 228781
67055 76 235646
166602 16 211039
187017 86 243700
134625 17 238583
6081 65 132683
110787 28 248353
8128 23 100983
15599 32 209528
118370 84 156737
139802 41 152209
13888 56 42396
135157 81 186996
13708 42 154664
19149 72 52377
2663 59 208227
166812 24 232494
106534 56 134048
45746 89 100050
45768 47 112984
176310 99 181479
153743 76 193929
80566 8 148068
233283 86 242897
80183 72 208437
135981 84 205073
24212 62 58270
63484 97 176888
38606 51 114777
68838 2 134398
143401 95 240094
22189 77 71460
127550 34 134685
25063 46 134677
79407 58 245992
15750 33 173948
31894 99 197749
19198 81 203886
76454 70 105043
220843 31 232539
141011 5 180193
20001 84 200948
26493 19 105534
122647 98 123571
76845 20 212013
113909 68 237940
194332 60 216197
171929 10 175954
130044 58 239918
79311 77 107309
200155 53 205511
146064 46 151682
53859 99 212028
169138 10 217142
132004 33 140636
175582 49 244157
8773 37 12604
70850 84 177286
97987 2 110613
48495 44 168973
1544 58 127294
69883 75 85917
3475 82 177012
90743 30 200662
73192 92 191557
64572 46 239875
37623 56 117646
14648 49 55182
90129 41 98583
73961 48 107584
209890 91 243742
53344 47 245466
70998 24 166793
116569 12 231086
16478 60 178024
166707 18 248695
61691 29 99782
3921 100 233891
6240 7 239053
7614 20 81840
160338 32 197553
209056 82 226850
67152 40 95054
80838 80 227889
85835 90 174162
132946 76 156554
70958 74 174427
120763 75 129781
18484 49 234031
78787 23 125721
59856 40 156197
145668 96 186371
27330 30 215681
85474 50 225178
109492 14 228635
4431 98 17717
52623 35 107290
94491 78 123129
121420 72 240369
41019 66 96901
121175 78 138445
40097 64 221803
36327 21 153132
11031 18 218941
57856 40 214773
97444 55 145225
60685 71 238178
16774 16 208628
117998 11 180681
42115 18 66120
21663 99 81823
110788 69 143944
44168 61 102931
12911 87 23194
144057 87 177548
8914 94 169271
40834 33 104888
108690 62 168551
207837 27 219579
125686 41 142647
74279 91 216221
192412 63 197319
116566 51 237552
8812 34 174624
101274 1 242531
63268 67 191630
57076 51 111194
24121 17 220770
131997 75 241093
145456 69 196214
39315 51 226510
3768 27 117077
166448 57 181511
121045 93 155902
42667 1 238825
198619 31 206443
51155 17 76024
76399 79 223565
55343 99 146840
43385 93 119612
15245 76 95987
150202 80 197153
78394 18 202462
32545 50 116424
14342 37 238644
131334 1 200198
139489 66 167516
66818 61 217006
174515 11 219049
35700 80 112000
140938 51 235572
200864 15 213109
120922 98 241054
131237 26 185025
145027 89 189419
129405 83 200832
45609 34 248890
96879 46 113327
178078 25 226469
155 15 164569
170390 34 211280
176618 70 244719
99496 69 212206
113346 86 217005
26446 93 126957
117252 99 123162
11753 23 173358
41806 93 189824
97772 53 249419
41378 72 220894
121932 28 177682
102926 43 211811
87209 33 166978
61066 55 126874
4764 12 202698
135153 3 206165
52009 33 63430
162084 13 231670
70208 46 206705
63054 64 96285
145159 86 217849
89230 44 189323
188125 18 222520
17589 43 224253
207918 29 211770
75299 31 221011
64765 15 240964
89583 44 229087
106611 69 134114
14594 49 235531
89529 9 102862
219770 90 227368
103277 61 201358
188447 34 237062
53683 38 189240
19509 10 135083
37690 22 211706
53090 70 172620
44483 64 89406
89971 68 199354
73849 71 235401
92028 69 133825
39045 5 102015
5705 100 111196
209887 40 216784
36243 50 125853
102662 29 118582
24605 12 223597
119134 39 204242
180349 87 225390
18879 60 182785
31848 41 84899
20182 81 69169
30018 60 160343
18448 73 76089
118966 1 184649
102664 86 202535
59837 66 239943
113744 52 142732
13126 1 44951
8440 22 196018
47636 94 162549
114757 9 133487
90033 35 100592
147970 82 182597
40222 18 145554
150666 21 153843
65192 45 86538
57311 70 104017
2054 25 97207
48889 38 170954
82153 9 110957
200260 34 245343
11992 83 147615
107760 94 218018
4866 83 86361
76768 19 119523
86328 82 220464
192900 16 231764
13965 94 53194
87909 49 177225
107861 41 246426
69262 47 90416
123862 28 137166
100265 71 216972
139115 14 248303
83140 73 242123
193146 97 241978
30062 34 228879
2839 51 129774
53422 34 126477
50944 63 162528
43741 61 96409
41399 97 145499
28340 50 93508
77057 63 205719
34363 5 88661
67588 12 234352
107272 72 246893
145056 65 203855
186202 42 226201
18977 66 197423
54784 29 58603
86419 3 223857
127033 72 221167
99969 37 150644
87923 68 151281
48128 79 248785
36375 68 211440
135787 15 239421
188999 8 197271
22929 45 24233
80212 16 112222
48735 12 249974
227823 35 241635
200796 93 229454
48125 15 49334
47881 49 107751
110037 36 246228
155517 11 249107
44302 66 110877
155110 69 161229
115901 92 205170
29108 73 136792
152565 18 178791
50598 66 96182
18003 65 43096
64165 95 192239
140268 1 227703
75536 73 134559
100986 87 242093
49040 20 156244
58856 74 136223
130429 32 202598
66372 53 78393
102578 54 217640
71815 34 247573
37382 84 177945
95741 85 208814
57170 90 192155
17030 27 229888
8745 33 213584
151395 83 249143
169334 16 220416
71262 66 184565
51069 35 111802
101362 41 186520
29002 27 78758
6684 48 129828
156531 62 191361
182983 16 191535
123650 62 192342
125260 83 192290
6121 64 95549
121977 99 196499
101539 62 108042
165122 35 247076
102871 85 192743
167450 63 194909
117476 32 247405
122308 42 247697
170928 12 202159
14114 23 75091
21975 78 201934
138817 31 203416
61593 73 203893
26068 74 51610
111611 63 211813
9329 62 159405
129979 54 210814
48757 20 143513
29918 7 65843
131894 20 216482
54949 18 125456
87520 66 128310
51291 39 191428
61758 31 94423
91629 4 206510
42426 40 230516
47823 98 70260
142368 98 189784
13596 21 85402
112162 61 171069
15476 15 113881
113378 21 196579
69172 52 99593
165350 19 226176
53085 63 150250
150619 7 201873
129517 96 187434
16769 8 152188
5974 62 18370
177986 99 209277
853 12 69336
87607 91 185420
11782 29 30978
83266 29 240359
117547 90 211916
24383 58 49018
212466 43 212930
8817 97 207716
47613 44 88933
139304 59 203025
44561 31 97171
87049 3 221321
127948 11 173384
8940 43 95011
76557 50 199094
127479 93 145702
21693 39 51110
1491 36 89846
147715 92 244503
178858 86 193394
203584 85 218766
90389 6 216550
88731 48 125235
15146 2 180741
55948 10 207151
130883 49 160452
30391 72 86847
93222 33 213104
16592 95 126166
48767 8 197820
51137 97 107241
12558 7 151769
118818 30 196276
149695 63 161379
3323 78 175477
239436 81 239840
15950 1 112002
135386 76 219023
80319 40 84583
112978 78 202315
101596 59 146422
22681 53 23041
127484 25 143683
156365 3 158415
94871 58 223117
106109 86 187746
218179 29 229177
106228 21 140011
83747 3 247684
5813 19 185866
80370 2 118719
185077 15 244326
159696 16 167275
149997 62 168798
33709 22 211167
82934 44 246717
106881 40 204304
12916 62 204545
167666 69 238241
221087 56 229354
78307 67 136857
109814 12 143341
43793 61 109899
29117 47 106538
7184 24 145738
97594 19 105610
37594 57 117106
63791 25 141203
68804 100 185155
80109 99 103818
169151 36 221847
33182 84 232818
155564 95 187868
22433 2 178572
30053 69 246038
118237 48 214677
79143 24 246790
17949 8 85553
164675 79 236283
188578 9 194910
107226 99 225832
96236 28 237173
52010 70 216547
66082 70 234269
140254 87 163565
84173 61 151637
105784 53 106191
47704 77 151086
165856 88 172569
35548 54 78383
133482 35 144360
34139 96 152629
142612 50 188067
70484 95 174579
156566 15 206023
58366 50 206181
32916 6 102227
197708 33 199009
53232 83 114217
60465 60 213838
183145 65 187565
104704 79 166200
2493 76 60076
23954 86 91688
4253 79 128165
86197 24 201961
45930 2 160811
119492 44 183571
113138 23 184925
145892 62 228432
42095 33 201885
27020 63 182834
60267 17 141996
128299 84 183490
131676 87 152891
59328 100 61809
87190 75 89380
31038 81 40763
124690 60 149232
10271 45 11418
48025 14 56824
144764 35 246434
1019 82 37339
141684 56 164213
77301 96 80402
186961 28 231475
66806 81 242640
153732 4 205809
25526 95 57489
175768 55 217430
69097 38 74256
35490 40 109146
70744 4 94832
36548 97 55159
49730 17 231818
106850 35 248439
16246 62 236976
98903 72 127926
117364 9 206227
93637 9 95002
30759 5 236619
55355 50 55887
127119 28 197193
169523 13 225696
67151 85 103604
19979 80 29626
35650 73 85136
29662 17 56262
75406 21 197442
87720 11 247090
143557 42 151562
112691 73 197688
57929 28 229886
69808 16 245449
109935 65 239163
51371 23 136167
2550 33 84122
73329 39 214835
79805 17 207298
183225 78 211279
94333 91 124262
11026 56 207906
104290 21 232283
31352 25 79122
135474 55 195052
70183 9 176212
14723 67 106553
85704 26 138192
109377 45 214273
28848 95 212365
123005 78 246506
29106 32 198985
89183 53 228796
152807 3 177238
69335 93 245669
61898 10 219252
15562 21 47323
1960 13 48202
167016 33 174529
101640 32 140770
87871 59 174452
165710 39 242116
108553 23 136176
9330 24 115161
76865 89 148030
123929 64 246424
135578 73 224301
158542 6 187161
79314 94 244970
66695 52 86217
11686 62 233730
35917 13 186264
155034 10 195093
121303 66 229325
167303 43 219679
43077 53 45005
190967 76 215853
108385 68 133310
89318 14 247866
25486 38 187422
64979 12 105577
184268 50 216331
64389 19 182712
20202 41 240155
24883 6 128258
84037 37 237799
98759 1 221958
117785 78 219966
116465 29 193093
84751 61 121506
47501 51 244574
4612 65 13546
36011 96 107422
75912 70 229202
99693 48 119492
128037 19 148680
31116 39 241485
28270 49 218596
22613 94 124065
33821 98 163595
146225 13 158906
143544 60 200996
151675 56 155940
5020 100 38787
159311 34 188825
68446 95 88826
134347 2 215954
208037 73 248412
74870 26 138540
136524 81 244492
72903 93 240120
7958 63 197742
72681 88 158995
236153 98 242280
97605 22 248933
239851 37 245307
51525 85 132729
58567 1 105019
182071 86 228095
24448 6 54326
108835 64 176131
147752 12 162090
101769 8 191654
21672 16 180967
35393 27 239412
186245 31 187618
87233 70 245139
82708 96 121244
54779 36 92620
65561 56 139593
69783 14 194679
13268 84 142427
13645 66 175641
41106 28 232685
41995 79 173744
24811 55 189045
31048 22 158088
151179 73 234853
89603 23 147471
125720 25 130738
94643 11 107468
87581 77 129658
64424 39 186902
59396 37 218613
66030 6 84646
26724 66 214655
76745 97 245359
127263 57 176463
152219 48 229726
119889 75 203391
168420 92 179820
67062 42 174692
21791 25 243549
184220 16 216336
12828 85 55483
131331 24 133216
58061 8 173646
48740 47 180149
37510 38 53582
153150 39 247052
17632 39 51318
8504 75 29005
110828 20 187825
48753 14 49169
127934 98 192937
153521 90 225808
38609 30 104512
27107 9 27813
72720 8 141705
41289 63 240664
63329 82 151445
36737 96 140590
55229 55 110302
75766 89 166790
43934 62 46951
32087 65 210945
168943 87 224898
173381 48 219608
100478 75 178613
78375 73 192982
54357 64 57900
43397 31 211364
150722 34 216543
88548 29 223681
145553 68 187769
44468 16 122859
212751 64 230816
53657 34 55189
14197 45 48621
3418 95 105458
154760 15 229616
187418 22 193523
104532 38 203093
88723 89 205887
99695 20 221287
52490 9 206108
108677 14 214446
89146 76 207460
104558 20 245209
175843 39 245203
89165 84 176114
80316 77 247501
7775 4 59824
2068 48 18030
16180 88 114015
53052 29 107798
208185 67 218496
130579 97 197958
16696 30 180263
34759 49 155223
69953 71 115782
206875 59 220073
8507 39 27671
80357 97 115086
67589 17 104201
205667 99 232327
23273 68 134816
29725 17 104964
106404 91 173604
88173 11 124224
208195 67 214355
169841 16 195025
125974 63 174011
93315 49 178110
80225 7 139234
185766 44 220402
24039 39 190860
44199 31 76565
102644 20 139212
89079 98 134853
130403 43 170194
181348 96 211288
158174 93 203896
15208 69 51490
66208 42 214153
42106 6 181533
32407 54 100937
22018 45 93724
40799 36 161998
2 91 187177
96881 28 117212
1479 91 192842
121749 4 247679
74740 57 96404
54941 76 202975
62988 54 178013
154874 27 220956
97900 53 248385
8643 83 30987
106447 54 119751
84206 34 247697
7864 23 243025
177720 41 202245
18985 92 142565
184227 51 205024
30352 3 96382
93678 18 249655
18283 3 56994
6368 41 74781
118047 47 173094
62783 18 142725
94766 2 221841
57211 8 69890
179543 31 215443
109623 75 138288
103420 49 212537
62945 4 110712
49328 20 214131
119952 92 199506
98239 56 137094
46377 10 152648
24942 57 223860
65331 58 153849
67474 58 107212
48296 32 187831
76426 5 117490
106355 41 207443
40465 62 79532
81110 50 154829
123820 74 126363
198215 41 208229
60776 19 186360
73592 5 232923
228487 7 236860
50697 27 55938
175120 16 206506
14806 85 180824
143293 57 196319
26237 35 218720
36884 73 226502
124224 65 210641
109836 93 229442
137693 13 147069
233717 33 240179
91100 10 149860
229190 4 231034
37731 69 198176
85046 31 153571
25603 82 101982
192931 12 233232
48552 79 235427
122798 47 139079
36525 66 54876
12391 15 241448
17301 80 244301
164866 29 219893
99882 14 146350
3171 53 229372
121295 31 235322
8331 87 189637
110794 4 230650
115564 43 213537
45939 40 96102
76373 76 238929
175779 1 229554
213763 77 246578
71573 2 119468
99258 71 131645
79047 77 111625
153267 70 244969
92237 5 136464
72927 90 221682
114538 68 202754
43631 10 81621
135444 92 147216
145939 42 159542
143195 20 144519
102457 10 123630
54228 87 121633
32693 56 61380
36179 33 79112
103403 58 166721
112810 62 113697
33581 28 230302
12027 64 56779
37552 82 159266
28627 11 217102
164564 14 176021
63732 82 190686
2735 62 3333
105758 85 159549
90206 78 200140
131597 31 222273
195662 36 198155
65269 88 137099
94500 11 207752
21950 53 244879
12676 82 170688
14588 9 135470
48109 77 127603
143471 89 218662
104140 85 212846
8663 89 199371
26706 18 165949
12664 42 34583
48669 33 183796
195729 7 199063
77836 11 182600
61263 77 133537
2726 18 74371
77752 93 222336
4919 59 46270
37366 82 200285
26127 71 245299
115907 12 221145
59221 17 193385
21748 11 216720
89556 28 154665
70776 63 210465
154340 37 187383
89820 66 246031
66353 64 88587
83519 67 213727
143847 30 215489
95594 38 208904
68631 14 202066
239682 82 249909
143635 63 164636
117815 63 190231
84648 72 92617
11476 7 153369
109250 76 193100
50813 5 137655
90106 93 242740
9843 91 48182
50544 41 93775
16317 70 116922
91488 36 204910
134194 96 165208
27069 57 230718
217424 10 234004
16922 80 156071
29680 64 185744
13116 85 123342
88797 17 209494
116775 50 215198
46869 92 220647
114270 26 116630
30494 27 53520
141388 84 188404
40171 53 179682
30121 59 143015
63576 83 101250
202377 59 228716
10813 53 11421
130845 61 226183
101452 89 178279
81576 88 95491
157999 43 165438
54465 49 189124
143722 15 231229
72737 50 220154
86344 32 165553
132053 13 172906
129661 3 211298
95178 53 229142
138814 73 182162
3451 47 197698
88692 23 223530
1517 17 173682
9123 33 82244
110713 48 143849
186720 46 247899
128041 41 223684
66187 64 83819
109296 78 133010
63588 33 135750
30988 39 247349
3211 76 139421
89105 1 122195
105288 10 119942
85957 85 172351
5881 92 122940
42765 56 196285
25085 36 58955
172095 58 209254
40648 80 117365
121148 16 167262
16862 91 39457
38438 43 123757
35817 84 246185
115749 35 133112
56032 64 74335
62095 39 169070
43725 88 155244
141059 8 146389
28767 39 72258
100650 20 132581
28786 44 238449
59448 27 143124
117511 30 237001
117712 62 207903
106467 79 209388
129743 26 172725
99434 83 121446
61985 68 65012
64432 10 168164
79123 35 211822
66572 62 234168
2475 87 32918
30619 77 63095
49765 35 229669
7198 95 39570
63437 40 146463
60534 79 217444
110168 52 181488
120447 6 223118
87911 9 138911
83894 92 170982
3469 38 188882
167618 58 208871
143520 8 235516
120401 29 136572
181468 73 237726
1546 44 105968
72226 67 236526
25620 51 233820
37573 40 208511
61094 97 174707
9365 22 89112
33208 86 220399
12497 77 244677
82843 58 175758
86375 63 134055
4931 4 38519
71722 58 108357
147683 15 229642
123641 21 217069
132729 23 136928
13483 57 224881
87761 66 172197
24841 17 118756
131724 68 225262
73605 51 145360
11302 80 57666
82904 48 244683
40042 12 201174
88766 43 149411
173189 45 202901
4668 87 171189
26903 14 160142
2854 11 149502
98724 86 237015
4823 81 215744
18001 40 196880
68202 36 175733
103255 64 140760
26767 70 239194
28034 31 100418
23672 8 42094
19786 21 140374
87065 78 111886
25800 27 159078
79785 61 209949
26597 2 215903
40535 54 218580
9236 46 235859
85243 87 185654
39124 55 216294
21771 100 249323
93947 58 130660
32292 100 115804
48594 36 208767
167384 82 190406
91490 86 128019
24161 59 160579
126146 80 171781
124983 77 143550
4579 17 173305
48348 44 177859
12291 8 64287
225697 37 236470
63343 94 133266
81636 36 219829
17062 62 207619
185225 43 188241
61712 44 118278
135881 77 247861
146989 74 174944
79781 60 168536
51104 31 147730
127020 25 215161
131759 38 217096
195419 72 216388
193286 8 196615
48938 46 154352
59831 15 132710
21784 71 85200
174066 26 174330
120871 88 224957
102523 44 240751
22521 47 74407
139907 59 213484
30288 74 222154
211776 7 218902
54862 49 66451
105292 78 114388
8691 41 208232
27047 2 113837
143235 72 240395
155204 38 224786
143836 13 160468
17700 76 217792
80118 25 149500
71985 91 248890
140286 40 196236
130713 58 212306
19490 16 164690
180175 82 247333
56779 66 80168
106804 16 151983
104515 54 179709
48250 44 133606
73367 21 131814
903 93 43196
140699 73 238237
34578 25 55426
28684 97 199938
34794 14 65209
42439 33 169424
3229 89 155025
33866 9 186596
36817 94 222149
46192 95 130750
138041 88 148422
143103 60 206730
101821 76 164142
76291 23 246336
148318 43 153534
68627 19 169168
70126 29 172152
138035 26 161635
39566 27 225608
108074 48 110595
24013 92 234579
92221 22 105071
117637 94 248425
3364 5 201513
77466 64 152106
163664 63 224555
34483 78 218931
7577 28 86485
54389 99 157035
12591 44 62127
64320 22 115307
187782 7 231598
53312 90 244200
75647 88 119801
64738 51 162451
145113 85 174481
62578 68 114494
122581 36 218737
35284 3 227389
25821 94 74033
55672 32 112388
132893 79 168362
107640 37 235508
118580 25 149837
192695 49 224175
