5000
207532 89 214858
64410 87 107847
92789 78 110445
37822 30 84007
106939 77 117206
97844 64 198260
147467 58 218485
229501 82 240311
9828 90 215592
44956 74 137412
73561 38 124749
3619 54 178850
56201 36 164843
148619 88 214523
22844 34 61849
179633 95 190079
144650 32 159963
140123 14 178226
63626 37 104297
136291 68 169792
67343 91 129805
29849 37 160917
37406 19 196679
182316 49 212623
54027 37 98570
129941 75 214526
157195 18 237852
19606 80 162060
59971 18 112173
3435 4 8448
37817 82 56546
135636 13 215804
48291 24 158601
97764 82 137041
9074 80 80338
93378 65 191067
171889 93 248344
1669 87 16059
6660 73 52854
175117 42 204790
115960 71 212376
101906 70 117678
124203 59 238456
15045 14 56536
11941 93 121880
138509 80 205202
44638 42 80082
13654 93 148916
54696 9 237673
79370 83 206564
945 3 110282
143993 99 224699
6397 44 82430
22877 10 23369
69977 1 155314
70815 19 216929
86937 47 111775
69182 11 185305
67110 15 79723
40745 63 237984
238662 59 243713
45507 34 140772
21282 71 102181
102252 58 162716
45600 9 101968
105198 73 192658
96192 15 228387
29401 55 162598
42263 89 91685
217972 56 246724
25005 57 73120
178210 42 231311
5049 54 195320
93466 92 137387
106798 28 224581
42664 26 149671
50685 59 88942
63474 7 197362
78030 88 237012
99503 86 161391
232231 66 249009
102355 70 214766
43198 1 90175
19709 86 131970
41728 8 85419
57145 16 239087
36405 32 208197
61767 58 93950
8843 10 64765
82496 59 112101
119111 32 164998
75498 6 99996
2361 38 34405
31542 31 243577
8142 49 99272
14263 63 147848
72363 85 171189
3014 25 149860
152224 43 235473
4218 88 173211
2031 91 43712
83607 33 205276
124587 17 162490
21455 58 248019
8038 99 231814
110707 49 144435
113921 23 185596
3290 52 48231
9073 70 67216
85168 60 93676
106473 50 138810
17911 86 107055
18342 43 102631
163133 84 225914
162305 9 166840
212907 22 241849
22355 83 45614
9686 40 46032
74173 92 134558
101532 86 180134
40567 31 58794
42842 88 71606
82185 27 92633
27661 93 34992
59073 72 247107
84541 45 87571
136436 89 212003
96911 47 226025
61746 77 148329
213357 32 225076
61554 91 75661
47805 67 94242
190378 30 232287
72104 36 81063
49874 27 176998
48100 46 180279
70392 91 242202
36232 39 199876
45068 42 64035
137406 63 161148
133297 47 178276
143421 36 167430
83599 5 198344
152938 44 183156
177580 39 226831
149295 70 179065
99635 9 147684
104827 45 246785
59741 30 86812
154496 27 237763
103003 43 235766
208964 21 239512
25067 45 107576
71485 6 201013
18532 43 82456
48245 5 62229
42023 72 129548
110845 94 137730
120408 43 236629
77769 5 112710
124527 49 208365
190383 61 201310
115013 48 162044
191529 55 211487
36597 5 59376
34761 38 54172
215468 85 246707
145103 65 234291
55028 85 114293
54748 88 126335
80775 11 108237
93401 45 198584
92435 97 230926
1470 49 199425
75139 86 133558
50382 86 151801
5978 34 202588
56750 84 239182
137313 37 229296
25202 87 54197
35313 54 195774
206608 70 221029
109 14 244874
159956 47 192235
39553 20 104985
50532 96 193222
42208 52 166624
166616 25 234060
17752 54 22919
37378 91 97362
240993 32 243352
169671 72 245161
72752 76 210299
24337 96 44653
172228 36 219453
13292 73 182490
79415 70 199004
79925 51 243437
31337 37 73530
88597 78 95367
84092 57 148287
100279 58 205393
924 24 107868
193685 3 208891
195471 86 197068
46508 26 232431
43456 23 62909
38259 67 201431
145809 78 201836
25676 20 219939
92263 50 231324
10518 92 214346
130811 39 213214
193357 41 236500
59267 73 188745
106074 17 157429
126065 43 152942
173563 99 199226
128719 59 136890
139374 67 203900
184718 70 233482
118905 77 142486
80586 27 216044
35536 46 214793
113582 23 208398
73412 40 76829
38367 1 105399
35604 79 75723
13226 67 151131
99851 86 104525
104170 96 132637
130262 37 193712
49702 7 144721
110176 75 172889
181338 91 199972
23005 100 203676
68472 34 202110
112884 73 242486
101640 35 217445
11871 56 153024
22229 2 102985
67309 54 213788
119807 100 178769
143287 71 172901
41017 74 119914
29789 23 144461
71902 91 86942
41734 78 117310
84509 45 244921
1713 37 98959
12679 46 173518
153463 35 201474
167226 78 228846
127945 59 175447
67283 18 216297
55756 44 211772
97256 43 140764
41626 30 164137
4751 8 174343
50983 40 140960
68029 50 184504
55266 43 145962
96460 86 227000
85656 19 118909
210279 50 246336
5215 58 46093
103808 52 204330
73106 84 235298
42269 57 218488
93562 75 178556
101323 58 178359
77083 20 100325
19121 56 73808
8039 88 32399
31362 87 249763
39911 15 214877
44313 9 97228
106928 91 245430
66016 67 183726
85504 21 199160
194719 9 245884
74746 76 188471
103425 90 136831
197073 97 248605
14783 64 144244
42670 83 215246
20955 49 213143
31551 1 45348
106174 30 181396
14329 17 188461
149266 98 194119
49658 50 72074
26762 4 161228
31100 6 54255
56972 65 227560
201666 22 221407
57786 66 234446
112035 26 149323
201195 88 231841
158429 71 241149
17230 39 159198
30932 42 76007
36521 40 121980
76051 70 129590
137437 74 212029
159918 15 237980
110231 91 242546
125456 66 136147
109683 10 240475
35511 24 38331
44499 2 213254
18343 29 101399
7363 54 102457
88998 83 140372
68559 26 164694
87239 53 193183
25046 95 48629
98501 96 111738
81294 39 204472
189225 63 229498
95155 22 164238
34377 16 63935
180712 80 200483
25864 39 201739
76559 47 209995
77915 12 128863
30086 22 107275
45394 31 183747
49300 68 155264
34492 32 87655
65886 26 164313
120484 43 215381
37892 37 55267
20800 29 191489
188672 39 219099
124466 43 247915
86111 27 136498
58322 84 160608
3097 5 43727
98644 2 245455
97438 69 204520
118426 60 163747
121202 35 244241
58047 36 146607
119835 12 129254
96418 74 171999
183807 74 238363
65081 78 180146
110448 99 155789
188652 19 231920
57975 45 73437
37288 73 193717
68545 29 109133
47775 8 129296
63067 28 228327
46053 35 196417
170677 86 239983
188557 68 249934
124921 62 226896
105761 93 153635
96134 43 232252
46421 79 120984
66887 73 176310
78684 100 228894
169746 22 224729
62695 89 174836
108939 35 203913
142747 18 196311
104441 54 241223
46094 78 178963
120677 95 235301
182920 44 217207
39970 48 185453
31604 41 234324
91119 29 99236
22467 11 212984
22084 51 121741
66340 24 201840
116206 50 180776
79713 52 174388
39135 5 91713
193307 99 217568
61049 34 194290
17735 83 52945
11254 91 146868
51590 54 105987
86276 60 149983
18871 44 58665
203078 63 249545
84250 76 158573
64186 79 242255
175692 17 188890
54487 89 109009
103547 30 149010
8236 41 181701
24702 66 59210
63934 10 220375
182036 24 242423
173731 17 176204
65328 49 112547
23591 70 246139
40216 46 50572
50024 45 210102
180749 28 242940
58141 79 242193
29562 74 231570
26873 44 161990
45689 10 227824
3629 46 124015
162601 28 240111
34279 97 52253
32662 45 61827
95659 12 214785
32210 45 56696
198490 96 229049
1585 80 206594
191481 60 218372
13763 64 38598
83048 25 211722
140674 10 162370
69154 74 76255
36806 61 188842
115062 16 154686
118387 89 186356
121525 31 168717
120666 19 139330
37715 54 134744
22038 87 35643
81504 39 117608
23634 20 237722
1953 75 59191
128343 75 210773
38991 93 77884
63715 52 147524
72079 27 163750
64633 67 205852
91227 85 151245
163743 58 249554
133947 3 210823
77995 13 181442
155687 84 225993
105646 29 145644
6001 80 149731
141676 41 154377
32615 19 111324
147572 2 164123
187615 20 199957
66702 15 156618
117991 93 185341
16333 69 204764
42043 18 219904
46407 65 222270
78049 41 168141
1284 68 37224
19385 74 241203
162153 18 223170
118878 46 138597
55299 18 169292
44223 60 112547
188002 47 210605
49272 87 108805
90114 70 105982
21644 58 115896
171135 81 225573
74232 98 122569
86115 7 206443
2471 35 69356
134934 14 159545
16617 16 69929
160492 14 173213
45957 87 142944
109374 12 249063
11964 15 95546
233215 52 248645
46362 25 143871
112721 44 150299
143162 98 209928
92489 69 172563
62834 6 65689
84787 26 160917
13971 73 102989
119755 62 229608
72359 50 239802
19070 39 59335
99098 63 207993
50729 80 157842
65246 82 134225
121974 81 240979
129083 96 173487
58475 74 229102
202480 84 210482
123487 60 242450
12504 85 161125
146723 80 224122
168701 36 236184
28447 67 102270
19787 5 147844
151791 7 168924
114292 21 139879
142157 40 160880
63234 31 223348
89237 19 194146
132294 3 217543
75056 92 178859
54655 96 153803
161191 41 249625
2075 16 61221
91859 26 124510
25115 76 170422
149679 47 232997
92495 82 153334
115364 3 127025
8912 5 65644
17034 47 52164
121538 14 132430
129086 85 227374
53719 60 207041
4454 72 231130
77124 11 220336
21514 45 60030
139708 75 245926
84966 44 229349
99402 17 247142
103304 43 157427
43518 23 93982
122824 41 248564
67692 69 178006
1979 100 152677
151532 44 166537
14828 17 170399
133227 30 194473
90252 79 233598
7113 13 245192
18437 99 249896
73943 63 236773
108238 78 197573
27071 66 51826
26201 12 111722
79482 41 219325
169132 54 173957
15273 88 182938
103528 70 118202
7808 65 240116
9411 26 175762
60442 76 215315
84675 74 129472
102789 16 230139
112639 78 241064
39620 47 121902
186775 84 189938
71281 100 149805
52057 62 115409
63300 62 102835
52653 80 138814
31550 19 146728
138533 57 230026
117916 8 236991
52719 12 93696
40918 27 247294
143854 60 190926
67633 45 149513
42578 56 223037
2081 37 223405
162287 94 189375
57085 95 198950
87991 88 121415
41936 25 125244
84640 1 106514
20828 100 109195
50859 88 177171
231513 37 234389
165765 26 179794
41948 81 147097
126139 37 134846
105783 1 114075
203 17 107604
6311 42 20850
156272 58 248599
72010 37 235820
82853 42 98210
1691 71 164886
22078 17 122140
78845 23 243988
113033 65 191321
196339 50 196763
7738 59 175026
169815 42 202395
48594 21 79608
53181 27 232994
101281 65 102873
84472 35 183623
36131 19 166222
118972 46 166502
43361 52 204409
8561 23 200873
47929 61 241141
57702 97 129940
10973 83 238295
118968 56 157504
58937 26 68425
212587 31 240758
89317 93 212687
103860 51 130236
136627 71 245578
18534 16 112812
23746 44 247516
176720 74 186716
59819 48 81409
77934 52 213362
217759 97 242571
174717 92 188864
173382 27 193154
131582 2 156932
115033 90 190631
94755 18 160512
54175 73 204901
181509 63 214401
91472 90 172185
49650 97 164749
105547 43 184014
139159 79 162729
41644 89 117317
163446 33 227719
117786 5 133336
61746 74 78420
46076 19 58818
36276 60 130405
80531 59 228287
167774 84 185022
94913 55 239291
201613 1 236827
7024 73 147962
7799 5 22213
23023 43 198160
7482 9 71845
29628 73 215161
12271 76 33691
6675 67 55771
6390 16 30599
14928 8 41641
43121 40 241616
204474 64 235174
151592 19 160124
63808 74 232580
60323 94 122847
80311 44 161467
111033 77 156483
64300 2 178603
9402 42 200489
67533 36 180226
61211 98 80315
26226 4 191013
1487 76 189510
87757 40 97735
84447 22 162416
148449 79 165250
70964 79 223587
33776 97 225232
157728 54 233706
7544 27 147543
119921 58 185265
19221 96 94996
178226 59 190411
64748 26 115288
75117 40 246473
225568 34 234749
17342 61 174561
129463 58 197321
40652 11 97019
167945 26 184805
29642 20 136129
66921 22 162381
116796 1 210086
57179 51 228718
41395 98 207367
20722 99 42740
17293 34 248278
97861 64 113158
184168 51 222332
88610 97 196222
176204 23 246681
131122 90 195635
119650 40 216466
4645 23 102507
25020 87 173395
26179 95 72598
130983 56 176217
68113 76 241949
186765 95 224662
130433 13 206163
89585 93 123196
34265 26 106448
104755 67 209444
16045 35 66861
62243 44 64759
60491 99 138329
93810 91 176771
3350 44 10215
87162 27 133721
48623 5 241367
79613 23 94960
7379 74 125720
65274 23 143502
77340 39 87761
16245 88 77395
45423 30 46145
165976 8 249273
28379 99 234585
154840 60 156961
29112 63 137067
71362 47 108197
67891 80 180425
86813 76 105183
169534 71 196006
182141 47 245229
190189 82 225113
33213 59 36270
98046 24 180639
136956 99 211407
211433 69 215864
230 29 56230
37110 100 55789
13041 20 158306
98296 81 243800
20964 38 125617
119898 45 215690
59594 42 210668
13524 88 80340
44644 96 170255
19874 59 51709
98788 43 241859
159604 16 206491
8863 5 37319
5320 84 186666
85112 100 88248
103240 78 116379
136008 30 214354
43653 40 72737
51285 42 219110
135487 6 146274
64703 99 93661
156393 92 194621
33769 52 245235
213485 64 245777
167940 84 178944
114761 59 240468
22860 97 34336
49958 46 120368
18021 39 44679
38157 93 235389
114071 51 160054
74388 12 192717
238993 80 247008
117290 81 201392
94906 91 177603
10849 10 123364
42179 64 201882
57729 91 218186
38981 62 167277
178833 20 183387
14779 27 126335
68440 34 73059
159865 76 170792
33387 56 162243
101052 27 188512
160354 48 188131
14040 34 104253
214876 42 249621
191177 92 241659
135165 29 206065
109474 6 195824
200135 75 225358
56071 76 82527
110817 13 195114
199081 60 242845
16273 69 52467
55188 58 75533
21079 78 84945
6271 40 99413
34915 71 72167
101348 66 181007
66697 13 155358
52644 77 249751
151543 74 209296
22022 33 236700
180431 71 189170
100984 11 106988
65775 38 71512
174611 69 220309
79488 15 192486
27736 91 133871
48482 80 61050
116045 65 185377
18793 54 55834
65865 41 225989
64322 23 157894
34346 30 125797
29498 28 179291
210208 29 245413
17210 9 182845
75061 3 189186
197479 14 200208
181613 5 231992
5494 37 142708
29534 14 114921
30277 87 106998
119161 19 142251
150760 75 160701
62134 78 213112
15884 18 230995
124576 54 233515
50757 10 68834
10741 97 66910
30352 48 164407
216227 100 243435
58687 75 240712
95594 17 168578
63206 63 98153
209577 97 222284
11415 48 143506
40887 99 116573
178568 43 235778
217125 51 231362
105170 51 152611
133524 97 220388
134632 17 223087
182286 62 207226
79231 86 98896
76407 24 194824
163213 97 208553
94245 83 165211
145062 13 212419
119302 22 165190
53482 10 109946
4681 6 230626
118384 58 121789
84200 83 126765
78156 42 114302
184193 70 193419
124414 1 217312
34631 61 139352
185802 91 200449
56180 39 211030
716 64 112199
68867 15 191304
45891 67 126627
13151 65 211327
6656 78 205262
53485 40 131575
3043 91 245790
52732 46 94539
113312 55 140956
84513 27 149816
84790 29 121048
120925 42 204734
69217 6 152719
30483 57 203520
745 99 15724
134143 51 144823
102803 33 233060
152439 68 221152
20978 17 77168
179990 74 193280
54015 52 129700
7411 96 188360
133026 75 175667
31758 24 220123
235520 12 249647
7083 50 34816
184193 49 189193
20264 78 59743
47030 19 79539
2281 35 135946
27784 43 177439
202955 5 207516
230903 78 236002
32513 15 151122
16830 32 62871
110281 97 147725
13531 41 208971
243510 5 248480
106354 90 210216
193460 2 196771
99992 33 230859
219513 5 224620
122196 17 166860
108972 63 209849
125335 40 208644
133533 34 246094
115510 20 126128
133349 31 236089
70335 99 107568
38717 63 125283
168693 71 219280
17618 50 61825
5811 49 56924
43237 38 154546
39990 66 153385
136408 36 165555
120751 39 245851
101016 73 172626
83169 56 216879
31282 62 133094
74021 34 242633
17896 14 149335
129845 62 161730
160125 28 181242
152568 94 227463
129357 15 170671
50912 92 216972
57528 48 211060
195260 76 225249
67980 23 107630
375 7 206074
18243 61 110679
189120 8 223288
172700 67 234330
168154 11 231954
54362 95 193794
92318 32 214740
5923 18 222472
9860 32 174295
89648 78 210246
76932 45 174066
198240 54 222192
73797 87 181200
48893 40 152222
64361 45 248767
115360 72 118516
50424 79 174356
82034 68 191263
59890 3 233464
59319 58 169061
63060 60 227949
41438 64 132268
9535 48 165480
24780 87 112953
195390 5 214183
8187 73 216654
141357 100 226574
74452 25 185850
6123 42 204755
73821 80 88659
4182 43 245669
54474 47 217994
45828 98 148416
69394 45 94040
28160 41 82946
219345 63 232247
7439 20 244489
140681 4 215690
53998 51 108450
72738 38 207503
75006 4 214472
32679 51 161074
74493 29 95198
199905 4 222252
122194 14 244438
96209 35 128910
60261 61 244916
198087 77 220640
64067 18 125461
40050 31 173453
70672 50 152153
49067 85 84967
16506 30 89808
138665 99 145681
49187 48 100142
18054 34 196647
24050 30 60741
54219 52 247215
60399 27 243717
47157 18 96767
54252 30 247281
58861 8 107754
76278 55 102365
66529 54 200958
54368 61 98535
36738 69 151599
169271 23 212383
83556 31 127952
18686 61 234137
86299 59 215573
112443 89 245868
55609 87 161575
34014 68 190843
175764 54 238004
99757 51 158395
116884 47 143780
1378 37 67638
93345 38 185495
171295 66 234102
145529 49 211952
66336 40 140556
11600 99 248991
26878 46 185766
100148 89 164468
92444 77 164926
65803 11 219336
74139 68 91943
52828 48 195936
198504 5 220176
193295 65 247585
4900 55 158392
43292 56 230407
104218 2 138898
42270 88 144297
81863 78 171786
149723 13 158800
67471 57 175405
128803 13 212905
81683 85 194346
193825 36 195173
51065 92 182029
92864 27 189380
63650 86 75263
180569 45 227027
16614 80 159346
27632 66 77599
196520 5 222363
15321 34 239102
8011 91 11058
9554 69 66370
115352 37 147486
27197 53 160400
76879 67 108658
27538 76 97077
59810 59 95570
111954 12 207627
22911 82 78267
11919 20 71868
186820 13 209442
104368 1 138890
153221 40 193451
168565 89 173857
9134 80 204634
155588 64 187886
150790 99 186760
43602 60 140394
23645 69 223605
28447 58 141232
52051 13 149336
62860 64 73392
69258 60 147610
7734 65 225777
124874 27 197345
13945 38 69804
193533 5 231756
217694 47 238616
98303 23 148131
232388 23 238366
136439 68 217956
20279 45 158706
88479 14 190731
50021 60 166072
70546 56 216415
75414 68 237590
140214 84 152525
129486 92 187829
213953 78 221958
23631 91 215146
8263 85 93197
20742 65 69329
59263 98 139296
38476 33 99643
17119 47 173904
121278 3 189048
17400 48 238512
25178 40 122703
211055 36 217462
9980 4 240829
146149 47 237332
189863 97 197701
37564 3 69469
109519 69 188836
196987 26 219460
51153 97 123155
6617 33 211581
65338 11 120324
92735 40 237603
101760 24 147149
13671 2 29016
49827 30 233782
31503 52 89176
68667 96 80331
70743 77 142906
39607 66 102395
35218 93 192616
72058 57 144234
44053 54 64513
112410 42 186750
235 5 106456
115349 87 220821
176943 6 177359
7669 74 79808
1221 76 231370
149318 62 162006
85228 45 241862
98452 88 150428
17103 35 45163
90781 83 248132
100095 13 220391
76182 44 151476
22031 99 154941
70676 55 202945
76241 42 218400
110041 87 133375
86133 51 100290
130329 94 192225
42298 100 147464
212088 41 228810
170424 65 182029
11604 40 220006
69138 33 141471
59381 35 127925
146506 53 146881
117241 56 192990
112612 66 176135
192850 6 199508
145701 96 249423
26599 100 218383
87396 100 186662
2317 19 202692
61997 72 165216
100563 74 185174
14500 57 151572
25414 33 33653
132468 16 205645
71207 70 154755
198839 5 236248
24095 50 42334
41488 37 47971
175748 69 185033
101683 24 144324
120320 47 167500
112621 63 169156
12715 90 154335
108781 57 132670
156982 42 180237
1963 54 231862
28312 18 171502
10211 85 38681
59737 9 219796
83314 11 154435
205728 10 206278
4142 72 109197
27388 66 155835
143791 59 144951
67956 52 222010
7650 39 61356
200995 28 243583
30390 69 68114
124950 21 196822
139283 72 228799
73443 8 97169
107071 95 151163
1113 48 127273
38188 37 244435
133962 1 233153
68594 92 227592
89124 46 96689
22104 96 172573
6584 58 228035
118177 89 215365
17477 16 71332
15429 80 60639
204666 100 212274
117143 82 192103
48310 24 178032
465 11 18741
81663 45 102335
109881 28 135078
18984 31 128319
6795 55 72476
135875 31 183149
17180 23 217576
22120 41 73922
63823 4 88622
157198 15 187698
180 49 242195
164824 95 167994
117048 86 228989
165744 10 246643
104659 75 170086
143787 63 174644
102791 11 202390
76001 8 226805
80833 30 82221
161760 29 176915
40901 77 202841
49554 58 239019
192099 4 220204
13414 15 152449
1987 94 25037
121405 98 164608
40149 92 165624
4754 12 41706
174293 71 203305
74803 79 102168
131502 87 150008
94074 11 141737
34758 28 249952
107653 55 210494
63207 75 166861
161098 47 178018
6498 21 26710
19793 67 151057
23065 9 68958
155663 11 227859
29825 10 237761
209 33 135696
3422 82 114613
11183 36 140699
98055 96 239322
62985 31 74910
146733 55 240966
163860 100 186598
80361 6 138991
89232 60 195051
44694 15 80784
205146 74 213025
31277 96 216128
41933 23 199443
65457 65 134701
176603 83 244748
80143 65 210825
19369 91 157129
30472 19 235781
45845 31 68894
32252 53 39186
60348 48 91894
153141 92 172703
42901 11 126008
70375 67 106585
5864 26 128109
131643 72 177933
222940 4 223664
89136 86 142681
111638 17 120311
17174 60 124437
91209 28 248363
64734 55 189604
238347 21 249608
49751 1 143484
94999 39 186036
59078 12 104334
55804 89 97515
98661 87 221372
27027 14 48630
166288 19 192832
188551 82 211579
106268 12 177636
48687 80 94048
20899 49 145437
91750 71 150148
83079 93 108879
29742 89 89376
69219 16 71029
30312 21 67688
15266 52 158890
78217 57 87670
30350 7 88000
175468 14 223889
146856 36 170387
21098 37 44710
107124 70 213885
29816 95 136941
118546 31 208515
228873 5 237395
41960 40 113146
86207 75 172171
45256 39 95061
23319 6 158105
97405 12 236640
114758 62 155030
197510 26 225035
116502 91 165308
166670 97 173085
72431 85 209785
30580 71 173756
129469 10 164226
104438 80 234521
49828 87 216040
49527 100 118390
179914 12 247817
60713 11 218413
21215 69 156068
174095 13 232058
46461 78 76761
67532 99 86609
43341 29 167661
1135 7 101661
40455 83 180886
9389 84 180347
109210 69 181914
18706 93 189162
73830 80 194537
32015 65 63536
13144 23 24331
40684 89 232878
2588 46 133518
11487 42 148807
188558 79 248192
85823 42 208904
47420 70 211516
83968 49 129246
204561 99 233368
113304 53 188090
121173 52 199670
8929 22 26458
26168 38 115841
27801 41 100259
140800 83 144117
132036 12 210729
20293 83 146357
3232 66 240890
4398 92 203374
129568 52 231771
70463 75 192536
100243 10 152158
121339 28 197974
128263 76 160723
168404 62 247919
73687 38 84439
24972 94 93852
49591 14 237351
118811 57 125500
8270 38 26539
133847 29 174021
76168 58 149065
114752 51 168878
192005 99 245969
57349 62 155078
131149 16 240079
123062 87 225126
51704 39 163572
55991 92 183974
51576 30 153926
167087 72 209490
36796 76 236067
120305 32 201338
107980 54 225911
90574 43 196614
73711 23 94492
174932 68 236145
82737 34 187404
31194 42 38066
56757 24 153652
69726 85 200320
62773 55 217191
114488 69 150658
197501 12 237885
16939 9 52951
30751 58 247279
137220 51 171418
7961 97 173289
120631 9 163974
10795 58 134354
57111 72 234185
170330 24 236565
191431 93 217511
133081 3 147956
11292 37 146945
15660 7 84341
71362 16 161680
15194 58 135851
112015 17 203115
171535 39 197686
189760 9 198041
93187 62 246721
111878 60 202436
175108 66 204191
24708 80 186221
159963 63 173897
136639 57 205652
73916 79 104829
24465 98 112592
3029 40 101865
13701 84 135705
137312 24 139499
71347 28 209675
147095 4 172552
149140 100 151498
103959 50 178118
188524 70 243207
91973 81 145288
34670 50 193699
167198 95 237119
58181 72 184428
21494 98 166077
192304 31 237203
77929 2 95268
52508 1 92397
71660 1 98082
52502 83 52720
156 99 80718
166352 73 183155
159118 96 173516
3907 66 120621
96918 94 149499
50795 29 88345
50274 12 52325
134893 71 240038
92469 14 194888
86671 76 193055
56300 31 64902
191953 92 242805
126780 84 138043
173900 8 247704
33935 37 99100
87966 93 143385
34086 49 56243
50504 21 123415
157976 40 209447
4210 16 229152
105931 48 113044
15474 62 96537
46145 92 211308
153430 82 249656
202245 53 203326
98449 34 159381
19102 100 124317
16999 34 163559
162390 8 164532
15314 58 220414
152463 21 201059
76403 54 137797
160892 95 165572
14196 78 176763
49942 82 172031
23599 37 55148
135911 9 174303
200212 38 219668
21705 43 143559
32308 92 79984
69469 74 194980
142329 68 242247
200664 76 231898
41242 68 203348
101174 5 249427
1978 60 87800
107553 31 192127
68492 59 128790
109715 69 212065
159670 29 193506
221767 15 245646
125165 61 174069
148482 12 232674
170985 39 245660
67103 72 189226
61415 79 94809
45127 81 247679
179773 65 220444
23586 22 241922
57923 6 128763
113291 95 206452
172044 63 187068
9997 43 165512
97825 84 174197
100575 33 152316
54429 82 82448
6050 68 52354
129942 2 159218
132245 54 236976
5939 55 188536
155939 94 225347
37640 39 95135
20630 33 196188
82721 3 248945
3973 65 7728
126286 10 242159
37195 4 122151
81189 63 102861
37414 32 248475
55425 66 205282
3242 96 117687
88508 67 243983
35754 75 164090
76961 43 194581
112615 16 236570
76096 3 167830
47385 79 112425
50249 52 139093
42539 85 225931
469 4 58957
56928 26 233649
17536 31 209820
41302 47 122581
121837 75 206845
38577 70 131715
39471 29 200621
173154 28 222465
61223 94 231639
188346 28 224018
144458 92 220295
29069 62 102764
97996 25 237560
101407 66 212654
148440 9 172156
80169 33 244832
179371 70 222264
44711 58 112527
67532 11 129401
77274 74 167844
77047 75 94411
152315 56 193637
9509 13 109083
4385 68 132643
110604 13 122010
52168 22 112528
38788 93 184092
37910 30 121252
124448 51 221599
199582 2 213106
96703 61 244596
24969 7 86307
31275 53 144135
30142 29 233971
47442 44 48564
70100 25 94447
60881 6 237288
179833 9 232778
50466 39 83710
20184 26 215172
83217 70 197055
26834 3 70857
117094 21 232677
31155 55 110890
78269 4 218015
25294 85 161096
20731 52 96978
72771 64 127229
37515 47 187394
29219 67 246883
49764 9 212029
45177 8 97127
158987 92 176175
88305 15 221397
9823 52 214915
30984 47 116728
26083 80 70318
192855 74 247329
204753 93 215058
73172 91 124820
155973 15 243417
175665 16 196160
68739 54 151044
101046 89 159973
62248 45 206118
120249 39 126866
10330 99 93696
25826 30 216131
51383 69 213127
70223 3 162676
73963 25 90879
211713 63 213669
105066 20 226590
133325 97 196214
76861 28 86475
182473 6 237059
109947 23 192065
10739 45 115987
28648 3 226792
68498 47 170726
45893 7 241194
123131 81 212160
193921 59 216106
34860 21 36163
42832 34 244565
158164 46 212753
33697 65 57511
211586 8 236173
241033 50 249583
78133 46 198595
131901 12 146857
86775 12 143215
55502 5 112591
131211 98 214671
592 89 95969
6546 18 10404
81741 52 178885
185362 77 192480
160731 21 220491
53703 77 180291
522 59 87651
195570 47 245314
22195 68 110273
31600 7 173175
41717 92 149293
136190 10 176297
33698 3 43611
104546 39 218068
62136 76 179877
80143 82 204860
217120 5 249140
56126 76 104635
203116 27 233342
195298 8 218986
107286 55 231514
156664 59 189714
190335 31 192519
171814 70 180308
94460 73 237037
42323 63 155483
26047 85 245474
49502 69 148833
60086 91 201190
36291 19 243057
149306 10 207293
109055 51 144042
178185 36 182654
78616 48 224774
37065 91 153817
7903 54 213098
9238 84 99833
122750 3 208410
56146 12 219286
5838 82 24453
70350 51 156275
118228 13 221094
114661 44 175176
1281 78 35810
84717 7 225028
46378 92 176742
106278 58 240520
47388 24 112225
15438 95 55013
85707 36 141667
207230 58 236752
166649 98 169411
37604 96 245829
79911 24 181318
41839 58 131119
54664 66 226101
136167 37 140446
84390 86 119456
48748 94 62700
13502 31 82739
36962 72 74984
54819 83 65541
4425 41 64593
121052 22 244925
26834 73 156796
131263 57 216107
141239 75 218897
4878 70 179361
113456 10 166745
96130 8 134213
84324 70 136313
22729 17 116553
189 11 180078
145862 24 155833
46368 59 75364
99030 22 135557
128693 55 129333
60317 2 226423
26499 37 116939
50651 49 92274
54457 11 60528
214127 84 220449
231 27 121628
35232 59 194454
126267 28 204356
168233 8 190448
92231 49 132699
150447 74 245896
81964 98 222199
49146 65 190690
5634 40 222704
191786 49 244224
118572 82 212710
16351 27 89232
236063 21 237977
67484 32 82554
148502 41 218739
46346 96 222536
92482 53 187664
15464 6 108683
50804 74 75152
124617 16 176110
140071 24 240567
164023 14 244986
92512 60 152131
82267 84 234922
217236 42 218821
44689 77 210910
12544 15 68759
102315 51 142415
31031 31 36992
107719 25 190556
62324 64 122705
71130 18 214823
79777 15 102599
183380 42 234828
146257 72 229561
95006 72 100142
4084 13 85821
122359 51 128712
58411 18 219022
138807 7 242491
57953 84 69580
12681 91 174301
6829 48 175693
34662 35 45794
171890 80 210867
53395 1 228638
210919 31 243885
218299 60 239115
192547 10 206573
59773 71 136169
61941 54 129164
167242 97 211284
133468 37 240744
104479 35 125548
24014 35 167154
35837 33 100094
59052 29 102783
78500 47 184216
9848 74 62110
62107 52 199657
141591 77 245008
162777 91 170714
104108 87 168891
1856 66 160175
144357 88 205877
137273 84 209470
137058 52 170579
80374 86 240939
132024 96 211037
67360 14 245093
99634 11 101002
227341 66 236874
61383 79 245685
7408 25 242490
220776 80 223023
63274 73 144004
51338 86 221468
77808 63 247468
179151 27 232275
8864 1 159270
122729 88 225826
6490 79 77446
137953 22 163868
54292 99 128590
79564 83 127644
7315 35 74357
35944 62 166503
217341 24 243289
46093 65 151528
22300 6 64988
29105 17 229384
112205 84 122878
95192 49 119580
88348 56 140792
141362 55 239337
105416 59 143495
112081 67 176265
74995 35 248919
18794 57 145121
219474 23 233010
9890 78 39281
73661 25 133925
165547 97 215924
11624 29 165090
136220 60 153942
90110 47 120092
30909 14 133642
9085 93 150650
99968 78 147910
100242 43 101958
123781 98 248985
5990 34 33379
104365 20 221042
203178 53 244085
143634 85 162985
39535 18 93024
164849 33 165968
87812 73 147718
38253 90 53622
56910 32 57086
59666 75 95575
8039 70 56257
129261 66 176240
51914 73 131950
188225 40 224586
60632 40 207069
125442 62 149746
67287 18 77338
99340 97 161139
146813 83 191024
167471 96 208419
14476 42 96780
84276 53 171574
227360 12 236600
7271 87 192346
56446 2 149153
95361 24 126480
127795 24 188893
33781 43 39333
39768 77 211266
91448 85 145050
152541 99 207273
12363 71 61292
98966 79 190202
6913 5 159795
22001 44 190255
62989 52 180809
159487 58 213518
57375 44 140130
107737 91 147254
17697 36 51068
78365 23 105241
170230 99 225120
128986 76 210392
32066 59 171921
96275 53 153211
32725 52 152718
65143 30 208294
2280 46 108563
36800 92 223758
119658 96 248078
218939 57 225245
206054 21 234627
46228 5 164831
169871 40 200359
125718 91 126447
240733 2 243218
49254 83 181867
13897 10 110624
60338 31 158626
22545 17 172252
9609 72 119872
47570 57 187463
6183 32 15482
62523 42 235036
162106 16 227262
38249 34 194049
217102 23 243924
213777 31 219687
40384 39 196722
9755 79 62816
110105 48 156321
175704 30 216031
208392 83 217781
43936 100 233134
139749 20 140097
40740 93 44141
93795 68 125128
94838 1 235709
37633 88 118803
3418 54 173743
172655 26 223549
9394 93 76630
133202 48 141329
168707 16 244779
35281 62 232845
73399 94 233489
75450 1 114918
39991 16 245243
63690 66 146750
138710 16 200306
89174 83 195335
155279 56 207091
38988 95 133731
14141 12 162421
115640 9 168264
74926 88 108129
155018 17 182562
122471 13 152517
52021 1 234594
26396 21 243461
54076 2 110386
121503 27 232396
12077 44 52862
107092 11 163289
28636 19 177792
34491 97 217546
40789 85 84583
144564 81 177358
25929 84 189810
13585 5 17244
81624 10 153445
12139 14 38270
107011 88 194560
167223 57 211308
40625 9 165933
66608 54 123477
74206 93 225892
71884 53 227560
101517 38 158761
30154 3 165284
42960 25 236963
140873 50 233126
78224 15 102069
173654 68 197050
157371 64 205273
55554 19 150220
79227 34 82705
108973 19 195657
69207 11 192897
4342 10 150855
75474 86 79617
183576 24 247658
73092 12 141848
109703 38 192658
175056 66 228039
38455 95 216696
149807 47 241623
102644 16 188188
129885 69 176299
66778 3 202978
163256 54 211389
114902 59 212849
191981 32 202919
174746 33 187374
133856 76 208398
131578 63 186708
144783 20 242579
175277 61 212226
46386 82 99483
112839 63 201144
73826 78 232776
85555 37 227331
168707 30 209616
106888 1 190671
105385 48 219430
116561 77 248939
39855 11 231996
10787 46 226737
189679 20 210992
43703 68 58172
11977 78 33673
78089 25 106909
77657 60 154203
27480 13 172777
79908 32 239445
150898 90 164072
32670 83 85528
140230 87 158175
137502 19 152436
84271 47 127022
30169 6 49868
2469 47 28726
21448 29 105221
130871 20 216221
91681 83 200295
3103 50 4939
116630 85 187081
96717 96 149378
99580 5 237539
76722 69 111869
94975 17 108843
121117 33 232007
44091 47 89593
131359 49 141733
2402 53 242614
54394 97 147022
19484 86 180151
158159 45 178131
65901 61 123209
124378 100 126531
30212 34 65174
13245 18 45109
102175 81 235411
199214 85 232413
153024 13 225427
4363 24 56712
38730 22 210826
158548 38 214992
56678 68 204287
140135 74 228548
167071 20 226792
233652 31 238805
147943 47 163354
12120 88 31632
36581 5 159338
50585 44 52765
220 82 155669
31495 20 83483
111868 55 185415
122192 96 130839
110945 34 246127
100482 38 159111
53735 62 62548
144895 2 215524
71700 15 219325
17984 50 40788
36808 22 56781
31663 51 234702
87075 69 246293
63353 96 238620
32136 89 248482
60448 97 94397
76082 40 227532
149909 77 210673
1885 43 8614
9144 85 43354
55691 78 228407
143157 91 172943
87634 41 248340
34734 16 44454
184663 81 189869
131390 49 218794
39369 61 168824
110040 9 131599
98176 95 146798
48727 80 58798
27914 40 208760
49476 48 54796
55588 6 156964
63635 18 139788
180815 30 188505
119532 66 135663
93740 58 158086
158219 77 207328
67492 76 151744
6730 87 86893
90727 53 234400
73745 33 239336
12559 73 226025
108435 8 209826
65625 30 90777
88220 65 246543
12969 51 198431
12999 40 199393
515 26 176398
25715 32 69212
12536 71 170063
158821 96 216292
194525 67 245766
50934 30 159029
191912 3 193088
165744 25 172508
186009 38 217544
75833 43 239147
4510 8 75942
97514 79 117745
106419 72 155484
66381 56 101174
153027 94 198392
61300 15 115485
81666 64 149373
27209 7 121619
76999 12 126789
7054 38 78859
181115 67 230522
155546 34 213151
43729 83 163732
77793 98 105379
72900 24 197204
23187 78 29038
96258 66 195843
129988 44 170171
116991 61 220245
130168 48 175872
53566 97 220281
93366 65 168464
74031 100 149065
61592 17 175032
79928 20 94509
41461 9 188209
67604 79 185458
46717 43 113354
69113 91 102401
188181 39 208056
1611 32 22100
38590 88 215031
120692 55 164645
115624 3 157919
110652 10 196400
57055 20 77073
68742 83 228352
55063 19 80916
86853 47 213144
11352 25 169771
78914 96 226598
8058 64 38381
216098 13 226371
19357 93 244917
124111 59 161036
195378 59 216521
52620 58 132357
156261 26 170157
92403 7 203043
6587 2 67574
89761 23 189568
77199 70 94728
111176 75 176552
56034 96 94792
25692 84 119029
146787 38 201631
178785 25 220564
114107 2 153258
140933 100 215731
3428 65 74659
150324 54 197424
44160 73 247902
109792 44 149540
63487 46 117606
15974 13 239836
139703 24 192994
43052 55 159108
65164 90 179907
125444 21 229015
151636 94 249155
87750 78 144032
105663 20 125069
20615 23 133647
12094 46 134434
55185 25 130433
23469 16 44063
118320 61 229667
154331 93 188116
54269 76 146232
19968 61 207388
10140 43 36478
43833 56 148763
137427 76 205168
48043 100 72449
12092 40 178172
87919 36 246417
16649 31 116174
131411 34 142472
86607 58 93237
13612 30 222105
86305 53 108115
76840 41 99727
88492 71 118532
28069 29 244082
200879 25 221231
179550 77 226251
28811 100 48858
62533 3 229010
111729 29 217034
75993 93 103175
3022 18 238723
101580 71 122180
101970 17 113289
162200 53 194460
106761 49 164345
30880 99 110004
168386 42 217617
206801 22 230300
83321 60 177068
26766 62 75689
14010 59 176593
69256 88 83622
32527 100 83988
59094 29 76737
109134 95 183947
47624 62 119773
96433 40 139743
19404 12 51261
12531 46 170166
186092 99 230462
155617 67 221704
108377 15 215066
55496 11 104027
90917 84 163917
30886 34 230551
50695 20 173946
136873 21 138948
14160 11 89907
101817 61 187048
52805 39 192770
35716 73 152334
42001 84 65172
97423 78 152377
77511 51 117075
203243 66 203780
185971 28 228980
158001 50 241043
17763 65 63544
171381 43 196138
167126 77 236700
176528 68 188464
10926 63 245593
25467 35 185000
45670 56 149560
56 8 172617
125893 16 181935
44565 23 245685
181340 24 245109
92049 85 105792
46205 68 62871
143996 14 216203
82867 13 162098
128864 47 240849
22329 29 32332
117830 24 163981
7864 19 173043
77815 2 78997
49734 89 241753
18445 84 100969
51161 11 144285
117373 16 129391
22494 8 102818
51982 28 76696
56315 26 206107
34442 22 240091
38599 81 67006
36908 87 167541
15653 43 139351
57477 73 224807
211133 75 240144
150230 97 152708
1572 60 65590
30533 63 120243
61060 40 222924
58595 35 178188
71206 74 120804
113644 57 117599
206623 37 242412
13728 10 204725
44396 88 50553
55787 47 108575
63264 56 136227
57930 11 170684
140047 75 166778
179064 50 210722
10684 93 27656
143212 3 198996
41485 71 184647
133369 36 238101
111246 8 215337
31744 15 109674
107071 63 241130
3228 28 247786
113725 86 214039
162580 33 202420
142445 95 178837
69962 83 189808
76445 71 123732
88712 67 116016
149394 23 233130
21199 84 140601
86883 95 113355
105631 55 148556
66071 60 82785
24141 21 161430
169567 9 185204
69274 56 244165
176445 49 232682
128493 37 163382
88975 40 236157
25040 70 146865
168071 13 239688
126722 52 189354
11427 69 181514
42939 9 151358
77340 58 104187
24687 89 62799
106417 57 169419
35987 58 47186
70201 98 128934
157774 52 182100
62013 69 226869
6350 93 61227
188778 26 207359
89276 60 106853
38775 19 242103
11950 8 91261
12950 16 212820
174397 67 231597
18559 70 61092
63668 23 221171
52788 67 149338
79172 77 145038
36952 83 166876
9561 45 10319
216195 91 218133
25274 5 213504
216583 92 235169
29295 70 167187
42874 91 169242
28866 15 90629
3595 9 68066
142864 91 159087
17137 21 177412
32390 95 94957
33271 36 205980
113708 48 202615
107722 63 165489
133392 100 212746
106300 66 182775
168268 17 202788
110026 99 161946
6514 32 107318
32597 14 220205
12250 13 163246
95272 83 101709
48954 43 178146
58246 48 153387
9365 3 138806
18149 11 150007
130841 15 216664
28678 92 67483
192617 28 208145
21907 79 153835
13585 34 157936
25541 34 172493
30919 34 98658
112873 12 206754
101705 6 160766
123482 87 160976
52086 45 195798
23525 16 73536
110818 42 210131
104 65 142966
181411 67 210380
40202 13 62505
202174 65 243062
47018 24 166702
14829 9 29776
9088 100 119879
751 5 68663
73140 75 165701
64101 56 123076
24316 10 51878
78320 71 154709
68861 10 103869
234324 1 234550
63327 29 233780
103734 100 157379
26888 76 129526
239736 88 243561
144887 16 170505
89249 77 119619
208152 8 210936
8983 25 27657
45698 55 180790
60895 92 204307
94860 19 246978
185674 85 236499
19713 71 58152
167681 81 236234
64626 25 180898
42273 22 233836
91215 95 116620
159901 22 226400
47807 57 135226
123547 46 126656
145345 95 174019
2003 97 188253
114448 53 204791
122076 15 149458
23771 7 49358
96604 39 169578
3316 95 34709
67007 59 217903
102166 2 248334
115336 2 190915
113008 54 243988
21400 34 74727
134539 70 200778
23318 73 156048
31583 100 76208
24646 22 57186
200056 87 223312
5531 24 228696
43536 77 217021
3638 99 59098
91846 70 204006
71670 76 245812
97007 19 170783
27885 23 40131
14373 43 169902
25810 46 155572
162052 89 207836
149460 78 207196
21279 51 188153
175316 38 182830
28306 73 57222
110879 85 243019
41076 97 122103
88778 13 227287
9551 35 97922
18450 87 112420
80832 66 84140
72846 32 153774
3537 57 208876
213390 71 233365
99232 25 233833
148277 12 223024
135983 93 164302
131809 5 242752
56640 28 118167
101278 43 248396
134303 27 134542
127911 80 182734
82163 94 212116
86361 58 101645
160486 91 228052
2105 17 117384
131023 71 157143
33809 9 69345
41475 16 92200
223634 72 228533
130608 44 154997
43266 59 177830
200951 82 210647
16044 96 51907
149059 15 169727
15745 2 239307
51949 43 124794
79563 73 156825
86620 10 93924
51737 23 234452
210438 34 237049
5742 13 180530
6996 57 127006
155634 19 183340
91840 11 98167
69066 82 168532
11405 46 219721
30725 43 134421
54234 2 83365
106512 36 178261
18895 58 81230
101521 95 157413
125036 67 241830
201698 44 221362
169554 3 191169
19983 33 25582
91365 82 110002
57102 10 134729
20415 68 201266
42409 81 109951
1843 1 230376
16371 22 29517
11896 77 113233
194287 43 198494
169752 30 231502
167520 43 242032
81297 24 188388
104241 79 161831
112946 78 198415
40691 11 146640
122659 50 137263
70140 11 76882
144430 34 214297
224619 75 233203
100985 94 114687
51853 14 97063
110403 54 157885
92770 32 178171
102860 92 143124
96299 5 169510
59834 24 175792
110888 2 247969
97782 32 242217
175812 24 249043
55847 23 82166
140862 9 182029
169315 51 219368
35065 52 35258
68175 42 183804
117762 86 144882
118728 53 185582
99936 66 152452
25772 63 118719
173117 32 204532
88535 19 194899
91760 34 121690
150017 85 204057
68540 89 152404
50257 4 164835
69093 91 134885
148312 82 206229
6337 15 47102
4543 20 14291
86030 36 198977
33442 1 90802
103351 66 108075
89002 4 220476
63251 32 176188
55287 89 121343
52977 48 100500
77461 36 184832
9157 89 87271
27587 14 145908
148041 1 245861
22070 40 182671
58495 1 100103
8051 15 134726
163476 8 215108
3719 78 52382
92205 35 240352
94390 43 162059
65184 99 204809
185689 9 220107
167868 6 194951
144284 63 194782
79988 93 95945
200314 41 246823
51873 31 97306
36168 7 189390
127678 29 146382
43146 53 165570
72265 37 204350
143653 33 242019
73648 62 188345
94901 40 202626
141976 6 157380
108924 10 204660
143201 43 212291
69715 36 124449
187630 45 206101
108185 22 115844
231130 89 232937
181339 48 202268
58292 90 130885
144820 6 180548
97421 58 180761
46281 68 200791
33266 1 37619
71781 85 109755
110508 61 245891
127274 46 128037
25792 52 239480
104895 18 135601
161005 83 204986
212813 65 216931
110955 50 132855
149946 95 164495
778 76 40876
80699 28 100693
18991 4 133870
66171 31 133431
11794 7 167947
103074 8 189639
11117 86 182788
71215 16 145615
63719 77 193142
184537 79 188688
102732 10 137777
166636 96 176427
25328 68 42346
15160 14 102938
94045 69 242417
114449 17 162681
211050 28 249918
24307 82 107167
195580 75 240881
27319 41 95092
84589 39 111996
22392 45 246001
56671 91 103647
57299 7 243487
44717 46 116063
25897 73 193623
68611 26 111991
117946 58 198866
7197 44 95347
38337 65 117292
47857 54 77358
62509 72 244845
56229 11 66613
25776 41 48836
36293 56 179011
7316 4 92007
30886 11 47462
62464 88 154142
79361 58 120849
32963 76 144342
69270 14 235031
82931 25 157803
89289 47 146565
76090 99 161026
34860 59 190106
108612 19 198551
121776 80 146226
62769 29 232925
5948 32 43717
21902 96 33784
52714 70 246368
48405 81 106108
197285 22 248744
149753 2 167642
59193 9 149372
16517 29 219443
217851 97 229544
218352 94 236790
93963 81 230067
87076 43 174027
68967 42 94461
18636 9 64635
2717 10 41274
120183 59 212091
61334 25 225073
141426 11 183755
46572 10 170104
14723 36 230455
16474 41 247741
57243 64 117322
46644 44 209412
102468 61 113707
155923 75 242212
167617 88 208271
160785 46 169217
80058 70 132149
60965 3 75264
52435 86 215863
71933 32 73379
23556 16 84602
24889 70 162491
65960 50 98126
17621 18 130098
30641 94 202273
69517 88 185065
86322 27 238017
85696 96 140920
120801 22 155829
140630 22 181970
88942 45 220748
62728 20 88359
79406 39 227155
99038 30 134401
8301 62 198293
29179 20 181163
157735 8 196371
234025 73 237445
75035 16 91422
12779 75 221614
75349 20 198597
9347 9 159031
68263 12 173698
20436 46 171234
188343 79 208499
1463 9 3488
41015 46 122649
50781 49 237431
130482 40 217500
189262 29 219711
112572 85 154332
69904 49 203760
132111 26 211094
5581 65 108019
169140 21 199730
72425 67 161645
2605 56 30627
92215 92 154050
84525 65 113325
148659 19 225261
196622 83 205861
176568 79 195892
61447 32 202958
95445 23 184019
19085 74 160557
122945 12 151460
197325 1 239819
123990 96 161885
152254 48 236997
86900 64 177710
97411 8 151801
69402 27 81673
24621 6 84517
28376 76 199247
126730 22 156043
37178 1 135585
42548 42 222314
134759 89 227043
75946 16 212567
104943 14 131620
30257 42 59144
40179 24 146351
132044 16 158296
148852 31 181174
148227 100 194047
118437 59 230426
81590 72 246630
116052 29 166862
75040 65 247802
13326 96 158631
82192 44 183010
72040 96 79768
125986 78 170934
139201 59 211068
79841 81 203271
65201 3 190709
218827 39 248355
4164 54 6796
136822 33 175106
62555 22 206636
15989 56 176008
46365 5 86358
6088 34 125108
190172 86 202125
202214 31 209477
41863 44 110870
61871 78 82114
54060 96 68126
50601 85 131936
89070 89 217851
74184 46 248506
27615 29 206607
99967 51 172782
47680 69 75871
49098 78 215386
52715 13 123774
59977 26 78954
175620 77 192406
99317 45 127432
212253 91 238943
185181 11 210912
23621 19 55445
26349 95 64318
82901 32 217662
68204 68 73349
224154 4 228218
133423 34 222385
13411 5 101622
178576 73 178869
85291 73 236550
69392 64 88656
118463 97 162214
185858 59 241570
8853 41 109735
46737 66 167579
92783 84 242136
44543 39 227630
61683 7 209736
170926 56 204239
73870 20 240594
125391 92 151876
169828 37 175674
116660 76 223060
6933 87 160485
56944 9 189054
47542 52 211631
150797 56 201274
107555 65 225210
20694 41 100666
7595 9 209336
175060 18 216302
7557 86 218732
37326 72 210147
47538 38 142342
29197 54 156338
25684 89 224081
149941 82 167867
77725 31 208714
64354 73 224021
117003 96 209631
21519 43 215098
397 35 20575
153379 83 187852
190216 89 244460
94507 64 248851
129065 3 173892
66948 25 80643
105697 23 241132
168951 77 207899
139720 30 219709
114932 63 163587
110372 24 214500
22659 99 205958
112599 60 182797
75176 19 236566
189608 15 246325
9304 5 37966
116708 17 212906
132982 81 133259
119462 65 128595
39102 58 99954
98624 66 122174
133701 94 221146
231579 96 238746
36092 38 223390
186140 10 248767
63792 59 194234
105866 66 171118
118403 27 168034
90556 78 113807
15640 81 162439
4584 48 52141
83612 5 230113
19613 62 230046
142558 46 166757
43546 75 50973
75130 55 107207
93632 25 242657
98674 11 122796
57801 97 79662
138713 27 139576
67208 48 176959
35291 88 216462
643 20 153182
123105 91 144750
73948 62 217412
22400 52 242586
77746 72 225108
134499 58 148194
9599 73 171938
38750 12 111150
60707 42 107838
31685 2 185336
126137 64 146054
53125 74 233593
94217 15 171527
12651 73 162888
179212 20 188009
111125 11 205673
4912 85 185804
140296 63 201588
157221 33 249333
41249 8 197595
6120 96 102631
95671 66 104856
102612 73 177116
177009 46 196820
55129 13 102521
2313 50 247197
124443 9 153980
112807 7 113199
69178 28 197177
37410 64 168860
8301 6 213522
37813 66 38200
11986 49 128070
72758 30 181930
56563 60 209328
27446 60 190505
14526 27 18926
34607 81 128331
59447 35 130481
124153 74 223323
87755 79 221738
181823 17 228766
106125 44 117055
94431 40 166318
9442 58 197976
146263 87 239217
192169 18 242002
96960 59 243233
51743 88 109881
144582 83 246810
35388 44 244012
101184 84 183361
98324 10 166659
76031 27 117387
170857 30 171164
142848 46 206680
94471 95 233673
26851 87 176797
160280 46 219655
198320 47 249945
75305 79 149381
180131 44 219654
140041 65 201226
40992 15 49866
104425 83 215753
33890 88 127375
32652 46 60420
62638 96 118303
52174 58 141182
113336 50 209186
73489 95 75354
42163 88 209066
91146 49 185452
111884 17 135803
9707 74 248742
117167 36 189498
59648 29 69114
21652 5 71437
107990 56 154973
41769 58 71161
9137 28 197502
172552 53 207942
90010 6 234943
13429 70 147746
55429 97 173965
30142 71 209530
19115 67 76007
74407 22 124293
91480 71 237554
62568 89 130034
1879 48 64536
6216 28 59891
158831 1 166964
49704 29 219483
21270 4 89280
4386 13 25111
21293 8 131116
96470 40 246134
104421 18 234318
30833 35 172940
64952 3 165122
16333 14 194313
63246 33 83555
84818 21 144065
61838 27 192262
111773 49 179717
15231 33 193495
110567 16 182022
116244 72 196467
4684 63 12726
207624 49 242636
56476 87 127579
130283 56 230997
26325 29 163646
63627 94 181114
32208 24 93813
156992 25 240560
76022 93 126469
94933 76 205735
29137 53 100805
50897 19 126378
111870 31 134058
64703 58 95243
25171 40 111479
42174 57 73170
50879 71 71676
173100 81 175590
871 13 213048
9319 6 175642
137807 84 224411
32925 73 107885
48803 79 238855
103835 60 176408
83409 15 183638
34635 3 119538
80459 15 124306
85598 20 110158
32736 43 230900
44843 76 98018
32419 62 39724
162508 34 242087
64871 77 169631
107602 36 218162
56794 46 213253
177516 93 208840
79956 29 192411
102963 55 244691
43704 77 177458
57911 31 80439
33229 94 102263
73683 16 188371
17595 28 154331
15478 24 152606
136231 28 239962
175900 80 217140
25422 49 180173
171069 61 177684
144139 87 210009
27793 40 75704
48383 27 65090
26614 33 232021
54219 84 192140
136535 61 221464
45604 83 133388
3691 62 196309
35107 38 107975
66700 63 185699
167772 85 238107
63411 31 196199
98476 73 109048
130350 34 131184
104274 40 241580
157967 74 188706
62530 65 122639
96545 17 238786
31044 44 40500
150987 17 160166
155845 75 204260
20851 55 120699
70760 1 240914
64160 58 114845
41400 64 74066
35808 86 245024
45550 69 96891
98633 32 113842
114169 71 161670
37125 57 91818
212417 34 239691
57401 47 211215
141010 26 207782
99736 31 225505
1261 5 230346
10386 91 240534
16367 4 144577
2542 14 240377
165939 18 222305
144372 78 239085
192563 87 237841
89033 7 236788
6358 79 164882
179287 14 218312
48016 61 185612
15717 81 29006
179379 12 240167
90399 43 108493
134709 72 202761
41178 22 60914
49602 81 81740
227699 23 236803
36597 15 190752
157434 12 173303
118118 58 118275
12028 5 209906
73 64 59993
17783 62 119143
1850 41 209154
52528 90 187354
117469 30 243082
4010 25 247524
152341 77 168353
220151 60 229005
17352 56 239183
6822 85 20883
90696 68 95165
31923 23 179760
94548 65 214794
90075 10 161547
44127 79 230047
143319 6 205510
218848 31 230544
14037 81 109511
26041 27 217237
185122 51 242272
160367 85 217558
11468 30 164830
37406 6 93346
89902 64 226653
70096 23 179111
82937 25 246820
55286 93 153574
7146 70 230341
137795 91 232974
195276 71 246888
23449 14 178392
80417 12 117771
48206 7 55078
200430 31 229391
148473 36 218876
53203 95 108067
24892 8 87480
29778 7 107791
123439 39 134615
46613 84 197555
1542 84 93295
145734 91 231168
21455 67 210254
58875 80 126560
9864 87 13372
31292 8 174566
72844 31 235131
38497 96 166074
6572 85 235942
134942 86 182174
5245 27 176391
2905 9 106807
156801 47 229917
1781 4 151826
102367 77 210721
135173 30 179510
28801 82 81084
98037 56 110652
71530 47 197689
51232 70 168504
143294 14 171218
105481 16 132981
6502 45 45056
26048 3 98241
98457 9 147753
78874 48 140736
132227 17 230084
91979 23 126267
152653 98 168945
66141 69 136258
29240 9 54144
60193 77 193381
777 96 14701
40881 85 60522
9785 30 101887
184519 57 212119
19693 18 194209
9817 62 213992
10083 66 245184
59483 37 230963
18301 45 226645
138153 69 207129
182186 16 205972
29914 38 72448
140349 98 192788
66653 60 78578
185423 26 206725
166492 1 219360
90544 28 150444
116656 42 117016
138775 65 194091
144543 7 238795
20485 62 233889
71666 86 146180
428 50 43070
150586 16 243226
90013 16 150491
37555 98 109820
43177 25 87917
103214 17 169508
144022 96 244974
63332 79 103633
75113 22 231760
112608 69 118119
202836 34 206047
66785 28 84451
12662 100 25816
133239 32 238050
61027 36 89349
40197 26 156698
58660 73 175242
4654 55 154673
102032 9 239180
50943 42 238947
124540 38 212872
115152 33 119027
15930 20 49730
11506 94 205222
81105 87 145345
104331 70 204034
13887 39 231808
5285 91 34446
3818 64 196560
37968 42 230036
21424 99 137003
10892 84 170481
136520 2 150127
132781 51 244841
39463 1 54746
17649 7 153011
169269 83 249708
18070 98 206878
120642 96 237846
155414 35 205665
108326 90 210440
83427 90 164371
245985 65 247021
37180 72 116913
46108 50 172422
8470 30 144455
170245 25 185786
171712 22 188982
99194 65 139438
221849 21 238603
5941 43 21844
103495 71 213142
39223 17 126023
52120 58 196630
14433 36 129471
5174 36 96399
107982 39 168631
171567 19 197141
130114 38 229624
113782 83 245694
2559 48 231596
113532 45 237234
125786 64 222637
35107 70 145855
8513 86 232231
90878 18 192491
90514 35 108490
41839 12 106907
179701 70 226406
64966 76 242001
104271 71 104689
123076 77 131709
57545 41 244239
100421 65 105040
89542 100 165047
62314 18 136756
61087 45 141290
144172 7 199769
136336 9 194469
36129 8 110457
73790 70 207949
221352 77 227022
101513 38 212354
25096 54 218038
207642 7 218945
6418 43 40011
49895 36 59747
196382 93 227704
91663 26 94130
29816 88 68115
13335 67 30342
173358 32 216463
52165 69 112894
180735 32 207677
115388 48 151953
167181 6 178999
35537 26 122084
70201 24 193399
115935 34 119563
53988 100 59275
146446 20 243522
141289 56 163850
1165 57 4724
187172 3 191844
138868 78 211102
31056 3 35205
62375 26 72245
17365 80 62038
26945 93 143829
105160 16 247563
119562 86 244809
88721 44 122610
34267 87 186498
212276 89 215107
197971 74 238520
96845 47 107020
69644 18 79464
55159 69 116787
149680 33 217348
151399 39 184277
208011 27 212948
100035 51 231374
13833 81 247284
71115 43 224647
21361 65 191634
52626 25 102219
96295 68 123444
147700 91 247457
91986 72 196002
82500 84 231844
211713 80 243471
15676 66 220493
108023 64 195510
124869 1 201924
92078 54 143139
100910 4 221548
134551 42 196004
115220 79 165909
121351 97 222034
103676 18 206233
44498 5 90876
10097 31 30134
4189 96 57274
25289 73 236386
10557 9 195411
184160 19 231670
39875 89 74902
125754 8 248747
40493 41 134568
68297 57 101123
90411 66 228391
20354 43 217582
105399 4 138348
173933 83 199335
134382 78 209849
82658 62 100553
159857 82 221070
131714 38 196291
44015 27 100359
28567 19 51533
79464 83 133437
163142 46 244989
132174 39 134063
107087 68 169502
184101 70 242493
46042 32 179983
27051 21 158789
61535 75 87531
81705 66 215670
97784 28 150857
47331 100 239437
995 7 81831
50229 26 136290
156155 87 195991
178951 31 210717
43319 77 171986
22174 20 194589
193584 68 195473
106968 97 225804
41224 84 118782
1841 77 93231
37756 37 149704
23724 22 108682
28178 38 245113
1193 34 200213
61248 97 242895
196557 73 200782
56195 80 188840
70832 99 155280
2972 32 74082
73820 10 147944
128230 45 196174
10588 43 72249
6773 19 139662
8354 6 189628
5394 60 81933
74688 14 132889
101405 68 186795
72539 29 142337
30190 60 149536
6439 70 235955
156916 10 176733
58496 44 194688
108241 96 236221
172088 33 244538
184224 21 246632
57622 50 215565
11968 99 31138
34935 87 138623
141863 7 219331
101687 78 153968
43227 11 234748
81835 73 154775
50703 9 73069
81382 31 132181
217885 7 225484
242799 84 248749
65696 43 157986
76049 22 220950
98590 48 127817
103147 11 139267
84136 74 195744
49291 100 157528
142734 45 215454
55367 58 137781
185408 23 202830
29956 25 222683
58437 46 242703
204841 93 234025
149237 45 193527
98858 98 123828
132223 24 224458
175351 14 237297
48380 17 62406
27735 67 97276
7424 15 229747
132977 64 217480
66065 94 149793
3910 90 185272
14412 64 169027
84733 52 96003
159777 53 230478
123114 67 139655
172051 43 226512
32074 17 147157
8223 75 50252
26380 59 87469
23120 69 191994
90821 49 137186
94526 12 235565
93234 66 115906
123782 21 126630
28930 14 168296
198142 100 235898
196387 92 228205
56523 35 65424
9594 77 54645
3096 53 199142
52152 86 229749
119641 87 141409
7848 25 49726
155357 85 171127
6953 44 121588
36428 73 190617
12297 1 98260
905 82 146042
151114 36 220322
48320 88 248348
98875 64 230403
62839 10 172583
2537 7 159236
131073 51 155225
158204 20 175213
15497 3 110414
1566 1 159256
104678 76 151429
59068 35 199328
48562 38 141828
33884 68 44312
131309 43 189098
153353 94 157655
84468 82 224100
213941 58 214626
42927 2 171090
125106 52 242851
105933 59 221033
11621 41 29864
43419 95 67679
58996 48 118424
132905 63 136982
31451 52 39420
44216 40 216366
20306 66 86066
2201 59 2268
42085 98 191506
102864 7 247451
87357 49 203244
55271 89 207388
41973 79 134360
12338 17 197619
7856 76 165882
110016 68 204373
5850 20 188518
42239 63 51133
136268 44 168729
87004 86 199444
48329 27 137422
209935 68 228885
78586 18 203878
50014 99 233105
63717 18 92378
11308 54 169500
3081 89 20714
71179 2 198909
89929 89 248352
99685 87 100163
1003 96 159202
146740 36 181386
83721 46 211606
2348 86 183050
77991 13 83996
75269 49 156718
188510 95 196348
125861 92 194315
110423 28 241568
50900 51 246978
120148 36 185490
65515 71 201577
106106 71 109251
209220 83 227504
177274 72 192999
6568 70 206167
102601 23 113424
187580 40 230024
167177 8 196014
23734 1 208883
186323 14 219980
20705 51 168261
77249 55 102303
185554 48 235502
28959 22 208089
2284 44 64651
27113 69 167763
196466 19 235549
41465 1 144401
43513 80 190288
448 36 211881
17950 79 191016
130374 42 151709
90423 39 186414
133447 41 173896
104572 82 164293
49835 58 155701
108150 39 108614
28986 75 113600
68667 53 187567
133025 50 243852
21852 20 34494
6277 57 54358
34258 66 46487
147294 99 166872
39424 97 219338
60495 17 163472
162746 4 238707
219789 42 235224
148833 40 175598
99799 72 150118
80343 100 225304
44950 35 211113
21150 64 231827
24237 71 63718
168643 63 242277
13791 82 163616
178957 46 183577
133745 47 182299
758 75 208931
45736 31 62294
168158 89 245460
150297 65 224076
14558 40 125722
129313 25 242526
1070 31 9852
155440 95 167515
6511 46 233636
192129 79 238821
22451 49 100815
28961 8 31498
135559 34 168646
75331 94 92078
232191 81 244058
39211 65 147962
7659 40 85750
55816 42 138250
13034 26 135475
50456 58 231437
196856 65 240221
125581 84 247182
77243 15 140040
110596 35 140935
44997 52 223603
30039 83 247989
186317 3 233755
41729 2 103163
152225 20 245389
24216 25 220639
73869 41 79816
17992 23 37654
35787 47 150915
115424 92 231794
33493 13 50012
176278 18 177162
165520 88 240567
118074 10 167469
68235 94 205985
148309 74 211727
81868 64 175482
132895 32 146578
185887 11 194633
96062 8 234560
68223 65 241092
109591 67 131307
57544 98 142409
231952 53 240863
86682 76 127256
163272 22 200031
11750 97 91938
84013 39 184162
149300 74 243135
58644 62 72858
51043 86 245208
149992 79 169463
72316 95 97586
161713 51 209476
145431 2 249454
97325 87 174255
59726 7 194358
47235 92 133262
46597 66 78308
26088 58 78022
79987 53 222505
47458 22 207804
107473 54 153340
153741 63 218139
11980 43 145040
202858 40 204418
7091 39 161777
23476 20 126716
71940 45 108774
102463 75 116663
49091 10 93386
195792 66 227644
13702 66 204725
58115 48 237051
5706 29 185827
71669 53 240289
48491 67 195668
2343 21 249898
98323 36 106955
44024 45 68585
40792 39 88870
98894 47 142400
16228 73 101519
169558 22 234424
32240 54 207469
110320 64 164942
152612 66 184796
16352 95 75925
76383 56 193109
63094 13 100819
77598 71 172520
163776 25 233704
52366 41 183548
2340 58 76241
76312 76 219490
48826 76 111311
82171 21 162827
123849 44 124571
162637 100 225477
140308 40 144580
23393 7 126424
190871 19 198781
179926 4 183148
34318 53 86260
17108 68 132456
29259 18 113026
34991 48 202790
27785 17 204968
83747 15 122700
115895 59 234184
45391 87 144006
80665 9 121419
38787 61 147757
213721 53 222014
167387 32 224963
175742 30 205376
202651 17 222829
113454 15 120536
62833 68 249667
22518 96 202995
7539 68 204231
86098 24 86263
216471 17 221690
88452 38 198032
5805 45 197713
66152 21 212566
103498 21 205843
33923 49 107507
155296 10 248348
172293 70 182687
145630 31 157127
48009 76 249397
22471 33 207305
8517 37 203891
94596 53 110977
43059 92 232559
53363 75 122519
49910 51 111119
6395 97 196753
41944 6 158168
112537 68 245543
10066 39 42770
962 52 226996
88457 14 167242
64565 77 65537
37237 60 215656
45116 38 196655
48418 41 130549
165643 25 207222
139873 4 225778
135233 42 183381
193283 93 243511
163435 56 247208
10469 11 118652
24522 8 249318
162168 78 204259
42173 97 104683
84493 67 246109
22048 31 92427
89786 86 151234
31141 62 73275
142186 74 201485
55823 13 134246
15671 30 247900
72947 42 129084
51944 34 88246
62423 56 97763
145341 7 238177
210693 32 228334
34549 57 224121
50778 99 115717
2062 11 210251
96638 48 102333
56498 69 105777
35915 89 77693
24637 96 73804
51820 62 192555
10421 63 99514
61341 31 105182
10305 70 165225
95059 47 228682
223223 56 228848
86633 78 182101
151340 90 168119
93807 5 138144
139890 67 232851
119686 9 124366
185985 65 243018
39716 82 160750
59123 64 156013
87869 78 231618
70740 43 83564
138396 27 244378
83989 75 117514
72012 22 75092
43390 11 230108
80874 86 196954
76090 18 203371
187303 15 231374
1622 89 153546
159411 42 234912
44867 57 96496
116236 88 169393
221155 91 228790
61311 61 65726
147665 62 197997
2489 93 105331
44708 36 48251
150132 36 214484
178057 16 190266
215946 45 220308
37711 72 39806
39277 10 150029
37741 72 170000
96957 20 178353
14464 83 48435
33865 18 179563
32576 20 157927
103057 7 110742
154928 95 183391
98839 27 126111
91145 52 185529
85202 3 224572
169260 66 229852
166455 53 246468
14893 32 206956
69480 38 85045
52302 57 59830
134525 9 242055
87608 31 215114
56304 93 126790
2021 96 189701
3207 13 129881
20823 31 33987
111945 1 229034
139030 45 156803
48389 88 83688
137544 8 155994
132859 10 177159
41287 62 246408
34849 40 156809
79606 26 108416
25575 18 134769
82672 57 209878
6729 24 16051
30991 23 96079
111881 16 201164
8457 51 31004
52455 75 70740
1863 12 168610
123090 71 205642
13914 65 197932
96526 48 134811
117256 58 203381
41456 12 210984
63273 63 71320
18871 74 161717
33762 82 157846
186308 62 191644
150506 51 181049
71524 98 113689
182316 91 236023
38373 34 53682
89013 94 144101
157792 14 236208
167036 39 172200
53901 97 127336
154444 18 209179
163901 30 195479
17278 60 128121
130221 47 204285
109880 24 224946
26746 87 238685
93837 11 164609
2380 62 56511
67465 89 127765
155912 82 196070
152988 84 169798
48234 100 86995
88691 35 100611
20494 21 121474
92632 82 154169
154762 41 233407
119914 10 132633
114750 92 217102
13348 83 60841
79810 34 80732
45813 26 190832
28225 53 164804
11841 35 145816
119949 41 129536
158347 46 215038
104928 2 225603
153926 42 203501
6684 23 85058
46047 2 85988
18299 12 212830
132589 88 219598
151741 24 159787
57989 11 224680
63547 46 242641
61355 72 224739
14161 60 219748
71979 49 138534
15213 55 162412
12309 19 76644
6850 71 166803
104943 44 236847
16259 15 76777
141450 10 155897
88897 93 212934
108783 51 245457
25364 76 240020
15563 72 123879
157902 73 213106
65386 84 204853
197357 99 200406
146576 90 206235
108126 67 165920
11687 70 100310
22374 78 193069
94935 51 110159
77504 73 93214
105945 84 193098
176103 34 191989
80347 31 123610
45024 28 201271
111267 86 231835
84329 65 231892
52975 74 132579
36080 50 162596
118674 10 135855
152604 7 229109
22602 5 200545
4630 72 147899
21440 37 149545
189430 66 227677
116299 74 189418
66942 80 199406
59744 5 128551
25366 48 140749
11416 38 168047
50099 22 206491
107641 99 150387
166355 71 248056
165754 30 244115
10409 44 192882
50451 38 230343
150808 89 224338
121097 14 164323
152171 86 197327
89063 47 171454
61357 92 160214
10829 57 128326
15288 41 142813
104643 25 242755
105134 32 193976
14674 47 177689
80946 68 231162
60098 37 146108
21295 11 49947
49004 89 142294
39653 38 172463
60237 1 135475
87932 26 227368
62171 67 151351
42619 52 169306
125521 48 218724
45322 77 77996
43265 28 225633
53773 71 205399
109052 75 195122
7194 6 121986
33557 99 84970
151002 26 213443
122439 89 127455
235901 9 247443
125614 72 177401
36330 91 180840
22832 17 40277
78568 58 103563
175245 11 188392
136250 57 162347
117185 66 135537
182711 80 191813
104346 89 131244
50790 38 198381
7653 71 58741
57774 30 109020
177648 71 248324
203809 11 211785
130689 85 238654
1365 100 217292
165527 5 249793
102451 92 194687
81752 47 168494
105548 87 199166
144899 34 165294
119345 22 227057
214665 81 240120
93692 51 97332
189301 14 211862
73358 16 121337
110204 25 170830
42204 20 140627
44882 58 69174
112451 40 191676
9748 87 66779
41387 95 235743
86389 66 147344
191281 44 214615
113806 7 199537
49059 68 149037
37373 76 76095
5006 74 27008
7218 70 215917
7075 13 67533
128252 81 224878
49596 23 98242
106221 68 136625
34298 9 128404
97758 71 140719
129844 20 196189
56662 53 93919
104109 78 228626
94997 100 154483
61190 31 87800
141583 67 217903
27406 61 219624
89156 54 104087
73249 97 144674
30042 42 188987
11829 67 82336
45955 4 166217
221701 16 242673
203703 89 229094
140129 78 224190
90113 89 154857
76387 28 79642
135074 19 168873
8048 29 122851
154033 95 212503
64695 17 127471
122241 55 167471
161294 59 223522
35737 80 51821
12418 36 45697
21042 49 126866
129125 94 150241
3665 3 223675
42405 97 218474
134206 20 165618
55087 98 202952
59916 90 238273
186151 34 224115
64886 17 102806
81283 23 209825
148258 80 150745
135568 49 158409
186188 28 214151
12281 86 201189
82554 66 240496
11874 63 103568
147531 59 160717
36478 36 225444
37532 67 233606
85965 40 231652
152067 97 242566
21147 75 202131
219709 52 244486
83733 86 152891
170264 68 173437
18333 52 186035
28732 100 153934
10033 6 167866
52849 29 221115
64765 32 167683
40500 14 158138
194745 28 219350
89713 5 168931
52912 76 249415
26109 77 192513
89585 61 112235
7415 40 159125
89579 85 168802
57603 69 61292
57631 56 65125
213050 16 217438
54773 68 243048
66897 31 212359
45988 77 103858
63677 4 227495
32547 99 91944
23227 67 205211
226775 59 229692
111594 45 219938
97942 25 182576
94174 3 236248
60881 6 131467
40986 35 164548
15442 79 30462
119393 17 167833
159714 57 175686
109887 58 199644
27696 23 135343
205 61 164129
129403 47 214695
218078 17 231736
117109 6 165019
179768 13 197980
101820 34 122103
94965 22 209083
183030 72 218806
3989 4 20811
118005 93 215701
89784 1 194056
2695 18 199636
43599 3 185790
175806 73 230445
40884 90 202129
47997 2 247343
204714 15 241498
201897 42 249429
23394 72 172013
809 82 240225
34490 5 200489
97914 52 197365
27455 4 135341
43703 14 209908
2723 94 20234
181183 39 226377
39319 53 221019
107245 85 183848
61261 66 242010
128971 71 170959
146058 96 203981
41494 90 130493
7563 64 45549
85101 85 249522
97677 70 121630
87572 72 245674
768 49 129333
141067 6 244371
165738 9 173521
185238 94 208726
20501 44 204346
54264 28 171526
42402 58 179732
93240 29 135410
110770 36 216527
25131 80 86886
45951 59 63681
61008 91 144615
4211 88 72103
132421 34 134603
73788 89 80391
9093 91 68489
90560 53 215667
129065 55 188278
32968 100 57009
30312 87 232873
69103 98 236773
51501 61 156600
26197 44 205234
178967 84 246336
118773 40 207334
30001 56 232267
211411 44 219387
68601 39 223598
6822 31 21851
199059 37 213215
39686 48 195242
108050 7 236685
160703 37 173314
70939 66 95185
29716 55 140132
69574 59 198712
125752 73 218391
69429 43 91235
92796 11 165836
37610 20 86897
44314 74 189867
60229 37 193393
84141 36 151443
37434 90 133695
52963 56 246078
92528 11 114271
120248 57 142754
18314 38 211146
73876 43 83036
18605 41 77396
133639 91 185441
31629 55 214623
23833 28 160229
83571 72 134283
34277 75 72684
86274 49 162638
54444 47 143605
137723 40 242204
56853 18 184641
96753 83 183158
195028 77 223566
8544 13 244837
118967 12 206088
9117 32 216465
3109 41 238343
21385 77 119016
169450 16 248774
144937 45 149017
73599 26 77859
56940 85 200270
133798 97 150109
48319 89 196670
143827 95 167093
43490 53 110302
68817 100 145776
24035 98 179530
30407 25 109277
71328 69 115891
115513 86 146143
140029 40 245472
4995 8 89612
147541 17 152475
41763 92 65512
29555 99 195905
54095 13 70723
12220 2 220503
77357 19 110094
7044 58 46839
113423 92 179025
12640 74 112197
67564 24 71356
26477 21 67229
38982 10 100508
174379 33 214379
28813 30 117749
130382 10 245839
121153 6 171114
103606 17 168572
102286 100 168003
125040 42 135244
18870 1 148949
56698 73 195307
14508 46 44168
94093 83 163749
47110 65 81810
158364 17 216948
61054 73 183184
212245 76 249572
57014 86 82213
129006 86 203972
57377 5 132482
29245 88 110469
110643 19 210603
23153 84 137369
175252 27 188989
33228 90 227387
18542 54 233871
130618 5 143767
138336 27 163405
27375 62 88695
169619 32 175586
31406 33 179137
66485 5 212980
58155 86 228428
90 53 120070
70966 21 190977
100790 25 203094
46177 68 149807
89356 13 217423
103591 24 201744
35003 87 202367
86919 55 119196
48107 16 150522
50888 39 111747
28959 98 155158
34074 69 228045
78026 100 147925
156879 47 213741
70965 29 144431
43745 26 150823
31820 57 220738
7016 48 57329
95190 32 99217
19538 18 164425
10265 60 106302
147030 10 184658
125529 32 147794
41892 6 166423
106477 39 184876
36813 82 159022
179741 79 229972
113126 95 172669
97374 82 102838
23818 57 214282
50468 58 193843
88093 3 203385
199395 97 236059
72194 68 163997
180022 74 248363
85709 12 169712
199831 44 225130
27382 26 193978
52451 83 189495
102370 71 166948
199765 89 236814
15039 82 104131
93862 51 211246
64273 3 99663
114241 35 181107
191390 31 208380
126810 34 179903
147287 43 180182
196289 24 197349
65794 92 177735
67688 51 213820
76470 24 171744
7222 47 176356
20393 61 103746
134265 25 152359
63709 25 155282
24844 45 30348
16843 78 137755
85073 45 236716
11768 25 43629
57064 55 242149
28392 97 131585
60016 78 181631
182034 3 246282
38633 33 93944
97071 64 172619
6233 72 203929
26205 21 231225
48291 2 54623
10897 21 94254
177500 13 201847
79010 92 120299
110509 74 183181
21059 96 187442
70649 6 122391
84079 80 192964
37204 42 184498
13812 43 127745
13508 94 44034
141930 39 170857
8758 48 187228
109383 65 111676
15853 11 123175
72458 84 208927
157589 13 194802
69353 14 231222
73462 26 168678
14371 80 159240
178065 13 227291
231485 66 244744
105568 63 176726
42502 20 136622
107560 58 170906
91076 98 132239
100836 97 156703
57172 84 128130
26502 25 69565
223221 74 237142
103608 33 150150
47013 62 149724
8840 78 111359
115862 27 179032
17956 21 207793
2733 14 58583
92932 82 159587
16258 84 62603
64544 35 247565
193877 59 206779
64972 51 215704
29486 61 118476
157724 33 214423
144352 17 151977
30161 86 106683
91210 61 219619
53287 18 92720
176779 84 247811
176939 37 190751
114468 90 224176
35558 21 246849
5101 20 244608
46395 97 175175
218642 71 241956
144352 82 177219
122457 75 229144
59353 32 205919
184999 2 201305
43564 100 110796
201732 63 238349
1453 19 53607
80482 98 201992
196518 84 197732
108074 69 215156
42193 37 79704
101564 18 164090
15328 43 182364
14654 8 45925
224265 15 242127
10103 84 216228
67004 82 204071
191738 28 248695
4805 43 143128
102599 6 120104
94543 13 232322
9168 96 150963
79871 58 141226
76706 28 101774
210667 34 211325
19315 73 109223
168 3 118310
49054 13 194629
192241 22 229253
202216 54 213310
26301 6 160900
11404 35 32306
213255 42 243514
14536 95 211843
67401 45 180755
112560 30 193602
120868 16 139238
145313 21 234865
128263 21 207284
35391 60 239899
18244 49 175150
67890 37 216997
204915 24 247271
57777 88 60251
67273 32 207385
80829 7 219379
62584 74 207227
59400 49 238780
111190 24 113311
85416 80 141574
67348 62 234742
62508 79 171870
90406 69 138881
59061 33 235434
41243 34 124868
2705 92 227805
3322 83 28200
40680 15 127365
191325 92 226409
47467 50 166318
181855 49 214908
37339 29 76252
183391 68 239062
137343 89 212635
62796 26 131035
20858 50 213386
111592 79 166827
8542 70 97491
7603 2 19990
30379 7 66972
106917 4 184351
51313 81 227502
56539 40 105238
139816 60 149988
2327 97 182801
19284 68 114750
56480 34 70884
31409 30 232878
1596 74 59935
110721 78 204597
131576 85 228832
223090 73 230651
74617 45 156636
127898 80 212890
39206 75 174984
138431 99 149024
19328 59 25595
155617 83 208661
112786 12 133103
35364 7 76987
39491 8 154834
215981 56 246690
41255 53 114515
6735 97 167347
29969 53 58435
86426 19 96003
17378 38 123421
105648 48 180871
187797 11 236701
170188 30 242974
6736 49 114547
97201 97 186775
7325 77 214853
28924 5 103741
71494 98 101048
12765 75 29025
140254 11 146639
126518 10 219432
87240 35 114693
89577 2 120386
19460 11 235292
85861 22 130974
39527 61 203270
10975 42 247031
61980 50 140885
6478 1 72862
75786 24 240991
119239 10 139003
73678 8 199383
216361 34 237006
154609 88 180350
82152 86 205321
8614 91 130179
35136 84 150464
127754 85 213332
69287 1 97290
74983 17 114437
59991 98 62576
46396 20 180698
144792 24 210628
162381 71 195952
193662 48 234528
160768 13 244888
118602 23 216795
49362 19 241860
46074 67 235482
81544 77 238716
47873 10 221525
15863 78 156340
46095 98 69422
105097 6 243964
61758 99 123236
38404 56 77406
62429 51 116528
18412 71 40530
87778 2 133802
50405 78 190931
110673 77 150723
36533 10 136245
140472 56 236732
29233 26 241581
56095 48 67483
65990 60 185277
171520 71 183558
113282 68 168921
39316 78 75186
56664 10 203011
57138 15 165001
59959 45 79442
17888 2 155363
156759 45 242296
44658 23 68552
24665 3 44858
110585 19 154719
25081 12 189337
23502 79 152489
135100 42 220534
17855 92 123476
222901 23 246981
38170 82 224490
125950 43 171994
191971 27 238413
150519 57 221250
43957 16 185448
48117 67 146110
180383 100 199595
1610 79 54695
92665 61 249636
177652 95 248933
60087 4 64804
20532 68 175721
73533 30 232504
67025 15 143498
97691 41 231975
21440 51 184135
14216 20 42757
48813 37 236296
12983 87 43807
210001 55 227798
112944 71 170526
27073 88 133781
224500 82 235200
101677 28 212592
165167 6 233186
61217 42 218620
145687 64 235083
37186 26 105116
26996 69 86883
4170 98 27299
65558 94 188362
93546 39 96762
44272 21 151500
89643 76 129209
132500 76 199490
122078 65 160026
162673 12 177814
94137 29 197195
41460 5 136656
55898 35 77600
61719 90 213693
46761 64 84625
7384 85 82179
125072 52 196260
38786 73 58189
105754 53 208905
11960 18 23436
72394 55 245231
21289 22 246165
55684 100 158141
207755 58 208520
41715 15 55472
1134 82 9418
143749 69 144838
89555 92 227180
57330 55 141997
72179 86 219039
130486 48 167467
23212 62 130241
14246 99 24754
79157 19 107114
168314 77 232978
126578 98 144557
60511 36 110841
36328 62 154877
26119 41 187799
81209 77 245586
88484 16 246432
16273 10 225105
148129 8 238992
2418 49 70984
189323 95 206392
196679 59 218384
29100 74 148045
21622 27 172434
221989 51 243913
75767 57 192737
114397 8 243104
90814 72 191217
6644 95 177049
129787 75 221077
115558 29 131421
45167 59 173675
134983 67 185705
32844 10 93460
103157 5 241894
150364 83 176539
115405 66 148710
83115 47 214056
2992 96 33083
4814 81 97228
7679 77 184787
80334 9 199473
186534 55 233905
146808 16 218119
90349 93 123381
30328 10 180533
52129 56 233516
109604 23 169790
96820 13 243034
87004 12 143057
156918 21 236100
147496 22 240770
106923 65 170909
92296 46 136800
128488 18 223068
108992 69 156307
88292 17 235168
73549 60 198568
91406 40 246272
115884 14 176477
125820 29 134584
38233 66 197007
44893 36 47905
19009 85 229699
101932 33 116845
41655 90 63280
146920 20 170963
29433 34 37163
31816 8 202257
22357 33 222679
30369 21 86467
130667 43 190006
158095 29 161941
52820 29 84370
99041 34 195418
12703 9 128995
50011 10 184318
108644 49 113910
151930 86 200958
17891 97 19260
136237 38 201580
204878 52 244713
36363 22 139695
87780 76 233390
44251 46 187330
81811 96 216421
41062 29 122419
186566 29 220016
56134 83 202023
14530 56 40603
43353 99 123165
139536 34 243982
60870 100 122986
2697 65 175686
55324 76 135986
49663 25 54171
115748 60 226508
52763 10 125580
39940 95 206496
112958 22 239296
87494 92 88765
176833 9 236602
160422 5 171370
47695 43 57241
157437 29 212888
107770 68 160248
105167 52 207376
53619 60 54873
144554 53 183977
83780 28 225672
112325 35 136044
93699 41 116134
84567 20 139617
68587 42 72751
33117 87 98684
178810 71 243312
165718 78 230249
90364 51 172713
58544 42 110836
133856 100 135366
160256 71 229942
13866 29 117827
112488 56 138763
115622 91 175352
55630 21 249480
123712 20 195518
141044 8 170214
96536 3 244683
83066 72 90444
48815 22 62411
60286 94 210402
82178 29 192924
120996 39 219574
13806 100 145152
69324 67 99973
217634 14 229134
108990 71 224475
57530 22 95134
105763 34 178568
20965 56 41329
95567 84 124936
53573 77 79936
5145 65 116335
126828 61 215285
173084 36 193912
107503 44 222192
66131 27 216054
15655 76 132504
122179 52 144996
64704 9 227708
124335 53 147428
51718 59 201895
83862 14 160285
7207 50 235343
59003 29 151112
88028 45 160218
121599 72 142855
11996 40 64127
98740 68 232631
847 63 199227
58293 89 84820
31239 82 205215
26275 46 107615
162164 68 228268
190932 12 218710
27536 8 174072
145982 57 168478
36699 63 50265
43229 24 197745
33967 55 97275
68623 70 171828
172677 100 249901
55072 21 192686
23287 60 179968
141249 48 184298
122964 37 130149
125276 5 220976
111891 63 224930
6470 77 124503
47981 46 128002
157536 82 207099
48550 98 86124
179909 88 207012
102544 51 120283
9486 76 84068
85324 9 89501
156327 46 227706
98227 69 169525
30445 64 131047
104448 27 185984
40426 77 231893
18746 28 240933
48283 99 129102
116341 51 207320
128079 27 216713
29915 7 77326
145110 84 193927
59310 9 187365
82089 13 159367
87578 41 105021
218101 80 228469
15922 82 226783
94724 100 230389
76745 62 234034
130474 92 142762
7447 28 182709
2457 43 221544
61467 62 159773
25025 28 83022
44292 58 97281
43159 86 113003
183717 91 229407
178833 7 191652
38142 58 175970
82476 20 118104
64994 92 196192
41616 60 219867
134385 10 189674
44549 12 119849
172636 53 182113
185176 55 243065
120210 60 209297
48905 13 179009
180318 6 209328
110924 94 224862
130405 23 151782
127220 18 131043
84375 36 235455
6470 68 61933
112129 5 116698
48115 2 200965
191063 35 197689
8231 43 166638
144400 12 227054
100008 11 186774
12471 39 130310
142691 17 241837
17589 91 147839
244 56 40852
88442 29 183582
24974 67 175370
59045 9 174271
12734 36 13754
79493 58 213108
29539 2 216496
49691 25 215861
113381 16 121880
66199 84 94107
156978 92 191432
161289 84 165271
36360 14 179658
123495 100 208546
112173 32 179102
177583 22 220667
24622 23 83524
152261 86 162584
1931 17 200169
6502 5 234776
95845 17 156580
19649 30 29346
3286 92 208467
87863 30 191712
33493 66 210034
137750 90 198044
137782 94 146941
80641 75 82512
117804 89 218984
11674 80 218976
77535 41 216294
39886 58 210137
35675 13 149646
1221 82 76605
116710 25 190050
41881 35 136509
72096 39 169865
47523 36 95071
56454 2 246000
49715 1 119062
47091 16 196232
64981 86 72467
40615 62 128156
104890 70 237882
184780 73 233515
218841 82 249715
163813 47 208157
247724 17 247856
78228 69 193582
24737 49 223172
53989 50 92935
23036 59 25199
75798 83 86302
177724 4 233311
158866 68 209335
122430 42 242878
86992 43 227941
173566 30 215983
17337 91 163786
122211 53 228017
28279 17 32473
76429 6 223247
56290 10 220936
110305 3 138937
161485 75 233915
129370 79 142545
167319 2 210902
46415 51 198828
67053 78 97002
90027 25 222113
10681 87 14521
24359 86 30856
130784 12 161703
90120 4 131242
45250 74 81095
49759 63 57950
124528 88 194277
9918 2 46091
46510 63 81457
14411 64 91867
37243 67 161785
59291 33 69275
73431 97 105316
204767 94 235415
100820 65 144734
67785 16 181339
47146 28 114132
138600 87 229643
2844 13 51872
152052 51 227845
115982 72 127171
55851 12 64412
107933 66 183588
146732 75 155114
176983 27 215692
130661 39 210235
147417 51 240212
105443 38 164882
129881 92 243528
93486 12 192601
150854 38 215577
17512 54 116430
4065 38 170140
7067 27 228680
30527 71 36087
64775 57 145096
200489 12 216184
186700 59 239308
28162 79 173249
55254 10 100011
76828 46 232608
39374 51 69770
50674 18 118101
238251 27 244882
50939 42 131279
19495 43 72163
205540 64 221251
97363 49 168752
51714 91 158994
50257 3 140279
12936 92 87621
156100 21 160747
73403 84 100796
90169 32 141288
35799 58 163535
52239 36 93819
16286 25 66707
106174 59 173516
24268 68 73753
13610 96 89936
32404 60 156285
42464 37 53510
48046 15 203469
122740 82 237253
189737 95 220638
84242 43 218865
100924 26 124758
74950 81 135784
81607 35 241232
32074 23 213537
128558 30 194370
98867 51 183177
170563 81 224368
126931 18 245965
49189 93 123992
208287 13 212237
145 86 189633
136652 43 221432
29487 77 140581
45819 74 243895
82892 57 216626
22595 83 113874
86188 79 138521
208816 68 212302
116634 70 230992
111837 80 171091
157992 63 177676
213226 81 216597
54459 13 182642
155366 27 178804
88779 86 126979
54335 55 196286
181145 19 232088
19274 65 157749
17016 93 63395
68399 94 152074
109893 88 194363
147621 88 155183
29821 21 57009
16084 56 208365
100686 85 121163
193574 95 247382
126356 59 175311
86114 16 177145
13061 7 57682
65920 24 207386
144223 25 173094
20428 18 154559
186412 18 194766
17857 85 89794
97334 95 240828
150382 71 176685
8753 40 185582
103775 97 115723
42987 9 55796
38602 57 141743
82253 59 135986
109549 34 155177
84778 63 187258
182745 52 235136
121622 100 193071
13222 33 185852
145671 95 158899
130373 76 143000
173845 58 201614
121603 99 183748
121453 10 129471
133849 51 238561
95952 26 204460
29178 29 44254
47115 68 120138
128487 6 133011
125357 99 194024
18895 68 162506
96042 1 108823
120760 46 165299
59051 53 167408
60402 33 211072
28726 69 131953
73253 89 142025
116202 62 186184
112052 77 131486
138601 52 215878
52366 65 96277
45051 33 120772
99128 41 141087
7313 7 153538
100074 73 144196
117398 7 219977
20788 37 67760
91087 48 242065
210531 26 248657
2110 44 23087
189898 30 231578
209969 87 245237
136789 41 142470
210423 40 220735
64883 40 227875
110738 60 131060
28981 19 92395
123770 67 185584
70322 52 217698
151401 15 223991
80949 21 130263
68380 3 119506
29197 43 197340
23433 84 184452
26488 53 225115
134658 10 163223
15315 68 109863
50079 16 249978
12721 37 62751
4846 57 63603
99403 92 146105
110442 48 238879
34746 48 155244
48494 3 206461
10476 1 165174
15409 60 98838
197731 52 238014
202887 60 237882
177015 28 228565
202893 19 235110
47435 57 126641
155047 4 188660
57657 99 167459
23044 39 106859
63877 36 124078
70173 40 168123
108083 72 229891
52796 4 181179
94112 44 113250
97735 30 148826
32061 70 225924
172955 48 181074
78581 31 132834
43200 70 68932
45032 56 232092
93198 65 160977
135309 21 240275
26438 68 109772
83937 26 183572
60442 82 173511
151772 54 163150
52531 49 174216
42540 56 111341
12006 33 206413
115466 27 198503
113734 97 228992
131814 27 165235
3628 82 70453
159339 50 219961
