5000
125605 50 230493
69758 83 153454
133215 87 195551
5007 87 27160
74911 38 223430
71128 45 86204
2699 28 187326
123393 12 174521
106515 90 219876
59204 57 169928
177004 96 242381
199646 73 237759
35390 65 111119
29113 25 57245
21640 47 73619
31868 51 234869
17996 92 59352
171719 76 195199
53563 72 176657
99801 25 220893
86723 6 150533
10385 80 53108
101765 94 175827
150084 58 221786
25104 36 82331
67585 62 233615
14431 11 37825
114265 84 127902
26881 9 68160
201008 51 208108
103480 96 196807
216068 54 217570
58855 43 125932
188534 41 236078
43107 56 207873
58495 5 215636
14052 44 148392
76695 9 155759
7463 29 189109
179145 44 245685
43652 34 170037
140673 7 185920
41437 10 138809
31653 8 125309
80714 57 187530
205919 68 222896
61067 42 179624
62896 70 211556
82403 68 160294
70746 40 220079
35858 27 50649
116025 96 160683
66177 43 171609
36790 85 38148
87644 23 113885
205598 23 237548
109496 72 223435
131822 33 215178
7031 77 222433
38787 67 104059
30238 40 207490
13451 84 243080
58964 63 243037
126162 35 210627
62317 33 68147
168065 27 177808
121474 7 241329
103967 100 129724
140522 30 207073
210296 77 232840
56052 12 169979
61254 43 83963
132046 60 232069
148386 65 173580
63566 76 110450
4836 42 16999
151841 4 195371
15400 45 200656
114253 73 197932
166630 8 235753
47435 63 183767
108300 36 237973
110429 56 203436
136259 82 210881
135375 83 144079
165850 50 203009
183650 3 244613
149677 87 197301
149212 26 159589
58099 70 172786
52811 62 249102
90700 53 211129
142797 96 195840
10501 49 125404
16524 43 84177
77018 66 247835
15969 99 214322
13969 58 49691
96258 36 232213
192517 15 245832
175706 62 226006
668 31 47042
184850 100 249233
140890 52 142861
16252 28 148369
54129 54 56659
27076 57 236311
27163 90 192805
78743 79 227856
165057 22 201213
117082 89 123594
20418 80 164301
31746 38 75523
156027 23 184523
63281 70 196907
107152 95 225171
103146 7 213125
73229 8 110414
84512 81 238976
188152 83 245375
17391 55 73956
33604 37 155544
165541 37 238890
20346 75 55261
8329 82 194839
89232 32 120447
20730 29 167578
93613 54 186648
2539 60 75839
83879 77 195473
183549 4 247714
47745 92 229679
111875 30 248634
147995 51 247732
120168 16 222477
49270 84 190547
59242 5 161438
136118 33 244704
135801 29 165011
101055 47 143386
6006 34 148899
142669 71 169601
41930 47 233119
35609 53 91504
197632 24 244053
210891 26 246683
42480 8 234453
50772 82 55107
105319 36 207214
111572 49 134170
15976 57 28051
181678 68 221166
47591 66 56211
79211 26 104816
61044 14 169411
14425 40 191709
156387 96 177386
36520 97 246896
95160 8 191095
4024 40 55271
46004 88 94769
116487 15 143363
54607 8 199370
170821 27 230652
79696 90 145435
94277 58 157286
98998 71 170067
151576 94 169619
108044 25 143629
180658 8 182285
65799 78 107473
29178 45 121470
128383 91 141599
3474 21 6023
79069 44 224842
58838 44 112052
168801 63 180343
12003 35 17580
94 7 40839
53217 26 189474
17535 6 105585
1958 74 183947
112536 1 218816
30387 70 34369
86832 83 110988
69086 17 171575
28239 75 74520
103792 67 159717
24047 65 37197
73571 92 150337
188978 91 227428
218147 13 218250
50975 64 214877
170871 100 183058
170561 13 227395
70621 14 76859
16616 44 146118
49655 3 136822
113108 11 187731
29705 96 247069
37081 96 140856
47284 9 196385
208331 37 242206
37954 74 223691
219954 65 234646
143385 8 241126
40025 67 44926
144957 31 200130
168856 44 185858
19479 39 125835
52922 64 108454
197634 81 247751
99046 15 110906
113816 29 169726
140379 18 224666
104080 93 238100
139521 55 245114
90164 56 243829
14116 71 75125
81245 71 192365
15955 23 68346
101523 32 227449
48408 41 169416
6322 27 61964
108101 28 148564
97951 95 226082
32195 15 130693
129115 34 139456
68576 59 89408
59732 21 82559
45760 57 139643
86708 5 91562
143511 34 195507
126149 61 213635
120527 71 168648
103090 27 167143
85395 65 170784
140121 22 218268
132259 17 165647
81066 60 160595
89182 89 167146
59370 73 212565
41477 55 151369
11267 84 58712
73501 97 120826
155104 3 208563
214908 16 232203
86626 68 224224
54464 4 116138
190573 31 241998
131329 92 223275
97545 73 185854
27186 37 214822
18283 70 228112
217909 46 218580
150655 65 161403
107902 4 130271
10255 9 15719
11127 60 125799
36584 55 160367
131857 30 182321
38214 92 206025
492 56 80412
121569 58 156570
162009 12 249916
71144 13 114203
2763 4 188631
57616 62 244381
104671 22 170069
87991 99 153257
4263 2 61693
205483 16 224269
119243 87 192813
117017 8 240418
148122 69 240061
125882 78 136896
35495 93 41289
115659 75 205609
28860 66 247396
39757 49 168778
85440 37 180336
109878 63 130250
160039 86 209754
143078 63 179318
148333 5 195028
98155 43 183200
34338 94 190179
116886 30 203563
76984 13 123799
122656 74 187167
65981 56 112188
194638 76 232874
3065 65 63050
39290 47 155182
627 95 119884
20395 48 54627
41766 6 78199
6899 36 227230
101535 72 124963
30783 48 50404
157427 3 246873
193902 27 206762
35699 51 63590
159944 40 164823
147013 95 150792
665 3 215404
59898 61 161327
97101 41 149442
62729 28 176782
92367 66 184981
174872 58 193614
3436 70 223001
52645 15 186864
62473 42 94242
87335 3 94482
74720 11 87813
137857 64 145131
16916 45 26052
139424 73 197870
125808 31 228961
50880 54 201143
3514 100 91229
17634 78 207845
202412 39 241889
52965 5 102557
110467 61 188377
137078 57 207587
17558 11 80688
55437 90 131286
38193 34 155978
1287 47 72957
165133 28 193195
114101 22 119764
26622 66 182087
42047 22 172817
135472 76 188575
98932 84 151449
36135 91 121904
202048 80 234750
80408 3 134670
187635 67 212493
119711 60 144137
31715 26 121563
9698 56 237546
94775 40 174412
15815 89 134590
82266 86 179965
175362 52 216153
130968 83 206714
20881 95 99260
121675 89 126614
46354 78 78876
129184 53 167940
116020 77 159142
67547 20 84102
1701 94 16545
168044 37 169138
83955 3 230289
83245 84 154618
101681 93 113542
160738 64 230935
106632 23 202450
111704 48 183793
83502 82 127783
226708 2 234301
146579 47 233485
62600 60 104517
92356 55 165685
97850 53 178708
5828 40 90884
24825 57 57634
13328 45 233507
176152 51 225467
60996 98 111884
19583 60 50356
198830 9 200351
112041 91 184909
35795 16 192270
53751 17 103892
141215 31 166343
73380 32 245692
38802 23 184317
62004 29 142392
91414 21 179319
36958 97 72002
134581 7 227507
220323 65 243576
155656 64 188977
35724 11 67768
89816 67 173910
110533 37 155230
121463 14 249617
30779 46 206768
130410 22 163514
40847 47 169311
23356 66 144872
21708 57 201995
1857 47 135210
148571 13 224708
97853 64 123933
102237 62 112281
31836 48 44455
206383 22 222618
108720 90 117800
105377 30 232609
64165 97 98670
65488 10 144882
38639 40 82178
226667 36 246644
103489 63 220192
133877 42 193928
82131 23 119196
31559 40 93490
196468 69 228588
93319 59 188087
68490 12 73712
19176 82 79906
123369 69 248326
75846 90 76398
9069 50 131457
66060 23 135833
94905 61 232172
23177 21 83217
79242 72 111676
157882 81 175567
121386 39 233406
15835 6 32884
125943 18 247032
76160 11 150721
88637 30 222616
109113 60 225002
43114 83 246651
151958 37 163716
135993 86 214966
14830 90 62863
116095 74 127634
121586 9 128876
132624 76 167088
1171 46 120087
45167 4 72497
104896 75 154719
224149 61 241624
203078 85 240989
57312 57 153342
190390 5 227534
85395 81 176748
8867 61 110897
149214 43 149380
119714 81 208121
30084 29 31316
73146 42 130056
60060 5 115189
108418 57 192594
51316 6 247382
55240 23 59013
77832 28 240533
17701 95 25695
107921 40 228500
183966 55 219322
166261 57 191317
117300 31 225241
4453 36 50220
116256 6 238274
48075 32 90495
181577 3 193851
81253 68 160980
71659 21 144709
114006 46 221656
4221 20 17164
15023 55 105444
157492 31 212168
1827 7 81847
91581 22 190214
50363 29 236244
172974 23 231816
137567 17 146929
79107 51 98071
116628 30 205576
109248 62 230373
166357 7 191005
116229 7 187346
132272 42 199446
28929 91 103721
105176 49 183284
68104 87 172399
5335 70 50973
870 52 25674
71449 50 224360
7496 54 202998
14749 62 78552
11618 59 184090
89770 70 149581
148960 89 187153
108136 27 239536
68498 41 132607
37827 60 99080
39068 68 239554
55768 5 194674
13164 75 215938
19265 59 200328
33033 2 130259
75594 33 121804
47551 62 191047
155179 94 228186
506 27 194421
47626 75 66282
26015 78 168188
46538 88 80075
61714 2 218699
153634 34 249150
86635 17 178543
117139 27 224606
49458 85 193811
57160 45 166963
184892 33 237115
8272 62 238329
6384 3 56136
51091 75 233451
77723 49 179576
12850 39 55936
752 97 248750
60134 10 79428
39306 90 208007
204314 8 231870
195046 93 220017
22635 17 115150
95463 92 173996
64522 53 81136
71587 53 168866
5113 8 57338
217764 84 224543
10485 27 93189
52848 84 57558
83170 42 112480
223995 59 234934
140159 53 151600
70541 89 181918
33648 29 159573
106790 46 221917
70917 9 150161
58562 47 242348
162588 12 229962
53396 19 160464
116303 96 126311
43491 72 57398
79099 85 185354
198237 81 209484
33475 9 49751
178636 27 213458
226272 30 249737
184201 76 209230
224393 94 235306
55924 71 107797
78137 3 234574
106099 79 249742
116458 24 176622
171146 91 213693
169697 72 212091
172317 7 172931
122389 79 234704
51152 82 73965
25087 38 249489
46564 49 150056
82282 85 169148
150774 51 156866
108837 30 232791
159846 59 182985
34825 94 245894
21271 81 62305
44254 47 174785
19766 57 240300
5571 86 194945
72787 33 150732
213151 16 217720
163762 96 206508
121113 71 124339
9978 76 144957
150832 100 191817
39755 55 224361
190852 60 249790
109291 48 143585
35053 74 118143
136675 9 211389
139105 84 207695
203300 46 225047
17768 29 143665
114946 53 123257
63406 78 123645
40532 27 136639
17160 58 176456
112858 41 144899
67217 29 137805
77471 10 101257
81151 60 209990
2729 21 46993
37519 86 104000
169168 11 172876
168096 84 185126
6694 79 24186
1467 54 248465
92889 88 115374
53891 50 178486
88477 85 127513
135909 21 158884
15650 36 196125
85078 16 191541
160298 78 233802
22513 35 90605
115747 33 153408
61232 79 142936
60014 18 198346
134152 86 156164
139619 13 178581
160581 90 206499
50712 31 108955
110446 66 181383
331 95 23255
11840 70 172197
53411 5 123607
88506 51 112792
57550 48 111927
54923 85 243685
1234 98 104273
28472 6 228612
31450 15 195272
152766 9 220299
153278 49 173309
64788 59 137560
74402 93 199708
158969 78 182014
55633 13 146541
80277 94 210017
172007 69 181075
82189 93 213740
81402 87 200209
134763 72 198443
27167 20 97003
27195 61 202253
6506 91 172273
6673 62 121701
220377 53 248304
97719 57 155854
86495 91 217671
28055 41 84605
90542 77 206298
55005 52 118747
45898 2 174409
3325 66 177197
67262 59 100817
47523 9 153665
89285 2 147778
55302 93 233568
35568 59 38727
126675 24 234479
145803 72 160587
134682 3 159504
150020 36 187161
141039 31 203210
141811 67 176653
101027 10 176725
107391 26 210972
134991 35 237230
94850 36 145465
195788 38 246324
9714 4 102442
111886 14 152731
161200 12 198011
56313 92 154589
74516 33 209389
208078 53 225139
18845 61 151443
15706 90 45413
93595 26 181307
97342 80 182920
105109 39 244863
195100 46 201158
18631 92 173859
80716 51 155159
213162 68 249237
154351 76 158224
98104 18 165230
51219 60 160114
110778 41 120917
236909 4 244672
208348 24 246156
44302 34 181192
37506 45 81755
121559 17 201828
30954 97 123791
23292 84 206637
111365 74 138008
138978 4 215126
65246 13 184710
67653 65 91776
74545 64 155270
85487 87 106939
21005 52 111681
49305 19 62247
118736 83 228291
38948 85 89985
75906 25 172360
79553 50 139451
71362 65 151521
155393 93 238445
194067 60 209827
57688 99 138657
172715 11 238444
105805 29 163077
15729 47 86313
2312 49 134843
10049 88 140634
83771 12 229934
35179 96 56254
29955 46 165176
81518 53 152954
112652 24 217591
40258 31 232993
275 31 211523
96847 88 153104
170098 91 173749
44928 46 62702
32336 93 70025
9568 81 107899
72116 85 103728
82002 49 232716
134575 33 223138
98042 65 160274
166642 18 209338
6979 11 77890
27077 92 211033
150764 65 206621
157220 11 177034
207920 14 235287
168408 81 232508
84673 52 143085
8307 45 80092
121905 26 128867
58310 44 140483
203468 74 230338
37274 92 162722
43598 61 155389
130133 65 206647
68189 40 142111
26868 84 161979
14511 44 125848
99507 91 117729
117772 10 245781
220410 92 243935
378 22 139213
78526 20 118044
117923 78 157311
66404 49 130613
53892 17 124562
54593 32 150575
15598 100 179762
56198 45 124863
68349 19 78420
10244 12 155924
157703 4 164949
155314 96 163128
92617 27 237993
74892 18 94525
8189 71 166098
91083 78 158151
8700 24 199119
87509 4 204748
16209 21 43303
127347 85 139434
169799 50 241879
19373 87 206838
145691 81 225532
7263 76 56682
70543 96 100093
46977 58 60650
72727 28 181992
36048 28 95355
24202 7 31652
25477 11 44455
19327 60 234638
8515 45 169080
7919 92 50149
64620 83 67960
117016 34 204031
143811 38 180481
110515 83 172862
4124 63 53319
87689 97 215362
35663 42 78776
94165 17 127465
84842 52 120673
79698 43 164830
34856 7 124387
2260 49 197372
177218 35 213012
32370 40 60572
185116 34 217272
44845 77 151285
177135 21 195420
39811 32 66186
39573 60 133853
134202 42 226101
163463 71 201399
54179 56 207383
76137 88 172964
194174 29 235640
46731 63 232422
71670 67 249643
92362 59 192402
5755 89 6653
180188 62 205883
172253 64 202833
21377 28 50909
185142 30 216991
37006 42 47254
54868 22 76004
61280 25 120822
184495 20 230993
46275 19 70501
56969 33 229498
122995 54 154934
52522 90 183412
94414 29 240771
64768 5 227639
175923 94 200070
201538 14 223044
11366 13 53006
147111 31 178296
13880 39 103156
91014 39 213805
243172 67 243381
28303 18 161025
25482 15 230803
95453 40 142610
82203 82 129514
151362 18 166698
69567 8 124262
92391 66 218642
208464 70 237030
65630 75 122849
46527 22 194600
96946 88 138103
188351 88 237790
81358 99 134619
128477 30 166631
116324 6 241395
21413 64 54585
107575 74 227472
122763 27 214187
45752 85 233088
106401 19 181881
33137 46 190549
17401 33 246783
147317 96 222688
102865 92 168024
86420 94 95288
92162 60 217978
65864 96 246593
129883 4 164003
100567 14 249904
119108 65 236293
195001 19 243723
110036 98 196278
44220 100 177305
95506 36 207924
45874 95 217443
34205 66 113382
122282 19 131103
66555 56 180191
84869 11 147067
26149 97 144678
62149 6 249047
33076 54 119948
130286 43 207283
147061 79 199419
37217 20 147576
48473 90 102827
137136 4 184569
53343 76 233729
65796 48 130750
141291 64 188522
33863 36 66693
176331 69 238927
50492 70 139993
28593 92 31391
54205 87 155493
82831 32 219858
164350 13 232069
64610 65 113218
23239 57 248820
192850 98 246600
78124 76 190616
53497 21 151138
38157 62 246662
1793 84 108298
18824 63 149716
70154 32 245103
48887 36 244576
213770 53 222005
120351 48 249266
193063 12 195105
125020 41 229830
124354 34 190842
30423 2 92912
43090 74 79824
35522 88 138143
39478 14 72715
52126 100 141666
46691 88 246260
112498 72 161290
10182 10 180530
19352 8 19576
158849 83 164758
237501 5 242174
63616 37 215956
28726 77 194929
116394 24 126477
51143 78 159222
37362 21 196710
75713 97 192870
85842 86 184616
11954 100 173718
58246 52 122950
151523 99 159641
119556 75 125480
12744 11 87714
149433 58 180573
125067 36 163626
91652 28 120041
90125 1 189368
49677 49 176955
7272 34 70709
79472 24 161874
148873 13 183911
14562 31 63334
142898 75 193020
111329 9 160116
44340 12 234200
101079 65 157915
11295 95 69123
36137 35 142569
15476 22 38570
72962 5 225258
28157 24 232310
201330 84 211064
99392 41 236523
36202 9 59835
33566 96 74067
149414 21 210961
105200 32 122460
149552 61 171373
25312 12 31782
215598 35 219767
1555 8 152836
55853 10 132908
189910 33 216239
140814 65 170105
68160 46 82207
146838 81 164120
104051 3 138162
179141 72 207135
74621 59 171287
41283 57 204672
45503 4 92489
27655 55 51952
146048 97 216138
104538 72 143049
19836 35 205461
3078 97 71003
51417 62 163255
110625 54 216973
63515 34 204390
138013 41 206785
17401 70 241464
8774 85 90784
47799 55 100793
142066 87 247746
121106 97 172000
30604 69 189805
246139 67 249620
133893 31 140766
183840 6 248598
31399 51 60166
123285 34 127925
151697 76 248182
187855 11 188284
122936 15 179528
133343 59 201502
231538 50 233217
154141 97 171390
56326 88 225549
71795 72 148234
162965 30 168264
78802 51 242807
20492 5 132110
23242 79 84476
97140 49 189528
93150 60 185631
140019 45 236175
49724 51 109772
51710 85 245542
68006 53 181536
13219 71 94283
71552 57 168247
68478 55 182433
87617 10 192542
7531 94 53224
90339 12 246011
35242 22 145511
29781 48 184267
13341 64 226970
109552 70 120773
105310 2 175096
78941 22 165679
33676 39 206053
50479 52 141627
198179 50 220136
198027 98 236505
31361 53 53698
9630 31 171907
7973 57 122090
122275 75 141363
204410 45 215486
137743 84 188808
103302 88 140551
19944 76 121618
35886 16 181090
175594 43 245098
31690 78 54128
58849 48 111789
6036 73 59988
87247 97 220423
47394 34 156847
37065 40 42823
165553 24 210654
72705 31 137705
139697 55 191488
1820 39 203612
5024 43 52584
29328 31 214719
902 15 230942
47177 69 165940
48865 85 155759
119020 38 176667
174638 81 219160
104892 55 189138
18195 70 38360
120737 24 153743
18839 23 87221
121415 76 168575
76875 38 163802
124551 55 197391
12361 37 94860
59261 68 217863
138198 19 222115
144842 18 189828
49998 78 151487
70598 97 111468
192024 18 232736
26026 56 27192
18483 21 189150
94204 98 150511
164541 28 166245
138158 25 164691
51329 53 159486
136077 95 144908
121299 35 197947
142320 88 228220
65044 99 105337
77599 86 178845
191250 61 236203
56688 64 117746
170975 13 234781
83334 11 125084
202197 99 239045
147485 69 161193
68360 30 241146
49719 24 198646
3874 34 30942
161781 42 234831
30733 47 148025
136709 93 248476
87913 12 201619
152665 34 159705
34593 45 140077
39061 17 214725
13812 34 124903
231236 24 247241
7777 24 239158
41156 82 136428
168108 19 201806
84575 28 103059
161625 38 211505
48246 82 91225
14039 70 72134
71980 82 115713
15985 7 127746
58765 47 81689
235876 41 243786
45891 54 231157
4753 17 64257
44319 70 70494
89217 3 118592
194996 14 199170
25038 27 223204
70214 31 243457
10398 7 25680
67000 97 136447
76871 83 182794
92655 60 129761
198724 45 234752
17882 30 225764
6700 31 70140
76986 85 241770
22620 25 223935
27166 63 220659
6916 89 48039
5992 59 137401
70024 15 76327
111165 90 149979
119242 38 222161
70783 6 182301
165688 68 188461
27468 50 53222
49284 8 124277
87505 49 231432
25405 28 45535
158189 47 225238
71377 78 194347
121476 65 179864
85764 69 98584
38332 6 200201
90783 3 99750
158797 98 192395
58708 9 87549
197998 28 207163
146949 95 171680
166085 7 167269
68443 28 211699
57596 52 216200
40458 2 74272
26352 55 69500
44004 71 207608
58289 21 213047
156691 23 216930
17477 16 79493
118003 50 171355
144016 17 161859
118538 73 193922
148974 98 221552
7333 81 151834
164859 8 223002
26201 77 74540
114908 89 161143
68780 23 170626
111622 4 207626
58649 81 236576
123714 30 238407
74700 37 108473
14047 19 62213
65274 84 124297
41217 16 170378
134364 3 214980
96589 69 121058
129034 27 144267
111023 31 207321
142799 91 231786
46854 76 163050
166341 96 249590
199467 12 209560
133313 30 145298
159130 13 196452
186375 61 234907
78941 68 230185
21326 18 207898
64897 16 233534
51890 4 170894
65564 25 70546
2306 89 73921
37950 64 203107
98088 51 209273
70590 16 172738
2061 28 7097
80691 72 235640
77836 64 138225
33838 50 233925
25605 96 154364
123436 89 205868
90351 72 222126
96270 82 127687
123175 60 184274
76338 20 112232
102428 84 118406
34127 48 249223
13422 69 84288
49397 99 101673
66607 58 135389
72 16 125721
28232 85 228710
7347 13 48955
127522 76 227888
149323 67 168783
19566 47 138591
30298 95 190688
104228 83 198087
34959 54 50131
97232 42 196831
62357 4 197541
98792 82 160421
130465 79 139842
40544 46 52099
169697 68 205595
70457 28 165246
83059 78 171082
111125 17 204632
147217 38 246895
151448 26 181041
40314 38 42768
23416 64 234505
6402 91 237977
134549 30 174100
28895 96 195428
115515 96 235197
3358 26 18833
184587 78 200958
91694 39 231107
96824 10 214674
227738 55 240571
87698 41 94755
110895 1 245755
12089 71 246812
157142 26 218037
168178 76 239009
6156 32 244886
150846 67 221594
121022 29 188034
15407 74 172148
183091 29 227066
75941 47 103019
53529 8 234253
120625 51 193956
223835 25 224854
42513 87 141043
185010 8 214116
2985 57 67545
117524 91 217171
41752 21 80514
49919 73 96718
53786 23 72149
1876 23 126463
90015 74 138325
70775 86 153218
23448 8 208416
124761 43 149103
71422 67 197685
5876 87 50470
20749 56 157384
112672 79 206914
25667 85 164514
114585 96 212309
167432 54 186227
73615 45 216811
94365 67 190993
104390 47 213832
98843 30 118007
127400 30 209755
2330 32 134188
112967 9 172609
133735 95 213036
53017 44 201674
14802 24 31477
65443 61 67440
42540 66 226187
48304 58 183833
92327 39 216713
73597 22 88547
32029 94 127934
41086 67 90793
97368 10 124139
10270 89 45481
61276 25 84822
27507 76 167110
159842 86 172102
60456 3 198187
78288 46 218532
54404 30 107853
29395 18 78463
80813 78 142904
24533 31 56390
173659 41 174806
46904 40 201281
91854 15 243383
19445 92 175103
118522 84 161436
115987 5 118782
34781 13 82083
20146 45 191144
28657 52 203637
97985 70 241487
145274 10 184838
59162 18 235831
95726 40 184506
16466 83 84899
67533 68 197037
234963 57 247144
23009 18 110684
82634 54 137082
155869 100 188217
704 60 181969
128694 55 216288
142824 77 245311
25652 46 153707
61898 32 110433
42263 42 94808
2651 7 8052
8468 67 182613
15675 2 55343
163373 35 237349
116305 45 207964
107071 40 139733
3924 20 54298
43297 36 156033
18533 48 98701
39403 50 246674
6854 11 249145
58762 98 62569
69822 79 167188
29098 57 139049
104981 64 200564
4471 69 119151
27931 49 162766
100581 31 115214
58782 90 119157
32605 87 132610
65914 90 202497
103844 62 202572
142880 31 226985
4905 62 128799
93662 28 149384
33689 22 171421
172567 3 183014
25934 42 102435
2094 39 63060
26757 74 56291
197261 75 199427
14913 12 249929
203769 15 228590
49403 33 52663
30413 62 134902
128404 81 164197
74003 98 82069
7844 27 65814
34246 59 182085
19545 1 235919
69830 9 134044
27904 90 132396
203575 12 226276
77313 44 150554
143649 70 155503
11904 62 49257
186914 60 208107
21313 65 127799
15000 52 25364
158973 97 244735
231260 73 243471
34382 30 147387
172245 61 186460
80500 84 240684
182437 65 190778
38424 43 141395
51452 42 203982
32212 17 186669
104156 51 129570
77380 46 179858
69532 50 85378
10913 3 38511
38510 23 111529
78070 56 151131
99376 63 177129
8803 33 184705
41044 21 222868
94909 2 203583
91038 50 104151
193326 52 249865
43424 61 218219
18929 67 225377
163857 23 200808
129544 50 180289
66587 92 131004
61040 14 170468
93238 41 133284
46630 96 163771
18329 58 71133
33273 96 190982
177090 93 189386
27763 10 97049
209327 3 237682
140395 78 180362
54990 64 74203
53183 95 114497
142857 16 206602
111318 6 154404
206956 50 235841
84170 19 225295
94458 99 235286
161544 68 175272
80832 26 209270
163471 83 229295
138270 83 184509
56479 13 107664
14603 34 233413
72902 17 199725
84915 12 102102
74693 3 189391
19985 88 40771
19982 84 170025
59532 12 237283
76114 10 93009
18212 4 116643
100778 6 235245
23931 8 159503
18238 11 27768
98393 31 153131
174575 46 239960
123664 19 218205
222067 4 247972
12247 27 36796
13295 14 78593
79080 52 221873
8806 30 168736
13805 97 228483
61479 22 160735
31224 23 70517
26072 81 132152
171544 97 218395
67600 82 160388
14159 46 180565
31671 89 179979
166506 95 207614
109874 19 135075
6823 72 91985
68589 95 228403
30250 52 239856
62656 70 128765
81276 82 183372
21407 31 78207
18051 67 99374
134188 39 155083
45763 81 179228
128299 1 186529
171774 56 206981
90906 25 123948
31323 56 102212
105748 64 161515
222792 26 246825
54918 77 145171
187333 98 212413
86878 98 237527
77944 12 204724
209772 87 219660
134896 44 222976
16427 92 117251
21072 25 38558
8561 75 49137
88261 8 106915
15648 69 199984
99012 11 190507
8418 54 187956
168601 79 243642
81444 73 98477
20961 100 44270
47320 76 62814
37789 53 57439
62397 55 94276
16090 33 157054
203161 52 235066
25648 46 37597
2061 15 130426
56994 54 101363
5076 22 172343
17697 6 26616
448 94 117125
144 31 108101
1701 71 132629
13344 42 50781
3924 20 194365
1020 58 18463
101819 83 187665
61998 76 112947
132545 39 148783
72351 66 144027
64102 14 147222
59660 40 216118
98354 47 191469
141260 93 200388
27001 43 93005
104926 40 194352
92236 25 211030
150298 1 240352
23102 6 222315
154607 89 213397
55848 38 212715
51030 48 165202
131514 46 196697
7513 92 116023
80826 70 128664
129633 56 198534
207700 3 217172
8664 73 220675
47805 56 231447
16253 23 110475
35339 43 95293
30852 80 126501
57365 11 124244
46084 56 203184
57943 2 78728
46326 81 183633
155205 85 226645
109392 28 154214
104386 1 219771
10315 11 84273
69336 3 195784
92062 74 121260
85360 2 152177
157822 45 246528
69617 68 79281
38780 70 97321
81977 89 103793
130973 79 223859
134978 34 173640
84598 98 235841
33896 45 103139
65987 37 176295
48269 35 95578
137850 87 171734
34305 41 146405
145391 4 183120
70477 57 121613
182146 56 183929
49528 74 83525
66953 85 147586
45293 43 209363
90028 87 167096
195568 99 209358
23928 100 103232
24009 13 54712
48399 48 76809
75047 60 183038
193695 41 217928
101139 74 181116
142269 47 207190
74307 68 134135
15082 37 174044
47184 68 185169
101572 61 112886
7657 50 37209
168766 82 212617
44248 67 80865
142547 14 196197
173922 94 213578
117974 94 134164
42681 76 196257
103023 75 203240
194715 82 218117
107605 56 248337
129392 68 233018
23699 87 121585
56015 45 106058
44063 9 74497
76456 73 185467
83542 22 113310
23728 41 249743
1636 63 94448
134145 45 195102
20767 14 94419
142290 68 173182
65354 32 153309
70268 16 149286
16279 72 36163
29742 24 159784
49773 51 135266
29522 68 219864
83433 1 141863
110004 5 114495
54118 51 104971
57737 78 228782
71107 75 107866
101592 68 173325
119921 3 243339
16222 68 237801
63899 35 135076
150232 79 195409
132976 61 144484
2474 81 56967
53042 16 154992
196834 43 238404
212539 45 241825
50057 33 180855
73251 14 233551
18252 52 63239
152193 46 173058
203145 12 215592
37660 74 68355
99726 7 176288
158777 92 245104
58106 63 248090
20760 69 185653
120062 77 232697
62048 29 106397
43360 58 73058
134052 31 246855
113050 65 116181
76440 100 202530
156900 24 213719
14825 72 233450
78282 83 105365
49412 62 238964
16925 41 229955
117131 3 120816
10254 90 213624
36516 43 195563
56519 87 84926
12001 40 144092
79706 6 201668
16351 40 236909
10519 6 243748
48591 10 232762
84183 10 162308
99584 2 239209
13825 25 24568
133666 69 209191
47930 91 74734
158714 80 219500
176914 91 183846
61216 2 199773
102182 99 114167
171504 6 184403
115308 59 166805
133936 32 249933
6447 16 116424
61340 34 116345
132072 20 150512
1486 11 187515
164436 29 240822
167935 63 207850
105759 71 135677
16333 17 155060
314 19 37230
4469 76 46076
77555 54 193282
147666 80 152754
21706 76 38910
78911 85 202898
73548 64 165793
73455 100 134449
19798 37 127366
113043 24 199639
79222 68 104418
105890 77 127251
53831 61 188626
48231 88 207599
16011 84 197363
62261 87 115380
259 24 201719
185717 67 203600
5876 90 115486
2539 99 188509
29658 40 193618
175965 51 183955
156296 39 225977
16216 82 18168
163736 87 185180
101370 31 196397
104908 17 152818
170126 70 213598
15458 27 92281
8907 35 175586
70979 69 82471
12384 67 15272
121330 18 214842
46656 93 164271
59835 83 211711
77721 68 223470
127258 61 130870
70866 40 228123
9611 96 189544
65462 3 105951
159306 48 175490
31895 85 231825
107894 87 158533
76713 10 162827
33177 54 106844
45232 47 180701
33196 29 93527
206448 61 237128
30591 52 243548
111793 97 190535
6297 66 121564
35701 38 248399
118230 49 150917
104486 18 170998
137672 2 242919
79970 97 215547
131461 93 144447
92721 66 108053
71436 27 113615
39354 15 228758
25506 18 236671
73511 40 145154
196790 40 232023
103134 5 191553
194445 86 246056
182292 77 207254
127708 67 158295
111166 37 139056
52071 96 68043
100410 85 178157
62362 49 208690
80822 24 172305
49619 14 101137
80353 68 228189
7511 43 7618
80720 29 227665
8945 87 116788
41561 60 77501
26346 69 158992
199972 38 249131
145191 11 248324
53691 14 69376
75344 80 95055
69436 1 231982
121480 73 137503
125971 27 130908
155803 53 240226
53048 42 200883
135588 100 157579
1052 40 157007
31252 48 228678
203176 39 244666
20770 35 60098
103059 60 132271
61964 44 194057
110802 22 226121
69597 84 140401
5306 26 180144
184855 66 237690
88033 30 181672
171496 71 196041
116734 43 242833
4717 81 163820
50313 34 55781
114168 29 179734
25322 5 88629
2637 77 128731
190106 4 211810
18925 37 122476
115596 14 231437
64417 59 168589
199232 26 211116
42675 90 233068
21106 87 48498
893 92 61234
41521 46 222840
114903 15 226450
98141 33 115252
108262 70 212539
91924 14 140800
51818 90 129660
77553 59 139974
143754 15 208929
161250 67 215173
179802 100 183906
31466 39 71389
218094 55 243955
91924 80 151938
318 42 68608
55588 79 149303
151698 3 230940
73115 60 144722
121108 3 126222
28089 70 115197
91970 3 119537
88360 19 117271
138981 18 148047
205168 69 244373
58795 74 203857
73774 80 116557
119224 39 195585
10133 43 33123
148458 40 167650
17451 66 74215
71642 1 164576
179064 56 222027
67292 15 122567
13574 16 91413
57617 74 66441
155718 22 158500
109561 16 126826
107297 71 131499
31062 31 53106
162074 31 196641
44633 40 169123
131735 96 242091
11632 45 151786
12586 58 214279
198419 45 229521
199301 7 242546
176472 53 238101
72169 48 241792
176288 7 229033
66051 95 222048
30819 83 188766
92312 5 168724
58145 79 240699
42986 40 43361
99216 79 169058
163184 92 240116
106061 70 168494
12423 86 136800
184292 9 197061
196867 33 217401
49123 58 96162
40238 73 193383
74690 7 242501
189101 77 194135
338 78 213394
108983 30 141145
129356 13 204099
4460 23 39866
128348 65 192870
119620 54 130022
57146 80 124133
181683 52 200889
57130 100 115120
87665 90 180212
31109 53 152441
9106 75 133089
177614 37 193583
41807 89 159352
56660 64 213967
95773 68 155161
192939 10 245421
55336 100 133544
38181 28 238488
10580 23 182786
7851 93 176447
161164 100 199436
96198 90 192867
32444 62 151742
193957 89 226517
64936 6 89469
31279 67 125715
40794 85 65607
114467 80 144195
578 17 4007
162732 5 168209
70206 65 87454
45288 35 206177
19869 24 214801
36950 31 178407
127854 27 183369
14518 78 128693
213843 2 236077
89760 19 182514
54289 15 226626
47456 43 152622
27763 3 89169
6614 25 88253
130229 15 248066
104124 85 135840
144057 98 178881
223000 82 241848
243994 47 249402
44309 12 151997
139017 55 159551
3631 4 227309
194304 67 236503
108399 29 121377
123336 85 154462
69147 25 109676
41821 78 103523
85453 30 217268
92397 32 167623
48787 61 149316
191835 11 200808
108129 61 235463
108203 85 194570
57063 59 167956
177912 32 190306
181123 47 245261
62171 52 156649
45848 89 207263
23310 42 138051
52023 10 234680
38958 29 136860
96829 3 196375
188208 76 197278
22224 1 249537
3244 12 33103
32766 29 183126
30058 61 232340
67554 19 216928
39933 92 142705
132400 34 142671
73169 20 124780
49879 9 177394
164772 62 241838
117536 9 244708
176964 31 215206
154490 59 240889
18475 52 136251
64577 60 86276
113516 45 186293
62652 50 225504
107242 42 114315
127577 16 183657
53828 23 241392
78072 92 221417
20491 34 242182
47723 31 47896
8698 48 102372
1176 76 222307
102206 88 167928
185098 23 216720
34504 23 73960
37013 85 241890
96472 94 237965
18534 17 53500
7051 49 246284
67255 51 74645
92038 46 162931
88665 23 196314
9621 37 107083
147107 80 199412
148032 96 178466
195107 52 233867
92483 86 178427
159840 17 174192
43823 96 70942
83858 44 165141
119642 14 129570
149469 2 226719
177339 57 248397
12698 22 150302
57913 70 118893
21112 14 124909
40393 11 95164
16290 5 49526
39225 15 43553
98422 51 249946
209210 97 213471
159249 10 187762
220033 69 233392
1293 77 33513
37790 42 174852
193245 92 211113
108557 84 195555
6897 15 227946
171163 65 197012
14224 43 73703
82897 21 217189
25229 17 147762
167038 36 188868
141420 35 144640
170091 69 174745
34054 47 60067
32508 79 117530
27604 48 153387
24962 74 209009
87 72 163270
83087 16 92369
22917 27 236204
106366 29 196917
29722 61 72947
55514 70 163715
12185 72 117831
31882 91 81838
215241 93 229983
7437 65 148596
31828 83 216771
126032 90 170843
111382 50 118183
58192 51 89399
34286 28 149302
74684 93 93225
161617 97 234979
79925 46 163899
59417 52 105130
18113 72 144000
113926 14 131312
143619 31 168000
111772 1 188017
93945 81 236156
140245 11 221081
7952 100 100054
37685 88 112838
28388 69 181638
93979 76 114585
122060 71 201027
14520 45 95386
98358 38 141478
126483 96 246959
84343 58 232752
114428 58 223691
163163 86 213989
55265 37 58080
8489 17 128661
5342 59 82194
85363 77 246952
45739 87 176743
124793 81 233634
121929 37 195015
96417 52 169838
31659 21 58249
34376 40 233069
17020 46 244251
158228 15 191501
2018 29 217235
22423 80 223736
194022 34 196267
186432 31 210289
119981 2 174178
169353 36 220527
35696 85 85056
36325 41 120143
141624 15 183867
31102 41 92532
15685 29 225089
203620 61 227324
1016 58 35259
180992 8 216130
17869 73 65128
179041 40 186415
186025 74 197889
61897 75 69883
73801 14 234698
150619 93 209513
156717 46 248241
140119 58 214695
127665 19 139575
22797 22 95639
32896 44 158320
59829 47 162176
23692 11 113692
139581 1 245779
34664 58 230239
30270 36 42197
47386 79 50662
134851 56 218326
72084 69 181655
20317 44 95838
37414 81 211980
119886 34 144653
155964 41 223790
16023 10 167357
122073 62 199372
60830 26 83726
62941 65 136762
146659 54 238296
13533 96 123461
119090 8 161418
36619 79 228793
33454 26 211471
20381 54 124800
30283 68 232011
40890 82 167556
145529 48 241764
92438 99 118608
105620 43 223214
7385 30 124759
4885 62 40088
13539 43 149356
16851 20 145603
116754 8 163288
201143 87 207650
212034 48 222125
50617 53 184408
71976 58 105517
11319 21 99932
36716 54 166344
90577 10 173618
25824 24 212819
53706 60 199911
87990 20 89389
113895 68 190082
162958 91 187518
57904 43 221492
92660 83 190729
17778 32 105121
178112 92 180646
140634 56 187055
110746 95 111250
158286 40 216157
135925 57 179035
29658 84 91815
1940 89 245996
134900 33 169924
64129 30 142658
3304 32 176959
214456 31 238824
32052 55 41278
160682 26 171389
10425 6 132027
40050 85 136115
8914 7 154084
128624 50 140248
70228 98 138798
34735 86 163626
143963 63 207862
120847 31 223190
213065 34 240570
108602 45 172943
42813 5 179458
176113 82 200266
137322 74 232799
15396 46 182279
98657 27 101619
179689 93 182277
105229 46 132784
109487 23 139989
8298 4 140169
5372 10 9448
13621 46 217718
109101 15 214911
54473 77 143520
90556 47 199174
41600 91 150449
45092 9 229915
67714 54 111840
52351 37 171929
167512 1 225024
47939 29 237291
61885 97 136269
54785 3 195762
32746 13 246307
150027 55 193108
146719 81 221744
15193 67 227020
25093 31 184355
5038 27 212300
28987 43 90331
111253 89 166052
191957 72 242269
13989 18 164998
17902 37 222051
118024 1 166805
168370 53 240280
49350 30 194213
22499 45 86716
140828 79 196260
152216 70 223003
27789 43 245048
77816 55 88028
136599 61 224903
33803 20 94747
11806 84 121890
140533 16 173574
83878 73 84982
204914 34 220565
104232 66 246172
78 88 1660
18291 64 53839
100977 57 101541
231509 9 244471
65815 46 176735
82835 71 180443
129300 52 217023
111075 91 223486
80960 11 85865
3617 73 13798
94418 5 224392
175333 65 209597
10531 92 80774
103755 90 191416
109615 71 142557
109916 92 178938
72306 67 124388
6461 82 194344
209441 72 234821
100497 52 248363
100980 35 141844
49496 95 247121
116785 3 241119
44362 2 143582
32284 48 64789
51976 3 233317
99129 100 232279
150374 70 159646
2790 23 117573
170081 58 195864
142197 55 191896
30726 95 86035
705 69 171847
70680 46 131989
113631 67 174600
96338 54 107460
115590 45 210674
101321 45 183530
29808 62 146227
18799 70 119900
40140 17 178089
49162 48 209696
39453 23 50623
33527 92 202663
148104 23 222052
97795 63 200861
150062 22 206812
49961 45 166313
41634 56 112527
101862 61 156566
52517 53 72115
17864 76 32390
36041 38 158890
74116 63 143197
40995 91 246600
85327 29 183714
164177 89 214213
105740 34 132713
203591 19 208443
126319 12 221229
32622 31 116220
67290 22 241647
117197 29 231473
225504 68 245415
117222 83 141197
45821 62 105423
72538 17 74639
3670 82 152050
31347 46 114534
17822 66 48672
73810 20 147255
190312 76 220186
83822 35 173936
76516 39 202683
23186 77 125141
41607 58 101466
178914 32 243707
28002 95 160202
202433 32 230063
63692 74 207230
74631 6 122354
30217 89 81070
113966 11 169635
80113 20 138746
85529 30 114151
95674 76 165582
17820 98 204622
109986 54 211280
39239 69 134307
139991 49 249621
145264 2 186179
107669 36 224649
21878 10 72623
18368 3 212366
14306 18 158533
161693 70 177902
24897 36 230140
112192 21 207027
37894 52 228688
72462 65 178974
156714 32 162262
14870 29 48640
17608 27 192554
5963 100 99024
94652 2 163777
2166 83 232870
30624 78 137460
110260 93 149079
10953 92 53350
181696 78 240611
82134 67 232749
68367 50 136328
23393 55 69548
23524 45 52763
3760 11 16951
40771 25 227772
190147 11 217381
183806 87 212604
221955 11 237627
74725 17 195571
83487 95 215802
121882 99 231917
151848 49 206606
106670 80 199154
39944 14 191189
127681 63 171259
44183 74 242657
99853 69 230178
14323 7 59878
11513 39 228698
3536 47 198981
33946 73 170547
155551 97 168767
49202 36 120692
101766 26 114346
137477 25 140680
214091 62 216502
27141 7 232386
82328 30 149238
39174 11 238109
4039 49 214442
2548 39 209718
87551 26 106076
141925 97 225973
205697 7 238869
165657 9 217919
95497 41 173485
105516 71 236549
148370 81 218769
164512 50 189043
114626 92 175504
81970 75 129116
84085 29 106824
105251 28 152911
116856 92 205890
42371 44 228936
69068 22 87977
67790 38 222623
97453 61 134124
95038 62 241882
151902 45 180314
58319 83 138303
108993 36 112875
52782 8 124494
98523 40 103676
71350 64 238882
8445 59 82724
94470 49 132967
2027 70 212223
126268 70 185844
47356 80 101101
118674 57 236846
137800 22 189849
75002 36 133379
200577 17 228177
99190 45 114284
85480 98 152310
31418 71 87039
200095 64 203076
38682 2 212018
152645 99 204504
37401 17 94157
43628 78 211187
115172 36 155078
54589 68 59208
18613 27 101680
32957 63 152059
18206 70 114783
130805 80 213082
67230 34 155563
3848 34 194826
124863 100 195016
107374 69 129910
31832 80 69526
17939 8 93088
50528 59 249125
93060 32 191353
53232 10 57715
57795 14 123488
17491 60 94811
26286 88 148917
42622 95 124326
63098 21 204282
27353 70 38017
29842 95 142885
202 74 15330
117173 11 222940
32019 40 165385
12333 76 171418
19310 59 231896
40474 63 175813
58564 25 162365
86491 40 244803
11037 23 237518
187508 80 245229
49735 64 226281
1881 90 128275
123953 29 127964
118729 32 154059
20701 23 85149
12008 93 242505
70586 66 153643
114585 50 240643
119146 84 126749
22548 37 90194
146003 44 175722
90579 21 164335
175931 75 186725
87253 60 159182
85844 45 189178
165253 77 227970
75200 60 77489
19399 83 151939
68840 15 174570
179846 55 227865
73449 20 117485
225509 61 235433
165431 62 197746
138847 25 180926
37851 12 151343
78993 68 93594
51310 57 56666
206523 1 230728
160513 28 176959
144693 65 188187
6227 97 65228
104870 84 116288
16230 25 243723
162140 68 183750
60648 52 235599
93459 77 110934
16979 94 233756
105418 34 221255
73010 34 129852
103077 5 234637
15075 8 75257
91309 21 113162
183260 96 206996
10228 73 92450
30779 48 143115
6657 28 61797
27175 49 74455
70701 11 103540
151655 16 176214
134202 21 166987
35390 58 169338
66280 92 115496
16272 25 62110
45046 44 196051
10334 12 36481
193743 65 218631
42548 89 89075
46744 35 57077
27764 66 28989
55666 9 189743
29832 41 81104
139208 23 199631
24598 77 229694
31705 66 237885
140279 31 243928
66555 73 88693
62318 75 112351
111842 2 157227
22147 98 122748
74055 63 146710
69929 48 139840
51326 60 133912
105756 27 121355
58205 48 69153
94735 29 205040
61651 26 194948
61970 5 249827
139514 19 157038
21135 55 82014
102448 91 244341
4590 97 17121
40188 29 163178
35686 62 72657
127457 2 243887
76280 82 133804
110072 3 249231
140490 92 234682
48412 43 150330
195620 66 209805
90348 11 175254
16884 32 235480
72639 57 110687
17262 98 25560
3095 75 61400
213865 81 243327
25458 69 243453
71303 92 91654
119466 26 246131
232570 3 248805
48068 70 166667
102751 10 154845
20273 37 56948
22614 57 125904
75549 69 218551
45856 63 92427
157666 99 244374
16481 35 178075
154254 95 206683
128625 68 175927
209620 19 239870
103487 84 112204
71294 64 205297
156934 62 187310
8088 57 63035
21539 16 170216
47813 35 241460
191149 29 197625
102056 48 176368
73500 55 76341
128207 50 245575
183398 8 186249
158248 76 172195
162594 77 214615
14845 71 211989
60922 26 161760
52472 35 103617
14928 80 224855
83258 7 223018
115532 90 145911
111949 57 157391
83914 32 190045
79075 37 178039
198822 39 226427
99949 65 197618
102468 18 168127
29112 10 100687
54217 97 219472
2567 31 97201
38187 50 168347
15500 72 119021
66564 92 78331
162514 74 169864
223849 21 248125
36033 11 245902
31694 51 54580
168640 38 175680
5476 10 171166
57221 98 61106
121495 63 128522
15610 30 158364
53293 35 249512
70619 15 102047
238277 86 242342
62037 12 229042
30221 31 85790
102300 98 227030
3465 20 235355
125647 87 203656
207144 34 218339
30842 22 186457
53488 7 125963
31646 74 154348
2596 51 219123
124495 83 139344
15237 11 186861
62701 45 232542
44785 87 228950
31107 31 127581
12960 43 97018
224246 76 235750
123449 80 231975
13848 12 150938
27917 25 146084
123715 4 185295
36682 7 73067
5812 12 168757
2458 57 53232
3285 14 190525
46421 44 102112
143003 47 231499
137615 23 201729
6098 77 154183
114814 96 191780
10311 5 29672
122762 89 235697
153319 53 166795
129749 69 177292
108445 93 141595
97138 88 162451
83376 31 124791
142019 23 216821
161527 15 162079
147474 68 249508
136580 89 153686
133408 50 193820
211105 24 211714
207751 11 247935
91604 1 221454
38129 19 129462
172098 31 236743
32 19 163043
32156 64 191609
39111 20 85335
232949 29 233327
29257 52 199889
123235 30 151557
15759 68 107875
129109 21 211252
13129 1 171381
12538 5 217355
63287 10 147137
208423 53 220873
33015 62 74485
2848 38 6877
132738 9 139661
30888 39 148903
80520 4 194501
96479 66 100191
92711 5 223751
19732 50 201568
22928 29 24091
62929 85 163187
35218 35 99130
31519 17 226327
69094 22 178850
8755 97 42426
32179 47 106389
99054 77 133504
221790 57 230981
27857 38 131273
162407 63 238630
78365 73 175431
19212 25 128373
13678 61 14019
10959 85 48465
1067 84 125282
14525 18 120504
113850 16 124070
102909 77 221435
65012 27 216980
31606 97 33490
51731 86 164047
38151 69 225035
138861 23 236091
29783 49 83257
112329 42 183838
62290 67 224030
50742 51 84519
78176 83 141588
58419 83 62580
44421 5 76320
146603 92 176606
73761 30 156341
76255 23 122714
85850 95 225118
81026 77 217028
66212 80 79982
4877 93 69828
100471 4 243679
37566 40 61664
204250 96 236436
125713 47 150606
20190 27 122995
82681 21 166820
114639 67 196416
127795 63 185666
107300 85 135401
93163 36 158931
129801 80 143971
159027 85 204880
174492 74 198104
201200 71 206932
29932 4 187971
158981 63 198142
17778 95 96086
70799 70 166467
30583 52 135407
183850 84 237566
83703 60 175693
197302 20 247354
9353 14 192962
31814 17 172588
41303 89 204259
5564 21 70551
26155 56 143040
149117 47 228390
91306 20 146296
3666 79 141282
21094 94 203717
75667 70 241655
30909 74 84208
29889 59 76847
94807 15 105124
60527 78 123570
1067 55 203862
56932 89 228709
49061 61 107205
42015 57 153470
39086 93 231394
164416 54 228827
21732 16 29604
42629 76 138954
59437 76 157637
95586 20 143118
33848 6 241692
34694 25 53504
76694 97 194381
10823 27 41703
120432 91 132367
128917 21 235276
40243 69 126348
24048 18 151591
38593 97 119139
230366 63 233762
124434 71 144814
91831 14 150510
222142 64 227415
76160 52 145048
113670 71 240491
52428 7 165323
25791 32 107536
135142 65 158545
96453 60 196446
57541 61 241559
50446 80 220672
96332 63 136505
67704 72 248450
57724 45 63711
86845 56 120367
58582 5 126412
4260 4 165163
186338 83 202526
125127 84 145065
42954 57 243212
32641 77 201552
104242 81 205536
70217 68 181947
49521 27 193194
39762 81 76771
47166 80 228055
186114 37 193296
152523 2 160087
154757 15 162779
64006 3 81216
75253 5 172386
31712 73 249776
115593 40 159438
14610 93 157970
16579 12 56445
72540 42 157655
61150 40 137894
8225 54 192279
15554 77 141663
65972 56 124340
94383 77 209449
112810 3 147340
218211 67 221793
88889 2 249784
37599 90 135875
103581 9 192582
36178 93 103505
57368 96 222121
72515 76 165292
33655 91 219846
103249 27 213389
9869 37 55062
75494 35 153797
9083 4 219901
104276 11 244424
142930 9 241420
105444 36 187508
67241 81 129787
93542 29 139737
115256 90 219820
59880 51 225916
12981 37 93384
113358 34 198970
114923 68 172252
101952 90 123822
62932 100 217855
72732 71 81012
13254 77 95246
95401 38 226780
62904 19 229334
41032 66 165134
110594 75 132022
6569 80 224431
158164 64 243013
53272 22 233014
138748 16 221669
71402 4 202980
87022 90 245277
73921 70 113282
2265 1 207418
117051 87 218974
15961 33 213136
27385 53 226047
77782 98 116207
34313 3 186532
161381 36 238850
62671 49 119753
135315 61 177816
79634 50 115382
13816 98 33618
3143 100 90884
4931 40 147900
152945 22 221132
49709 33 66124
27357 26 59246
26530 3 245734
202281 87 228570
74434 19 95320
119379 79 194381
35139 56 207714
89117 22 245185
68669 15 229946
125222 26 183636
26428 84 200925
137907 34 154705
70730 41 108493
78531 47 125144
146069 98 170430
85677 45 171631
58318 25 239985
78889 100 212781
91028 28 127862
124770 11 135629
7105 59 239666
51970 14 129852
33676 67 225456
233713 68 244494
143387 37 209266
97807 97 160498
71448 94 125153
200380 81 225240
35487 37 208432
24549 32 237052
112817 87 178155
79747 25 248824
148972 44 235727
145822 42 188647
22651 97 206105
93408 4 157158
160361 22 175778
211610 19 224075
76526 37 104473
118451 83 123654
17039 29 217496
91026 72 96455
37934 9 204285
110563 88 237759
21920 11 93117
135091 96 200553
117010 45 242892
39014 26 196114
3407 55 227947
25611 89 133209
132794 99 218474
81660 52 171059
31406 4 37633
44668 55 163205
160661 65 208239
82803 90 167466
12651 55 120678
9145 3 182262
90653 9 123047
124445 71 126366
11743 25 29406
11560 72 87162
1403 91 228059
85301 56 141161
133614 84 156759
1248 8 24159
31668 68 126550
202430 6 206904
75424 32 100522
125776 39 219627
205469 3 207743
143749 40 166427
129479 50 192208
11040 99 16194
17600 26 127080
97264 40 245772
160801 22 234128
619 33 198767
22594 87 129065
52249 54 134063
155711 66 209690
16000 47 245550
167104 14 237600
139121 37 212877
124601 5 207527
154991 45 226587
56315 73 233504
126218 39 191988
10566 23 56328
16064 56 221165
65668 13 230443
156031 3 190815
102044 35 106986
95722 88 108805
49778 3 236924
68488 57 95642
73633 27 227773
4587 8 113336
171085 29 172821
29869 78 223188
4991 44 198769
8273 45 146452
16211 24 138811
85237 99 173801
174665 53 189999
72184 55 77994
70877 58 102418
38810 47 108703
4630 97 37311
33499 48 70661
122083 92 196542
53779 14 232168
177920 52 185517
69560 40 205847
128377 55 216497
12713 90 161442
992 9 139333
141673 95 153858
57606 19 238217
143659 70 173419
147007 5 216478
61580 33 244614
91654 55 169821
15420 13 165174
92799 98 222617
93818 93 180205
83110 82 224756
69678 27 195256
21946 58 169084
28902 15 193089
137815 21 178526
86360 97 200381
213563 81 227071
138725 45 246879
74926 55 76922
2537 37 76336
127792 14 168753
101071 71 173665
71654 84 206987
28895 16 190265
139287 72 144093
68262 16 132585
74737 1 186467
84540 46 88845
49363 63 200979
181149 48 223224
108034 83 140734
29120 22 179807
69165 62 139562
157649 21 185588
45728 68 239024
31859 80 226546
706 8 53333
165760 52 177576
140345 2 144744
16475 91 135202
38660 26 67042
45008 99 46549
110478 97 211192
174079 80 235932
173746 38 235435
47951 32 220182
138985 81 209300
83577 35 111161
28862 36 142275
90102 28 162719
49306 92 225867
18640 4 164871
42206 93 57157
63226 56 68011
181583 20 229687
88643 59 205635
179538 78 223114
33324 79 83406
33912 100 165208
14537 27 158377
17818 44 153926
84095 39 156946
75622 88 159894
7500 1 28293
159444 92 246896
129206 11 239905
204118 7 210911
95876 54 154353
6417 43 98640
151818 38 154201
140849 92 211394
104370 70 205897
91827 34 160602
122432 62 157878
42750 83 70923
45513 78 239272
150574 45 211432
11795 88 114429
186964 27 208875
212482 17 242439
141373 81 213946
226462 6 230395
222993 13 227522
31398 69 117348
75352 14 160924
99136 99 101666
122533 97 249366
98714 15 233443
153662 70 225211
98278 34 112028
201085 88 208049
6286 62 11238
53533 77 211097
14958 83 103966
84812 23 246402
152665 6 248049
86094 78 114738
51755 70 132962
151587 61 159280
25065 98 220827
83157 12 192018
36534 58 210043
7188 46 234961
91943 95 130856
206287 67 223388
83630 16 234725
3719 81 58055
41134 43 126648
111532 20 227494
24137 18 33099
49310 49 241017
128379 50 225129
186655 61 219794
2971 18 83892
47484 45 121167
130316 65 215417
78041 73 237301
25609 55 83835
32641 56 135994
68217 95 245758
23819 51 169653
40056 79 92809
86254 47 162281
107811 59 232699
9202 56 177443
16776 66 82969
161326 25 227193
179117 37 219587
133523 50 183189
85117 24 162145
142218 61 191541
20553 64 132480
9257 63 156956
147052 13 147919
74774 4 92094
22421 59 175195
210400 71 247142
129161 29 168594
49402 56 73756
36082 88 92148
116054 82 174432
32129 34 35057
905 55 51484
120444 21 180972
34089 61 63060
59190 10 104270
34838 1 138595
208717 65 213532
136041 32 204250
29614 20 38363
2186 41 200219
36959 17 152816
127549 93 237908
9236 9 168594
123775 67 141897
1797 67 92533
124735 8 208166
57691 54 66227
199774 32 238235
51135 88 119105
170749 89 209289
19083 67 124747
30948 93 163308
22852 95 164016
130917 91 240842
201070 48 245926
57506 93 98103
1011 4 106499
16338 87 102587
179985 13 213078
178472 15 205476
172447 64 197100
124960 95 172143
70857 50 75226
94781 2 153413
163754 27 179674
153441 40 208745
23427 78 80737
73834 36 127850
37124 5 187119
63814 38 202421
160931 39 196310
45514 83 61883
155326 28 159322
41362 50 224227
73649 78 229999
75919 41 109863
163432 93 225850
80352 94 122091
13217 55 247953
197494 11 232854
60575 34 66699
2803 21 156077
1015 90 232873
53478 73 169337
131488 17 248463
72756 32 160974
34176 89 149587
160872 91 213514
11223 14 217578
111922 82 146903
218377 83 235201
3154 29 108848
7378 34 143378
14872 97 49152
67170 16 68553
189405 99 221063
57211 91 239634
15288 63 211327
34939 95 191871
31262 69 56322
94082 96 99401
22118 82 185851
91562 82 153993
74888 88 224064
126578 97 182145
74303 12 93930
150406 22 166513
108717 30 118270
181775 11 247227
104488 82 234466
156943 51 237301
3229 20 134550
60977 68 119497
119736 90 135147
54744 76 225635
16579 39 154667
119601 16 179168
22178 29 113245
25976 33 28621
27753 93 241383
46373 94 156547
135722 26 137566
7802 24 179537
9238 87 59559
115930 88 132168
167835 93 174691
16424 25 212852
37463 76 222255
134184 95 231253
47367 56 116494
145625 36 158771
74104 5 184310
48448 36 127098
877 46 117071
28653 10 100070
45761 12 47080
63371 93 134080
141234 51 183026
198295 26 241541
159540 37 246813
207977 20 224399
19933 78 192060
87389 68 134144
36052 34 167444
62496 85 234540
136966 88 193567
24153 71 111042
81755 21 191476
25810 38 68290
75638 41 88276
23903 1 202366
34731 3 195609
33516 43 93358
27657 66 224665
25738 65 130982
88084 39 110622
131400 68 170642
128921 89 139796
35397 67 204223
8144 42 127764
53217 67 224314
16023 20 125585
193402 5 201553
37978 94 226769
43920 53 167016
28112 4 155514
68985 45 173697
158386 88 234233
170356 31 186538
133442 95 195630
54344 25 195792
5252 66 22441
79339 52 152019
93115 3 105568
142738 45 185282
111382 11 122555
179411 36 236739
46703 1 169412
38971 73 63828
110077 77 163605
187203 39 203274
14280 84 14739
134680 54 182798
155917 29 240581
39555 58 76841
128890 79 206311
54526 44 146284
38390 50 176371
78492 10 160328
15051 40 231055
80546 72 195677
78399 15 194635
63881 70 236056
32942 9 239703
5279 18 20490
203630 24 241888
49961 19 192263
90607 53 174716
12030 12 125385
16808 84 38955
15482 34 161792
129461 45 159345
63631 100 144530
26768 40 248246
45580 85 227428
27934 76 110968
24369 20 164669
138147 47 231001
151096 2 222216
120621 90 145777
10652 64 33114
202513 58 207883
51446 75 114382
64043 87 208946
173473 78 187585
4363 100 236293
14546 30 52593
101448 8 229561
38786 54 83192
40362 21 115680
115516 66 249412
217845 1 247722
96961 30 104150
96208 29 232122
108833 16 238064
138029 7 210853
191123 11 196480
32845 40 132480
168944 97 213725
125545 24 140943
14430 100 79373
95974 2 148079
62865 16 75620
106563 10 151086
87945 39 212691
105541 92 139184
7536 95 154341
134718 7 147712
3696 41 54650
15723 10 174951
69000 98 110796
23676 83 192003
66334 72 66752
53844 2 145906
83022 66 207007
7954 89 196603
89280 19 125574
43588 80 65794
104252 48 170042
44992 87 141608
74883 22 249160
183792 57 205332
139331 17 161696
100570 48 219424
6573 24 129472
23955 91 138765
25480 35 158269
149843 80 186903
59476 82 73280
107298 97 202882
90673 89 241039
98270 24 133826
35200 24 195488
103887 85 243683
37826 67 131717
43992 88 187129
146674 53 173084
117506 22 226674
38078 97 54334
132762 76 222724
4148 98 24764
29738 58 61110
156812 62 199530
37179 16 52848
145537 7 220310
11526 91 55779
79086 12 221610
73585 84 92155
56058 48 231276
67861 12 94825
22226 51 145280
192975 23 225582
68043 62 73901
18544 52 182233
121213 75 139916
43333 12 236988
61704 1 80160
102302 39 249090
114812 95 141865
64297 45 159389
13440 16 89462
144539 65 166112
33266 63 245836
76635 77 130538
98578 59 194724
96584 66 175310
117577 12 174426
19779 51 164593
69501 71 242859
103532 76 146499
32105 84 46281
29277 99 57764
130336 66 187430
35649 1 123165
32231 69 158581
12691 75 37129
78999 33 149333
160916 38 207113
137304 79 195720
53525 37 237475
37465 93 218677
49669 71 81190
111594 18 143700
33049 35 71330
109856 42 150303
197623 51 245859
19552 30 182429
110346 73 222682
207707 29 230915
88600 40 120982
170613 68 241947
59488 17 84120
67645 76 227295
25138 56 209240
9977 77 179385
34507 28 119072
36131 48 78659
20184 8 78342
85295 27 85360
52997 62 158691
36855 86 55958
70822 8 151739
145857 30 224794
6693 13 89602
159026 8 185200
79949 31 127787
68448 19 186072
26440 99 229336
79684 27 128506
44227 44 140095
120337 35 225703
147449 20 242353
115934 90 219590
36123 90 150890
34881 71 136424
27453 9 189696
62620 90 196622
153424 33 203692
109931 54 162546
120312 60 189215
220461 24 244834
138412 84 207923
114329 28 217072
15006 12 177503
8003 20 42734
79565 53 146793
30333 89 164972
164174 56 209843
142607 86 165270
166383 89 203173
29580 65 214614
49845 15 117604
37040 72 175985
18169 62 189170
20545 15 30844
96267 28 210578
36827 65 56580
54484 80 167802
154373 56 233218
205691 89 224861
52941 76 58039
45398 41 87289
41386 72 163309
117626 56 171149
77236 63 188555
142373 21 218067
76193 84 98730
16085 72 105975
148322 86 229912
43104 100 83994
128382 28 151117
21623 22 83899
85513 47 219328
117457 19 147458
3528 33 30934
37705 69 208929
73614 69 224414
6280 14 175427
46607 47 107372
71605 56 137233
19046 72 33720
83447 80 139350
67213 14 133855
38491 83 234768
174 37 214218
30106 67 207363
67096 63 132929
75523 41 212337
80406 33 197883
80116 87 172731
120063 65 205723
167961 51 172916
84565 10 121357
110068 78 144426
41477 69 140991
83653 13 196223
56474 4 68171
106775 39 226734
69853 57 106252
91272 3 165523
52674 58 135867
55139 72 190773
110851 37 234783
1748 42 134939
122260 4 151052
114771 94 147681
134155 17 152967
222387 13 247116
81590 2 84172
33699 28 169559
30306 21 142503
55234 76 125792
63371 45 156200
42898 6 52697
45662 21 161136
46292 78 120772
16825 44 220519
112403 41 230383
27465 76 125360
59521 51 185156
127748 14 236652
64 9 221196
118839 98 215220
109845 70 186384
183762 25 189182
93059 78 247161
43364 92 186326
16300 28 101272
63104 58 131976
42880 2 65989
43621 82 147781
41080 51 177079
48986 39 106860
54462 56 79807
33416 71 227102
137393 95 148678
83858 19 201116
12959 76 197586
86330 71 167483
26687 4 214949
41580 51 84514
188269 28 220777
65839 63 181073
54721 59 124507
143278 10 237787
193717 98 244717
14460 42 120848
92060 92 183214
82570 20 192549
146698 81 171052
24768 24 124066
40870 50 44765
34321 72 73424
134219 96 215145
1145 15 242990
44160 32 86110
66894 30 242027
173891 85 243181
43237 93 137433
2419 30 106788
87332 64 166901
152183 83 173931
124979 57 248835
73554 12 246358
81152 81 92673
139546 45 248751
25316 48 88518
122932 54 149472
111994 54 149310
57407 3 159238
27180 37 207518
164450 4 246189
74949 44 235436
22291 81 156844
190294 97 231198
172624 34 224860
203 45 64458
137176 44 199169
12618 60 90842
6902 82 150418
72583 6 201868
44125 88 102645
29340 10 126233
222750 26 246046
54267 92 206895
85411 54 174384
108321 10 112519
15119 77 51868
140743 91 192364
120587 8 235006
138138 26 246297
18680 23 194783
222144 45 244582
11439 89 224935
192 96 249100
127390 70 247549
117273 61 122370
29672 4 124184
65165 88 217834
209668 99 223085
78425 84 246150
99920 35 136507
126810 24 126951
71685 71 193737
103632 65 186996
39914 10 170980
209144 68 211966
33917 91 35977
4912 21 54303
107946 3 226172
134980 93 207889
149133 40 245543
38737 4 142097
56091 50 79751
47565 63 155828
107428 92 241937
122838 7 231624
179191 49 211025
117454 54 128921
174441 2 239592
171773 3 231603
19108 82 216769
48805 30 85445
93038 80 187506
90310 40 125463
89935 82 123042
123692 24 206976
30625 67 103688
175899 28 244083
26828 56 172153
102567 73 147151
138986 30 219851
131226 28 146867
130408 21 153769
25056 13 227233
131646 30 170936
9701 36 145204
63559 51 114090
171875 32 239563
136933 77 143839
219829 21 226330
12037 75 28904
1019 48 88105
122939 53 130728
40274 91 180185
116605 9 177594
92682 16 183302
6126 78 16189
15284 38 108135
110755 35 222968
88564 20 215997
190075 79 204106
44055 94 175083
84879 72 190538
82876 53 87625
178124 19 240993
20353 52 136810
32078 57 169167
27129 88 170072
141013 73 235500
31745 15 181577
72926 6 187377
125494 11 203718
210533 55 225197
38725 2 143602
14802 27 26959
157007 58 176285
108079 68 158718
186310 32 222416
175311 15 191198
183251 90 201359
53226 4 116760
22950 97 218365
35768 85 211313
59508 1 85695
108822 1 207484
210779 20 225751
71006 44 203797
8363 10 105683
79698 36 211516
31772 5 142413
169649 43 173467
42773 77 235433
166109 2 199754
94386 72 191054
120821 45 184114
7128 90 234213
104547 100 212901
152790 18 232756
50666 46 138504
55110 74 110311
81631 53 145974
176515 73 182135
143450 19 166637
60651 91 62959
103100 1 159483
161916 74 230855
29570 88 213738
118092 48 220276
60436 98 218045
15824 37 165365
97301 25 133359
150133 47 163173
198136 85 238889
108721 70 157112
89623 22 128831
240100 19 249066
42296 7 78739
103396 75 162408
13260 49 165568
13629 21 43247
79257 27 228252
73825 92 123701
27431 19 93269
105443 95 231293
59027 73 239443
34343 98 179073
61396 44 133837
96720 87 201319
14220 90 198360
20143 92 150945
32227 80 58585
161620 71 237392
616 78 94363
125464 72 173828
9266 17 165570
49707 71 165801
68990 78 102769
10037 24 107872
55850 12 94832
87441 97 171648
1055 95 30283
161989 27 223390
122916 94 176423
388 56 231004
129797 25 216967
207773 40 247722
40650 19 176107
133390 57 180381
11653 12 207214
151720 48 198760
189816 70 249415
84163 76 173443
69383 19 124042
33247 22 134283
22677 67 150144
193149 23 212570
53021 1 56667
25125 8 228820
36704 72 243962
135174 87 197743
59239 72 213746
59518 9 62692
71495 56 199828
81134 60 181006
29112 14 222278
60404 37 72308
125182 55 174355
33255 5 102929
11574 35 198246
141173 61 234328
42355 85 86341
67458 60 102644
20036 14 129993
43418 29 128078
5129 21 176450
77589 32 199308
101087 1 217955
80091 59 114029
55411 84 104732
40861 32 201711
155887 45 219591
60944 33 110604
61626 27 105965
73258 66 132147
135205 45 178705
17935 24 20718
58224 30 89094
98433 33 157707
29529 90 88356
85216 44 197483
54240 67 72338
14546 36 210939
137838 80 228742
130704 27 240312
66896 30 121552
36827 78 155812
4038 65 70673
7352 72 152122
141320 9 198222
64535 8 157103
109499 67 137817
69616 29 115686
91700 2 107826
21453 75 210980
227411 16 240778
122119 34 181492
220475 55 249243
72366 62 189383
52585 78 210078
138240 88 176635
14012 66 193698
57124 25 174602
31708 90 98649
86848 81 98985
14386 11 146158
123231 37 219816
100226 72 129388
62554 79 139198
24896 86 147817
47848 22 138049
20928 23 149921
190306 3 236906
144568 85 233854
53657 33 176666
142205 6 230253
20887 37 116932
145218 40 226398
47531 65 133262
43907 29 232844
215209 60 243706
4533 56 192663
50378 42 69365
31315 62 198592
181050 62 245512
41063 19 154840
50172 99 162823
93845 65 113915
31156 76 137711
164672 62 197114
140622 98 181794
19646 18 139093
91838 3 209128
79749 62 225041
108513 58 189070
81891 26 150303
45972 12 156333
75212 89 209566
133244 46 246097
44694 93 200033
182454 25 222864
11330 22 62873
8365 65 132416
21505 4 132223
6315 2 27308
79472 34 155660
56660 73 164263
54044 72 206134
126248 68 144797
126058 86 136732
64832 39 169309
92076 44 109119
85722 4 200607
21151 39 225119
67377 64 138142
72559 84 142059
141912 45 153129
200651 7 202346
90022 91 140264
89900 51 244523
5241 84 90312
181353 12 249023
21899 84 116289
124976 92 150240
24467 27 112417
113316 100 229606
38345 36 218501
161516 34 247885
70260 53 154481
62544 26 129089
42109 90 155539
176247 47 204434
188492 31 233738
188589 4 238356
118977 100 220673
131929 66 189423
83930 62 144523
76794 25 161597
94263 52 107263
120296 14 199886
103177 74 117537
111777 86 199010
2631 83 83277
36001 7 143645
69877 94 170881
59241 7 62970
118385 7 213407
116353 12 200672
36671 5 70873
3400 64 37162
103188 94 209064
133936 41 170489
92546 74 166287
74108 27 162122
119508 8 230796
39622 17 83203
167944 32 209396
18115 19 219584
78037 43 88527
118410 83 138974
72233 28 237320
50338 38 243038
705 2 216763
198233 19 243486
181717 61 239590
66261 50 247333
39049 16 88352
40771 70 247165
86744 49 108260
54472 28 95610
30976 41 53565
129199 66 132030
148527 12 194833
125684 80 159539
37267 7 166779
170805 67 246486
62321 26 190086
140531 20 195493
180627 39 211243
15272 15 119019
80222 82 152289
47397 44 197483
165779 58 234865
36242 9 119320
19835 80 213147
104509 58 106389
181856 50 209585
52695 68 236118
121894 62 218587
65104 59 188433
144850 96 194251
169906 16 178786
76516 93 141112
240079 42 242488
19919 63 89356
60888 42 200213
6658 14 65530
25225 2 55927
27123 7 158271
67843 88 143685
10253 61 206581
96742 72 123744
16697 33 38557
16078 37 112675
52038 21 192264
8411 33 230339
16741 11 43825
200342 85 237363
87358 69 246574
11195 65 39212
84021 40 236926
31526 99 188701
19183 10 199564
198876 10 203914
70656 85 231453
46951 21 165909
16221 34 205546
95263 57 179690
64835 45 180091
53765 23 239167
112691 94 234849
191141 67 215228
173820 66 173942
117014 98 232498
60405 86 135915
50718 31 152952
113899 72 136802
6558 34 154150
2036 58 169707
38190 32 110699
9710 85 81983
91871 56 196317
152593 89 175462
90133 81 229620
185120 56 227676
70743 37 149974
96587 52 109293
88845 15 222136
77559 90 207964
196118 85 233655
29376 63 179707
27283 43 176252
8961 2 32950
69744 30 161671
24755 69 237548
90905 46 186949
4465 39 110359
170823 89 238742
120563 90 220758
84714 84 98629
154330 12 161129
26969 66 205866
166308 5 241405
206431 52 239799
68368 84 98184
60393 76 127657
6795 11 193827
18269 69 42810
107584 79 148950
154248 31 182120
61006 39 66085
160726 21 209092
76089 85 213534
13899 23 184949
110634 59 141272
126507 24 132288
34987 75 107821
49480 5 54322
65056 43 205093
10235 15 204020
64793 24 183601
125621 30 190416
115343 1 189919
1053 48 230389
22590 49 172998
19682 76 101038
173983 38 231560
79279 60 142246
115337 82 192650
115766 42 227331
11966 82 165707
93692 58 236681
31873 94 63054
31331 1 182498
30095 15 167186
223479 13 234650
68006 13 164142
142361 83 236102
121005 81 183376
39368 84 87823
58404 12 99687
149082 85 209263
7415 77 132810
63959 73 222367
18953 40 170257
149519 29 166915
154167 1 159128
6761 96 22887
120562 50 179104
111892 14 196707
85799 87 121552
175343 100 204727
131659 9 241917
130725 28 233888
27881 29 77288
231316 59 240956
45432 67 54519
131298 70 243114
30067 37 72667
9053 16 131563
64230 89 126806
117786 78 229153
38093 86 138537
113665 87 233391
58037 57 93216
173498 4 247234
230688 13 249584
149249 52 219971
145120 71 150574
70358 35 154692
148581 81 166064
132107 76 176687
70753 7 193611
5248 92 93105
26237 57 184484
44763 100 122915
28411 85 213117
46561 58 233301
68583 29 171655
189620 87 235524
2265 26 71441
99819 7 171658
36740 30 223613
106244 66 151355
60582 14 154213
39164 44 155926
41165 25 246470
56421 54 96332
178559 41 242913
167408 89 221059
456 85 113273
136126 24 144066
15408 54 70362
100319 11 131857
18385 95 117667
86513 75 91178
38260 21 196170
85988 69 89431
72144 85 75552
31116 13 143617
91468 41 120654
113979 23 168771
206334 29 224397
136579 52 154939
75336 95 121412
904 41 196854
106147 42 131217
172083 50 224073
204133 81 242318
12866 54 154094
42160 37 90766
187496 39 193241
11153 23 232879
44434 60 77111
44908 45 201049
58985 89 158523
109225 52 209834
19494 45 213733
91964 75 157159
126544 11 153572
39943 41 227969
41337 94 232009
239697 45 245799
76138 66 242432
35418 41 64862
82596 66 164944
210899 19 212175
11077 74 131849
56713 10 205823
110314 7 191645
48574 98 64855
88109 97 145310
48977 39 93364
69296 60 167277
54921 49 236823
121240 67 236750
191369 52 204123
141971 51 226590
27042 15 226756
134856 41 242029
55477 17 247210
74166 51 117400
148020 33 168146
44952 14 241458
96736 82 111069
4207 97 134075
83899 96 200587
14760 92 217149
147284 42 218282
76425 64 94552
2180 68 104269
80089 78 130099
33793 24 207655
106660 94 144254
3146 49 117291
145053 67 206074
213671 43 227596
529 13 90194
204747 85 218205
162826 63 172173
14766 8 126866
5947 23 213788
48845 56 208302
24543 35 77335
73479 5 212370
2183 58 98501
180433 23 204849
6640 51 186038
139199 85 174716
10077 70 202165
11753 19 202067
184376 4 209392
79190 38 161433
18193 100 53597
173175 58 176070
112740 53 174591
65856 9 106204
117106 73 224135
92234 2 180247
23505 17 109091
136483 84 180535
10421 100 137394
189279 1 233414
157838 11 238584
138625 21 208693
55209 64 177127
63096 44 225119
159848 30 208750
49469 100 203635
102488 78 214774
112263 12 245455
53638 15 129588
56831 37 97863
125250 14 236517
16563 24 170824
36724 50 202411
218056 28 219167
54153 6 184785
105634 13 125956
77681 51 197388
108805 96 237760
1056 68 84168
88629 47 96810
42621 19 156391
97708 57 228867
74499 59 181009
80460 3 225168
72750 68 194984
78137 63 186421
232104 8 243127
216450 90 239928
661 2 199598
49762 55 200410
101036 78 172962
100415 51 242883
220133 59 223540
1581 26 209702
7719 23 155491
89256 32 248146
184816 25 194835
133050 26 140117
100815 100 231026
3372 72 167859
94350 76 117605
202190 77 227925
2760 34 234548
38696 51 232302
7598 26 127830
130219 70 147146
23900 89 153267
121692 93 249750
175738 82 215416
26915 85 130365
156512 72 163686
2312 22 183184
61144 86 98508
37762 18 200165
36403 13 140534
49679 73 226433
15482 82 128409
132277 33 156425
61647 77 72207
21202 31 96506
156584 98 164126
2828 86 172767
52440 93 220694
8244 99 210575
28510 74 31755
135697 69 243758
122333 42 232056
43669 47 71934
29885 42 199984
18527 47 234327
33347 68 230314
197996 70 215436
72885 94 239890
63269 42 103272
43875 6 110049
83878 69 234293
47561 92 73319
133433 71 167082
120636 6 177069
51973 29 139739
165926 48 175911
66163 17 202852
129689 11 186703
102590 18 202582
126282 30 204816
26460 67 121363
24462 96 157707
22932 87 177935
91267 67 107449
24478 72 128466
84342 70 185144
115284 2 165694
59568 45 77283
175755 12 228859
8207 79 32652
16795 73 45721
80666 49 176813
169709 88 235911
59370 70 157073
9097 96 47238
69053 36 182387
21481 32 61599
47240 54 74127
153531 100 157722
205441 49 243684
109797 11 220792
178088 2 180732
11505 3 230073
45044 42 189428
203252 48 214403
91391 78 154876
66786 17 230208
49267 9 213990
112252 16 173404
22734 7 165873
85843 100 214310
226783 19 231679
39226 36 175174
2193 24 82441
8165 36 69201
48992 9 213427
12841 24 170277
9184 60 72683
103984 56 246490
2314 92 109582
75997 94 124446
14863 15 206681
205467 81 220190
15542 88 204833
163597 16 200029
65397 38 120462
41783 7 140753
84838 47 167854
81004 82 185576
164745 34 175358
52385 77 117935
4704 81 46882
222912 58 224297
13397 26 23244
208598 54 236712
22172 82 234152
135133 57 149400
21256 28 54350
19903 21 51176
25122 10 146640
2841 5 213311
185091 35 216602
165210 33 219076
35427 9 94253
129926 33 185118
10702 64 75675
33937 96 46379
92854 81 211155
24281 20 108333
124384 42 156527
24943 35 66124
43717 51 175272
104071 24 108832
132269 47 210263
162090 7 195151
38475 72 47965
78424 70 110594
83529 84 107127
92334 17 123938
10177 35 195550
54815 3 86386
71878 10 211533
224779 19 230303
65103 97 155877
90138 16 121770
90734 50 216364
6647 24 75838
6542 75 204314
112892 99 202129
78033 44 169059
145187 14 154375
105189 1 156074
8467 99 21960
29813 97 215866
217110 80 223563
112217 5 220303
20616 69 180724
101255 37 237673
27548 90 33904
37918 30 54809
143276 26 184385
9572 40 115534
28965 84 97664
71468 100 212896
77675 6 106019
19448 82 38906
17325 7 189764
197819 57 220132
4095 43 20292
51761 39 222250
38267 51 111952
81308 14 195974
8836 22 151763
56810 98 175934
31596 54 120083
4681 61 13738
81382 93 153489
20207 38 207169
129437 63 171735
5080 57 8526
14083 96 48474
59104 98 112828
44033 81 197728
132007 63 224554
128840 34 245442
204716 39 219849
166813 86 186980
199005 68 205218
7705 83 83640
135006 14 210897
75003 15 107029
111401 89 219816
74344 44 79692
202567 94 234606
178185 73 208719
80936 73 173680
40555 53 211307
7606 49 59960
197519 41 234909
126186 31 143328
26813 4 154549
88165 10 107997
188315 61 248510
49297 2 157837
43685 3 69798
191912 16 235860
34431 8 61741
82864 54 150233
18190 69 55826
46125 5 99239
53745 44 94194
95621 44 208452
188077 17 226137
20701 21 194561
212000 40 217484
55423 65 124274
31380 68 193491
54321 20 234190
25048 59 54003
148121 84 169542
122349 4 126920
64903 30 103404
16511 26 194516
7960 56 238414
40300 64 115970
13331 78 134680
153825 29 231272
31739 8 241309
91299 59 167663
152522 45 170282
85719 67 174252
158238 40 187516
20263 45 206174
80609 15 173836
53475 69 183474
115303 100 168699
45525 32 64441
16602 61 185563
74872 23 135264
112319 16 190571
158933 32 214573
74138 73 136041
216 96 87473
5783 85 49729
130009 46 220697
66919 23 75336
94119 10 227766
66745 25 106762
116156 18 218429
8830 84 169972
171995 15 222531
91823 10 230860
4640 58 235901
1961 100 101598
68729 72 71328
193680 44 237381
47689 77 189848
158400 23 203396
110922 19 188666
8345 10 151566
131946 41 159324
70516 16 89677
146120 31 183830
100155 13 231955
47711 26 102228
24958 82 191048
56795 34 95551
158862 68 195580
43136 95 154951
19120 15 177894
100238 62 134389
10273 58 242517
2669 16 160757
10921 51 15766
32109 60 38978
147174 89 202547
10605 19 27619
40493 9 236350
59195 36 151238
80998 10 200673
133942 10 161263
175420 62 186827
78808 65 209962
133537 5 226706
5585 82 67750
48775 26 115940
77653 88 109490
8242 43 141955
63024 12 211105
97055 3 226041
69679 78 94188
69154 33 136254
62157 75 171757
41972 6 178593
187153 82 214394
12379 32 210404
112690 72 125795
131343 96 163771
199223 40 203262
70269 82 205045
47758 94 181494
145156 92 183448
3251 67 211168
51132 7 84319
36935 22 70023
102531 93 194293
128686 33 153625
41452 56 77397
78121 33 141548
26283 36 213321
114448 27 118633
183550 80 221510
114645 30 237259
167847 72 201145
109690 64 153186
5633 92 84337
159095 50 201464
58755 63 74994
10519 68 55767
167467 65 201034
29952 59 144203
162036 72 228563
139333 36 196403
82098 8 121722
38413 32 99052
52361 23 169224
34 4 201351
66561 70 144338
83394 57 133390
67409 54 69822
211073 59 244517
31032 27 239334
99216 12 136779
143092 41 191233
150511 32 196164
112171 85 231271
23032 44 224105
206137 83 218202
58986 47 88360
572 18 99255
84736 46 110855
23250 8 116182
60013 82 247752
150053 49 184073
23635 63 156661
160613 77 219476
167361 49 205300
212376 87 222607
164828 84 181125
44796 34 97738
13306 99 162604
15008 43 173685
180885 72 194824
108362 41 231958
169580 52 189087
22469 71 80507
132903 74 145474
44490 82 249712
938 11 55089
64636 87 72466
113858 10 119926
65028 83 100269
100434 60 204355
75046 21 188091
92832 89 186958
168151 38 212386
127239 76 227482
138014 5 216482
116890 35 210136
113077 91 174854
73365 63 167328
41684 72 169484
67065 85 173691
113019 36 242268
133564 42 155981
98165 10 173771
123872 64 203329
19564 40 60446
111133 81 239992
106423 15 131287
181419 88 195525
157140 63 158639
19776 67 78718
12890 75 16897
64661 46 235729
196408 4 196830
33961 23 47626
6689 50 233027
17965 86 121047
18538 24 94934
345 11 62608
81661 60 170555
173185 98 242805
130234 34 223095
16956 36 78906
23337 13 35911
49135 23 185904
193836 31 208640
49478 97 57609
29971 45 122871
17946 19 195841
191792 96 245064
157529 55 167374
643 44 121975
113126 67 132541
102543 54 144884
28313 1 69175
26272 86 87173
11589 40 96279
98557 52 222070
117490 25 126320
135482 99 149916
34455 24 68827
208036 80 244815
155821 58 204606
102834 86 166431
34932 40 167677
24823 83 113613
22753 9 205831
159744 70 175691
121732 18 185063
3229 34 20506
127661 48 244464
210180 63 216286
25488 7 183885
26726 53 117455
129684 56 227475
123001 17 133144
40134 63 107517
98396 53 159448
55475 61 240067
39159 82 184426
61414 52 79949
182082 67 247797
109422 23 144434
90462 91 179971
3803 40 43676
76565 69 228458
37346 29 245635
2039 48 209781
135964 23 144049
120433 77 237414
87029 62 169917
39364 30 103390
7015 28 147915
9024 11 166436
161800 6 179825
172311 84 216497
94010 98 247002
131254 67 144350
49984 64 180346
125485 3 237990
178924 24 241689
80227 52 156422
144367 4 205285
82414 45 165465
58169 97 122218
76320 27 115552
2620 54 41871
75967 14 107703
102553 77 178300
48677 1 195787
6248 69 247577
17859 75 233247
138590 65 185235
29095 85 164075
138967 11 178863
78747 69 181342
153659 12 154294
128021 1 141999
71306 61 198535
15471 11 226769
112580 66 221346
44342 75 66852
115833 83 173725
102624 9 153626
52146 47 189000
86125 9 139409
19792 48 184194
150780 49 201394
52775 99 161142
30019 6 172289
13183 68 248308
81350 11 138305
6742 45 241329
96660 24 116162
126874 38 129203
101255 74 161415
178531 56 249094
122241 55 143196
96310 78 149875
203419 67 218272
109917 48 196432
26230 44 191601
156146 81 239632
118983 7 207658
19597 69 173255
27454 53 209969
26487 24 243887
56843 46 126451
18562 99 43072
134135 20 135039
44788 89 87746
139117 50 146721
10115 43 60561
241452 5 244416
1531 52 9419
158201 49 214364
47235 72 152165
119434 42 208775
146139 24 246907
25916 11 85467
55993 81 227727
192163 33 200878
61124 1 186932
156551 14 192530
129071 54 140038
103518 55 117586
135775 47 174702
100905 49 244916
5057 60 172721
62846 22 120821
192494 91 212948
33455 13 58606
39263 8 79729
79568 33 202752
111024 11 123137
4502 63 119308
22930 78 229854
139154 16 207405
138911 25 196700
28075 78 246660
84116 76 168666
69359 11 144103
18216 66 203284
78962 29 101838
227508 98 242065
65781 67 77785
116310 46 232718
148182 7 178187
52856 83 196386
144811 7 175889
20761 4 99398
11578 64 63232
66856 96 198450
46019 8 221869
46971 33 222820
37246 57 143515
178992 59 181813
139754 77 190874
131178 87 237121
70112 4 197180
37294 8 82459
32535 59 144257
203834 8 226695
178018 98 232247
19929 22 176806
1960 7 14663
9373 12 111835
50313 52 220019
5995 8 11010
150303 21 214694
18515 32 191385
209149 46 217702
22768 20 75353
110067 46 223811
184182 73 226960
114020 100 180608
97504 35 163128
54154 70 177036
91401 46 143084
110657 45 194142
14774 85 170126
18590 83 74646
104487 31 127681
6077 80 61541
63607 20 175177
267 3 182295
72775 76 221490
49001 78 76124
32271 8 155444
37341 66 60359
102363 74 219741
38199 88 161002
9613 73 175296
30987 26 185105
170194 44 185480
31130 40 46109
131103 36 135785
3960 35 4449
6982 10 89890
209453 34 245307
78506 19 197901
113597 37 229510
14692 29 149012
67408 86 227975
11428 84 52258
7908 83 53160
16880 93 129883
106544 84 177685
124789 39 148762
164414 39 236455
3950 62 42535
146201 26 173481
74411 5 97088
121483 21 203840
39575 93 110976
124651 6 184832
45606 32 148973
35084 37 208673
201011 83 225719
45367 73 80772
126788 86 179950
182927 51 223435
79395 80 144227
164053 71 196827
156678 18 194956
235695 3 239182
112115 33 198311
30202 5 179050
27419 75 170856
61943 34 240931
91741 77 224475
54293 1 60415
210343 38 236909
77780 38 236547
181481 79 212629
20186 51 197208
173631 6 239008
152745 12 165120
182640 15 206702
25488 84 201092
188566 80 204170
194073 35 203453
28682 100 213384
110455 55 240066
65902 6 119031
180787 21 197299
108485 91 213467
28930 47 190333
79493 88 125701
171823 52 179408
5550 28 180873
76802 47 110466
5396 19 114787
56151 77 92283
16927 60 111468
94241 50 114263
228381 30 242209
65382 34 88212
121559 81 169580
62566 73 80681
52229 58 116291
57663 79 157785
64486 96 66353
130016 76 236970
57652 75 88004
41988 10 168297
42845 14 210381
21347 41 35967
6199 26 100191
22504 45 134266
93699 67 142480
64988 65 219699
50820 67 68249
51516 80 233048
215556 96 226243
47063 83 236129
138815 39 203601
147540 26 209782
52228 66 71421
60700 94 76045
40461 89 77716
46109 92 199919
152745 87 245709
14157 82 162836
126557 5 155571
133751 54 198826
31829 15 190536
68415 53 227935
193388 5 217202
79379 91 98407
189256 13 222972
200923 78 248691
110626 56 194506
36126 20 77149
119130 29 180182
22872 35 93496
80380 49 214746
96799 5 176468
15723 65 235981
39753 68 112688
116591 2 203580
103511 7 171649
38664 27 62873
82481 40 233638
144699 15 209846
6774 59 154283
78980 4 163503
50947 14 116684
110331 14 232558
117848 43 148795
173521 21 229925
107964 70 132656
128916 17 157949
2916 43 129101
125251 34 223137
105499 36 207044
87755 61 146427
23119 30 230741
20211 8 96065
208215 8 232626
112571 32 144988
108189 25 120928
69370 56 178743
167322 38 213971
92884 16 117528
40065 4 191599
151686 1 175788
107063 62 135019
87578 48 120270
189352 22 244530
115680 21 120158
42336 64 214087
147109 95 148398
7225 90 109381
115265 40 182675
84471 92 184023
23513 62 153975
12994 23 133970
194440 98 244556
9505 83 44842
108369 2 192364
43069 95 157686
16414 33 80527
69100 13 249703
102919 84 116469
40696 94 134764
89829 70 161846
186085 33 235497
179390 6 212736
58199 99 105037
49728 44 197080
69006 16 72018
126126 92 142382
76938 40 123036
50510 20 234302
10613 89 62104
10095 7 121900
86417 10 227831
23669 100 35933
165441 59 239770
177712 44 225042
123011 90 231014
140697 59 205435
137169 25 209596
20616 3 44602
29190 37 97043
132891 37 231909
3818 23 51621
46660 28 194567
151144 57 188401
53946 76 73569
112932 18 220913
137585 71 199413
217864 57 228649
192315 3 238002
37382 50 154982
182104 37 186606
87501 99 247916
172712 41 215337
53942 49 186963
198886 36 224859
120341 28 186132
184355 58 184744
122455 88 171734
41348 81 75378
3452 17 42637
96111 71 117738
184963 10 216928
89780 45 207177
2724 14 238627
96610 86 180598
27157 46 231229
248196 17 249961
244921 17 247903
21413 85 28947
86137 71 245993
101999 79 242643
79223 74 244429
216961 49 234778
80015 90 129323
29439 20 207091
51403 55 151632
107760 96 179587
35698 18 125186
140727 78 231244
99262 43 132597
23424 40 25819
238707 91 238932
46114 51 77142
95498 30 181475
185162 94 201994
12978 94 226104
43729 30 202257
35819 98 39043
119714 22 185075
43759 56 60029
49766 26 171133
94788 15 221118
107681 83 152454
78537 15 201316
110916 65 187743
8142 43 140295
79679 88 144983
130200 5 246392
3149 50 6316
13293 13 149197
176512 28 197709
122872 91 225971
109392 14 223852
21784 62 179362
27750 63 163544
157242 33 223267
10972 43 140275
45595 53 67752
42073 32 165739
144486 4 153969
182152 76 197510
122256 23 185981
34429 69 43033
10949 60 189010
74594 72 203799
67469 68 234184
84413 66 181528
203203 98 244152
17266 84 77226
87625 40 221385
40480 80 191559
73443 67 102280
77924 72 204242
41255 50 213622
244999 69 245748
41911 83 223525
6422 88 38319
152751 19 193878
59473 75 188242
156493 15 162586
38339 23 195437
168610 84 217104
63815 97 201158
185855 64 203619
65120 69 236897
45937 35 186702
129410 54 191735
153774 14 189152
17910 13 247959
26102 34 152132
59349 86 88310
16058 53 165916
83163 56 176588
36737 47 204961
13065 45 87999
169267 17 236226
12092 20 14475
43579 79 183882
121118 31 232659
75404 95 248976
89061 84 191083
20682 11 147712
107475 44 226020
118882 73 236210
34323 85 142346
149396 74 210273
18028 3 27600
93768 90 106437
55492 29 146315
192198 100 195991
115446 67 154625
58383 86 208621
138085 69 206496
99783 92 128770
43546 53 148862
119324 19 121341
