5000
117429 26 219863
84926 25 140114
26788 8 168920
4594 61 211384
11944 9 153554
179808 7 232108
42085 66 92305
63341 75 244404
88576 73 240702
56666 89 101845
50766 72 101504
103110 82 146057
8228 7 141230
4269 40 140707
49002 9 66897
39897 3 241498
29009 66 206556
105649 97 197876
15244 76 210431
62003 13 173082
139226 57 174514
37879 30 192399
81719 73 132412
155988 77 160124
57073 42 224605
14352 87 23569
71061 58 183560
13357 72 208461
170319 58 218091
176809 85 232368
14941 24 174068
34107 71 243849
81460 63 185101
27446 48 228644
163803 93 242339
154234 83 176753
31217 39 158337
90086 96 107426
96600 85 243885
57764 85 131888
110990 60 114030
125316 48 156299
109171 69 196956
57283 70 85340
123569 82 176345
60683 30 93819
117722 41 142544
23276 64 114839
111830 97 127109
11115 70 72614
206199 19 208314
52421 74 71407
61575 15 130340
19421 20 179394
784 65 28267
154289 1 232774
48756 55 131328
98167 48 216170
186826 3 187860
43481 60 91674
163537 69 180877
35823 33 129338
66436 37 189370
104172 66 244008
160674 12 198163
135708 24 215432
180064 72 215634
144412 17 144793
15835 95 39962
161190 26 223325
183898 75 186940
57412 45 171220
44732 72 233805
11977 16 94713
117482 49 192191
68859 62 168269
4050 51 22117
67772 84 244357
25267 68 118828
52571 75 205471
90909 80 131639
148303 8 188663
25793 51 225455
172559 13 185253
66071 3 132958
11754 97 238464
50072 81 97198
137322 43 153938
86684 48 237326
236514 18 243570
8689 21 242788
59434 94 131064
117569 99 128918
145669 78 188282
83082 79 249944
89026 73 170540
55598 99 235025
24247 23 212094
133056 15 152980
151136 35 156716
124229 14 124703
85518 44 129195
48116 56 132426
62977 32 230655
124551 99 201315
35460 52 149030
125843 71 186330
159483 53 214148
39983 58 116866
120704 19 231310
25560 98 175425
123497 81 198639
45019 99 243334
95950 54 166662
51151 51 87553
125565 7 151647
50700 24 68615
67446 82 153427
8141 40 228767
11490 69 52509
62727 32 198014
84006 2 124847
38622 86 40193
70043 98 132909
23533 26 30160
138559 71 173576
88067 82 199180
15848 18 133458
103090 20 205678
200750 42 202938
163471 32 248625
14498 54 184765
125818 61 135591
101272 15 221429
92762 89 204154
206155 92 233837
54839 23 101623
112390 88 209658
29929 11 196269
183992 25 196171
30346 58 50376
89900 66 226744
49319 21 214302
40728 33 169746
67478 73 194530
13389 48 135676
3514 8 157141
72896 57 155926
8876 89 188233
227063 4 227798
42449 37 218849
4859 45 203150
151680 33 247615
170675 90 191682
70662 21 125202
89785 58 223645
185473 100 205744
119023 16 130615
17202 1 88142
160115 89 216184
217938 7 227936
25491 70 86994
105592 62 162588
109211 48 131300
7440 44 69817
149429 49 196682
79341 52 185092
107332 56 158298
32614 76 243984
86360 2 175784
82128 96 158794
11025 62 89869
127814 70 238303
51378 86 164421
132459 39 233651
36301 15 87346
82438 30 109440
35717 67 71054
102510 5 227458
78099 9 155366
175119 17 187263
140208 29 244296
43753 19 204024
22359 27 48898
11611 53 114605
158100 69 182573
196249 91 223605
118425 93 179760
75125 91 162563
95863 99 141060
147857 54 185288
69281 58 236788
59324 13 143049
194922 75 213613
34455 13 199620
75572 47 126243
13831 28 202782
108697 32 113406
40645 43 149354
70265 16 119361
28694 7 105246
140981 84 219973
95637 37 103941
167492 29 210500
47965 49 48289
58434 28 68932
25147 23 65462
101111 74 103190
70939 10 82579
113885 68 193141
26795 6 234731
163873 32 231389
174554 31 175954
114851 59 203706
106498 9 143040
155410 84 201580
99644 63 237907
25293 11 232477
101647 16 179694
38702 11 153448
121164 22 225115
7789 1 161300
53174 55 217574
14853 45 145129
3820 65 83226
175867 20 200701
16045 51 248045
17574 85 19906
140122 5 191387
38087 70 231766
104954 31 221939
73513 4 108870
28506 42 239780
144864 66 234541
146575 22 227859
88162 17 183893
203969 82 225144
53243 37 238574
37088 2 122122
35849 86 204076
31061 93 63415
123588 52 150308
87760 92 139339
127830 70 186078
71818 89 194057
157955 4 224427
22175 88 62408
147907 80 214910
2878 24 166071
83853 48 109742
119432 29 223429
151851 81 220813
183398 61 242698
169866 70 230285
138654 58 226647
2317 21 142089
46755 39 190126
35582 100 85471
51990 56 64662
31355 28 106601
84616 67 196380
215773 28 237219
197556 11 249021
110072 72 137404
133824 18 181462
26766 49 175181
37808 80 167379
86783 88 151729
89321 36 231626
16628 78 90318
13908 36 44148
156200 99 218253
13866 12 27474
78576 84 107143
93391 80 184415
65278 45 167958
23024 29 31430
36256 20 211990
30934 67 180311
68188 27 204685
187265 67 218806
228610 5 233650
57164 69 207304
128167 46 136813
93835 64 218776
102533 8 225961
9257 92 30327
40962 11 95787
26184 37 136710
69828 76 235084
4747 19 30024
118871 3 140374
6996 55 91021
50403 28 145929
181900 58 189985
98469 35 130374
2632 72 84189
190899 58 196795
234116 23 234478
24678 100 172559
35953 19 162876
34037 25 41450
123769 30 127869
29515 20 113332
41446 51 177569
3929 47 248255
25384 45 225835
99940 93 190232
29371 71 76852
7434 8 150669
103406 12 217152
112339 22 112390
112883 89 127520
72662 28 135525
68593 75 225306
86936 52 249286
102183 78 247995
106338 7 242976
43143 18 242746
81684 2 167559
58183 98 229294
73351 89 73576
51949 46 78608
49941 24 229067
141122 98 203450
112040 53 152790
51135 25 104178
80985 20 103887
78798 20 83696
130002 73 159102
131131 88 208205
169738 91 213904
35901 97 171516
235 55 437
38100 16 156340
55706 65 132571
174806 38 211002
126091 62 220072
45785 85 230947
182259 83 204014
62587 55 193298
150443 43 235430
11198 32 99210
14206 57 190682
77615 51 92467
85152 19 121741
240092 29 245288
150635 8 187111
234496 13 245758
47344 83 63676
101453 93 177328
38082 93 149386
31263 1 161900
34360 13 226055
31512 53 192900
48279 61 161616
37685 76 218992
182750 14 201910
124907 78 197910
101158 24 131856
15405 87 117101
34279 69 60789
46240 11 68445
84510 53 220195
4873 10 49692
183900 88 185100
22192 20 135569
65733 61 159170
48802 90 168700
26118 69 206144
8254 20 145477
78354 98 123272
20165 19 246247
27140 54 51362
94410 2 189948
231242 48 237620
24404 65 45665
19786 69 221400
177255 67 191649
145383 87 159023
219448 58 249748
60861 73 177619
57638 46 119548
88122 33 102278
104122 34 230645
149286 85 228941
10867 59 42890
14287 59 227945
29844 87 134716
90128 64 141234
69440 88 150690
162116 91 227409
218250 79 220221
28951 40 144666
88991 48 91955
72864 84 246022
40193 89 166822
27734 21 67728
153491 59 243280
12632 45 127614
29310 99 232903
129637 86 152259
123733 7 243109
209460 67 249640
37340 94 150768
46406 92 93876
19732 84 138644
19657 5 155350
113331 51 208384
150769 100 231625
35942 89 84434
91833 40 239335
135568 51 202544
142940 83 166974
230446 59 231099
9990 69 187910
27993 58 35545
47004 7 67662
228036 83 240261
78949 12 160796
18686 61 98556
41848 66 47038
73813 81 85308
114096 17 148951
223385 27 242293
51179 75 92760
163774 10 178376
54164 30 132163
34206 6 36401
166305 95 230196
86392 64 199899
130924 24 177734
148875 94 186911
11799 42 44567
83322 30 237303
170950 69 191079
163784 41 223616
103277 88 142327
21620 36 245255
130709 79 211031
75232 16 241567
37112 69 164475
94901 75 226848
217616 3 240771
150552 50 247505
98320 98 231868
79231 51 231219
2138 9 44553
105833 10 173749
45413 99 190364
43394 98 132692
63472 48 199160
5273 89 185116
125424 69 170772
110787 39 129437
96663 54 207866
69873 14 167441
101088 77 164187
11233 75 173267
71525 27 88786
76549 46 112521
65547 4 180464
64398 49 243133
82767 80 235843
11926 87 241626
180165 95 209931
99867 97 148013
56366 85 211898
80230 86 150945
113871 18 129555
62495 27 156443
24343 97 226875
103234 16 109512
14842 92 38426
19067 33 127559
246854 32 247409
87713 29 123591
42050 70 160262
183240 95 231621
167618 46 200731
165554 75 174623
19257 95 243527
8842 52 187880
143858 99 180886
55658 46 139914
127007 60 163739
114582 96 230558
62457 21 178736
135982 66 219392
40902 72 42982
163518 4 221206
9085 89 236558
4771 10 128462
20750 65 231994
62380 28 227250
9192 11 237951
156086 12 206823
41523 91 76092
128451 24 158398
1891 99 220180
10658 83 52878
121746 98 209312
24796 95 72136
31740 76 49368
56988 89 236937
73046 36 195640
101749 47 118380
9884 21 98315
166570 72 182833
155662 20 159224
33461 30 139941
85142 51 167426
68397 48 144358
135735 70 150984
46429 54 143342
42407 54 102277
141464 10 153051
57952 42 69834
44920 5 146758
11533 64 159542
56151 37 56818
6938 99 204340
51641 59 207044
77928 38 156666
5389 30 142608
33963 53 43256
97812 53 174551
159560 39 199631
10826 6 23735
184948 2 227824
34099 73 167487
93580 89 147589
177483 20 207661
194790 97 235013
56526 56 170837
98598 76 191802
30349 71 69340
10618 90 77823
40794 79 104715
58637 37 170088
73222 62 234292
120295 59 140588
77067 42 91364
189814 18 203966
2595 80 27648
107607 94 225647
162941 23 169193
43739 26 171780
135164 75 199698
137265 93 179232
114776 50 204590
128076 56 129256
131598 54 149904
51095 46 157447
168952 95 214255
136172 67 233433
87273 100 206485
10510 57 60872
94691 57 123545
47991 57 249657
6179 87 212473
152233 9 167662
62121 33 225811
26467 100 80791
89178 62 168099
158031 32 171691
58617 81 59892
8199 25 199097
16899 36 122489
130002 53 247602
134339 66 143537
10090 17 37365
180730 81 188419
38793 73 245320
26127 38 236649
27521 33 107929
21498 25 241091
162746 98 239165
194824 34 208739
72585 19 76074
91763 27 211750
47180 65 186476
57309 75 176890
92356 40 154672
75380 81 112398
1669 43 118653
948 71 230060
50537 90 137741
106853 49 155003
17073 10 241270
83562 41 86988
24635 73 37484
30973 73 239269
52830 22 175880
67097 10 144750
15022 69 40234
63720 17 222222
111312 67 217352
179696 86 208574
81232 13 109913
140636 76 153050
130962 17 133134
106866 50 243274
108613 67 136643
147700 47 204560
112578 70 245014
75881 12 100813
81365 44 211797
101447 4 223278
41666 81 140327
52174 48 52953
9598 28 105062
145943 61 241583
125295 37 194065
14567 20 46253
82930 62 162002
140272 99 225636
140556 50 221375
48599 91 83554
71290 90 84149
109440 91 247445
45806 16 49845
81557 81 171930
146169 71 150001
33711 55 132548
26335 49 33698
205362 22 213002
22810 81 187480
227868 20 229921
16014 6 234606
20497 59 216811
11798 58 20307
176524 70 234447
49673 35 131295
120099 63 229978
53111 89 143244
103114 11 246678
130979 57 191233
50499 79 187879
87405 48 203707
124472 65 220202
193076 17 215413
18828 30 160609
8768 100 32672
22142 75 200609
3749 72 99447
30897 20 227020
72872 6 123212
20971 40 146147
55281 10 73994
79133 42 160433
49387 6 120065
2598 21 161271
119650 4 128382
765 9 76164
176107 9 242198
138269 12 240640
54707 89 122221
19342 75 177681
97226 3 99403
30604 43 90958
55496 77 103184
142231 53 152152
28783 44 97530
61142 86 137759
138352 68 141273
51993 22 197087
80893 38 95929
162374 22 247006
15006 30 234650
11588 36 221434
96369 26 153157
40822 91 208321
136485 69 189229
139118 4 204499
39766 81 54687
111594 29 188325
169103 72 189250
140419 15 149673
4849 60 243495
58892 47 233947
8337 25 245115
71614 77 97236
150085 93 222615
18710 55 117686
55962 75 156069
26279 8 129948
184012 40 227371
63064 95 101793
62160 6 245672
3501 56 136426
199607 55 244557
96358 93 128271
37439 25 79567
112724 57 181036
90600 11 168477
149329 43 245090
108548 25 202118
39880 33 173760
146640 71 220000
73315 68 245005
4978 41 87369
56945 89 232602
10567 3 98700
126467 34 201972
134938 61 220517
61291 80 85147
66895 10 220840
111252 71 183013
24598 37 153165
66768 17 151211
209685 42 243971
128434 71 224190
46192 70 132061
162506 6 242532
29427 19 93095
25528 73 127192
69751 64 167160
40535 44 70487
80366 2 97240
132053 39 232489
128247 74 130965
117352 38 240168
37401 32 84674
25144 95 84544
54339 91 192658
2980 37 120049
7159 44 160557
106083 84 154926
114827 22 195267
30351 77 94346
40186 85 120018
124190 83 205656
231931 33 241197
5816 5 164619
37611 51 39208
21113 10 87161
17999 38 169814
11320 92 99876
216491 74 225274
81641 31 157936
130070 67 216632
88600 97 162068
46792 39 164569
35454 81 68840
195087 38 246511
39910 96 44252
20808 2 183202
44499 70 67888
52569 12 175417
13842 10 177839
9217 25 204426
115243 88 172739
139839 70 185266
23233 31 211204
10536 61 86458
182261 15 211719
151210 14 158262
18529 79 22958
126336 10 197074
45401 76 142831
65223 7 129404
54872 73 122986
28572 93 127938
7858 79 85088
76905 8 177089
17303 91 206819
2062 53 123250
194542 71 228970
237620 4 243737
31931 87 94424
3031 56 124216
27834 15 52702
144827 20 181467
47889 20 189369
149685 78 234326
4909 8 44145
33520 38 109247
222382 88 239381
72242 32 190879
19137 29 27599
75895 56 89390
23426 7 146611
23511 88 84845
57248 18 64027
95880 59 143657
15403 21 40445
50695 59 114072
38979 49 143958
178526 14 194746
56099 59 142185
13508 27 208688
149051 97 225136
82252 81 160452
176121 41 205376
155431 19 155622
52502 21 212909
115014 38 214128
9263 49 235137
160601 31 230329
84745 76 190898
131908 94 242251
170440 96 222696
16488 62 103974
112366 39 199147
65487 58 168817
67910 25 190196
120076 100 133472
58019 62 223498
35564 14 179924
80354 92 115827
66014 82 241183
223687 76 232130
136442 80 231809
94030 94 217287
76408 34 185597
112552 58 231368
220847 6 223623
49695 36 76121
85549 28 165701
58574 57 97257
47445 21 74253
53232 61 115799
140968 5 228009
151016 19 197138
54981 16 194373
207903 96 249147
72414 25 136051
66765 87 226607
124274 64 185594
6837 86 198603
10927 9 189920
30601 38 55506
23171 40 80524
53210 1 75572
196162 96 241171
65306 55 221464
51184 38 88701
90578 26 232062
142585 60 168616
8203 19 193585
26484 33 104165
26301 75 136355
32903 34 211025
223134 13 225822
170187 25 204599
35619 94 181109
138184 59 154292
217106 36 241306
404 19 186128
21143 56 136974
92599 33 199405
73488 33 155874
78608 66 215407
29834 57 147247
21736 9 238825
23326 59 76489
39846 97 171242
81279 50 249834
7593 40 208147
148781 17 160609
104729 8 109858
110896 36 118050
79232 3 228644
190534 16 221804
46450 96 241511
54772 74 171269
141796 42 244852
56180 8 192314
119862 57 196515
90445 12 222311
8379 96 244083
164776 6 182707
91432 56 246865
22143 78 94888
59729 22 170540
101235 88 216716
93996 77 201726
52844 82 122091
56464 34 141784
120238 90 225267
23877 63 59478
149104 1 216222
92925 48 141586
154592 18 232475
123788 89 234967
125839 21 245325
20102 55 124857
33852 49 110893
70894 82 236973
41202 71 157416
235592 42 247922
46205 2 225568
99810 45 215798
1416 38 143400
15151 76 200592
84073 53 110484
44255 67 192175
110217 73 249868
136420 32 162332
70373 85 197112
122069 35 238371
44813 90 68170
30818 22 70260
11676 59 37138
208956 29 209264
96025 65 194060
33568 64 68188
191528 24 201456
84190 27 153953
7688 30 208068
173224 73 187594
181819 74 238640
85273 75 227691
14284 14 236243
939 67 63027
57299 90 179324
92876 42 217864
87655 3 120940
122292 20 230815
202025 18 239058
18854 46 80645
160274 35 225196
61291 99 91663
88457 22 235350
37136 20 121201
19779 99 184267
104758 79 231895
76989 84 238583
41476 95 215567
119388 81 175275
23504 60 142686
46912 41 239243
9028 72 187478
16272 38 198274
108123 52 195453
20589 90 166270
66619 97 112378
184002 58 212817
119432 40 216809
116803 72 212130
79641 80 84397
76255 22 223684
39456 60 120707
83819 63 220831
65843 2 153212
184327 33 190134
144953 40 156750
165237 74 244491
104792 54 179525
6453 81 195844
126351 92 179214
60294 51 183608
64482 27 212203
110851 77 229370
6481 85 32337
120995 93 126748
60320 29 154399
218374 67 232944
39554 21 163325
47624 83 226177
49333 34 165853
84467 2 147336
173837 32 247072
194390 37 220180
49936 28 241641
16148 84 130913
131103 61 190621
119590 13 207921
33020 73 68542
118534 24 208417
12399 78 161504
64551 1 169946
100525 11 215607
120853 72 193437
41567 80 72345
168971 50 181254
50217 41 81429
86025 80 199361
89840 36 125026
144568 2 203990
20788 88 177942
125969 8 133435
23166 23 186657
126501 48 178696
99163 69 216955
148380 13 148622
136481 64 177920
91969 60 93632
91452 86 161606
32342 88 244263
142097 22 200926
74948 53 129994
128614 96 214558
36844 28 173502
91397 63 176462
60549 27 92233
62189 70 189637
91433 92 235911
141112 20 172096
25599 27 116758
169174 13 223202
60239 80 217534
70945 59 248958
19078 96 190377
12371 53 29522
182548 60 236321
58975 100 84428
16585 30 27400
51822 30 62098
147459 45 155156
172932 46 238313
160131 43 178501
155667 20 168874
1365 74 73946
195824 41 216607
194039 16 228624
87271 73 138812
138159 8 196415
99029 48 238811
7595 17 17732
109709 14 185493
85270 34 176989
68850 45 212482
36439 10 70908
190158 71 206251
127548 11 185938
3626 46 117043
10008 59 30376
95403 49 236505
3120 73 96025
84919 56 198757
59974 17 196143
189850 100 193246
62228 22 191458
78428 88 112160
38376 78 113024
91521 64 231717
135318 6 220264
129508 88 189229
59134 68 215291
180099 92 192281
95458 26 142767
230457 9 245680
150188 57 171311
135868 55 223753
87312 75 235672
14752 99 136176
158238 99 202453
150831 79 182057
137547 45 241973
10743 64 30792
15872 65 156533
7931 24 237593
99276 17 241443
177341 31 219545
111714 1 162726
197265 52 210466
201326 91 246982
105407 12 200168
166360 66 238032
7387 68 126729
96870 24 103068
46728 38 68196
149782 13 190447
68527 29 93883
14308 79 235085
119006 28 165471
85280 81 176803
133837 37 181035
88494 40 97830
159175 21 233995
47217 3 184756
1624 93 125641
144597 28 145644
24810 9 32046
108567 21 201688
188581 45 236004
157875 80 165977
103633 83 219084
24640 71 194394
141640 4 199552
26915 83 117468
77661 86 130349
150406 46 200676
92932 62 94747
41920 63 209478
13966 10 24544
43075 11 116025
43607 76 74556
13555 27 40046
126867 65 188783
55530 35 95834
42975 83 135194
7266 55 164365
70852 9 244688
20622 50 165388
191829 78 219642
195550 65 198542
58401 11 63818
170706 64 227792
84527 47 149906
77593 10 158196
159523 58 191004
17824 21 64049
54415 26 105342
138707 91 153913
73515 59 180509
21912 11 23282
48862 35 121618
9463 73 156265
93531 16 248298
7026 36 20752
25351 64 200964
65542 89 121276
83516 2 98342
101739 42 199488
60208 64 132874
133921 70 153093
56259 22 229492
44046 38 144599
213345 96 232213
8116 49 64578
23239 64 73423
120455 86 185852
119094 21 189257
149086 95 193966
90666 41 248822
11679 75 191111
220649 62 245610
170123 56 170474
89581 29 108639
37505 23 111738
555 63 218707
41167 70 124632
104896 72 247674
87098 83 145751
195829 72 228703
166929 92 220231
40560 20 191665
94113 40 157444
33175 87 206906
50392 4 91491
5071 75 28673
29610 13 98586
12888 84 34851
37083 22 40367
120042 2 181314
34949 51 80608
87377 62 140906
110709 10 241254
21566 64 70814
1854 31 57912
38090 84 133303
8570 83 208019
13245 36 189809
108002 34 139509
46584 24 123391
66466 1 208611
24913 30 74686
3468 49 106861
114739 75 199960
176061 92 213830
57891 8 84641
150088 65 155057
76207 14 188745
22315 3 107252
73139 90 163706
43390 99 92601
161808 65 200143
15100 21 223864
87252 51 219914
114475 65 162223
94351 64 99114
41911 76 143186
13263 81 149328
139498 74 203663
38609 26 92729
46273 77 78410
41293 10 182502
41933 54 109174
189476 5 200855
176702 16 239282
27546 34 245117
176709 69 213855
5796 36 155706
46748 57 86051
90765 74 124680
56046 43 236841
196531 79 246874
103021 67 111438
9723 83 171576
16712 52 168936
107913 14 212939
220496 63 236668
10226 73 12598
195220 16 239056
54881 96 80438
56532 32 134131
44629 16 175457
121995 81 176108
122643 78 167660
23261 2 154507
46271 94 154999
114321 7 141387
75077 6 165118
1475 58 38457
60321 72 210179
35106 12 58587
76130 23 133510
50510 33 196287
175756 28 196399
93470 48 212391
170460 89 194230
32933 18 160805
91359 26 154182
183841 90 205406
17771 37 189319
13193 69 109689
54549 69 92376
1043 3 87280
49000 29 181626
83282 50 231155
138534 33 142480
87375 45 107885
54160 24 149334
77491 13 136090
96472 25 145385
25771 66 103494
7681 48 72890
53429 52 62963
68087 42 85487
771 31 160590
24698 94 184845
73149 22 117782
24856 62 145052
6259 33 228703
47690 6 93881
42977 84 217711
100928 57 204758
33365 8 209371
117531 29 121201
28706 35 142869
92989 3 100681
71822 60 193635
128381 57 164955
19313 17 157447
71511 41 183182
24363 100 153680
3409 15 17317
47469 44 188440
45861 72 189796
157712 66 213316
163280 10 185821
149960 67 174640
50802 99 178014
150529 48 152904
107821 85 134093
117938 94 143635
140920 45 231345
31821 38 85642
10295 31 21721
56231 23 91816
49194 49 171532
11962 70 139554
154014 36 239914
20210 99 248888
27530 60 143305
36738 41 129979
66130 62 199403
19389 73 207950
12237 1 30528
159746 99 208618
119600 31 120453
63103 28 162271
13970 39 226083
29060 40 135111
8249 92 183637
66240 78 182266
48237 76 207054
130158 13 137835
41514 82 50761
69599 88 110081
116054 51 156372
43718 1 111688
15535 83 129498
85402 49 219908
11033 13 140124
19157 95 65253
72867 39 237162
169346 27 202391
11907 90 219270
98351 27 189951
166283 43 204084
3846 88 204629
48851 21 89102
126231 92 199181
12620 83 28493
168018 59 235841
79938 6 145131
62536 82 182604
38403 72 245426
88937 11 125034
35349 38 86218
76414 14 196878
95663 54 176119
6613 83 181285
145869 30 206477
77272 98 214829
113281 49 178824
30292 15 216059
176103 17 246086
103571 48 223902
216276 75 226625
6454 49 237383
15556 79 244926
6198 69 108647
74010 52 231612
60733 72 242815
28247 46 52774
28537 22 128443
5767 44 231019
94866 66 203568
193036 50 216073
74818 58 121157
35715 47 239766
183733 26 185083
91931 77 139148
9798 27 80569
52006 43 192476
4751 14 195932
13214 44 206265
118707 83 130518
141253 44 199188
185082 9 242089
22674 86 31220
109266 5 149983
15638 68 191104
238433 26 248514
8409 19 43365
79211 39 83071
30423 65 226307
59100 37 185428
110388 2 196345
42841 93 78376
142899 90 174977
48504 11 242073
73950 19 169355
59165 71 83677
54593 45 102963
202284 96 208707
89306 2 236568
38737 88 202086
119367 96 203860
29470 58 137173
44744 93 139063
126757 58 243810
133615 27 184944
48790 84 90002
9970 5 161915
106676 25 139693
14879 6 110102
79294 2 180169
7845 68 100015
135595 6 151826
14559 2 56632
27649 20 90209
71746 40 188579
147190 100 205158
60668 25 180235
168232 51 175900
60630 45 216362
100064 74 226813
68258 46 124669
161247 94 183343
81887 97 236987
139632 51 221956
116937 87 121292
134045 48 183376
75454 43 227447
42191 76 44341
46073 65 198450
23368 28 77049
29811 47 177901
58417 10 192382
150571 3 209185
107469 29 197960
90877 97 205007
62658 42 229415
77344 83 231039
185948 50 237358
40974 53 139593
107225 29 184209
33562 46 91518
83952 89 94481
35484 24 150693
125541 42 136660
186244 18 204225
111327 84 249842
169165 91 213255
67576 90 152302
203132 2 209680
42647 74 237323
117674 2 212458
83323 93 226858
140550 34 167895
95319 100 192446
177851 42 216782
122336 34 125161
40244 3 219299
121600 96 157081
16410 77 26290
179608 80 206501
22297 22 210813
122608 58 157693
41345 38 229239
16333 32 25079
145663 5 165916
9153 23 180762
19369 98 151518
159793 15 222638
123361 59 133127
2396 61 186678
11516 36 205505
133526 95 227125
104949 44 217972
177047 68 200280
16331 14 76842
41702 45 178270
195949 25 247032
65702 70 120249
183510 18 200133
106685 91 131746
64888 85 154730
91986 94 241303
230158 76 239478
33602 53 132246
134107 72 238474
49910 12 182110
103258 77 239501
92923 99 129259
118986 11 243277
100811 46 110503
112922 50 158654
70492 19 247495
152207 50 182766
76877 79 181271
226451 65 244044
171510 62 191259
7827 71 173743
26387 22 39298
6193 67 129111
92295 98 96770
5268 11 226888
104807 55 234176
158720 94 234299
9809 43 10595
135489 80 139968
764 74 52341
54844 7 155533
83177 10 207999
28902 3 138024
1174 24 233755
46330 70 202697
43469 13 125167
77827 96 182782
25011 89 232337
49808 46 86327
96782 60 217403
19923 78 127386
24973 78 237247
107086 20 223291
25556 5 175254
92757 49 196648
39026 66 124356
65712 79 142412
71535 79 150744
91864 78 181772
48950 93 60818
171920 1 237623
16459 24 136203
127456 54 240800
93243 15 97935
149055 17 176696
71974 40 84238
95999 29 136809
56638 8 208757
100098 37 103337
9826 47 52018
6041 19 197683
10233 10 96864
60835 63 167189
54737 48 57896
105716 25 161966
175714 84 244544
164002 23 226417
27091 75 238124
101852 85 166693
119613 43 151889
87057 45 192382
97114 58 180472
158517 12 175405
76286 15 177488
220894 54 244930
71523 25 78010
160902 27 204400
52454 91 102430
107354 40 192779
160114 24 168857
43070 42 162127
207232 19 218111
162303 7 163361
191894 24 228812
6980 68 229862
174507 20 241086
184333 70 219297
57305 75 150518
43744 37 218092
79772 12 135148
132466 47 190445
13465 10 180641
5812 61 196602
107355 98 242896
69523 94 207182
136307 24 177618
24575 96 101523
110612 78 182123
2641 49 204151
18134 94 227981
168699 16 241542
93058 18 185823
147860 35 213006
32017 89 78299
157344 82 238191
105121 41 234572
71389 12 129168
158646 69 221355
15082 29 233929
30087 58 98017
82299 27 192501
158229 62 181733
25589 78 161475
74286 89 221876
163954 15 187252
10069 42 211982
101326 41 133098
134814 2 183978
23161 14 57414
125986 10 202901
3070 20 105833
48577 21 76751
83929 1 230997
53905 99 124853
143041 23 180580
179194 91 237682
131464 65 158040
23073 2 165555
19258 56 118622
96737 36 219363
78981 36 161438
60093 100 196728
27958 8 142214
158093 72 218419
120448 20 199974
81279 43 104645
91698 48 206702
163932 66 230611
93194 48 132680
102895 18 118210
3913 91 102443
136693 82 142584
17727 56 217080
10064 99 117715
12685 55 24308
187401 10 198504
140890 15 148597
114963 98 148806
105156 65 108667
4156 6 18632
30365 79 166801
136762 1 147845
22816 26 115299
87336 92 213217
78294 87 102132
37120 40 204477
30765 58 63072
363 65 240889
68607 42 148190
107986 30 223462
65359 1 69047
18728 82 155691
54503 77 170526
65161 6 99330
119743 78 145351
6754 85 16815
188584 36 220992
2990 98 94048
176025 88 219918
144552 78 190616
39042 32 39425
219324 41 219809
103245 82 183343
88268 98 90617
110284 45 184354
20190 84 239558
223716 62 229922
74260 70 75220
134794 38 169475
13150 54 148105
4886 24 130624
95954 60 234993
21621 37 226327
130433 93 149276
4849 20 46728
198312 91 199544
6114 16 119310
143296 81 190748
86011 76 221110
196785 74 221571
10609 80 69063
96212 80 233230
78934 34 198850
11448 72 102725
164682 1 246248
155322 63 234056
15089 84 99246
165971 84 230109
155900 76 209650
75439 75 150541
96583 11 103303
143340 33 173157
202446 41 221486
39326 32 83911
98873 16 191189
68785 26 142376
144409 5 197268
48506 3 219331
21775 75 136939
28256 99 154593
49611 44 88730
49470 14 112487
125160 1 146192
150575 66 157435
22449 74 238486
35347 35 206661
89170 87 171129
97188 18 232815
92610 76 233940
52593 65 69187
128440 84 185381
81971 36 122970
60567 8 99947
90462 65 214842
130721 94 160446
30894 81 184343
139824 24 199993
12095 41 48335
161576 70 183159
4698 65 142672
175295 31 187255
191594 27 210279
69691 66 211817
54965 4 213184
3528 84 24637
65847 91 220024
75072 26 165648
74005 87 232954
189286 10 243400
160627 57 217650
91365 21 103350
38075 90 210475
54800 3 140887
107791 27 199001
44141 48 71103
42356 18 49727
29734 48 236366
19108 74 159768
5677 15 207917
86523 94 135336
60567 21 76786
81103 9 139909
118852 59 181005
155822 94 190737
92873 5 152651
114845 32 207207
89344 26 105290
68335 2 204377
65558 61 228396
98423 59 158736
27902 27 74247
50867 33 57141
34974 72 141100
155416 4 232753
173830 14 207597
140255 55 207415
112916 75 160874
118313 42 138853
42273 81 215953
161530 29 204797
118138 49 236153
138918 94 232126
231400 44 245460
68951 47 79244
11729 68 64073
112537 33 149684
23768 10 78235
38156 17 173364
15217 11 150488
20256 83 212729
112677 54 165038
106044 21 192597
89299 4 91116
13917 12 67835
8969 38 144287
25206 89 242881
44467 32 243840
108051 15 127134
31810 20 223974
59479 70 150651
48966 58 98613
55526 87 81371
62743 83 134703
110611 42 202779
104150 99 211661
26730 19 193302
101257 16 205875
52287 26 169146
56807 29 140065
97828 88 207828
194887 58 215065
26638 80 214708
115796 23 234518
7734 67 88916
1300 43 195766
14168 12 68296
1001 92 106872
1568 99 30693
94224 67 117610
131085 34 163598
83454 54 142226
166723 9 195835
72665 98 205495
96600 25 177130
156123 99 170294
32551 65 60804
146203 35 204774
184595 50 195076
22544 6 29076
99516 72 192858
59138 73 148354
83148 10 86941
137585 31 180843
96125 91 144392
46318 70 176618
1851 42 247269
50061 24 97273
12640 56 79116
70128 69 154448
32642 78 151458
59358 2 180251
16098 75 183170
28141 4 150786
48582 98 217205
69697 49 180326
122551 98 139320
113545 3 167284
153177 34 183322
119932 86 144875
147775 87 177851
102569 39 203447
34821 92 102335
133664 92 239042
127167 59 138688
126128 47 220381
220443 87 243678
26115 10 191427
53813 89 233156
30746 51 74983
154367 66 187587
238088 61 246785
120514 98 174394
175628 17 209601
133532 93 169163
63848 74 198246
195224 1 203825
131455 72 141171
165624 73 242149
29147 51 58358
64490 96 201210
72989 58 128833
12467 71 208021
55530 28 131361
66622 3 222611
90183 92 114189
64554 35 86243
57493 43 217123
100885 95 205139
88600 85 172925
105533 7 158078
186762 91 207582
98298 17 198418
90831 25 183727
4795 20 206748
92558 27 106406
141269 64 218756
162523 28 209279
48082 93 137694
20686 30 79921
118828 22 230795
122557 89 155576
97092 4 123132
39327 95 68105
18181 58 208556
118140 10 202200
57214 49 86106
67765 57 79762
64884 91 194582
181311 26 205056
88568 3 194028
170901 82 221931
85966 96 89696
17163 43 236006
4694 90 227107
34082 17 237360
172713 62 237411
7389 25 199867
37046 82 78301
109669 14 207128
81055 67 154581
169981 75 186303
43038 67 137752
24409 9 57085
197003 92 225787
176589 80 215773
163414 13 163539
126678 50 175540
31903 24 203959
47244 31 226618
103556 41 217186
16613 30 32898
124076 74 139816
135581 57 178915
40243 62 180882
233319 89 239703
106697 19 237217
86986 73 201286
139822 71 217728
219013 17 235202
151128 79 152283
95919 26 204572
47884 78 165760
77940 52 205885
170007 6 224130
36838 87 166448
149203 23 244648
102939 61 128047
56813 82 210470
32817 13 216023
45029 13 79452
6175 15 233901
24379 87 34461
18540 88 218848
75675 56 166270
46665 55 133486
14497 93 126560
50071 62 79152
176107 16 235172
13367 6 33420
80877 38 203646
15401 62 36185
16091 24 135409
42688 56 141008
153471 54 159347
118418 33 245721
11080 81 169529
225849 16 233831
38822 1 74658
116951 64 169316
155404 69 194224
130807 92 212814
165776 75 231557
20427 53 99238
62467 44 216201
46292 91 180751
131387 49 198091
4725 20 95368
103083 1 195255
163781 17 172956
82271 6 214452
5214 100 74775
90591 75 135141
192977 85 227583
12146 96 244804
53799 100 69547
32803 55 35707
7889 35 24496
81510 93 120478
39197 73 47017
34914 24 115338
60250 79 208246
17288 59 65594
7575 54 196113
21650 67 95095
161262 6 186833
61859 54 170901
91721 92 247018
32112 59 186362
163102 21 240361
161487 68 231534
40640 33 63404
28383 61 212407
55601 32 226550
145883 47 169739
74322 18 200559
66309 89 150803
227710 46 240943
74391 59 174884
13010 32 210279
27283 14 62957
155983 83 218384
84694 28 95420
74598 50 79267
113304 25 116297
15043 94 148979
154923 4 191614
153926 70 208820
17214 43 193155
94919 9 248667
73249 23 160538
39782 2 96281
136678 6 181731
28812 19 239282
16148 85 248996
129624 75 168466
67517 72 136186
15416 30 154572
84074 72 140063
47160 79 164270
29642 48 63275
90192 42 108854
67007 13 248569
419 51 75677
29333 69 75610
20755 63 97663
50060 58 121760
29290 7 81757
79984 58 236413
99514 54 121521
64955 67 128261
112247 12 130881
146442 72 181738
38513 55 236335
88331 16 193791
174636 26 205594
34177 28 219481
138870 1 244320
8911 1 41353
191848 41 205003
94058 93 234256
133040 34 213199
4543 41 81993
135849 72 158594
5427 24 100215
163209 73 189239
3353 53 138144
128315 70 166708
132562 89 237589
131483 81 236335
154869 4 241004
54837 73 56288
62327 77 140764
137867 60 225128
141989 26 236084
72323 61 76094
95558 21 165579
107416 79 208124
191163 57 234522
108886 51 202387
17138 3 54672
18518 30 92141
45497 88 95396
45179 45 229556
12618 81 17675
4890 84 179615
40781 65 160124
203633 1 223858
8872 97 183034
182056 63 223512
10083 57 146077
109710 78 227126
69870 66 232501
73498 44 102684
59327 1 219410
79532 19 123650
81313 24 217970
44452 10 165154
50378 78 209453
45368 89 85077
38404 35 156912
63407 67 63517
89526 87 113408
177576 67 205997
117543 96 153796
138359 77 140069
23094 49 135763
138917 57 167686
107212 20 213678
20902 17 34493
88465 72 96874
74437 99 157701
84920 88 228180
56355 21 131749
190592 71 213213
2749 35 242514
203818 32 242644
42860 26 62332
17869 72 73268
137062 60 204310
110264 89 175857
63815 65 203229
131324 3 235484
149342 6 199310
37758 53 176656
159929 25 171899
109954 56 240117
76515 60 107619
199472 93 208832
157384 43 203056
43779 69 97714
75452 12 201421
10268 13 115023
11885 7 108437
170575 70 215035
85327 7 216045
143780 30 210251
86469 64 214080
134229 63 216677
39557 50 140569
214317 24 234104
23633 33 100761
132781 90 249702
21098 25 45782
10113 88 119621
19253 66 25354
22367 80 165148
129794 46 148361
117585 43 218790
169674 89 176427
148505 15 249799
127711 29 201940
112586 58 238705
7843 10 232783
159160 18 177022
67357 31 137004
53202 92 219211
68421 38 94703
143088 87 194195
111071 42 182864
100813 62 185785
71034 56 209119
205198 20 236237
132770 87 198303
18261 5 243294
189548 90 220688
73815 26 119744
201696 78 221682
14454 51 245711
36451 21 134044
5094 80 129270
151420 27 162510
90259 86 208015
6380 94 180262
36606 33 148745
153213 83 153449
84332 35 171412
28666 72 53780
105119 68 161195
2130 18 223396
54226 55 223423
115251 72 213678
6339 84 232098
84201 33 156750
37269 7 145869
106008 28 203744
16882 86 147030
8085 35 220290
85362 31 212553
34983 50 76745
61889 89 68551
129355 84 235425
144105 23 236002
118157 79 189901
24796 69 190792
47602 41 234426
61762 22 240814
117060 80 163987
153383 61 228214
16309 60 218465
14421 73 218092
18737 23 99174
147336 75 223903
179597 32 222336
13080 24 153996
178181 77 236340
50819 79 217699
68997 15 142338
5553 6 139421
37433 100 129275
4930 92 235051
140658 24 192486
53780 37 143633
94079 14 165637
171313 10 212108
155020 78 172738
103054 8 238643
208866 42 239218
169077 45 232189
35797 18 188286
19383 54 44715
47845 61 99432
139639 30 209645
111808 44 153106
18444 21 233983
59825 49 206983
154749 14 157138
54105 83 158069
24091 80 205953
46308 5 229381
37030 42 198884
14708 27 29137
6768 34 52619
67886 77 191000
13603 10 81970
82399 49 111397
84907 46 122859
202515 94 221553
81902 20 206511
27622 21 72955
152005 29 157334
150686 70 155970
157729 71 167343
7075 72 22794
46659 7 99419
73717 8 195896
86452 65 148309
106020 79 160404
113847 100 124009
106195 82 200444
49852 44 124790
94182 100 158625
201183 60 220033
120909 1 139126
67231 96 183237
168526 18 183944
42679 78 132113
50322 2 153155
118382 59 119392
117373 38 217464
130896 97 198717
18842 94 103323
10774 57 244631
111027 66 193752
77101 10 221552
20888 64 42824
124370 2 143124
79257 82 114458
74169 6 105074
117385 81 140637
98437 62 238873
149777 82 226306
194938 5 208625
31738 68 166772
27903 22 181969
46302 1 117807
51726 24 232175
28057 37 180550
77796 62 111831
23272 96 247501
104415 48 106995
142541 100 176537
193872 54 228440
3149 53 68043
38863 25 180637
155646 4 208410
193251 12 237716
58736 35 197661
177036 37 219498
117019 5 146466
61071 84 216197
176509 39 184449
73483 22 154468
12545 63 23693
64046 93 118238
51487 97 216249
178682 49 212285
139365 33 152920
58004 39 229533
144066 33 219784
96283 93 199188
73088 76 136888
22127 38 247240
9321 42 216740
99124 49 107346
123352 43 236111
37812 72 199049
122499 59 220554
120683 7 145289
59102 27 134362
190355 99 248774
81988 52 174657
11389 20 128329
50245 80 67660
93015 12 155819
24606 2 236272
80604 94 200150
27925 94 226089
33728 50 68775
26364 32 137352
78704 43 186500
4205 84 154110
124267 53 126174
192642 69 210585
37767 92 131683
142152 10 249650
121694 70 165812
175910 3 241895
122017 74 150017
77241 44 95163
16569 48 173621
42937 79 89972
60093 92 131795
71523 5 221409
70250 91 226939
35205 51 201193
118932 90 192363
176780 31 182436
13610 62 36880
154517 4 213394
156518 67 226118
5913 84 147180
17591 95 71510
67164 67 110360
120979 92 158425
77718 84 203059
170851 66 233238
132354 57 146467
33243 56 171460
190825 98 193032
4406 11 15048
26902 86 185930
80312 54 171331
44158 32 182529
158213 42 186846
155532 19 199176
26 14 95167
8842 39 139581
8156 79 34626
45452 24 174125
165273 100 247907
229604 99 241688
86914 60 161259
112210 2 234300
59728 81 68939
88057 40 127396
107125 28 130815
27226 10 44824
164254 66 200674
147220 70 213979
67002 14 166293
85318 95 100705
38333 65 104390
129163 60 236944
35045 88 182130
14292 14 180022
18468 24 54025
52097 5 244522
24999 47 87509
57633 36 95502
25153 58 160610
85031 3 134634
125981 57 228538
155647 44 164697
62328 7 110396
58814 10 173105
10412 51 81365
5008 87 239943
47557 36 78915
14067 62 184182
34097 81 97795
106040 99 229452
37838 53 65445
17582 93 234170
203972 91 242016
80781 25 126273
64691 70 165013
78830 64 163043
127917 47 203820
103896 79 239660
30640 92 115109
13441 67 48435
68116 6 82446
56444 53 62066
56808 8 232204
97964 32 178688
100472 28 193169
78585 21 148765
79668 6 103046
70304 45 242222
80224 54 142090
36198 100 213118
165389 9 232546
62565 92 227976
71423 60 77662
44323 65 239879
180014 8 215939
51799 27 59588
135068 33 237973
132111 62 236326
225303 23 236946
119105 22 147638
64228 75 227170
118998 52 137939
152089 26 156414
18456 46 94898
31104 82 98874
666 72 165310
143874 88 172265
102706 68 183297
93783 94 174131
20439 63 163405
151644 70 212701
81830 4 195474
70476 36 183011
73125 23 159536
239407 80 245796
43194 10 154031
36303 40 188370
361 39 7000
11124 66 68778
57735 16 65770
53168 54 194656
8128 81 50227
46861 91 193001
6101 58 89633
15200 87 222953
61705 31 187403
91114 4 101796
12933 7 246874
77885 48 149312
24623 88 209722
47196 96 226862
22531 20 194178
31546 24 203058
15479 27 147335
27988 81 187551
155972 55 232689
94864 88 144982
159777 72 178473
121698 37 138742
13112 1 134392
179771 24 243238
134360 52 214996
143840 94 204514
68298 64 142371
66902 18 149664
121758 59 195576
176810 6 242565
89631 15 130038
159254 92 210767
17881 7 49893
136211 23 237877
31794 90 186013
74358 15 86714
13756 43 162497
70908 96 133532
133428 91 185870
91394 19 141082
125875 89 156733
163732 44 212468
13375 3 202351
26245 8 180538
15024 23 168812
133874 90 157799
15680 46 141939
130309 10 192659
168600 41 204289
183095 50 201620
13551 54 101602
35373 57 127249
110042 8 228710
63235 46 140965
114976 95 225564
67758 46 146274
150892 5 162035
17859 94 80543
107157 41 160093
1935 93 220149
27543 78 219366
71318 60 187682
75839 65 79278
95939 38 207125
164747 84 244134
17536 56 70304
168295 88 172056
118792 100 144771
44955 33 102836
77278 46 149955
119376 100 173033
120273 87 230821
40563 61 124680
37351 12 189072
5989 27 98524
141114 75 204086
1934 85 53261
102838 48 122342
51481 17 65422
150283 29 181662
19061 34 156594
56787 49 71267
9544 45 228962
72966 5 148099
116579 32 129462
92699 98 210329
35972 64 238059
121647 79 211656
16506 35 71144
41674 86 160635
100638 31 188777
28785 46 108212
7239 27 42861
15232 18 50561
13004 49 159370
30363 58 239705
6728 8 171570
674 57 172294
7463 51 72619
61862 45 128638
81265 36 171872
59026 12 74314
73442 13 94321
142213 51 243878
52080 31 169903
130805 60 161775
19872 37 226156
30388 81 213925
30654 82 194882
19057 26 62083
94567 94 145860
54340 63 101614
15932 47 228741
149039 46 155255
1723 42 155743
83408 16 99264
37698 83 57908
145500 51 211652
12062 82 163240
109494 32 119350
96448 67 134843
163335 76 174858
68932 82 238052
115860 19 203211
193791 12 207748
22336 74 70319
13251 44 144161
173945 24 183840
77776 65 137029
190390 39 242430
13488 15 153339
41737 48 90140
196856 21 223202
21277 87 21529
115118 4 242743
105892 32 192915
114689 5 223613
36024 2 134153
100257 63 159045
99846 15 223825
123482 92 210514
34908 1 100633
84079 65 102195
7677 6 26199
60204 72 119556
127669 2 138372
79653 35 164053
170885 94 203019
182923 85 242292
161782 66 183655
121283 90 228156
6843 59 130086
47584 44 122713
171469 27 222943
96846 42 247333
176767 93 184987
68435 32 107669
82146 2 96183
211341 16 225153
185708 82 219125
189243 5 193243
190119 44 205012
122942 24 176142
51797 13 248597
16622 6 158367
40094 67 113954
43673 28 234469
69866 5 163399
61682 65 205701
86972 33 116839
18987 50 173150
58886 76 62519
81348 87 229977
86190 32 111501
75174 41 91385
39638 28 109058
201937 91 207413
81690 16 121130
9987 47 201475
15192 14 116862
67766 19 145108
68586 62 245247
41717 56 190712
55635 17 138518
12850 9 228116
137879 94 190886
76146 67 116052
242029 100 245871
140866 55 162423
13371 12 236926
49274 62 219146
95944 64 199246
69608 88 152775
29933 67 80470
34005 76 216850
101994 43 205523
109221 81 223049
51994 62 129048
45383 30 107678
33482 19 144593
150365 10 189817
11590 87 123266
109504 60 162436
71736 98 167759
186425 50 248613
44049 73 57128
68039 59 89583
79429 48 137491
57706 14 216977
200311 15 235374
79643 32 126703
114148 38 234765
172356 62 196695
50834 7 75427
210276 23 214402
138122 89 145641
174493 67 179353
211872 71 232757
165479 50 174164
44289 63 244168
43506 82 84870
123892 35 242888
18086 2 57638
7440 9 202369
17741 92 96755
216418 60 241181
17999 48 69218
96671 100 115160
106702 39 159731
7824 43 66716
10145 74 146286
3094 89 131375
70682 13 111048
229257 43 246129
130420 51 143041
64554 59 233254
134712 58 194578
127319 67 162176
88975 40 158139
85350 39 110611
114011 12 237323
39532 34 237611
73758 76 99529
38915 57 65208
13192 95 202398
24516 7 233593
119292 74 247099
17741 37 126869
101347 20 202475
7562 64 122301
231258 41 233215
103446 62 236322
98599 68 142958
74676 82 213765
13534 52 36154
209473 17 237503
135011 2 236963
195875 52 210209
5116 5 41140
59453 77 222954
67634 26 194415
51460 42 177302
49066 79 222572
38138 75 147715
209921 6 230981
59304 91 158035
91211 88 192280
141898 94 226581
87882 65 145543
159235 42 162284
74333 62 227496
147472 42 225533
35499 8 97358
14406 38 24539
132349 13 229720
47964 3 133795
13948 6 144375
158786 38 162387
18647 79 210560
12718 91 63523
90714 81 205556
45550 57 249012
16353 47 101809
107376 58 189745
34797 62 183353
40272 97 50202
71358 88 187990
128212 15 236780
122724 3 187831
215715 53 248215
71200 33 98708
95294 15 167876
19653 8 86810
145188 80 241362
36871 41 43788
179153 43 239116
35695 66 226418
213138 55 225923
93602 3 222021
83924 1 160494
77644 29 182485
80851 30 85771
140659 25 213467
9386 43 111970
40768 91 209932
106775 49 226224
80262 49 244407
36386 60 113757
44978 99 216840
67712 20 89645
67710 24 137463
195666 33 236612
70550 53 194810
148973 56 167584
168692 60 199746
37302 84 182960
69099 43 128699
62367 27 203673
96912 25 207430
22393 72 211011
10952 84 41571
61390 96 165578
20622 27 212615
47845 2 136094
177014 90 223271
147307 17 191511
4247 8 231002
59698 37 239824
149268 89 221591
186904 55 199237
122648 17 155201
152110 88 178481
7486 63 21646
56014 13 190107
60166 28 231452
91069 1 158145
97171 26 111615
43737 83 139478
200825 32 201805
51074 87 148444
234721 62 239443
199955 5 222187
76591 24 83061
137764 43 165157
86143 64 224245
75789 96 121928
100451 83 236254
163878 96 248794
86272 71 198652
55952 98 155359
51776 18 210240
76975 4 86809
191614 91 217329
33730 35 127496
50951 48 191823
108955 26 247380
199935 8 232968
208383 12 216037
72672 99 117113
89598 84 116544
51958 79 169247
96988 78 213860
93994 17 209822
89864 37 99125
111016 3 191048
15451 91 216065
152066 62 235471
177979 72 229333
11732 43 127277
65099 9 145640
123309 25 130681
65653 74 180830
74703 48 231592
95233 50 116022
153044 45 222047
26205 88 198207
88273 24 222826
126222 81 134794
2310 63 59602
44850 8 182420
101277 83 213602
172027 18 213659
127715 67 205213
118980 24 192348
79180 37 184915
30265 91 55156
122815 23 187945
63022 58 64613
63502 5 232152
81792 37 188361
30137 5 96588
152565 44 159263
125105 28 174351
89342 78 185824
55307 34 148608
99353 69 214570
146401 54 234521
183119 84 214400
168578 77 222687
106991 99 203322
196132 60 227905
18840 31 119788
66123 47 104665
116298 74 188037
72375 74 158775
97935 79 230664
64470 5 136607
136121 56 226153
49252 41 180668
69575 36 87402
141326 58 249901
46167 90 177005
7168 79 105196
163280 87 197792
68879 6 139605
153976 61 211701
122292 68 176343
127221 27 205663
32381 60 46715
74719 77 224991
212881 10 228556
80217 84 208998
109500 37 205536
68750 92 76011
73984 18 136242
111019 47 223013
39925 26 194617
47694 68 142091
112059 35 130219
70232 88 205037
129802 8 219830
44559 19 154669
30377 16 160684
206856 93 214351
46319 80 94183
38872 86 53160
103568 82 248532
56033 25 177425
196089 9 201419
40994 27 241628
190221 52 231574
51274 17 184897
158463 5 223515
230417 23 240584
147646 6 162057
12500 80 101506
5341 85 111791
71666 73 189847
114605 58 188360
84571 79 147314
65291 3 115266
133177 98 153952
59960 33 79605
95900 22 111214
139890 88 153053
133209 49 185541
205128 100 220092
41965 42 82637
72813 94 229426
6038 47 65268
67309 70 240696
157921 41 239823
121590 87 166541
59359 7 186201
847 32 120366
56290 48 180621
34594 38 96583
115147 34 147746
197568 58 233401
141631 83 145689
181217 6 225908
124911 44 139727
92937 3 144192
109732 30 210175
113207 42 139763
54549 91 103816
173709 7 230712
37861 72 116515
168185 5 232080
40377 66 113569
104982 6 204755
39529 89 84044
87533 67 225387
16557 54 147625
67417 69 240961
60574 27 246815
224752 45 244776
24279 22 46843
5159 19 181701
59032 15 86375
5792 64 28187
109071 79 154793
188960 90 237243
186061 66 248251
27898 70 28587
149852 5 189698
8049 16 241846
43311 92 105138
49846 54 217613
11622 63 60526
52323 1 89610
116673 81 149633
263 21 160274
86907 91 178900
37971 64 144980
146378 80 215866
58004 14 210109
46181 15 66818
7647 46 237618
153405 77 186343
104059 9 144886
17602 24 179962
34682 35 113218
87121 52 117241
11296 36 12597
23349 18 92125
113947 39 239266
69424 80 171958
165501 10 189398
20984 100 242329
33901 59 147254
99778 69 114644
41986 58 210858
10598 76 37598
41977 23 206741
213491 8 218085
73185 36 221460
26179 97 183072
46062 99 239944
1941 31 51599
199082 32 239458
12028 58 89512
14886 47 20897
24114 1 149109
13148 60 239184
7299 31 242313
74176 39 156374
10816 38 168100
79435 36 117367
119318 25 215163
76072 33 136855
32356 100 242291
49032 36 109205
16150 83 129999
42090 67 69270
30692 61 159432
577 92 237741
90989 56 135940
131348 17 242945
165826 66 188491
238218 70 247221
76381 48 153114
28100 44 40456
77374 46 106809
150285 49 158629
46880 88 139806
204033 89 240127
147342 4 218851
104006 69 136854
163954 36 215992
132679 41 204789
57338 81 240884
61897 28 154167
123745 78 163284
13427 82 30421
139481 3 173159
22545 11 198629
100526 93 240700
113505 98 197381
78313 50 198581
36320 76 154899
814 10 154922
131952 6 193880
39635 17 158077
61407 47 72066
193323 74 243163
21826 38 233395
32510 54 63904
106472 81 150004
120340 79 134839
12651 3 162211
104629 23 145880
99415 24 120513
4249 64 237385
39291 66 73829
113669 48 127304
93982 47 149288
159119 51 191239
1840 97 46539
211030 42 224433
63419 63 100568
19594 28 94760
211473 5 222334
75697 17 242191
81400 54 249161
30780 3 211896
111340 72 130916
85275 78 177958
8619 2 78789
20933 59 64899
26958 23 198644
6068 61 82947
64953 21 138626
41416 96 110497
164700 64 171083
37706 57 172628
10631 15 162523
81963 13 88662
47881 47 107761
71951 50 215623
74072 10 154657
94708 36 132918
154116 9 236247
43661 60 143363
184500 71 217597
38813 19 192506
219447 28 241050
11610 51 107749
240234 4 243709
193793 35 233628
164871 88 246906
41711 38 59985
113504 73 231892
66139 75 172834
44405 3 129992
219681 53 228745
105481 46 183206
27996 80 108898
109347 14 195407
74596 18 233114
3602 77 73909
96259 85 221175
62869 88 206241
197090 69 212281
110828 62 178290
17974 46 245444
143094 72 150233
20321 78 201872
21555 88 150905
26743 54 86617
111340 45 180651
432 31 184402
123963 93 232485
186815 55 232914
99614 77 168774
67241 44 210324
20566 57 104229
190892 27 243759
6465 55 113760
128553 78 174113
6052 57 75402
14754 19 205973
89867 32 149421
105177 57 221388
4452 97 17664
229178 100 234829
119074 92 237189
186799 67 223204
17515 51 130637
72106 22 222954
25147 64 75122
131038 6 192485
74771 67 136314
22768 61 121799
96421 29 205609
123735 18 181030
49865 45 206461
134232 95 182137
113005 57 178692
87344 12 120740
137357 94 201420
120090 51 129491
103327 56 133008
93696 69 231554
31462 44 99333
18988 47 97262
27174 68 238999
60878 75 61227
15329 59 115137
129210 81 214969
30903 67 97546
49384 98 244499
28880 2 249658
20238 17 75263
148035 16 154002
8678 17 128882
48575 95 106207
106119 36 186415
128408 18 231664
17554 49 73584
78237 22 122409
18215 45 46160
157709 3 225913
41318 10 64412
65203 27 124821
54138 62 216479
47313 75 165332
22017 2 29825
18270 55 70703
104635 58 218898
68366 92 241528
97288 13 179795
64414 20 146856
60715 9 195973
96719 82 103882
36942 42 230215
224510 12 226343
83768 81 157487
12267 59 56275
27816 26 40845
70576 12 169328
86205 83 181454
145212 55 146062
34502 60 237769
22650 67 241448
9942 27 70394
90416 30 127807
86303 73 181165
124637 56 214565
96706 12 97355
32236 7 103985
74663 92 142389
76811 75 234342
138969 90 240311
5017 56 23414
33385 1 244495
162532 35 166034
124056 82 206953
89478 78 93979
119092 99 221909
95329 34 156067
9072 33 233862
115119 38 241656
63433 4 172221
198704 27 215804
221172 21 243982
45003 88 64400
135857 20 139981
124396 98 215687
90558 8 247725
28924 47 109820
74020 61 99457
123904 27 147678
196769 21 206469
87067 99 149799
79780 34 220358
115533 38 174220
27709 53 213038
5459 43 226289
131372 61 173856
67820 46 105336
172615 42 186153
121836 80 187987
91406 62 162540
78616 1 185958
43476 65 104123
72774 41 171155
47817 22 69576
122113 51 126003
114177 29 202213
23790 65 191025
13326 3 14254
33158 43 242709
119441 1 164716
37427 1 102526
117498 41 218691
124124 70 152854
112168 25 206603
111036 31 176478
147152 44 249196
87523 6 205899
30987 40 132715
106027 4 230035
62586 86 113494
111591 9 194905
31560 30 78236
82750 78 214114
13231 81 235468
5425 37 81663
69926 20 149502
45579 7 245794
18766 57 22331
77063 36 159436
19589 96 83319
88774 58 173268
31237 59 130287
4051 17 121324
124888 7 222115
172812 34 220755
61410 41 93757
15597 29 203697
31050 4 197791
30452 18 184106
92912 48 185284
211758 35 231601
85558 33 233773
1244 70 113476
79956 80 131579
91001 85 108817
141733 49 240712
101270 50 165799
90814 57 97950
58612 30 209171
51181 23 137616
131410 1 140269
206276 97 239535
62387 26 233801
23329 94 219771
76336 76 203811
146990 81 191751
84973 25 135127
41053 4 212433
7926 33 93694
55166 83 212170
42790 73 244338
170615 56 249423
143500 8 150677
70733 98 243156
56796 47 92528
119871 87 147451
95963 71 215065
29123 75 83051
108294 95 199441
50351 85 103678
12127 17 143462
38421 64 100800
7058 26 92334
53956 59 129531
59958 86 92937
100253 9 154814
40835 43 89530
61371 39 230202
198372 6 249893
35722 14 208260
70758 19 123016
30666 6 195958
72161 14 225419
211409 6 245741
27403 75 66744
192490 13 249698
193455 66 222398
99638 1 164597
178649 95 211574
234660 73 243695
11375 75 98209
93224 38 178662
95229 7 209243
135602 4 197859
69943 46 147508
224889 18 247058
213219 34 248124
33623 81 234162
17614 55 182141
67740 98 236637
9185 53 36403
92672 37 178918
9232 58 133125
39315 92 65988
28575 68 123648
74850 25 148093
212655 29 224549
7331 46 64529
217590 51 234869
133508 31 207961
77365 4 99017
6482 3 189888
30399 49 107248
44537 58 240603
82301 17 137386
117196 34 224867
65532 51 202550
31922 91 48805
27043 97 125907
91141 10 129283
142335 1 145500
87171 9 181516
59149 8 222830
13797 45 202325
113173 13 142679
2575 77 43145
223835 80 235805
3449 73 81955
137566 55 220079
48137 84 181359
76939 50 245862
142083 90 156014
35092 25 154367
25779 87 46315
131058 34 161239
17213 28 89649
63242 40 120555
81102 14 236876
15082 71 236916
211418 92 213384
47338 15 183063
123897 43 238756
13537 12 109226
243629 47 248253
118305 4 185186
10388 87 134736
204150 76 229342
61749 47 229395
48920 3 99807
28318 89 159747
66182 9 75803
100304 30 158024
226710 20 243890
47993 49 63447
230218 24 245087
174689 84 224670
24794 82 164610
13734 47 109300
68506 19 246099
37066 47 45369
146261 95 193279
85618 65 236218
105137 70 216063
59588 5 226254
8657 86 60941
15829 100 206764
5150 64 23360
89720 100 163480
62471 30 147036
18889 24 20953
225333 14 227853
82742 60 152794
158507 44 241034
9905 32 131114
24897 39 233263
20264 70 154436
206627 40 216789
120413 59 156395
33176 9 134703
111829 70 163202
141177 94 179580
1861 40 135246
41367 40 167372
9082 17 93047
61778 47 149377
67253 100 230657
104613 62 167720
124740 21 231858
163462 57 212572
170410 11 210034
215743 61 241586
42185 67 201514
13576 38 145554
123944 74 243137
142791 71 202516
74351 60 181758
20086 37 99564
27864 77 67186
103192 57 243159
110798 65 117506
23797 96 219113
498 2 1184
106643 56 242742
37137 42 47999
7036 20 8419
53375 94 100903
42949 24 197577
42375 85 184587
60391 85 149691
209363 67 216792
44757 7 174184
51027 92 229606
201872 90 202479
86324 47 216774
46076 89 63752
128327 94 234747
70406 82 148920
68311 42 134741
45509 6 227723
44926 79 155738
206943 99 227472
117626 24 203751
27003 46 96515
52666 53 100747
52488 41 148844
88126 79 213912
95231 1 143802
8181 63 221383
76650 23 116384
25020 13 56072
54168 71 78956
186457 82 246892
213430 73 214197
43762 34 177496
11014 81 171147
193717 22 211584
90326 3 168514
46214 73 224043
46542 74 92862
32645 58 188576
91564 43 175397
68607 23 226093
422 50 116199
17600 83 50530
66925 16 162490
94774 21 183940
39241 87 209600
27222 81 203446
96032 66 109467
142780 74 167324
93486 5 210505
65105 33 185671
153923 94 172774
24869 30 94942
19841 88 64103
62284 5 225116
196051 82 231030
59336 22 70136
110978 72 113734
190488 34 210216
61428 84 173701
107586 38 124595
71133 99 239856
162512 95 206939
48278 90 112790
13734 63 240759
115485 85 201883
77898 71 241507
94816 61 183793
110188 35 161807
19286 65 151643
19697 72 124503
173080 97 215683
52544 51 122742
84946 43 169232
35919 25 62958
9632 68 178665
130682 100 201469
7057 52 160248
143837 39 234078
160964 33 209377
123311 100 147682
216478 97 217311
41365 62 170149
139610 5 181760
25013 42 41631
90685 1 112686
24878 69 220390
31988 61 46365
139456 40 219414
34131 82 126440
79521 2 104583
47717 94 248236
112719 72 149662
148229 65 172013
162793 77 192083
51744 2 130602
16015 52 87061
95133 29 248340
264 40 53929
145480 66 203946
167556 79 181077
13207 47 69203
45165 54 193513
18595 80 187556
52559 49 171147
131754 20 248479
27411 50 82836
61273 88 132342
37894 70 102986
91610 80 234733
62888 47 227202
82476 77 231961
151890 64 155723
29413 68 81295
64657 41 158310
81896 7 196459
8759 95 34259
10228 90 32742
154659 27 248029
33222 63 122777
21580 42 83967
22006 58 113695
215939 32 248691
5003 10 156751
237059 22 242374
14788 95 140914
49070 97 245727
59236 11 235951
92551 54 102916
64122 63 96271
44001 19 197242
96587 42 183230
214981 24 245182
103166 1 223121
16575 68 189544
232093 26 248282
153922 83 216362
17819 67 173190
117054 24 152155
2234 47 140558
35672 40 230705
65646 57 102382
216857 46 236954
181713 63 234141
71587 33 113874
72245 48 187640
74893 83 104347
168551 7 186227
36009 5 146028
155230 77 183742
200317 89 236620
40019 28 162471
52780 84 109419
200458 41 235847
28066 28 73673
221187 90 243495
5358 82 153579
96239 40 173331
208114 72 214419
22126 38 137999
183576 94 221166
114936 22 145167
161981 2 232395
43809 2 184990
110177 99 121973
86620 20 154027
13494 14 142885
148170 61 171438
150650 57 158571
36641 94 187421
3785 26 90944
14959 51 247361
18558 65 210782
16411 96 222137
17542 9 232186
185380 45 186672
91536 42 134465
103453 15 207179
124432 49 154919
4242 27 169128
116337 56 165053
48726 70 112722
138512 59 200371
61798 42 185698
131800 83 157848
36224 84 54199
99848 5 247550
180956 30 190480
96450 33 145515
152459 35 155514
191255 24 220392
7456 98 225101
108987 17 118531
6304 21 226482
49152 97 103665
40759 32 211655
83084 24 153390
39153 16 239682
208282 11 248617
118095 24 195750
161011 71 217537
43945 66 201745
13 45 196814
85042 39 241889
84549 49 114249
34189 83 106024
45808 15 148871
60350 62 94842
94081 62 148006
67326 63 231884
107875 98 142506
211517 36 221606
81133 70 127704
65304 83 123906
14449 2 148966
25621 60 88159
135106 82 248896
51888 61 193865
20032 96 51898
120668 90 152188
64041 87 184669
84261 21 243729
46809 53 207241
24454 53 83656
190067 56 229235
2182 55 93009
117818 1 151132
57463 87 240612
6874 64 190554
84009 6 124564
32547 96 93745
198558 52 238925
67908 2 107721
76535 46 146064
2154 7 2810
114266 72 176312
24228 98 122556
37326 46 194512
68142 87 199769
82676 68 217544
16531 66 145574
52126 52 215780
111155 94 220074
8970 33 18497
131774 46 242955
70597 12 123443
77421 57 117717
75185 4 187398
166792 8 211464
76900 33 101756
168712 8 168750
159155 81 181196
123683 54 198924
50796 66 129978
74862 63 167375
21239 50 83731
159428 54 206676
4655 57 153597
115477 22 147932
82389 82 195253
49756 95 152874
182413 27 217272
37368 40 200121
47572 44 139249
146754 7 186358
179677 47 217696
35106 68 36613
114481 38 147605
101879 56 243707
51116 39 227417
3089 84 150621
202268 92 223147
7289 3 225219
30367 44 101079
28822 48 139521
127112 73 133870
75082 14 152357
56139 47 214546
48824 55 85525
157688 18 210331
75126 18 77421
145009 29 147792
17782 7 177398
34972 33 217720
179570 52 190082
6397 56 235634
13076 85 249923
90115 37 136893
140689 31 215835
72567 39 218962
75900 20 224889
159533 84 202310
54629 9 181534
56174 88 200718
90221 49 120282
44035 69 106066
38930 52 119568
140338 96 209185
101109 17 201722
20064 3 140342
46370 19 93364
7824 3 32501
111304 12 214584
191990 65 246394
69776 75 170422
37254 5 176324
53534 56 237855
47590 97 247954
26680 55 133243
24331 42 106675
1389 1 140167
77891 49 172116
93720 15 120443
80964 67 243071
123215 62 193295
52400 21 154953
78022 40 190775
68186 42 159423
61955 47 165863
65086 13 126414
49878 24 174317
158491 60 234738
63406 74 235243
42957 44 60288
237496 91 243943
61189 97 246494
48139 98 92695
42537 27 246060
131208 1 205242
88386 9 182287
42943 79 205314
73773 81 237808
7666 27 81371
8729 11 110367
19065 58 223541
69123 12 122461
66181 5 236381
44318 13 99290
48332 53 145633
133634 69 222216
1015 70 150754
48190 5 221441
55651 67 96494
62491 95 125814
164191 67 215916
112738 89 218714
72006 82 170538
1579 12 207576
3977 91 30415
97566 4 169854
75703 77 99299
75696 83 223250
73744 82 127555
103656 38 171921
130367 10 148718
68125 26 209403
23446 5 207321
176539 31 207229
138526 6 148237
82611 13 148291
142992 67 173386
119742 33 240319
80962 14 156411
6744 53 153300
147647 13 249564
215339 77 223928
45233 2 134938
60828 89 165177
46660 81 166035
76544 22 196138
17780 26 72428
17527 64 118254
65529 55 66471
160875 39 248706
7899 59 106533
43668 34 98679
39359 71 99007
100618 88 187566
101286 95 191644
49417 74 217927
20682 99 244685
13662 26 60394
123572 62 139651
137294 56 167187
18178 4 214210
74594 98 211398
86460 38 243949
11782 49 236457
14232 5 94552
169459 88 198638
17761 48 39288
181244 62 221875
69987 53 147727
10381 39 224586
6933 78 112009
18322 69 230798
54354 85 203996
53611 52 148932
35248 42 93035
79543 87 161111
69584 97 131980
99248 53 101311
179115 34 186368
102237 18 124335
39367 45 153145
121063 13 189795
26009 57 208215
120595 52 209721
15051 43 138881
7381 59 90685
47514 29 232343
36783 56 171717
94272 46 248200
57998 74 231306
39358 4 166890
198732 64 222083
101338 89 216012
209759 13 245038
122770 30 188677
44640 44 112385
63282 86 80725
96446 51 167848
31886 22 220994
135325 4 242907
74651 36 169137
37565 73 110831
147366 36 210719
158259 85 219596
85396 89 238263
112501 85 164786
109550 66 243881
137393 27 182841
2915 87 178268
48615 1 181327
120301 89 215417
96169 17 137856
78840 50 240708
91192 4 237772
8367 17 223833
120802 97 123743
36319 91 97204
80823 49 144321
147937 97 164315
13083 65 210142
88862 67 135046
236391 59 244178
229927 94 247284
24238 73 176218
173739 15 238419
76134 58 157987
78244 76 192935
73933 3 218430
31032 94 34802
4593 47 13955
113681 55 158838
64743 80 198062
78664 13 143025
132092 5 207465
117876 25 174331
48262 87 221704
123946 58 185368
78755 22 114524
136717 74 184146
51306 55 114412
85273 67 197702
39032 25 131234
62977 13 227501
165033 43 246756
78578 53 220617
23615 2 185773
53129 10 76095
17874 39 111003
787 33 116703
2038 40 4462
59258 59 230200
80443 94 91841
73120 35 111236
173873 42 175676
127050 16 165263
194460 15 216048
89806 94 125152
183208 23 236382
190794 51 231577
172 46 181541
90568 30 249142
60362 94 197971
55384 17 119309
202989 38 233403
34324 26 230821
53885 95 155641
202746 53 236397
64258 35 244121
41748 74 57713
32788 41 70638
37641 52 39233
113159 10 189983
16150 62 170200
127492 24 173318
78589 40 157201
20419 41 59069
19045 7 76340
24807 95 177101
8803 65 216329
41929 4 99624
167745 77 225870
166867 100 171514
198695 37 217526
43612 68 247621
55478 30 216436
39054 55 198358
38859 52 121549
161702 38 224926
118566 100 203313
33245 39 168288
41498 89 216312
137690 79 178996
44633 22 160410
88951 6 205098
72455 70 190119
57981 39 205996
191432 22 239731
103597 46 166984
54110 35 144205
17398 25 219950
35970 98 62743
182795 65 205966
136679 4 240602
111420 93 112837
212727 32 240603
94394 68 240831
115353 1 180459
1430 1 48734
149751 56 242618
89079 11 227298
91809 64 95460
91696 99 94112
51898 95 70860
58174 78 174921
23975 48 142734
45304 79 144365
10150 49 55008
39886 76 212958
158972 16 159445
60515 10 216084
11027 71 113167
237459 59 244133
55693 62 138535
191231 49 237601
61328 21 209025
61508 80 140799
128778 25 163093
174788 77 216133
26980 53 199482
71406 4 190025
44243 90 151200
72051 15 108943
218196 6 232346
122325 81 146617
47350 50 169660
21468 84 149724
34768 30 189465
20371 6 144868
21187 80 225693
115292 52 236799
125854 1 207823
107246 90 135087
37070 52 204105
157579 51 197840
211716 67 249923
52351 46 101989
46853 41 139706
108479 46 120640
1740 32 199592
137422 50 208290
100392 54 120968
34569 36 57815
46399 20 226799
18596 18 154992
230464 65 231662
3684 100 133257
1333 10 63550
161145 74 172781
25372 19 52402
33833 8 136285
18224 45 173575
91775 76 128948
111316 83 224477
3217 37 57975
60394 62 175015
137903 63 241920
7473 57 229030
1796 49 145687
66092 60 143064
91360 25 214698
217233 35 245606
153472 36 157542
219952 99 225473
34928 39 85001
693 69 46578
165999 1 243310
38025 36 223448
144956 89 249526
145683 49 195960
22355 31 93747
161705 61 234376
48586 89 241848
11784 100 228278
178317 91 198915
6345 18 125108
49830 31 246084
112802 1 172261
75091 21 159347
74539 75 108285
207284 82 219100
69762 68 221640
180660 55 243557
23215 28 91600
115836 87 143891
58694 81 63341
226146 1 249264
124571 17 128547
88458 49 104480
48005 13 105869
102487 84 130015
159779 25 248884
56807 51 135183
93281 9 149600
91344 83 225369
207576 12 222197
68521 43 194065
149179 34 211081
148646 47 217423
72809 57 85669
74857 62 223376
96890 74 98762
39658 48 51279
192444 92 220716
202828 66 229531
3526 28 123398
92249 15 192095
11589 30 241114
90276 71 233450
13983 99 197353
41691 45 224542
222154 19 226638
125836 99 226944
127076 32 131818
92012 26 244301
9516 38 215219
179735 46 197925
78923 12 158267
31194 91 143502
59880 81 124571
27681 38 187137
165337 58 187807
32472 88 114833
125365 81 191400
118726 66 171923
110559 47 163755
65376 23 199116
118449 23 161042
80041 44 235966
30451 44 117189
11244 96 131742
235101 85 237264
31765 53 167528
160272 77 246335
15177 44 172029
102839 39 149891
122454 10 185749
105743 92 235191
79556 33 146975
63881 77 82009
36001 34 120432
67042 75 154266
100817 38 227979
135782 63 222661
32200 100 161141
61160 83 76866
167276 96 190506
36658 63 107670
58409 12 65098
52728 26 174540
73445 79 191438
95182 53 190049
33914 8 205161
24995 80 188620
21081 20 191143
56444 50 92826
200382 29 237005
27420 95 34022
80103 34 141045
49639 21 107219
140181 60 210803
16865 17 106866
25595 14 221908
4294 68 91964
149571 64 207969
16391 48 144824
9789 21 120545
125752 65 241760
151997 1 221477
44650 56 185980
12701 80 213183
119193 30 120409
2415 56 22853
31832 11 80019
116813 49 169797
5797 46 100699
181758 31 221001
26732 71 84319
98027 46 129606
120250 41 164814
87756 93 228740
41042 83 248535
61109 64 133124
199237 61 224961
228907 85 234604
3611 31 30102
21663 50 54384
46631 80 99542
53176 91 231515
66417 98 113396
124131 99 244709
22 49 57918
104831 38 109491
41803 35 102034
181827 100 187196
27500 6 240461
20238 33 115953
117971 45 230462
98733 1 177646
75465 46 97734
123473 19 241788
40015 38 50056
112220 94 175021
155236 73 246746
116052 65 219283
159922 27 189873
63885 52 162977
55296 24 195837
22937 71 192623
72946 98 75345
2037 52 212173
131736 67 248447
24437 16 181863
196345 29 246142
32210 39 176507
180812 49 236473
177833 78 225723
90115 6 97952
52076 84 153254
107080 4 200498
52516 75 154051
126335 8 240641
90726 16 138764
181821 10 234364
187339 99 225546
212582 100 245889
44874 65 68852
90711 60 197761
41877 21 90620
157176 26 187568
148799 45 159392
14628 24 173116
21374 72 228816
49451 9 72644
14181 96 43678
130544 46 203251
107698 31 182240
210326 56 239319
70818 14 148143
11222 96 27321
62153 40 179757
25584 34 159975
42984 64 127132
21005 30 114252
27950 10 228300
37515 61 206558
130941 52 161292
23505 89 70462
17310 20 144762
124603 26 140691
50034 81 153269
101320 45 203478
47146 46 68373
120086 82 144216
113220 20 125482
88479 11 104667
14482 17 26837
7038 91 94964
21369 45 119070
74307 65 114618
145019 85 185673
55069 18 134854
203892 54 231865
4123 5 179827
142302 81 146111
106817 97 217104
74917 25 227455
154540 13 249942
21155 58 94071
121638 31 223923
15878 64 128987
66365 44 79691
108155 15 238825
108143 2 135550
74796 64 96804
26887 93 211274
170992 97 211323
11377 9 157336
62764 30 230031
123091 46 208615
3153 58 185277
17337 37 28257
81729 31 121224
48491 77 112821
90919 3 129142
120153 33 159582
17401 68 248001
14764 64 128040
52034 76 158419
100903 63 245892
40947 27 240911
18819 48 121059
24314 91 140844
83411 38 192582
37287 60 70683
158821 96 207725
72632 64 100108
76389 15 177721
27620 79 234786
52391 37 84289
21160 42 126559
197346 53 228628
144729 81 165215
39172 17 141821
169386 84 199472
137799 83 222840
13256 34 31408
59861 49 157124
100515 7 101374
79409 36 230485
91937 22 153926
1654 54 23832
134865 38 147820
17930 52 124685
34906 29 162722
6800 88 131060
19155 1 130475
89553 27 147411
87792 61 197690
168041 24 238996
3881 2 174125
41238 33 197472
22455 100 172425
29443 36 63937
6244 48 42478
17668 66 186515
5652 71 141283
105790 41 118783
69003 17 105704
2252 62 46105
85860 9 248509
148600 17 166893
135550 3 232658
156720 80 160489
62959 68 200353
225296 85 225690
36692 66 185749
199891 33 245375
91349 51 159437
110745 10 234365
34737 22 89046
88539 6 146355
115519 58 161764
64218 45 200500
29543 74 173937
5311 52 87731
178440 52 205375
14611 7 88276
18771 76 112112
13933 26 195045
177362 41 210925
60376 28 201589
176526 90 219075
177135 90 187696
82434 50 142276
173540 24 198829
154526 14 211692
166495 57 246818
15697 57 164136
116819 18 143208
145114 75 145820
69388 35 224222
71911 19 127044
128025 67 177229
62397 69 220905
174675 68 225361
11048 95 24063
44659 56 88877
43322 32 182768
189253 88 241221
108585 57 237299
232096 58 236299
39494 58 118233
93279 100 162255
41642 9 97277
33235 49 245055
9377 70 241810
54427 6 229768
132545 10 148762
214959 27 244188
93984 29 137122
204001 34 212889
35242 100 129627
100908 90 137209
58708 29 98822
18089 37 221791
10418 38 167166
119997 96 231209
128980 96 191086
59503 28 240678
13060 66 194631
162629 51 228080
39962 71 164063
53110 17 140146
18363 32 24946
57493 16 75057
52432 16 123024
29032 51 145018
146330 58 151552
223277 78 233087
2760 42 137929
140171 92 177950
1194 55 213762
127836 37 133705
92354 34 182150
184976 34 222039
20183 39 156853
128156 61 179795
90687 42 151286
72348 4 238108
12162 67 123523
77952 97 218661
198931 51 240022
180791 44 185645
118876 90 147068
42073 98 173577
90788 58 125535
240371 83 249728
34604 19 225712
86841 2 234573
59685 86 137209
6512 27 12393
170492 52 173033
106318 11 113814
199309 87 236352
239173 7 242914
41152 48 57812
27372 10 86844
112117 89 170687
3107 43 201190
104413 23 218247
25007 17 152056
74625 97 178120
124279 12 188728
156031 94 170205
147243 71 157698
128021 83 208004
24368 11 224131
65157 25 139318
41263 39 57867
103963 97 115823
44159 91 113022
28350 65 170975
131875 84 146649
171749 57 220072
93474 4 183083
117717 98 222851
22653 23 154654
95584 4 188354
3340 42 43659
41722 46 202985
176856 80 247221
60225 71 155561
29065 100 57906
88791 22 240059
174554 2 237713
38447 69 49253
174397 85 246711
5790 58 201406
237865 1 238092
126427 90 204641
157344 51 244156
53818 66 65973
119843 62 192323
105366 79 225679
148365 12 185614
190402 68 239998
156353 42 225249
88976 6 171948
112433 10 185836
59258 4 95285
73323 38 117740
86009 83 232412
168530 26 217550
174156 70 241255
2513 88 16881
1239 10 143246
160483 30 169356
188080 92 211032
194103 21 238693
49399 73 188510
19453 20 50742
178114 14 186259
7252 3 88371
73476 81 79185
128310 43 149480
31719 36 147841
89670 81 234651
12458 83 221631
33059 77 73684
16947 65 60216
141264 38 201226
30616 5 214479
142892 36 156362
121235 72 127712
25236 21 241355
185763 37 189415
108068 10 145355
26308 36 154949
31727 88 50326
93473 100 103841
104737 67 222444
30954 74 47231
92421 22 102188
33554 68 129565
29593 85 142790
25821 96 52861
166748 11 193788
127890 34 219449
55147 80 129399
89413 82 105482
20588 3 183262
28276 25 196098
128167 84 227332
68644 49 211663
36680 92 137019
120045 24 243008
29451 91 179490
138174 98 154530
108049 42 199372
80636 54 186531
87812 74 126806
184230 33 188493
71692 81 99442
156629 80 184816
210417 14 245460
27160 74 249631
125241 35 154726
3439 38 95912
34096 99 108541
65743 25 216610
173583 17 244655
35683 98 64581
36826 98 119186
92061 25 151951
75531 59 169117
25293 1 94491
91519 15 103514
84844 37 228828
16742 71 59424
37672 21 51038
8766 60 240096
204780 82 204957
131372 17 183870
74507 66 121644
134535 48 180600
31155 85 142461
47103 7 130033
39538 94 136950
157575 18 200812
67421 44 158357
106660 33 205721
183187 98 208069
47475 54 88383
87270 84 233186
21678 41 142137
149955 84 198133
51815 3 120189
14058 22 203787
59049 31 165386
207980 48 214561
86896 83 217198
24644 9 193223
30777 15 58183
217584 32 246957
9061 47 172221
70940 2 243263
61447 68 239630
91485 42 196178
19611 13 95087
25880 86 161183
71700 15 217982
90565 74 209141
5834 74 166764
21825 40 38131
94766 21 200554
52654 82 207855
43392 37 144119
17943 53 98193
121987 72 161109
1193 19 17249
168504 19 182002
30208 54 194505
10711 18 164617
49655 61 208125
27695 53 165097
18661 98 44101
78 14 35490
202322 70 222628
81257 19 115413
131382 100 183018
5480 53 196767
22554 35 85350
54757 21 209594
150894 85 211440
4165 13 231518
58223 35 165273
54718 58 166104
80036 16 92609
85862 77 108319
163710 86 215783
157228 3 208334
20226 61 173377
5141 98 43392
218862 57 226647
67018 41 195781
8583 7 243161
46107 91 247206
38896 65 130769
101340 26 178603
85925 59 172823
60731 76 107929
106399 40 186375
94423 18 245086
219241 17 220839
122685 42 231873
21593 31 194555
26010 75 171664
80834 16 166626
65941 87 176188
97340 10 188674
104922 90 199718
49229 78 223230
156651 61 166262
206796 8 242905
123473 32 134562
171004 37 172761
44251 88 236097
42670 71 205784
7913 66 94683
144604 25 198308
151567 21 173215
84006 83 186876
36796 5 126801
187382 8 232483
4066 71 106608
99380 20 210183
116199 86 163150
49814 5 131063
114614 42 115948
26587 35 239843
51288 92 112017
88428 33 243773
2951 75 44448
125094 19 246490
42429 56 100721
115246 62 179337
201017 96 212652
79143 47 128832
29048 8 198520
158866 85 228998
28562 23 51470
117148 22 128628
84636 45 218014
109947 20 147003
171679 38 247812
35760 27 90670
18032 84 169307
217578 73 239060
58602 99 141103
110290 63 162075
9551 12 120094
35896 7 42596
33037 60 208750
85882 18 167291
6378 4 6456
173248 48 204059
125727 33 242589
143438 53 150644
50807 47 112530
45548 84 240370
132263 73 223705
3158 22 203734
73600 57 130120
35929 47 154884
25440 95 222946
16464 57 239558
203543 54 229142
73261 53 138714
77136 34 247633
13884 52 83612
65896 3 213228
21280 43 155339
152876 68 155362
30269 98 140309
140631 57 184985
128361 55 154699
71920 15 175692
193366 29 244344
157148 67 180300
54747 30 207261
170737 69 214073
57156 22 107084
230263 99 234175
25733 92 201400
88133 41 193919
125352 12 235286
157745 100 226851
151026 13 168826
31891 75 82166
55725 71 78616
204559 19 234521
57614 6 62029
19488 1 137457
5257 44 212463
51681 16 247293
10933 36 96421
38936 30 64156
58339 68 158042
62528 86 126259
144004 20 249023
48297 61 48801
24858 92 230109
35827 82 217447
67634 88 227933
99068 6 211257
115870 24 240873
120920 20 211458
41574 91 73004
105414 48 187118
99736 26 233239
28621 59 81108
178258 37 198777
111845 40 165272
27119 62 128215
146842 25 243131
25876 20 187909
211322 74 226395
77606 65 120098
30215 87 167621
88309 79 212460
8713 45 102177
37918 28 141248
31004 69 42180
123881 98 178540
31471 69 208501
976 53 171489
37130 40 107329
30380 17 120586
157794 58 204389
64885 90 96710
4894 1 224734
51767 15 170263
155285 67 160007
85731 15 89410
103537 10 214233
160255 61 242854
11523 83 96252
205646 100 214653
91197 77 225698
59437 47 212567
67940 47 83641
2164 44 29574
60445 51 111012
135998 46 166553
18289 98 23306
74393 20 104780
75886 81 210424
85954 54 174736
56123 8 235658
11991 5 201383
43460 43 232596
166327 19 219511
23666 74 142838
79831 73 164224
55625 36 205885
80949 23 127765
41628 12 203445
89176 39 191601
96373 37 166371
102569 42 141720
17571 43 117568
104621 28 241490
126829 62 135473
113447 73 247672
149832 49 191933
74817 35 88986
24169 43 243176
31255 56 166543
1638 38 248435
75907 69 123318
111820 55 190833
179152 60 204582
154820 27 205777
26078 32 241665
31941 58 228591
99738 30 137611
159871 85 230944
111478 81 190518
25372 30 176824
113725 74 174359
97878 93 136386
31946 73 140914
13246 53 81298
36529 83 74482
48420 37 222767
110886 95 161247
92699 35 181048
1882 29 95950
70761 27 72883
68431 7 102741
676 55 148792
183174 23 249925
100875 31 200203
159486 75 212710
109342 54 110831
78651 78 185110
84537 20 190535
79422 11 220273
33347 98 135714
118257 19 245721
162904 58 234472
79732 55 203687
172999 3 186331
2061 67 226025
65093 77 218789
52575 30 220080
3959 15 230876
63066 9 150355
38704 42 234851
187992 40 221034
1170 85 8410
81282 30 149330
184965 46 207520
18597 73 161920
47866 89 90854
80960 26 168640
10942 25 195013
137546 97 192866
93489 61 125491
20 78 41968
39968 30 247667
108039 49 132303
68352 36 69800
57250 95 194000
219745 61 249942
141088 63 205044
47853 2 203483
206128 65 245854
15747 90 16311
46234 9 105224
161994 50 211431
20458 16 29725
2892 59 145509
178868 86 228621
126 56 75790
54461 79 149366
47425 23 84763
175943 73 182398
107004 59 189311
10371 26 175817
123206 60 178175
188263 18 246647
146222 43 194715
51038 80 201925
134648 73 223137
43855 45 225058
1986 77 62515
5484 76 146162
20569 63 81608
20624 66 144561
38279 3 39195
208608 20 233653
125339 70 249932
61422 18 119784
124402 35 228612
88383 57 123580
83440 90 118518
37368 89 47937
74029 10 201765
15067 22 201366
65572 86 75011
100293 52 157943
180448 7 225691
2191 14 180067
52585 17 65961
165699 90 249686
67946 94 210277
5837 98 109293
106417 64 168056
192035 76 239864
135593 78 215445
45968 11 130076
6490 79 216295
127237 52 129549
48459 13 224755
98503 86 179973
22180 66 110770
23694 34 145443
22650 24 52093
34079 40 178768
2328 53 127295
163667 60 202205
142883 78 199378
121646 69 137296
116121 6 208202
42084 21 170483
199873 35 223817
115082 9 118402
35136 87 165266
124647 71 213827
227028 19 238077
70235 26 71047
54082 8 156902
131800 10 225675
114014 33 147656
103038 80 120655
136865 69 182647
23501 35 29091
61434 31 179902
12990 91 126866
61657 88 238976
83113 53 124117
33342 34 53730
7139 90 183621
20219 76 38761
27738 49 117562
49813 64 215403
81522 26 141363
15502 74 25069
14733 24 216935
57820 53 231197
126783 24 213030
123012 59 140355
123753 80 170486
10964 27 161115
179511 64 207223
71491 3 243886
82433 98 214885
215814 17 239303
170402 48 221381
36874 83 78657
61642 90 67730
7641 99 226379
104234 22 197563
96424 29 168051
62862 70 239766
43749 46 125127
4958 24 129097
44085 62 102889
25433 12 153034
90791 42 155897
157210 18 205367
108556 3 130720
175377 7 199334
14273 88 36366
4800 78 157658
78420 38 157910
8872 31 123680
40942 99 182254
40025 43 214472
152814 3 239655
177672 43 222132
96241 8 197452
77980 4 230155
76779 59 154412
18438 43 149754
130970 30 178559
130138 60 231099
5690 44 244662
21283 89 222279
47348 73 140272
175120 84 224441
19910 2 58726
110679 22 189266
8163 52 168545
31496 8 235090
63864 94 72084
85021 44 243857
197002 69 238376
91895 9 247174
174781 78 200183
22164 50 141604
34261 4 151599
28028 49 32032
88523 72 211727
90698 13 247861
60065 51 210237
128557 41 222219
49925 38 96850
128003 100 207400
71804 95 80215
188043 95 224046
54503 45 219377
87815 55 92235
33432 89 142722
35786 90 99622
134027 92 206734
127569 29 190195
4818 26 70356
84635 22 170250
189268 65 213556
77528 80 172957
142728 73 201342
186095 39 232136
72194 23 104560
52393 25 142719
75436 28 188640
4073 63 226266
158534 31 165771
30936 3 75481
78340 16 214555
27431 90 92457
135074 83 200101
132904 33 203148
36442 9 199513
134535 45 199201
83008 46 234929
20410 10 96870
154815 49 229062
22372 72 76389
16675 100 197345
67819 54 161342
77246 2 178272
18234 78 26608
101898 97 116898
179459 54 220735
199937 11 244212
187863 21 200295
135872 52 153755
17877 68 215812
45396 59 65333
21591 99 26151
179392 75 185279
85573 21 156309
76408 28 168880
244241 39 244904
16451 59 191654
69046 42 181457
114205 75 129486
14004 70 171173
38157 3 68726
1348 55 220202
223648 39 249930
25184 75 169521
76299 33 122371
30993 14 99329
16596 43 149842
49702 99 72418
129040 77 243620
154449 22 194409
47934 37 164498
191705 52 249743
47888 54 245583
158307 17 219872
46260 88 191642
223933 14 230228
2875 24 52799
185466 18 198236
170411 43 187504
2813 53 45678
17434 70 88034
44182 87 122153
161578 77 232772
225293 43 239724
102917 60 123149
24640 73 237572
24814 6 182642
4897 70 77139
4905 96 160527
25437 42 143639
149170 48 181971
192480 15 228618
128599 18 185035
76688 49 148906
123497 94 185305
82172 64 136321
176577 20 222129
9062 57 17358
2889 10 55324
31779 25 136046
60693 76 241924
74809 6 81825
57852 33 217464
61427 60 132276
18152 74 136515
390 11 67237
90539 75 169034
5730 40 101124
13545 63 51682
85662 65 235250
7691 46 39800
74276 52 215587
19640 56 203675
15847 99 246091
17435 10 155930
129691 80 224189
121028 31 218967
65548 99 171914
4573 91 222731
132149 61 167754
88827 82 164853
58528 71 141993
156812 97 188142
19325 42 151330
141605 21 233335
83157 8 159489
104504 65 237348
16166 42 169001
91926 25 92732
9414 58 197693
61032 63 86747
212403 77 236770
122151 72 181551
122874 71 222163
132627 19 194994
8428 8 226243
20578 52 155540
35187 34 201338
163472 10 241938
42497 37 138828
129077 55 248781
105675 70 180846
29932 10 236551
55975 34 77114
98452 18 234639
156019 38 236310
52545 67 90042
45022 43 233485
87581 33 139734
105327 98 249038
19464 26 207212
40619 95 223895
220438 15 226429
42144 27 62350
72980 17 161346
144852 64 236276
10216 74 165738
174569 53 236039
66553 46 161348
88683 78 224420
63524 2 91944
88776 34 199908
31479 20 160586
82186 24 177038
92153 86 112547
187351 39 208739
97297 23 111214
149438 53 233411
52733 47 179985
38108 53 73627
7364 19 67665
87012 53 226653
107398 45 233470
103178 87 181165
120107 7 186633
7994 46 177310
107780 55 212952
136429 76 162785
204950 16 230705
114403 96 126787
82304 10 97153
8177 85 62532
20974 13 69367
32244 22 238077
6369 52 158405
106112 80 243705
65223 56 187342
107430 41 164786
41330 35 166844
101735 18 122204
91917 33 154235
47257 3 104267
79306 3 107683
94300 57 171517
107412 70 180753
2949 12 95784
94781 25 156203
5655 8 201645
107101 78 218578
170076 96 231400
160603 1 241552
89711 29 235059
49343 80 70454
18872 85 79844
