5000
42086 33 91073
66600 82 139508
83385 16 107788
187673 84 195738
40899 36 101827
68104 91 133333
87012 33 205907
149465 33 212797
88093 85 204488
54466 28 75960
35961 23 213860
92121 17 169375
30697 64 208960
29635 6 45045
26020 62 45276
45804 89 99870
5873 45 41176
78051 39 224447
125386 75 139103
122451 9 166004
97841 52 196523
40064 68 142596
133100 46 179170
2667 41 17065
143888 78 201168
15913 47 143805
93723 64 212636
185382 41 240168
153124 23 215220
145997 58 225565
97192 63 207192
186468 80 228382
84805 93 96162
5280 79 138257
29265 45 240578
24911 25 100644
74708 18 226378
149443 34 184280
24261 49 136726
14432 29 122855
144253 74 185860
3095 64 87746
41586 42 70864
111162 59 126966
203084 29 227703
59841 69 92563
11859 68 194168
13332 90 171296
112788 13 115430
93933 30 113281
213317 77 244660
67390 5 211028
198428 52 221324
75096 1 116753
34737 32 190047
111451 71 161178
103302 97 150023
2475 57 75221
49601 71 112295
26022 26 29748
182307 39 223984
181416 52 204843
126315 96 224451
135613 61 213075
3146 11 148082
21418 39 217866
21769 1 31652
27117 35 86336
19980 27 222600
101448 10 109552
92928 50 215740
111638 18 206042
158345 29 174356
81097 42 135853
61074 14 72266
5881 87 226242
193614 51 222021
42439 61 175701
29667 75 165040
81740 74 142165
115745 46 120699
163274 56 228617
48415 20 126616
27776 73 219410
6427 73 198769
88904 28 119701
21816 96 153575
11253 52 162049
55737 10 132134
50959 75 215743
140226 45 202889
173428 46 246432
76255 47 226807
14541 35 238617
211781 56 223504
42364 3 196914
175252 71 198669
48777 98 231152
60773 64 240136
11579 51 49519
190093 92 220085
205284 47 217489
85584 57 97484
87245 60 147160
57893 53 225252
95886 28 212501
52181 35 196094
30697 93 88722
162909 35 198405
86959 82 109657
55138 40 192307
29026 57 89883
180704 65 189793
47541 58 62199
24139 27 73802
186367 23 224925
105252 86 108771
46042 24 138221
76647 91 114012
138306 89 158206
72819 86 174482
9277 64 154471
129159 33 234566
100629 25 156138
79538 18 105566
67801 40 174509
124361 73 169506
96910 58 242996
18816 80 161157
73376 88 150806
81198 87 190055
180651 89 204402
89787 48 237534
97083 39 141520
31652 87 63586
69920 51 159321
141100 22 204777
23268 42 145391
94495 24 113963
48795 90 230185
152431 3 153825
181921 27 245549
131008 41 184392
38262 4 226203
15322 72 22751
64196 81 138299
96614 37 119802
36552 45 219839
162456 65 234811
68545 92 231921
54567 14 60795
47153 72 85187
147520 20 206583
32690 58 166120
61058 96 226648
28989 59 55400
133257 61 191615
193373 59 197328
180273 50 212798
86064 77 135521
51301 50 198841
59771 22 187922
55817 77 95964
4305 57 144206
62053 48 184863
108465 75 114565
33984 89 235921
101654 81 134885
15833 69 87249
65798 22 139153
31843 73 218595
29840 7 190869
29805 37 125389
144666 21 150916
32433 42 40906
38957 58 132492
82317 48 128984
106088 82 187435
78116 15 237344
34711 19 249495
143154 9 152938
182867 72 220563
50489 16 82244
102385 88 184282
73800 61 122365
19984 41 135687
191060 1 216729
120716 22 145677
103566 12 128032
161567 46 228517
30468 19 53291
1591 61 156283
216432 40 229851
83580 80 84012
11581 38 60503
96394 50 163841
5067 29 95579
151558 57 214347
204931 3 239806
60951 7 132186
96144 89 180041
36426 9 71449
52783 13 137356
124635 91 210690
19400 99 156942
124957 28 243469
130280 52 170656
196640 5 248894
8283 66 35720
83826 86 139215
13797 50 230815
64140 18 90068
98771 20 148587
122529 50 229792
33623 55 216373
13736 2 248922
99652 21 107238
181917 6 210381
43581 40 218183
40315 62 197748
1572 8 164551
2047 59 19592
149125 40 158210
221496 19 243318
82914 32 175671
95957 73 136353
24854 82 206267
6861 32 238375
47729 20 215815
178667 93 226887
60633 11 86525
63493 73 93786
180136 89 190790
108545 20 206127
35621 14 148093
124155 6 177712
57151 73 104304
224794 3 236322
17659 37 27466
66044 87 140092
220851 48 243770
60838 91 236357
14435 66 151593
52332 8 122790
235574 17 247661
66137 74 212387
29096 28 97795
104221 24 119244
4656 21 196021
63989 24 169576
184835 1 237437
146778 53 239276
35793 42 240171
21650 51 37282
50784 8 169061
70794 76 147240
39828 46 249602
82846 60 147599
33300 60 101458
27151 40 198370
176890 93 217137
58707 36 222218
7796 46 59750
7915 53 190597
153194 57 210224
34465 71 64363
39782 3 186144
107979 6 238958
12518 62 97853
106799 56 135317
103403 51 148671
209838 3 232657
129426 46 216372
91367 6 172481
77840 29 82519
74900 59 109888
78694 37 179972
65849 5 249922
54748 7 235466
125754 61 235059
65792 38 102921
53943 9 75267
71460 57 108856
218423 77 235100
43187 68 180936
2183 70 78432
78776 15 88000
53458 66 82770
25825 6 204352
97750 29 111053
49479 74 95505
703 86 52752
98415 51 157425
174495 15 224813
43225 95 120774
214916 4 231307
93764 20 116873
53647 22 229564
112628 59 177913
1061 71 191915
155134 20 220684
80519 55 99760
88390 75 184363
112738 47 190817
38401 81 112778
19383 28 37376
10163 16 130600
121391 21 203761
7011 5 191171
128756 5 143799
39879 52 222490
65037 28 179469
10406 4 68659
50142 16 211815
182272 77 184621
52250 42 169846
5603 37 145258
31438 33 163249
37790 49 138461
16175 52 169371
123784 79 136261
102159 57 211461
78994 51 101262
98556 36 138061
182388 45 189996
135555 12 233918
44053 96 226815
57270 71 168417
17216 8 85400
64256 10 111275
10505 94 125149
42393 90 209289
53374 82 117489
59038 29 244489
15892 33 94039
37783 83 209220
130979 35 134419
123002 82 167543
197248 39 201488
30766 31 34390
192194 10 227818
42369 7 64602
148007 57 239179
41386 88 88081
17273 1 203119
17114 54 101912
8544 50 36766
93072 27 159442
230873 28 249602
112335 18 249965
61532 16 171619
197243 31 240689
41033 42 41926
115433 5 165211
48807 78 155252
189212 12 212229
18768 4 185457
17681 42 83182
161741 66 227580
28844 21 59520
23795 83 45962
163868 61 231919
75217 75 220340
172173 20 205027
38190 21 59579
31042 47 132432
134080 9 208957
181946 82 215709
143340 80 223673
74538 89 157879
115078 67 226935
37977 93 74808
104969 7 244363
47700 51 195977
14043 58 206845
6839 14 239806
47211 3 104649
29405 86 238768
111059 26 245566
64508 2 65578
86988 70 149970
13589 60 90957
154888 14 229894
125878 27 211224
130010 26 190038
14586 92 148854
11734 46 161932
42497 1 241380
15238 75 24389
167483 33 200387
37948 89 170159
18055 83 63602
8128 8 202047
51186 40 135712
16520 15 69037
131236 93 141081
142262 4 156046
143913 54 201359
7883 61 168116
58719 88 195741
26476 19 189969
25875 90 100069
81021 42 233963
143573 81 159794
66587 64 71390
238931 69 249765
156498 55 170394
114258 96 161563
139336 20 209663
28062 51 137540
41945 42 174184
65798 79 169277
165642 34 198836
53618 79 238903
147908 63 191610
89436 84 208369
139959 25 196839
200307 35 238857
36444 13 128212
126135 19 157502
130981 7 179983
79172 93 102401
1647 23 179011
4175 8 71300
85150 93 200870
234705 59 247793
17097 98 234647
11510 47 20014
93961 24 133456
146869 40 156470
11172 57 167401
94239 59 242691
117244 27 183995
38852 60 98250
12669 56 196896
96412 63 231825
6003 100 229094
148912 36 150757
67715 61 204218
125750 91 173535
118146 17 129342
41958 25 240793
49250 53 94268
725 5 229372
72520 75 96227
155949 86 175832
143143 52 198929
15262 82 45694
30142 69 191116
41761 42 249192
66387 78 247734
65893 7 198875
64664 61 120986
92149 17 154159
6039 69 10854
152433 36 211922
29684 4 171030
73633 5 184876
21147 39 204993
16374 74 168032
42108 86 77151
99126 31 209120
1857 34 33126
69533 95 204945
10454 72 36760
5729 46 43606
188589 23 209158
141429 49 237434
56571 43 138877
7514 36 37824
34929 60 191432
89039 44 218454
132323 43 141293
123784 88 243206
104968 6 226088
42674 96 236361
23020 55 35995
242994 19 245750
75311 96 92793
78796 82 104793
53934 18 220950
9240 80 98451
21138 94 144364
3702 3 53335
38847 84 50179
196792 79 212435
4254 51 33645
157747 31 202329
41676 95 209009
204730 31 226549
78982 86 156948
182247 25 194902
87730 33 224337
26156 22 169382
155145 70 198541
17140 61 88838
67128 95 119206
32013 32 112426
156456 21 206068
6160 25 157005
114544 14 196224
58606 96 59197
39851 52 230440
161516 47 221810
31886 29 231351
7398 96 158558
79746 24 150013
194632 92 226663
75698 90 136428
73498 39 215896
124951 80 208726
2593 71 187158
114143 63 171486
112190 53 177858
59687 72 150910
207660 67 248383
83579 28 216193
68024 72 75809
55455 75 174735
85990 60 239671
108561 25 122154
93018 21 247294
108420 1 159589
9860 15 66840
99036 5 140956
68753 52 244390
122134 68 217219
81986 51 127251
38330 8 230813
35401 87 178860
115556 81 165311
132103 25 159975
74513 44 119465
117934 9 127871
169675 62 201655
27401 87 97605
87183 49 163335
177420 5 240442
195242 47 222542
125888 96 187742
27788 64 205174
15821 53 25466
54440 93 96456
59235 24 202343
127343 15 216354
78147 53 169237
15432 94 78593
47752 5 197538
2361 59 111049
2580 1 212952
178234 68 206409
87687 2 192813
19611 42 69033
5041 70 120822
19091 97 77207
68633 56 163054
8581 15 100926
167605 65 182067
5196 85 159454
125417 50 163503
76046 39 90190
87810 58 224797
92911 54 155080
171634 84 208635
111356 70 236485
31410 97 68033
72309 38 135462
28905 88 176599
27803 100 163050
170817 94 189447
146535 20 216278
82574 9 232078
18890 37 60973
8706 53 49638
129630 74 160323
157454 88 231338
19639 40 227048
197305 78 206610
76841 76 134740
69221 81 230804
26975 10 128605
16578 89 130011
69088 37 76124
84527 65 93196
155236 20 229904
165164 29 240870
126012 24 142777
62619 11 117515
25870 58 146317
26703 90 62982
14127 59 155815
65003 85 160962
81768 35 232197
97805 10 142081
49139 49 216502
31910 52 178428
131051 27 159529
23329 10 189105
79220 2 191885
36502 42 179859
173977 59 195786
55811 25 189234
28861 43 98789
167011 16 208171
159880 32 200732
71458 54 79843
117459 75 128672
37221 59 150308
74398 89 175491
37839 21 141002
4645 22 44246
39142 36 40794
186290 11 239942
3235 73 38209
35645 35 191716
82245 1 96015
189895 9 241510
45157 33 116610
18934 61 172613
43523 40 137515
132820 3 229039
64794 5 246594
78697 75 130797
167797 58 178091
19252 26 93414
75753 6 77114
19884 47 106255
66106 84 128102
64075 47 147309
44367 86 212430
90255 59 213673
216573 17 239716
71076 85 124562
64532 91 79003
19752 14 160142
99456 54 158623
148280 24 191576
140045 57 157834
48922 41 100975
24385 15 76511
8148 70 145465
163129 81 177849
180486 1 186847
172686 7 196767
60299 62 71251
150373 40 165084
88882 81 193456
147455 4 191344
75596 68 131539
32994 3 114239
88285 22 111409
69922 1 191696
40136 8 40817
74894 77 183631
131933 58 143044
84868 1 154045
180342 29 229145
36331 85 233611
12105 31 75515
72888 23 170302
59511 2 218745
106714 97 246288
88096 36 164900
90399 93 187406
22213 48 232114
169597 7 173113
78756 7 87258
29452 73 238548
30349 52 63084
83018 81 197103
37426 54 181037
153369 64 171258
117831 99 151059
71835 81 182778
131254 26 203423
165242 81 221831
18960 9 195388
81379 5 214593
79148 8 212628
140342 10 150325
215022 76 228259
216987 33 235839
97819 38 103230
122309 35 157653
99519 20 152177
729 14 61381
141454 3 245942
33633 86 46630
32852 4 118483
127706 89 161176
1862 18 132473
170947 41 226545
27653 73 137920
110011 7 207714
2705 85 210952
34104 73 86764
142986 97 181852
137323 13 218638
9203 29 76209
25797 80 242177
130713 95 245147
34327 57 57453
181788 84 196294
78038 29 125257
49559 49 222344
165262 12 238916
154695 65 236247
46281 99 66043
223069 73 241655
156917 66 223082
67120 62 193103
33934 29 61391
155123 47 187908
33583 93 195090
194598 83 239363
66964 31 173909
26127 61 201892
88530 61 221494
135566 44 243950
81336 69 120707
89457 87 249734
110702 95 187914
122458 91 236145
39180 80 249379
164401 20 171969
181841 32 209947
98700 85 101967
102173 17 191325
8888 2 249121
14417 67 201942
66170 58 204989
39015 1 86677
54892 44 205295
24168 5 105059
188479 76 245438
4353 61 164884
117560 10 118805
16552 2 120591
18196 99 193840
57741 46 248460
12643 43 192930
124654 77 139685
117536 76 174820
52678 48 71865
7847 88 206619
63211 18 82217
62870 99 107276
70661 98 234472
56606 49 176481
54590 22 228948
40962 72 132251
164607 33 170758
92229 45 180340
40172 6 96154
94769 37 164672
49057 73 215061
72274 72 88990
159307 72 191381
38087 95 38934
47280 78 231647
103933 16 115298
2084 75 189542
20135 32 111453
75595 84 237322
28310 34 164349
13290 67 119959
97019 45 101992
130735 22 221482
40310 59 207771
47555 60 116011
55765 22 191886
164011 3 194237
216453 28 246516
5415 41 150415
146184 72 245113
79211 20 182594
3339 59 47670
41340 94 147890
47643 98 205917
46893 29 71667
205083 46 240456
101523 71 232331
52955 26 227644
72473 7 73931
43395 25 154256
16057 39 29121
19448 100 42549
194361 85 211438
23844 17 237588
64392 57 244510
84678 44 194154
84879 40 99498
145552 30 232283
144934 88 168734
47781 11 147332
49462 78 160444
16287 63 239580
14831 9 96523
28971 78 178000
84497 22 108389
155775 52 238912
12575 67 89505
79839 75 225274
131020 61 184084
96009 99 247472
98483 26 210875
198188 75 245228
220129 7 221443
107606 40 121152
104082 65 169901
196260 6 224165
140784 23 147419
85681 57 213648
60536 98 162163
132401 62 185012
13896 71 62194
139163 59 149087
91652 98 213871
197622 87 209097
104033 10 195163
175278 89 184065
182841 85 191625
193323 61 202796
33360 45 39990
102236 52 195195
15940 57 51980
26626 90 36362
120432 30 158807
126975 73 130131
107205 66 249743
36970 3 104119
139378 17 204800
50216 98 189586
123251 43 208921
36360 26 230560
151806 5 203058
19996 7 118412
170954 28 205948
118510 99 185717
119295 89 198444
160022 59 244048
59782 76 81932
29961 20 245095
150732 52 179914
15432 91 53215
164007 8 184520
1186 67 216407
514 93 197470
97796 50 221842
69116 34 229028
4173 2 15712
90432 82 123777
101103 86 242092
27822 30 65460
72910 100 147959
34556 41 201557
147124 32 236130
195986 92 224670
24985 68 173754
14781 61 207322
57566 63 244269
63899 24 206088
214324 90 244922
57867 32 243864
71989 61 86770
163169 41 172068
199796 39 230683
139890 21 198490
39568 75 122017
2674 84 221257
30031 82 219801
137110 68 236074
115440 13 173583
63502 2 138229
309 71 217424
14823 37 180943
123652 79 210988
127115 82 142040
6084 22 247756
19033 25 78491
148184 97 167697
198967 55 236713
73652 91 133003
163383 87 191831
63780 6 177669
317 58 3190
164487 68 200854
137484 88 245442
15274 37 135957
83433 62 107231
180259 4 245976
88263 10 248171
40606 1 174774
117337 75 154851
164713 25 199833
55229 35 130392
11340 14 73273
59066 56 136672
81847 71 218317
86443 56 143089
56132 65 122577
37996 21 239823
68128 40 223964
87268 57 91253
73204 21 184483
194990 59 215766
76965 36 137886
151973 35 237884
181056 41 246768
80352 80 122549
16280 28 242856
15685 27 79463
5033 31 115087
24469 8 47788
115275 18 129308
2444 50 157808
20630 99 182292
59848 85 211971
1659 68 187186
12337 8 142787
7984 74 180910
132237 48 202116
141894 66 168555
25731 70 249239
115581 18 159330
46048 53 149887
64484 78 87596
50646 1 55175
44888 30 50871
74165 88 201678
112566 20 161965
112992 83 197720
74154 58 130408
64884 7 233180
37581 31 220127
26149 33 117114
13200 86 143137
82557 98 167130
80656 64 152454
58717 27 93217
27360 51 232757
139908 57 245062
192115 40 213603
73293 58 110064
34166 76 69309
97170 22 186118
10940 85 96476
23427 7 220013
135719 30 231699
172239 80 180884
153173 65 225766
169966 50 231987
151724 74 220104
104896 89 169219
28415 36 247098
135449 9 143886
84689 63 104330
73959 80 123362
22680 37 24305
22774 4 237662
110465 6 181359
67846 61 91044
20332 82 65945
97234 95 106137
19572 51 64869
68472 49 115484
208702 87 234671
32201 37 45511
71576 20 144407
73189 47 214709
655 64 184289
99892 26 212773
76972 43 148486
4064 5 178003
163108 73 212638
56538 64 74701
98944 61 157855
51153 80 73097
21361 34 56282
146673 19 207720
202404 1 231356
76662 91 111485
130907 1 243526
210422 80 228619
17382 69 184393
6339 13 56181
118427 24 163004
169853 47 227225
145191 27 155202
66281 63 242933
66539 60 69386
192211 27 239439
6101 41 220041
55474 43 244620
137670 73 149878
109869 96 188547
151798 61 160620
25543 13 241374
15820 15 135538
76825 2 228727
122978 12 194276
6018 47 111607
156678 53 238956
100854 72 126340
36557 5 236005
217693 48 245167
142616 54 153492
118335 75 205707
71290 32 228453
67125 28 144638
145829 56 173151
134456 67 139113
37753 68 219354
75686 79 199151
134339 36 208762
144702 20 160119
70209 44 103545
40876 25 178584
161513 82 170296
243386 91 248467
67056 16 122441
43033 11 51021
2888 89 5166
17544 44 19464
196355 74 247132
133104 48 170629
5019 90 45182
179493 65 235265
79889 71 139176
38509 9 126439
10221 92 136353
116040 20 210598
97204 80 239517
147911 15 204974
38563 62 217929
10500 1 165588
156385 11 217012
29473 91 49931
184840 44 205450
76683 34 212371
1086 73 64322
26768 7 86642
188446 90 217434
122066 100 163113
174249 19 206177
130910 66 248042
59214 78 82158
63502 56 160078
39613 49 45141
6389 93 102448
49146 74 67267
23286 96 140895
97610 32 218174
146048 64 183380
72831 39 124116
48454 37 172750
20665 2 242463
72683 74 198657
91925 95 182027
28069 8 56621
4168 25 230642
2787 50 66049
71177 55 235339
64864 18 169160
65885 70 131080
127498 84 130043
79900 48 231379
132041 25 219827
104567 48 158026
78151 82 216323
67268 49 208373
84358 64 223750
202218 32 243177
205076 44 209537
130122 66 179075
190745 5 224154
43349 35 196400
37376 42 230744
193436 33 219851
215781 32 228214
126273 96 165505
139636 71 248900
69114 38 173503
119274 67 132117
52984 29 243714
183913 94 187505
101450 71 214553
47192 95 178621
187089 44 247617
115521 7 122253
189293 68 200777
15296 81 186052
105971 37 166971
87830 76 134385
82750 57 239242
74975 82 182088
113543 77 178211
84848 36 143112
83603 100 236291
99896 47 222032
42581 88 177484
30474 95 223938
102153 47 164477
6500 89 235086
39565 79 98077
132039 2 151519
35953 28 186536
64611 36 159931
16385 37 198185
189993 84 216770
118753 58 201991
60540 4 201275
126556 13 145436
165712 57 235415
116095 86 117568
133231 52 210851
27775 84 29070
22536 62 127143
141669 37 197364
116493 64 176867
147185 77 202409
119425 52 167424
110491 7 138306
25946 64 87637
93511 33 147137
146765 63 245938
32856 50 73499
124540 58 163584
100027 13 110190
61172 6 91328
96433 95 127002
153183 55 243443
137775 45 179790
103458 15 104419
12740 71 86595
4889 22 86008
81487 51 149612
63771 8 122786
30038 17 205814
59912 76 67254
87258 1 102879
83309 81 162679
118207 30 205179
190804 51 209740
78072 31 105489
78925 65 220871
166982 75 234383
59374 84 63613
181328 44 194745
197522 13 222187
61508 14 185424
155757 92 207038
60842 29 67700
24083 58 25384
52406 18 159936
127959 7 180616
131945 25 173037
55159 84 168115
168916 14 205593
156907 72 208278
2651 66 100466
80918 41 164457
3766 78 31073
55562 43 242758
65529 52 196254
77741 22 202009
72501 41 174737
46583 52 176451
45811 51 63711
116666 56 217259
53948 92 209746
53132 75 173836
45302 45 199001
4429 26 226119
67971 3 155601
52274 99 72017
145048 90 238800
98186 43 174103
85909 97 130604
164961 38 176501
128989 5 211244
54028 81 64205
190124 63 198091
15686 37 191140
143604 51 174441
15355 26 42875
138244 91 210928
27146 28 31831
57773 21 111502
14005 87 16331
121716 76 200366
94181 69 194166
43079 69 60413
85934 73 117399
69621 89 211900
47547 98 88115
53965 4 123228
87402 6 238382
57323 38 103698
18566 33 178439
8737 87 154689
167036 36 201242
245476 98 247781
125121 75 173569
126570 9 170768
111526 7 218368
130959 27 210341
98505 5 134216
15909 55 92014
82951 82 169516
81018 52 181502
166109 88 234323
61780 30 106295
48078 39 155978
5319 83 198599
58943 54 94778
116545 83 217255
172930 12 246232
19056 64 177474
83285 63 210491
101349 47 243146
97335 26 111155
193909 75 236567
63840 23 212008
206885 33 215047
10159 73 118448
85961 37 249822
53890 8 125954
146392 40 168323
22819 63 35947
96917 61 220182
157879 13 238212
74004 73 141273
180538 82 246055
140128 90 191946
73828 93 249548
21678 86 53502
15537 13 135038
20417 37 75982
118781 46 249137
222670 49 249562
194895 16 214356
194361 37 248526
109029 48 218729
131825 16 170010
15336 48 108353
55088 12 60320
105044 81 172415
23706 3 235029
68152 33 151357
40464 28 158116
120875 99 200729
73547 53 186855
9818 89 222461
94370 90 122313
119701 4 187542
65970 15 108349
236155 65 247414
72889 7 118335
163572 11 191739
61927 59 146000
51322 54 221959
166167 22 188498
46743 5 162985
178077 92 246448
114039 31 247641
76956 65 118946
34325 17 200505
59689 29 201876
14669 62 35122
161377 86 209324
157504 34 215576
124433 94 216330
149078 45 229660
82303 67 152680
14394 33 196486
32311 95 215678
115572 84 240506
18246 16 241834
101526 95 128986
148475 79 177720
198844 86 222279
158383 17 223440
30516 91 197059
19234 95 228963
99933 2 249125
22208 84 137774
51978 61 113269
13954 2 59151
39046 79 78111
100159 87 173855
3776 5 139061
178105 8 235073
4912 20 97720
136416 88 158892
164721 91 225158
94826 100 234456
75541 45 179101
37655 98 87195
102771 74 180174
88814 34 194176
45152 47 78844
160698 47 164601
79784 58 133455
140441 33 249493
84995 12 99595
55243 76 56909
6095 33 17167
72356 10 109188
33335 59 61169
106246 12 209473
8014 11 200828
9242 99 121364
101867 1 174877
200339 4 224395
46619 19 94250
124189 3 146358
141249 53 159763
174199 15 232724
85491 42 119123
96613 94 140219
89435 12 139463
68297 26 158145
24827 18 146886
34218 2 199435
75804 78 242813
55887 91 93695
156132 22 165990
131290 27 218445
134774 6 142668
64221 81 249318
37569 57 37992
128741 44 238313
68217 51 173247
2577 95 217940
171773 33 235215
169240 42 175304
227993 4 248771
71136 63 221857
157722 32 166809
70891 65 188613
91524 28 157310
166483 8 227026
73785 43 160419
55420 75 237102
77429 32 91214
126648 69 216402
81910 88 179019
44406 60 155928
4383 90 27132
111469 92 183288
59509 69 120989
160887 32 224696
103443 47 178063
59389 81 157830
66840 33 131249
129662 87 181419
183173 4 219253
36671 31 45849
45175 46 158695
211423 11 214467
56024 94 100276
60373 71 174891
149326 42 226532
108138 24 217783
162646 56 217613
87946 70 193284
11230 55 193504
20688 79 248606
3008 67 201410
111181 88 212454
90159 18 130888
105023 71 202426
82971 4 227593
37286 92 182223
41782 99 236606
100292 1 164515
231200 99 236237
96171 9 157459
129869 3 218323
149084 38 215178
4502 21 58351
63539 14 73470
3846 69 67591
118107 3 140543
21686 14 84656
44421 44 83357
141229 73 193080
612 50 159208
12405 66 149249
21500 62 227051
192346 100 200956
27049 26 75960
15890 69 146333
64862 32 79200
74517 100 213851
170477 32 196993
115770 32 227076
136300 42 144357
46021 77 159863
1712 54 144868
105773 21 126346
31796 71 192771
135714 88 231438
50914 84 248931
52392 47 214391
23279 50 72555
10335 16 168477
140296 48 190086
110105 83 150075
123579 93 199653
69838 39 123259
162649 45 172102
139192 98 219577
223070 21 239475
132291 44 153673
23041 74 214295
36205 4 145117
43714 69 70119
48459 53 190394
18385 61 161271
48426 96 62086
72935 47 166252
172189 67 231850
41653 79 153724
192475 7 229679
60672 77 124175
91964 100 94537
66423 23 175838
89646 52 161747
157236 12 249325
75941 1 157064
147171 87 195033
96367 83 131066
35023 74 142298
96100 8 173212
79237 98 197198
127541 80 131942
50636 27 86484
64028 5 79827
59668 44 219469
15886 15 218766
120378 93 191802
30115 12 214343
167507 93 234454
167971 81 236529
30803 54 210294
154441 16 173331
74336 38 225371
70204 17 185632
172555 42 219401
69752 48 239095
80386 25 169275
70153 14 105081
42338 23 206605
9514 24 72880
55831 4 135286
121639 27 147119
90657 19 199914
149182 61 152402
98720 74 192760
166091 35 183577
78358 91 180091
62343 13 165401
108730 1 117531
226155 28 236757
91068 22 165227
168650 69 205733
39452 59 80793
47000 12 216770
62961 17 114541
104865 31 206130
93110 75 147173
113978 9 230575
47316 66 193488
92819 82 181566
209946 5 245329
62960 16 221667
87458 75 157829
72646 97 191654
73510 70 114784
30379 61 145853
98597 98 117224
104729 47 216824
210834 49 212394
135938 49 188528
83397 82 89024
108996 43 232924
141222 82 241699
101027 49 209139
195198 53 223811
34428 19 156654
156517 69 230181
1741 97 189522
87705 81 222980
15641 22 95201
31814 79 222334
81454 62 113978
108963 50 200090
16218 37 20429
224724 44 240787
182261 38 227479
56636 61 207120
8217 85 235614
46518 88 236013
196480 80 245694
69260 23 176467
70635 36 223688
170372 22 193219
78106 82 198526
150498 11 198652
50692 100 146186
16431 65 249225
47362 83 87295
224939 85 228589
3127 32 197404
134650 18 239399
103501 39 173885
101982 83 198940
130205 15 226230
6578 20 116190
60623 31 173233
121310 93 192271
22983 62 48426
3045 98 194194
98091 90 203526
139732 24 195730
52720 37 100458
118413 20 215460
19025 60 218476
172373 68 246935
16737 60 157656
90003 79 239978
117981 52 246213
22442 20 46036
37202 91 122425
7942 54 48693
20482 95 25892
16664 75 144219
151830 67 206355
70942 31 221198
39356 73 76983
94321 84 161180
29211 20 138940
26142 7 184480
71729 3 136330
144097 8 210927
127332 34 143845
33782 88 154112
20457 17 165727
7048 15 105635
50089 1 133687
9109 21 38675
106745 78 235432
194405 7 246164
156523 47 223589
84753 99 232524
75234 45 174565
90764 73 139829
39664 40 140879
131945 28 202735
26579 95 56099
145443 55 242942
162998 89 191792
137375 55 235636
133160 22 157455
133643 72 153073
103779 64 167202
92705 59 190902
52285 11 136500
63352 37 144566
172666 53 191361
16559 31 19041
157761 44 241110
11484 6 20733
47547 70 186483
140578 41 204871
103925 17 178483
108178 67 126208
29071 51 29131
80177 61 216070
162716 22 215386
67162 67 183431
11596 94 53219
53168 20 179292
205478 23 220063
3487 71 41435
140363 44 227343
182311 41 232733
149576 93 161294
148627 17 227877
107369 32 236615
40936 91 240320
8218 11 145330
12152 74 201810
2911 27 77075
69441 68 249772
43202 68 98882
92615 87 109592
80143 30 200395
147964 35 170619
80502 99 169102
75179 5 220472
116188 73 130009
2055 31 19706
106126 88 117228
124115 82 197567
82324 46 180534
158549 26 249016
91440 75 139482
12518 12 129466
61975 70 67540
49259 44 191913
76802 83 131961
59616 12 219386
59309 40 149906
30416 71 45432
130918 77 165756
95064 48 218523
40945 93 42799
22023 39 70418
25220 27 230479
107496 78 225863
52476 27 74205
99919 23 249608
168012 67 178676
38182 49 43966
122389 77 187613
147065 34 239375
92286 52 123298
60983 6 154812
145800 9 206629
182105 35 227573
16131 29 226559
103699 21 215572
163094 25 186348
43483 24 104199
86650 89 241886
105232 4 245900
12538 18 75976
74004 7 88446
47319 84 115895
22854 22 207258
94178 73 171840
41583 57 229722
2782 26 244203
73850 62 131429
45769 34 77703
189514 70 195956
177147 56 199910
67685 7 244560
98791 27 136567
39083 95 50274
107432 98 193622
72272 71 131561
127943 37 160476
198335 20 211100
63922 71 145414
204991 37 242948
99392 65 111882
138083 67 224710
104835 14 188794
2062 75 32044
186974 58 232672
29801 47 205172
171981 11 199895
112547 33 141514
57289 61 248242
119387 78 232624
38333 35 152866
53988 18 167188
64570 52 235875
9113 40 143928
159131 41 176483
198364 42 232791
34290 100 79606
2502 6 195163
55320 5 138230
16884 26 162625
1392 68 218402
55582 83 225471
56733 9 151198
38201 38 215268
1995 35 12139
9580 22 73240
105696 14 208576
158891 44 218624
51517 41 106571
120607 28 120965
46696 11 79223
77121 21 82966
236591 44 248060
58926 31 182149
109876 30 235038
9303 48 50888
52737 36 219524
20316 31 155872
13539 65 66446
100056 21 120972
35759 3 108484
186875 61 203548
23965 23 105800
147398 82 182735
125003 10 224683
73647 22 163002
12770 74 232767
53902 11 109158
176585 97 214092
58912 36 204023
65655 57 167477
61114 41 191750
154433 75 183762
62428 58 237030
6345 59 226120
33144 7 99273
28158 18 79956
126074 10 235535
107160 83 222547
28477 54 194022
108120 90 201169
98686 98 198122
38325 65 103173
166237 85 249934
62908 3 114431
118605 38 201356
71725 77 127602
231651 19 247795
43248 35 102091
34047 24 232431
43916 39 187746
37755 97 231525
132309 83 196477
69226 49 72885
20311 34 222595
68035 86 236401
113116 15 187574
18649 76 243487
9866 58 110129
79464 82 237946
1195 54 245548
41451 57 122171
24633 90 103518
98775 10 144032
127705 76 165427
129040 85 229807
18990 8 152111
624 100 228132
147157 41 154743
37019 49 75640
84271 33 148496
45359 10 233404
70796 59 100588
120333 66 171216
54222 23 78833
41942 83 177131
39258 6 241915
141034 3 142315
168189 5 241869
63142 48 242245
2214 30 139764
163520 85 186379
131580 18 183400
41741 84 94371
47279 33 240218
60674 75 151294
119213 75 188447
65152 56 136590
24067 76 28290
71328 39 200560
211059 47 212752
69706 92 103188
13108 9 193314
11907 77 107953
6897 42 229403
89623 31 248174
207499 81 210587
181341 49 234883
15956 6 69643
121438 30 161030
55806 84 81435
92536 30 146580
55784 35 70229
69554 6 169209
48831 2 85528
84513 65 94293
127441 65 182755
114059 91 182367
90453 51 119123
329 14 82648
41623 20 207879
174109 25 206770
115912 30 129284
54369 13 247228
17988 60 81691
39382 28 78731
79589 96 185711
51846 47 52352
86132 37 202128
181754 1 215854
145043 6 230191
84176 9 214976
44628 88 177241
125877 87 243778
38757 36 74710
16487 12 202117
17950 74 47118
19949 64 217905
2416 43 43636
128339 96 240008
82438 21 84749
2865 78 113692
87438 14 185598
89013 20 125645
66605 85 77792
16415 32 242159
26452 26 154976
150312 61 210994
85407 87 125164
11608 53 213245
81700 4 173293
94608 35 196514
70842 50 120306
70730 82 229397
164723 99 185668
92201 97 161820
40013 7 167096
216876 55 231642
57645 30 248470
1309 5 249182
5229 46 187999
150290 58 248368
35319 17 125737
127239 68 139107
17207 53 106234
107894 35 239965
33864 39 106109
118295 59 141861
119620 11 211600
31366 19 73539
75841 34 105845
80496 38 182918
44483 30 159887
214954 53 215416
5451 11 129098
187500 84 226816
171052 14 224323
165636 84 207833
57845 15 85960
12744 1 221317
176490 69 190042
183459 72 240913
172754 37 223329
20958 67 172087
15492 61 127495
79643 20 245192
148293 77 166094
120582 63 219079
160916 97 178071
14210 93 199691
74796 18 243388
153945 81 180524
14130 3 147757
14196 48 111903
127597 53 170138
130335 29 137917
41995 35 108686
29712 98 127334
70368 20 224665
36335 64 126848
78895 69 91281
137257 40 216998
56950 83 143302
213913 23 226740
11209 84 109731
121596 37 149321
158065 51 182422
79241 11 92017
18977 82 139360
62525 83 169168
20015 44 30460
36122 52 82255
28502 67 244064
20510 13 231405
118678 65 164433
27818 88 200193
170165 87 189625
60476 3 248738
129872 84 146570
1985 33 173409
140583 21 167867
64693 63 241919
69591 92 179637
70492 94 78427
110151 81 158125
151078 45 228856
70865 79 180931
182573 69 186350
76567 18 176289
169873 96 239761
83220 80 130756
71816 39 78730
68001 57 201729
54543 44 220622
128239 34 144435
33745 38 158799
68404 26 243801
80378 13 126005
61071 53 126323
47769 22 134254
158391 96 186080
60901 23 240653
8421 37 22821
130645 8 170525
60247 40 162114
181628 58 211602
17672 50 160892
212143 80 219815
81261 95 82202
70133 31 118506
173520 69 237944
144703 32 232314
9200 76 184009
167342 84 234252
30556 86 108753
125226 18 226704
65256 15 98273
93686 66 233957
56088 39 229834
219417 91 234821
150043 15 163669
15370 68 76926
33068 87 193574
164822 7 174185
36536 16 140251
149211 14 220560
6297 22 90388
140098 6 242832
24475 13 69488
121514 23 144789
41110 88 61624
3702 5 105694
235117 13 237429
175583 61 181000
106131 45 188751
134728 12 193920
89606 7 204606
62954 97 213405
119214 71 155196
110680 42 201326
143765 52 192095
194853 90 237800
51984 46 126288
11429 90 220104
11962 1 147309
5541 24 136201
239295 53 239385
159331 54 191774
2277 45 31557
165010 78 181467
237162 72 237902
161083 98 195701
47126 70 103699
65183 4 194924
58098 48 212054
23929 13 230263
17849 66 136148
108212 61 238492
21688 60 236238
118696 20 170565
95978 24 192354
18278 42 49488
225335 68 244219
142971 75 244170
160841 36 202250
165654 54 238104
16682 9 140545
104655 25 109645
161111 35 200387
11101 9 90199
4057 50 148073
19310 75 130343
19686 77 93652
62846 43 223581
95145 29 95369
153419 53 153851
189343 56 193155
68695 99 84819
27294 27 77465
94347 56 237386
39966 90 56175
131890 79 234121
122291 87 228123
92618 99 176449
135287 64 218483
65427 47 115158
120377 36 171862
148929 24 181344
19660 65 218397
83445 19 230866
27718 32 218602
16183 86 45437
106088 12 140999
48366 31 106212
171730 19 207990
68063 13 120246
139806 23 174198
41615 64 98967
46709 60 176612
57813 2 89305
207416 61 249559
46072 88 151633
114950 96 178816
76884 88 157083
6163 48 135092
61096 42 109599
171368 34 228074
193877 2 220894
179945 3 206795
143254 82 175823
110608 15 169294
88254 65 161061
42179 89 236503
56641 94 172989
5208 41 159031
85615 90 101367
7720 36 198655
99666 28 149548
156264 25 196793
92859 7 192606
166427 27 229207
80166 9 175008
174516 10 230828
151019 36 234766
56444 45 179171
161224 26 245506
10212 17 212960
22948 67 102237
95957 79 156620
173090 80 244498
179565 70 180432
4079 95 170625
199356 33 232062
137511 18 170033
58314 74 202288
205995 59 233781
66737 96 238732
49195 2 104992
98691 77 193272
78190 55 215313
106719 18 135898
170434 47 227134
101207 70 192585
27651 94 73671
193487 35 204553
5686 79 238911
106499 71 181811
11791 19 101871
7750 21 58998
35714 53 63478
76551 1 173303
129506 74 136129
64090 32 72323
33131 95 201211
16893 91 95397
167436 47 170493
99071 53 124869
16202 61 63275
9928 16 113982
133169 47 241828
76683 89 97463
94581 47 180134
31338 83 190318
67809 31 226971
216696 22 234091
129871 76 196924
46094 100 96001
105365 80 141024
37570 27 80437
49062 31 245894
140378 53 223931
46200 12 104663
90002 51 130226
222923 13 233600
209884 42 231348
33243 62 195839
2520 68 165206
81094 94 205420
43900 45 98509
56755 2 244200
151499 49 223577
114297 79 202752
29540 53 239288
25794 55 150598
183165 75 208574
26946 27 48653
104333 48 202090
47589 72 131530
75922 47 232118
66810 83 193013
120910 34 179177
31490 69 79256
1602 19 206901
7413 22 166347
63737 56 87551
2839 13 215120
29798 98 241200
201690 68 203219
73 51 218381
104829 77 148846
211031 72 233235
54494 67 166940
29495 8 67382
105749 93 209602
131588 5 220134
38833 66 74489
138924 75 224919
69845 38 123918
10149 27 223830
11296 9 107748
166998 11 180670
54675 32 157377
176113 75 223781
69431 35 74801
75487 49 116393
101412 93 204848
37168 95 207980
37145 6 62894
55508 100 171358
122783 6 192695
31412 42 136695
26413 54 30543
50544 67 218208
13985 1 205121
157789 2 188941
216779 56 228169
42256 83 108264
89129 3 132498
157954 27 170802
16717 93 108011
24523 47 175169
44965 53 54122
131051 91 210295
155566 3 205077
48829 30 145265
173638 54 218203
120497 11 167571
33546 56 177209
142306 37 184963
121523 68 151508
45914 4 133186
59670 2 144368
175240 71 197031
109306 49 173920
8689 27 43388
10224 90 205313
110573 19 158546
83916 46 217715
164512 79 235583
8564 90 212644
5605 48 182089
39709 28 117767
128603 88 191764
6429 75 137773
82034 39 127777
44245 9 54063
53819 55 136013
35232 17 43426
3526 83 30807
87602 28 127159
11829 5 82149
158179 61 203231
21760 33 77572
3711 17 195063
51662 11 211582
31758 81 196879
216528 51 240219
58026 75 109603
182837 54 192526
27943 52 180008
72471 9 193823
121004 80 198755
103310 80 229487
161353 29 216676
70444 87 143990
111156 2 181264
42162 42 224507
142914 3 143564
62160 76 198820
59276 55 81025
17837 14 168683
163781 96 183105
163358 62 205838
2912 59 177947
135215 56 156462
136104 13 207994
4310 10 181420
54247 13 234924
92587 68 104551
40281 29 214914
17000 13 204224
94398 41 243552
117802 50 227184
171925 32 216327
93482 49 177503
34424 66 245285
152313 57 160013
110224 38 221006
27052 83 151842
66687 50 95055
117641 72 174628
178083 89 192025
98931 7 144552
103823 63 246969
28967 69 144685
498 61 223620
103917 44 197512
120046 83 171607
128940 48 195920
5418 86 95109
82491 42 222668
67210 4 232141
55694 16 208419
38064 45 145055
46594 100 213131
109723 89 165326
43921 47 90191
36467 54 126725
26155 51 227970
97042 81 175868
47851 37 136361
86112 41 158166
180726 93 235423
115173 59 160497
11984 67 90469
208339 21 239988
61722 76 183067
102020 5 217712
113611 40 133803
125806 87 210774
14400 57 218988
23479 92 42368
7636 35 123722
70592 84 212702
3236 31 191367
76823 68 245088
124602 48 156507
10498 35 115704
167133 28 190767
32560 76 120205
94888 47 240110
64481 83 206659
40970 88 216940
153805 78 185322
129481 27 206159
45433 25 132210
38517 1 77140
110170 79 244581
62079 32 202465
8126 34 98305
16581 91 243440
113669 6 190551
124277 77 152678
45307 39 121380
20332 8 235824
17394 100 197003
70210 58 113950
71456 96 208166
20473 93 169316
122308 23 227857
22758 47 163008
159976 79 197734
112893 73 168138
41909 10 231350
2721 19 32816
106113 82 237174
41822 68 144105
40432 61 157661
46661 4 93728
119829 90 162130
132660 62 249469
44427 52 95605
144077 11 247939
108905 29 152679
26232 25 95307
42953 29 163387
153851 39 204228
160938 58 222326
64447 32 123729
18140 11 75263
44707 74 202583
55420 79 233709
21676 81 111073
152159 92 197833
123246 96 201040
9943 83 97496
65479 18 205063
160019 61 232204
126490 3 247358
30428 9 147156
37644 78 103322
154769 41 212883
103865 83 217956
180741 10 188802
42270 87 217495
79277 73 190428
4602 29 207844
10138 10 181779
29990 28 85238
14282 47 59855
97586 90 226442
38486 65 64721
141930 23 144927
29548 39 83825
23575 14 229673
3580 34 100156
168082 20 211216
104709 22 144799
127776 70 205458
188349 20 206622
241775 96 246910
103235 67 115140
26724 72 160922
195716 65 212845
14839 92 234341
32843 58 167026
149465 13 201669
3351 13 51307
175469 60 235002
28590 99 228805
190045 85 233237
181018 10 192927
109784 91 218710
49726 95 133612
31200 13 226190
106855 50 148000
3418 19 28117
123267 90 190401
145434 50 163555
23593 38 241353
175307 58 243792
77102 80 235122
28713 47 152022
163155 2 221235
162360 55 174926
129619 61 218513
132892 25 153429
30263 33 76420
5437 28 24093
51502 36 60102
59225 17 137804
3927 20 96412
8868 96 173973
142950 84 175012
71753 15 213700
32493 17 102414
6760 15 246878
111823 11 122890
32097 34 126173
137406 51 222906
55191 2 148875
59449 39 198581
80799 50 164809
38635 59 71244
61427 56 107325
42783 2 81606
41305 46 107059
52760 38 182937
7985 87 121563
7658 43 185829
152229 41 158143
136983 38 193072
118344 20 142882
96059 2 240932
2192 44 214497
35564 85 86449
126586 20 186984
147759 65 215160
161180 85 170194
55352 75 234429
9143 45 241759
17108 16 47371
74310 4 96629
131679 35 205862
28266 12 233091
110969 28 195608
36101 73 81142
8898 55 154429
76000 27 125839
127013 79 243721
223266 93 223388
117109 2 196403
147656 61 159248
159338 91 162829
203472 56 237015
117629 44 204103
61917 89 191154
83262 75 228227
129802 77 198002
56962 17 194759
93404 93 163524
44533 68 220404
111959 4 227343
80248 44 244734
88729 83 176124
94525 19 211649
13432 32 87600
61523 69 74734
48765 29 175646
215986 79 237052
31895 40 104332
62099 26 110346
212793 13 218510
181316 85 232891
138044 14 203236
151394 60 234085
128875 37 178984
61656 64 190504
15123 63 15263
44264 50 196958
42462 39 197666
22386 60 117210
136398 55 214789
27939 66 48263
10207 87 110469
62484 8 124531
63868 95 123323
218158 93 230843
147080 11 216747
16572 16 123904
4685 84 35748
124805 85 157067
171683 3 248962
9361 69 203204
156501 18 214798
37584 7 227693
119057 94 171772
248043 4 248545
216825 91 243786
50367 94 171014
78735 84 218145
30048 37 88420
2330 73 236376
10643 28 148818
93249 35 247919
183108 72 235273
159244 17 215970
31699 81 162234
108214 11 176674
2337 59 7489
141559 39 205966
189887 34 249016
53450 64 204154
4371 50 55608
5533 23 17598
81542 73 162767
123309 54 181520
55690 97 202398
25182 59 95904
55748 86 121837
14803 38 82499
103741 17 230091
70680 31 112711
80876 17 112225
54274 5 237158
39808 72 247007
10234 10 10869
118810 15 154234
75818 98 249669
227535 35 230767
124793 30 186084
203964 18 220345
31702 5 245777
320 71 184341
40777 93 121646
96203 94 216320
161711 11 224484
69362 67 221245
135898 5 184088
96315 68 231766
124725 64 227567
28037 31 60205
26847 68 145242
140196 76 140324
32231 33 128394
110025 76 156923
15028 94 248000
66721 47 232738
98748 1 190764
9376 35 111375
60153 78 101867
23598 38 233359
27963 55 48281
189411 75 194579
139170 23 245845
133166 60 226268
51537 46 148586
69081 71 248915
195480 47 202278
16286 23 236618
3042 14 57834
46636 66 165080
88486 55 187757
80082 18 125869
1674 92 177997
166434 90 201345
87487 26 119053
95738 18 234402
37278 63 65702
78179 6 158980
111906 63 138171
21168 72 216890
138139 82 235155
559 15 111486
120571 75 220143
150603 97 181358
102236 48 171212
31801 49 237188
104736 41 201047
1024 49 235918
117977 62 187864
1828 28 33398
145624 98 190253
32127 7 141854
109937 43 240487
26421 58 28450
57726 80 80931
23588 10 52559
22024 5 39353
123181 32 243885
146989 19 166304
46445 36 93407
11817 66 96291
100336 87 206299
84449 68 125226
27849 24 94019
185988 24 243672
63150 33 170285
218727 51 230155
146603 68 187307
50132 69 71007
100908 17 179284
50391 67 137223
28143 1 73437
58065 59 225281
31998 96 110706
15532 41 173021
21974 88 245834
15853 46 66579
126560 57 200017
172430 38 245280
67726 1 185656
49457 48 141696
98439 71 105855
40505 99 238540
79819 67 176753
2745 66 120366
60808 50 86021
55979 53 149859
63353 42 209391
55408 86 212553
136310 74 196926
45380 34 108034
36331 37 39988
4018 5 179166
109712 97 206456
26485 39 115632
21654 3 120977
154811 32 231597
100817 44 208607
96577 23 215268
29049 90 241517
134270 94 216013
175624 1 225835
29490 63 186245
33165 62 100011
52378 88 100736
19972 45 179912
35200 61 239197
160459 60 239371
50485 15 175277
94160 24 113193
100255 95 204146
142720 97 217384
118907 85 148984
94321 49 178803
188965 17 200031
138531 51 235145
103350 47 118655
4932 19 62613
13086 9 192278
64584 63 210056
33792 26 55892
93071 38 148745
134553 25 233011
31388 53 74804
74642 92 130263
34737 11 62044
182328 59 202103
185648 40 213849
117798 11 125252
117530 59 185284
67090 18 94512
103878 31 189716
94533 59 207016
59090 88 116954
122098 68 137888
96184 87 172833
4397 91 65986
70437 78 127936
52757 57 226002
14357 64 132024
46133 63 192443
178651 41 232114
19932 38 151499
66397 74 224460
6179 26 237028
174010 29 208312
76764 75 169066
156162 2 198024
19224 83 99876
118134 58 246183
11455 12 207165
121593 19 232056
149179 63 192500
147782 51 202722
147525 86 181050
222488 34 247700
29607 86 93456
129391 52 230451
525 12 200757
136707 89 211906
44546 76 94379
14538 100 241564
121887 95 150861
30138 41 65814
43404 44 112666
21278 58 41084
141742 36 207564
112781 41 133508
26350 58 31441
237180 7 240911
26000 81 129422
67806 94 225921
967 2 66610
10699 86 24442
169879 51 225695
28209 66 212418
21040 74 135045
100861 34 220256
98354 58 143992
152379 55 157729
162034 92 171028
20028 46 49051
77995 74 245782
25416 42 94706
164413 54 233232
89458 100 178479
8748 8 49657
117015 30 152249
68507 10 161977
89929 39 154835
75112 21 102574
178413 28 229914
1599 91 17391
132453 69 219404
133830 67 229081
46617 59 62010
96744 36 135998
61146 31 146362
146088 11 173976
132273 57 236999
181335 12 244692
149090 14 236888
113766 94 195554
40731 29 83483
34142 24 134349
14467 86 187637
14624 29 129392
16653 50 120592
65148 11 106971
54695 84 226976
14652 46 164734
44507 68 118591
223386 56 240134
51913 87 206235
110583 74 161452
52253 21 160310
112964 39 139020
24062 1 103465
32803 92 206617
137160 85 238601
41799 7 238703
128164 7 169895
229909 22 240913
96793 14 174837
224235 76 239562
64038 27 125338
141029 29 247511
230768 92 248410
15935 31 165014
16160 18 59384
241368 38 242900
90361 35 200205
49036 17 239982
54976 19 167152
204116 54 222504
54027 92 90857
135272 67 185317
1733 8 4675
179553 93 221472
163881 5 235250
10978 6 130289
42083 46 199862
58798 93 102219
12911 61 115587
5654 82 25607
162412 44 212045
38815 28 155004
53647 53 191289
2006 52 113138
209699 17 234432
172374 55 244526
102399 13 171724
29203 84 126855
151290 22 191813
26857 71 192772
52658 78 148402
44326 91 121461
45790 71 114249
74438 15 167451
56361 73 208587
84041 84 108718
105521 68 239797
171980 96 248479
28618 49 236281
8286 82 248890
69967 38 159601
144710 73 248316
75929 23 175110
47565 91 60167
124958 27 155808
48696 66 175152
8424 27 84536
5295 75 199268
72809 65 134655
157573 72 231663
105269 63 207904
75152 2 221642
180579 28 226248
23462 95 229647
229547 14 231008
69563 47 157827
178171 57 241075
148214 74 179547
40719 20 159175
6193 88 32971
93398 20 144384
126091 3 239006
29410 48 241777
138336 76 194893
31812 73 208321
8095 5 52171
52184 60 198882
35738 79 200753
20422 95 171759
57652 93 101182
9200 42 84538
5308 81 217547
139230 57 213429
60905 55 133328
30267 26 190021
181932 37 248190
21374 14 173574
174179 56 210601
37817 98 112496
135583 95 203119
15540 64 151910
211312 36 243954
47955 23 213681
127228 35 233459
12979 49 56158
12728 79 190289
21023 10 66245
17196 35 191124
99377 75 194238
31272 66 103176
117437 72 119506
167630 51 247868
40794 74 158448
63584 42 96471
53527 31 244108
52390 92 166943
188520 33 223903
33725 82 54734
53177 8 57780
28393 73 225733
29353 70 122975
45291 12 55064
30547 64 237323
69303 17 129661
15062 58 50160
108118 66 240056
147283 4 192200
156466 91 183065
59386 51 217643
43906 35 232973
124672 37 157080
12891 76 230346
1132 90 114768
78784 8 193393
72836 70 94835
48739 20 197766
64793 85 91031
141269 26 145193
37301 9 105904
17483 73 140165
104932 75 147205
37737 69 44084
38001 96 42120
68895 24 109114
75059 2 136617
151591 74 244849
85838 65 141704
149612 22 156049
185099 22 201216
15566 83 27519
191622 62 226197
106776 24 182116
109995 99 237913
28412 56 247027
47336 54 135490
70221 68 201677
2345 7 83768
120888 88 221423
167883 100 224609
99367 24 214555
143039 17 221372
77298 41 157245
105120 67 160223
66482 74 180317
36059 54 166042
58716 2 238441
25581 53 214719
122857 19 177451
109754 76 118610
147678 7 173306
148797 24 174504
40847 40 93906
99181 62 149077
194949 79 200670
55895 11 80537
49567 47 232451
150144 49 153844
7698 34 199034
49806 33 98982
43878 39 247190
52366 92 156817
22875 1 244398
139653 9 147841
215050 19 227345
199187 2 223881
79772 89 152573
77872 12 112994
136287 58 199641
64808 66 85704
171325 66 172973
24456 4 50880
43848 33 175809
62323 91 221660
83253 66 175748
63444 29 76151
98348 61 140165
81720 43 128463
80077 80 213983
115830 71 236589
50104 91 108957
59901 56 169663
135781 52 155806
72791 38 128773
113960 97 130645
17737 63 221422
58527 59 184748
38263 80 156197
6707 66 113987
63584 30 117623
56946 24 85192
14229 65 133443
166100 70 181459
33759 33 153434
165683 92 210549
112617 60 121872
124092 22 163506
84255 20 117239
93133 19 231334
116274 77 184376
61718 45 219370
89435 58 176281
91711 23 104909
45432 29 60151
42787 82 186974
47012 8 123257
1664 34 17911
137497 5 241060
19847 98 140098
93792 47 172242
182870 85 205218
67787 60 200047
165431 62 218679
189846 61 245454
86452 32 200064
78591 2 216068
30996 35 42493
25035 36 63517
118340 15 202429
59737 100 99277
4128 85 126095
4289 50 66575
112908 63 196298
127258 67 198187
44614 48 91764
24420 43 59976
56942 99 92380
86270 85 92610
2771 92 73316
208972 93 228436
30336 60 239782
37970 60 84069
107820 11 119878
9812 57 130321
129084 34 168934
90290 96 179557
9502 67 186754
41430 57 76142
87609 6 202629
119409 21 147565
69937 55 116283
140610 7 218691
161858 52 176522
40926 55 213556
62039 62 194277
6900 21 210082
88478 42 170978
36951 28 193871
35034 81 209790
19469 64 195284
15294 76 171019
187800 82 247036
55315 46 193315
193657 42 229635
51597 89 213768
101640 55 209357
73278 4 247558
31826 50 133297
15537 2 138796
83764 63 243921
76505 93 106993
85701 83 182652
8746 1 21487
93809 15 142872
127796 41 154424
28857 70 234542
29570 49 192295
21299 20 90579
1451 51 39396
2406 60 135955
56957 56 65943
45151 72 119153
217646 18 245293
171840 18 214461
21531 52 58296
87675 44 206143
50339 65 193090
85397 59 217472
102884 2 189183
51928 15 205498
69194 56 243101
58578 40 179911
53373 9 190691
175270 2 176415
205300 78 235058
168688 90 228502
374 13 164524
72161 91 221703
101080 45 227268
177980 72 247222
87879 91 218087
36838 21 106865
127029 41 249975
52051 38 214498
50591 36 73955
11655 2 111774
87133 71 131527
34781 94 137710
59264 82 168584
82325 92 125569
183931 42 220513
122069 89 180152
7366 37 235247
43659 91 65395
33511 100 237484
89892 33 217106
163642 27 172368
176900 51 215650
49718 84 159199
31719 98 114562
115377 56 150165
124708 100 151627
150001 74 154719
86335 24 174614
45983 93 226656
220377 95 221968
53819 96 98009
2029 12 213308
206181 78 225614
77488 61 179071
96278 71 114789
64231 72 182700
198717 41 214284
141885 11 155184
80031 19 215927
95743 80 202675
23322 73 53542
45210 75 248783
23562 53 176065
81910 11 85273
95597 30 146634
109279 4 248611
25809 86 104841
153254 79 236038
4670 19 196267
124291 6 176553
16914 81 185957
44125 14 125181
22520 78 61441
61510 45 166377
211138 50 213195
143020 87 173576
15460 43 116787
66502 31 172378
107097 46 132395
157337 55 209542
85594 67 245849
86265 44 110919
3185 42 209267
116759 9 173313
129138 86 186476
114345 90 138449
15182 70 139230
157729 13 243726
191749 52 224543
154709 74 208939
4196 2 114810
116568 57 184155
185695 75 196495
27934 75 130933
176553 10 204904
162417 9 191571
77007 23 203869
194764 90 228018
14649 9 35702
150079 69 152168
241 39 149183
3399 36 105493
150494 54 190133
219620 46 227772
28220 39 92136
46058 81 65365
44357 9 55248
97919 98 151607
77895 16 79863
152450 24 214529
234441 85 249788
57367 2 102616
66262 9 128122
62470 57 209527
81974 49 142018
2779 98 197238
120992 55 132475
50997 57 176264
42002 62 129726
23930 50 115538
157795 41 207924
57546 81 146617
25216 45 209833
41486 69 136635
201140 23 241263
58379 35 97258
169610 62 218945
2337 74 35719
194063 30 232577
40796 76 61758
68410 2 134688
16525 42 68247
120956 34 165731
1119 80 187758
104019 31 188817
133765 56 216299
88881 63 120907
25759 60 29657
79731 40 85483
65422 84 243983
39638 93 66411
135483 52 189499
45227 64 173768
61324 100 125371
9297 79 119249
20744 78 44859
110258 24 214905
66244 97 67019
181120 71 212036
68757 20 185489
184395 55 210888
108203 27 211964
183163 78 221271
63197 73 167775
134499 59 232728
179680 18 204474
49014 4 153569
54792 34 140138
38810 68 191373
8328 52 183591
12515 60 144197
72869 96 178321
117144 72 180253
78504 20 91953
135183 54 225739
159586 2 170828
70889 71 111655
125831 92 130990
131926 98 244604
113791 70 164372
15160 75 140828
202797 24 234829
119675 63 190405
91178 33 109284
7632 42 34499
36569 56 99366
12765 21 237097
67127 49 120553
18275 9 66259
57788 47 217981
69618 11 219053
6060 46 60412
10101 63 226427
99409 87 236548
90820 25 165961
174057 20 245139
96672 86 153004
125109 40 129721
90079 37 191353
44457 58 248023
142898 12 213683
91562 95 183295
60740 76 241944
126355 7 211300
49109 42 157279
135146 27 227126
140561 29 232555
22630 78 193729
53817 94 113891
156224 19 208039
15590 27 131536
71094 34 76368
66489 20 208956
43009 11 161060
195536 79 239933
18624 60 25825
159592 40 199180
92555 18 239074
143933 6 225491
37968 38 248055
147887 77 195171
74107 80 107977
74801 41 117155
162831 19 231913
192618 70 223318
153349 20 217868
7265 8 58090
160867 6 186480
85487 68 168718
68413 34 146959
128938 26 135200
14456 86 221293
110581 82 157796
28214 37 224764
108189 63 207804
91094 60 110214
5917 33 39469
16728 37 162886
85348 77 160157
41535 91 124260
184744 95 243860
161102 93 217692
9868 8 101419
112906 62 248654
50758 1 79125
10769 82 170651
134027 15 175485
26169 31 204888
37913 50 144349
13739 94 218015
65899 27 151208
87881 20 209221
140166 56 220929
71964 33 72818
12289 95 77130
74195 65 116857
125818 52 151601
155064 26 206527
4679 98 49741
18196 53 45268
124243 76 188341
68341 73 228825
43491 76 61999
17838 29 223880
101011 38 175311
41242 13 226925
28576 18 185423
104350 53 195089
46322 87 201928
161440 65 186223
179858 49 204250
57875 8 169864
115687 71 227773
75882 4 155645
19131 3 205060
212326 55 218800
162933 3 228787
5362 28 196949
16557 32 189699
185171 3 204748
22631 46 161800
23863 91 124092
52804 92 79490
91707 30 151788
50686 59 66548
113477 25 121714
138410 1 139032
60845 36 98302
81068 17 224198
14932 6 88654
53129 47 191700
162148 59 163451
11301 10 227362
109272 45 117180
208797 37 209485
21046 35 152415
1903 7 201884
24557 44 225174
86882 30 232004
90136 69 236353
2165 40 50784
102464 35 112297
73721 55 243409
170971 16 203642
89854 72 219590
116096 40 200339
25196 71 133290
11464 95 227583
47768 38 64297
171995 6 214901
118978 7 179271
36453 22 58007
7793 39 80310
60522 90 248252
234175 9 237926
67729 94 93168
26791 46 249799
9753 63 186924
38094 60 219840
161353 20 246946
4959 6 188644
56368 90 151537
132718 37 159841
39513 91 160710
16574 39 70809
99562 17 233343
107781 3 189839
18644 57 141798
229634 91 246981
51091 51 156099
72866 79 248585
65710 44 249251
33101 67 33586
95758 46 206810
24566 84 224024
178618 95 196917
3191 35 50002
76049 33 138050
95309 8 141345
17032 75 156588
36003 37 237518
8022 33 102553
175476 26 175568
83119 85 154114
50663 22 73146
132948 3 134020
88679 3 219783
103477 33 124069
5762 53 132140
11213 1 187910
191541 46 196387
124745 96 155309
34562 84 77506
35167 21 118186
95685 30 116989
98287 58 127960
177307 49 206597
101352 14 225074
37820 94 183642
92245 73 140606
73158 14 95824
15722 45 57965
66201 35 109297
167932 30 244971
52976 50 103845
52685 43 186100
67972 7 209996
34122 92 144724
66264 13 244667
75050 71 206947
55593 74 226874
33177 54 246880
13481 43 245156
33621 86 54235
176418 44 228398
23121 14 55045
146694 14 246067
91100 80 141043
18576 90 51895
146079 29 156389
13968 41 29595
55916 83 173387
4403 99 161946
49821 100 222512
137494 76 148002
25072 42 65898
156031 13 229184
138902 61 205750
5336 96 127259
156067 20 171674
142526 11 211843
106205 94 139062
51977 85 97951
94550 88 164186
19690 18 64917
122095 29 174458
130077 53 140627
103792 5 199356
122962 28 126493
64371 97 123899
26474 63 176685
103519 33 121933
154070 15 247871
20365 21 132786
91545 84 111050
63002 23 160438
4778 60 101505
37291 38 160947
5662 53 233636
85070 94 197371
145909 67 228478
105801 79 179727
119429 66 163921
215947 37 236886
47766 10 94565
197 95 43934
21461 11 85516
105185 51 108030
65923 66 76019
111179 1 168129
113243 89 213369
135727 65 246573
59685 69 151470
38991 90 73127
6267 97 42334
4663 79 219060
128695 52 191718
124967 95 155210
143365 96 196613
4428 17 190971
41301 42 213000
44147 7 66728
6716 61 82858
158335 76 213275
5425 29 120604
46540 79 162904
9600 80 141476
93823 17 164009
152150 92 216616
80135 33 176704
90880 61 93636
1104 65 150272
48257 24 68468
86583 24 98590
98380 37 209654
102909 37 210453
3758 20 33187
76909 11 123975
175488 6 219541
85804 64 152593
51406 32 235259
12552 7 222628
113577 50 204025
120431 13 123190
163001 17 233001
190628 32 227600
3703 49 51926
46702 56 51364
124034 13 162875
114292 57 199712
34597 41 159922
105058 89 205752
120406 11 129557
203504 42 239687
82300 60 190613
85709 7 157617
22093 5 98576
85001 22 161777
139776 45 178701
50490 62 245905
14347 90 106603
204215 13 226094
35613 32 215213
15066 43 221221
39295 8 50517
73731 92 166392
80867 59 141709
93371 3 206605
2446 24 15900
41581 82 85061
37978 92 63895
103372 55 178826
76442 1 189864
185622 12 185827
24781 76 116727
1948 71 240468
186572 65 202400
80958 15 117122
51016 2 180664
175867 97 209080
115239 27 193188
127733 18 134399
169053 50 216213
23595 92 48856
65515 30 117272
110466 37 181053
102439 59 143948
20097 62 46214
29129 86 247879
8904 59 50666
87507 10 104202
88779 26 185729
66149 46 89936
92934 68 172195
103931 44 152935
69383 50 88484
100098 25 201153
36283 21 130887
13280 35 174200
69419 65 220402
141883 60 186482
89237 92 225811
26651 96 126687
153894 61 247088
84263 25 248676
95906 23 202813
94541 28 185686
53789 82 178489
71617 8 190543
75686 8 87043
62411 30 110552
45804 5 226228
117986 39 171069
31746 18 38237
160673 100 210283
74904 43 176450
117379 4 192916
80877 27 175541
112883 37 164556
48381 10 51982
134642 6 211326
112811 37 144921
44156 57 242328
62052 32 247989
94527 87 142440
23249 56 177070
167742 14 228901
137708 76 249322
7470 92 204820
140800 1 216868
129101 2 179140
71443 79 90760
1312 66 145993
76749 27 227356
49088 38 84071
70052 66 106131
64995 35 218131
2191 46 158447
90397 97 249026
57633 91 92410
84383 96 160247
106795 88 232275
145770 11 172950
216839 78 229760
119319 15 206738
73595 61 146139
9690 49 74215
48369 13 236004
44225 78 200716
115470 36 148772
35848 21 45932
36816 93 242118
54587 59 191716
115893 58 200747
181268 30 202865
75750 7 221347
35215 85 74628
13753 18 93266
48217 75 135862
148116 46 152522
33109 63 33731
152879 33 226279
98920 90 224196
23681 6 124926
180953 53 204680
17210 47 177942
76683 89 165019
10629 92 211965
97376 67 234154
97573 25 243263
115471 72 242233
4698 16 15658
26973 73 99373
132860 27 180247
55403 16 73297
73201 63 154995
83066 54 241879
157702 6 188728
106589 58 180565
132036 47 151458
35979 9 53297
194472 74 205414
37324 31 197112
201190 64 217059
183140 65 240797
40787 75 96166
76838 47 212041
110150 50 187389
57436 33 199052
111192 70 220602
92444 90 233065
91327 39 144234
52909 19 98659
9270 86 213957
100393 29 198326
127752 65 182966
111792 47 148621
76696 96 158357
19378 26 202654
146465 66 172933
32382 65 89212
24851 31 170096
121142 67 131145
199769 92 233467
2371 16 150991
53542 38 181988
31970 60 54504
118224 60 135015
25284 2 134166
117302 27 201011
73025 33 101666
59567 17 78963
107403 65 185619
13097 85 128623
95163 58 209799
136673 97 154812
88257 97 243407
58630 26 158520
24000 70 185895
40555 27 73196
56460 23 101058
96124 5 126107
79378 50 247607
106700 80 204124
71787 24 232352
130799 72 246364
84494 44 145489
89751 76 100161
62009 41 127986
22376 76 180122
173536 80 237713
24207 1 83949
169920 15 208074
76083 17 202545
68954 67 129374
70549 53 245799
2889 85 8243
50703 94 199812
25318 55 83732
45729 30 61479
2732 17 14077
106769 6 233160
56606 67 170891
153300 85 188002
149513 45 239689
18383 70 47943
121107 99 130983
70958 38 137381
65292 39 244202
106107 70 143150
64517 75 215602
159648 37 226842
176877 83 216752
121654 50 162496
101477 77 171715
96050 92 169571
189331 68 194629
2365 92 180473
10806 35 215440
42336 39 51754
55173 99 234137
1517 58 243695
87870 19 119079
192174 20 201854
184828 20 239766
15831 93 20898
171620 60 239242
78514 9 82888
186624 54 190127
135838 19 161324
37701 45 73260
134689 76 152169
192733 3 193440
130565 4 236799
9836 62 167001
31675 86 184783
111649 81 205040
81369 19 212239
93310 38 209462
1685 80 210326
88166 59 115717
55556 89 139345
74254 52 141988
194118 9 232377
73720 68 165031
55764 94 194076
55421 89 174528
176173 45 231514
176066 85 227810
115714 31 161857
157887 26 229488
86420 95 153517
122886 57 161325
34854 98 178565
21504 100 144968
146327 52 203215
148047 22 173357
168213 30 194421
53798 72 139845
57593 31 113483
14330 23 53886
84791 6 96197
15055 3 122283
11517 47 185192
39125 29 180180
46773 36 141557
71903 38 84242
116262 31 137030
160125 27 193181
84970 89 128498
139160 72 214730
129960 50 247895
86373 100 110320
11290 47 209013
80824 18 161961
109958 45 123111
56642 56 62896
47641 84 76465
173452 15 174501
170952 29 231605
350 24 237183
134025 32 143235
36810 49 225133
149212 29 172538
17925 25 81194
21564 13 175633
51089 15 56761
30088 42 223924
119648 28 238385
101394 11 245121
83946 68 206332
75487 68 221798
126970 85 230267
57397 86 80907
39059 64 67119
135833 15 201992
25269 3 118914
34184 50 222014
27374 76 63758
159411 37 197553
16583 99 236593
19079 2 115853
56707 4 113652
173017 51 189194
115507 87 179956
9840 71 150632
76319 48 163470
57249 37 195940
122105 81 125213
39576 62 177758
68375 70 146341
170807 38 180337
47148 34 100207
82841 7 200134
26678 65 62728
20584 43 153788
48648 52 169307
44953 80 196413
43367 65 86198
2189 47 143716
22068 82 39291
3660 99 139609
11718 81 206683
32976 77 199189
72387 5 205485
67601 90 177330
110999 38 172671
102914 79 220124
87922 98 149297
147408 2 244797
175806 63 247808
114031 50 119857
51303 39 63200
14070 78 161457
20096 20 241309
34466 3 122151
110691 86 230126
66103 92 129030
46644 93 124243
69155 50 121958
202914 80 219589
47010 41 212983
83614 7 196254
29535 12 92152
107555 66 177317
173955 68 238490
120894 6 171205
77627 19 181866
106190 75 246848
53685 20 182424
192589 38 235509
10144 87 52284
53969 64 109680
17842 53 135999
114388 30 231242
22098 51 193613
11851 47 166220
53537 95 243423
133202 21 220846
16524 78 101800
154486 50 179074
8403 44 90262
45951 68 189394
11627 62 190549
34443 96 51835
71287 6 245078
94315 48 195638
142135 53 201794
94301 84 205083
15092 13 58586
66878 56 218878
87327 85 191893
2279 8 28530
27305 12 137098
31853 68 188618
1403 94 6154
95268 27 183823
22871 3 112018
43612 96 185072
33558 53 208743
8469 10 107267
29088 51 208072
74031 28 207711
166060 92 223392
80026 96 172332
124600 25 139183
29623 68 115512
158716 21 220002
60670 75 214203
39428 95 161415
95217 1 161200
24103 6 50036
17759 100 88220
63329 50 222832
202305 25 219334
23564 50 189069
211012 99 220997
146378 67 174312
143740 34 246136
84020 32 108542
15424 38 160661
46406 98 224283
100478 41 195029
117845 23 142499
37401 10 83852
183850 81 222618
123092 96 157678
122090 64 184450
23425 41 27189
209797 53 236017
84905 62 235693
180437 32 192581
5121 97 201038
8806 29 37922
36520 72 167775
138593 77 140224
172533 24 226651
66669 88 131279
146644 40 173475
35586 82 74400
81945 29 187612
24125 19 167313
29263 50 167190
30515 7 228978
12579 31 140068
39222 50 157234
6662 13 198878
23773 26 87469
33054 5 100789
168092 43 194573
140756 17 152548
136375 39 182300
36041 74 199195
9728 23 146074
33288 66 153449
30870 22 228835
4920 25 193620
73446 12 183263
70834 60 145227
49643 16 180391
26935 8 128286
46772 10 246841
163531 11 214013
136039 36 155126
9397 42 119223
88704 16 164066
76797 64 229745
41682 18 102061
30268 75 31494
53404 34 82643
79191 7 156974
150021 25 199222
58952 8 196191
117694 88 243585
143671 16 192180
37809 70 208471
25298 10 173207
151084 34 211053
29447 35 220727
37669 95 241467
1080 3 64075
117143 74 197526
5491 82 16382
139749 26 217157
55693 99 120059
90720 2 94944
36618 82 139256
18696 6 139966
1668 55 156422
37930 86 78171
38941 34 195012
140366 34 159046
4109 68 147396
32530 70 116630
81364 50 112621
38224 67 146870
19011 57 225954
38714 99 160645
56017 40 93476
34326 90 210411
92623 92 187494
50767 31 154015
61536 43 162838
101552 44 121189
57916 58 221069
46681 94 191641
114887 44 247926
222449 97 223780
105826 14 244508
108076 26 216158
76282 88 168625
125515 55 232259
63556 43 206214
120254 39 167598
138657 57 152594
48730 17 62793
41100 43 50994
41122 61 77658
44766 79 161105
119703 85 186264
38159 60 129185
12473 88 106038
119048 13 244590
10488 95 73993
6882 10 19664
39153 39 242284
53672 99 121124
135766 37 223027
77991 9 84079
101362 80 130351
48728 63 62697
222034 72 225079
231731 22 248744
125243 71 202028
30277 60 112890
102524 50 103386
118647 93 198502
20837 44 237256
37521 14 212384
84527 25 130201
81739 1 231210
98649 34 158090
207262 96 210236
96573 63 242609
68066 55 102705
19032 35 171075
31888 20 76411
171824 8 228265
617 69 141305
76681 35 185034
24200 24 30234
10939 95 102070
64703 64 125430
177837 81 241685
4610 14 143722
4936 6 48284
216864 90 241402
28477 10 66675
12771 100 77623
14674 30 86493
49868 67 190273
44441 59 154747
106037 88 179895
151816 41 244124
101081 23 242826
139853 23 197441
69703 31 207324
27076 93 179955
133504 38 235187
231246 65 236334
111086 41 189726
92451 1 214269
37737 36 56211
185903 77 248957
141746 75 174769
77495 78 105481
41696 56 98611
48437 85 185590
46515 91 229592
11676 6 95961
101729 52 218972
124251 91 209867
117903 56 132336
148246 23 199186
217154 10 238126
112883 60 191443
156464 55 226376
137035 61 194977
36757 77 157269
81035 39 106310
85692 61 134545
203572 45 227808
45222 7 233048
37879 81 144454
22253 40 49073
14243 48 159691
115085 91 242157
26815 95 198749
120809 84 178593
30229 39 231634
30939 18 219440
18101 42 197760
21451 91 122967
91423 19 223595
93519 47 173555
118057 78 207186
33468 33 203035
96087 77 239467
11815 42 236658
194891 51 230725
80738 96 240042
53340 58 175407
79944 60 82204
4880 82 204533
20168 18 138999
34175 35 244357
82408 93 144608
23114 43 90121
77193 81 201822
46873 22 167929
113824 12 149479
12523 15 195982
164926 27 165212
203652 5 245464
159616 40 214562
2149 83 214222
134334 94 245829
35827 10 115613
74303 65 170740
111561 92 185803
37981 68 92613
22695 33 24786
7868 54 207419
137340 80 162089
108019 68 173479
240086 1 245874
30366 72 73977
17748 84 227967
17029 3 43201
141432 32 173020
3033 36 128497
169830 11 181204
62732 31 109973
4021 58 48319
95207 67 172711
54226 17 57863
4783 40 121211
139247 31 194947
4203 53 198639
65827 29 94204
144236 20 244991
162464 2 215532
9235 19 131156
199486 21 242429
97101 79 111115
62606 20 121783
160938 91 237690
26502 57 224101
188042 39 220157
43265 68 213215
38944 9 181010
27764 28 213754
194828 59 225201
70967 50 72307
8893 62 199105
173267 97 205222
7692 99 101971
190199 46 231277
128778 40 136903
197307 1 249322
33760 63 215688
16029 93 116848
3149 48 36461
124157 49 176153
93754 37 242876
56326 40 104884
201492 1 223135
71805 63 111428
25555 4 46505
124887 72 165232
126126 89 201382
46766 77 231657
82907 24 244775
92453 47 244656
32931 64 183318
32576 80 119444
67115 75 109057
37407 64 119105
34107 70 186681
204565 14 216624
166040 70 199146
180278 4 219242
59033 64 157331
481 32 160795
95136 32 248661
27545 100 170726
207018 48 215326
52478 36 171191
70697 24 162691
107635 49 180921
143807 77 222363
112600 49 240721
60123 31 76734
151715 52 223752
39912 6 120367
51758 71 99797
37914 50 80536
105229 75 205514
38984 66 71916
92059 97 115672
75920 61 224142
45031 37 217669
95744 36 136718
76075 68 111798
69217 95 99548
153435 51 198297
146082 2 245314
33110 54 95329
52533 91 247458
65781 13 130279
200524 91 245648
54707 60 170510
21745 24 45645
69737 59 99108
136266 50 225780
37122 96 136538
142945 58 170535
58192 5 109926
100356 26 242162
120547 34 156358
48531 96 240372
103380 6 138614
102817 86 123092
89892 17 238851
53569 25 223184
94047 76 141033
80228 32 198472
199876 9 229405
118189 9 181310
87893 12 111679
148344 70 195358
116556 52 212953
24027 64 55108
21867 98 23317
115216 72 163749
48381 13 101874
107282 16 163495
152118 79 192512
45369 1 186481
159540 54 234051
717 44 16742
26458 90 127409
21735 74 89435
10650 20 234552
178440 46 178769
27606 69 203999
221641 91 232713
193989 40 205070
35749 87 229241
199089 55 249621
65765 64 146384
44349 45 67605
24162 17 29949
42610 99 240063
117963 22 131658
156007 32 177900
83324 67 162254
92194 25 204474
163856 49 249538
69882 39 247546
88368 44 128647
63970 79 150884
5872 81 7662
21938 56 203873
27979 84 79112
101028 41 221522
163198 11 232086
12810 91 237603
95747 82 233439
21418 73 156534
205162 53 210494
163822 56 175800
94218 96 169868
184799 88 201503
648 13 49090
6321 30 187317
45429 72 66596
184367 10 227103
126782 46 191112
48105 60 184277
81214 11 83816
69315 12 177808
81091 6 143767
56363 92 143698
54732 86 76455
100471 62 102945
101198 77 170533
128983 65 178843
95952 25 142317
49219 3 191074
79666 67 119772
193206 75 195697
107827 74 206164
38944 39 152603
44158 33 205898
190119 45 210925
132221 12 236021
91554 72 170014
57044 78 239731
28167 27 177122
78763 26 88552
25253 19 245232
24524 47 77182
59131 7 83636
31520 4 134409
120346 7 248047
90925 20 182414
104712 91 122355
150592 7 180361
78519 19 234365
175386 62 242580
138320 78 248846
544 99 4247
98825 80 203123
90136 59 132083
48051 47 58333
25431 27 95978
47842 53 178680
7714 12 19889
106162 93 209799
36796 88 219246
32026 11 153532
77223 48 182195
19818 2 115503
27891 57 31332
209912 12 213124
33241 73 185073
133690 92 217276
116129 69 235182
143516 93 230306
31187 55 156854
101983 21 244217
157053 22 171729
87215 45 100730
43219 49 95004
57982 33 121573
187812 93 196711
58598 37 68056
149337 9 205680
176107 62 197032
175009 55 182926
208303 84 214078
114179 80 131557
132393 85 169451
78958 79 165611
7260 31 143747
22496 54 187115
48050 51 140716
128731 59 249949
8017 69 37359
140855 45 220478
195946 64 198401
33878 33 64686
53289 38 76671
133121 58 236618
133880 51 224946
165720 10 225494
20543 2 24263
25405 79 137699
82995 80 234273
48809 4 67442
54318 71 142788
94851 12 229162
119423 93 218635
97982 1 157527
106488 47 134399
15965 45 215212
31105 12 175399
35966 76 223801
94083 2 216481
19356 35 242225
135824 14 149961
52982 90 166797
42477 63 112000
52896 16 160886
159 87 81435
50370 39 233406
173401 19 182388
46795 64 111032
123572 31 178342
132736 86 165109
42551 32 170037
29502 13 89224
168769 31 240106
36765 74 72557
51296 32 166759
65106 63 121306
136410 29 177892
118271 4 204444
182533 32 183200
55011 4 153105
65094 76 142079
195423 77 199717
73143 35 210168
58300 93 223277
16709 70 202830
84959 13 212774
70088 59 203855
111148 34 148746
52139 55 189444
193572 40 193980
93696 30 177582
23019 49 107948
95850 61 227822
29561 14 64692
191422 26 216995
84154 11 98303
194485 46 224702
58036 57 218600
139489 83 193550
105686 56 117472
124842 91 145781
148641 21 155653
191300 36 206034
12500 59 58068
30151 6 152607
109744 51 167168
53588 51 245425
42176 11 135170
2390 60 110943
115908 90 203903
10438 64 17546
122987 82 198206
46068 98 176298
16528 60 73575
65544 17 119498
58115 90 192978
22183 92 181947
81821 19 130556
149270 6 167684
110759 60 114050
22756 79 157197
61656 15 90741
22784 48 213462
140819 52 151140
44411 87 200845
64936 22 132199
159007 59 173045
73434 56 77917
34924 96 92189
138188 58 166830
19541 18 193309
159360 71 222344
59026 97 229943
12156 84 108329
141439 6 209601
5237 61 205902
51737 30 243831
49033 32 211139
27052 96 239311
7573 41 81817
48732 100 143499
107962 3 246021
20158 36 85452
21837 3 162193
102741 39 242875
135472 50 190750
70795 6 147871
72498 23 241931
70538 91 190268
79469 20 133750
194812 14 196015
145287 85 180206
92454 56 207460
112969 42 172289
58546 70 231545
18428 70 187976
9519 33 233590
144335 65 222172
14987 42 51491
22069 39 146888
146817 98 161331
148989 53 228039
5738 86 248591
87163 90 131531
127902 67 237638
120000 20 130019
2739 27 176642
133152 7 147723
106755 57 136691
23718 36 70618
4172 45 155783
15866 29 106832
19777 92 45425
92480 56 221096
56097 73 242747
41992 24 73202
97167 14 138560
83563 8 158069
66852 64 138321
5514 20 111254
168463 94 239272
196581 30 226313
39357 99 87138
87560 25 196778
177068 41 242863
202523 18 219345
128489 99 227811
106677 42 153086
98690 32 151233
116304 30 125235
116704 34 175813
46542 5 171702
122673 56 228746
13490 64 178834
184830 72 187378
22379 91 223361
65077 91 117082
213646 31 227800
153790 13 214195
109255 62 215262
78948 12 168555
45155 18 215142
171557 14 199638
122174 84 223148
18954 53 148300
10764 57 88136
629 71 247161
160937 5 244044
160135 12 187645
93787 48 153234
28598 94 34119
172310 100 243773
9542 43 149703
1023 22 134681
190763 94 248294
89359 24 140517
24785 2 157245
30871 100 207815
16988 33 155286
86456 59 225447
49532 70 182335
160250 15 162514
87867 86 240786
89354 29 198965
93913 43 154873
107124 75 118182
158500 1 245653
145946 41 209833
86098 85 243724
79564 66 138813
8768 78 132539
70401 58 123781
66302 64 190220
85299 30 96440
115348 71 238896
138995 73 201984
88298 92 125316
79832 52 92812
191617 3 213268
211328 74 217690
9471 87 17623
10403 98 11128
50223 88 237753
7985 63 66300
187438 1 221402
130198 49 239280
151383 18 230007
7794 29 112148
23063 98 127612
175376 70 183079
50324 63 118401
27881 43 110691
242105 93 246524
23288 14 89049
63878 60 149275
6580 18 150512
88216 33 192170
29991 95 159067
137465 79 147140
152864 30 154921
36523 89 227793
75749 70 194995
232494 16 247247
75933 62 89238
43353 71 189410
71639 84 165608
49917 33 117763
25117 79 100349
93250 91 158978
46826 85 110065
61457 27 228952
178047 67 190608
126889 3 215457
21088 78 148676
43459 98 227489
133250 26 195744
89657 6 139510
44737 45 127818
72373 20 104155
137558 34 168668
113308 63 201429
100235 50 211544
158303 71 158734
206162 85 230582
111451 19 183662
121225 48 158105
22885 43 107486
148251 3 240418
25802 38 154115
57929 86 102278
171210 96 186560
165880 39 216317
145452 41 152449
94420 57 219731
257 18 2920
30528 1 127831
36381 52 193949
126963 73 179675
15645 74 193678
50563 64 106992
146795 75 174691
56437 95 228466
85864 41 151239
148267 73 175223
94266 40 114871
204500 84 244386
39431 21 228137
78915 90 179315
39540 50 217666
65226 25 240896
106133 88 138882
5555 81 99129
79148 91 249258
492 82 157951
39928 96 75866
94357 68 200268
24906 13 222651
73740 57 183052
8107 17 204723
1736 67 113617
28312 44 99324
6292 72 183571
157658 77 226055
44626 44 235666
90310 42 232429
1463 66 155495
119136 59 245028
94473 42 207829
19815 98 105522
16485 27 101186
133222 38 151294
15526 49 175335
109727 78 126192
43526 67 226211
30145 45 41043
86354 70 186207
167701 3 249363
58941 53 202470
50404 30 127303
85990 89 163100
177607 47 199336
206947 37 210999
10563 74 208170
84620 40 177253
131727 44 142808
169138 14 247964
122035 11 212265
5425 1 152800
39905 52 222042
46413 100 92619
188254 77 204380
28749 2 228074
115343 2 130347
147945 4 224813
81410 87 96781
107019 7 127909
113153 31 189445
22278 32 240431
57134 7 93078
131594 7 168292
11723 71 194068
111632 74 227957
34630 79 76380
33917 43 202224
25192 3 204797
70000 11 184888
26453 76 174083
1008 92 230715
43378 99 196586
56986 44 117530
173303 67 186257
213170 55 226169
55944 65 229943
9964 68 82110
86091 45 207351
214636 61 224300
99827 81 228086
56014 35 93571
13335 48 52691
7598 10 231839
73758 93 166908
95404 19 149354
54864 57 245056
7065 1 141073
23368 41 49360
101814 77 113789
47949 38 249534
39753 74 60860
15853 41 197497
24198 77 95633
99940 55 147325
204052 21 240082
80701 35 224212
116450 40 234197
37043 91 114308
20077 1 73306
28404 91 238794
2785 30 134758
83149 20 238246
29815 28 244452
145992 23 242063
24204 45 213328
13812 60 41400
153062 92 225826
35959 7 233052
75437 57 89561
123615 90 220494
16696 19 18908
71434 27 185999
64078 5 105847
162737 60 229864
134380 88 179649
43670 41 178885
45 34 47749
4342 4 25714
39362 100 191367
55381 10 116792
124694 57 233781
35287 37 128905
52627 61 101788
82343 97 90553
84838 27 123104
22286 74 172676
25168 85 238193
22075 95 142523
61430 16 159932
20963 13 29554
28017 43 101610
158779 22 210329
111273 23 193640
98798 78 127452
102079 17 156165
61134 33 165241
74377 56 160763
80087 10 93778
207827 56 231600
39137 88 45009
62086 50 231312
225049 73 230334
21343 63 242909
154575 27 206239
167461 99 238105
136295 42 142337
27992 86 133521
59129 16 219475
179325 81 244880
70339 76 110237
202773 88 205550
104636 64 196389
27211 93 234739
112989 65 117435
99185 20 148759
183400 45 224318
207564 99 208994
8597 3 219996
48694 52 104377
190703 27 199684
75253 43 105111
62266 28 236482
73799 47 85749
121534 95 170898
14225 59 149375
34076 99 147802
36876 60 45069
169558 30 226107
211884 27 234364
24932 57 99592
155078 51 216245
7707 50 43952
150420 12 212466
54334 43 130743
28399 93 173943
123826 24 187952
3130 9 144107
15296 11 96345
10542 56 50262
30025 12 204315
100865 67 123079
21181 77 178324
43806 40 233624
70894 76 205745
95806 91 187131
103623 20 206862
9719 14 212084
130250 56 190429
74515 41 103968
41637 40 183288
100263 45 219176
126433 54 191657
23596 31 146283
139351 75 191803
166232 79 177037
23133 75 191744
131431 40 222720
62952 63 97683
44700 44 100413
134780 79 176474
166162 14 248486
215770 100 227540
1875 6 94448
57452 91 117254
67921 70 89369
180303 14 225845
128422 1 187514
111508 29 219564
109507 43 223152
101168 68 144380
11112 22 11575
115711 63 166522
22795 80 206131
276 78 177762
9047 23 56952
4434 43 51306
152890 91 225912
166926 13 203286
56326 71 155609
238502 22 240285
55315 75 109052
34660 88 128483
158342 60 234534
139959 65 150424
115236 4 123812
12735 86 13979
26517 60 54682
26146 46 42273
86451 92 133324
112603 76 171716
126864 95 140121
26487 30 223651
104667 55 193475
8037 12 88378
173866 55 241793
172203 36 208602
47755 53 71605
105474 85 223893
15353 48 223974
55881 93 85881
184596 91 227091
114897 2 189802
63250 8 153760
1671 42 24701
124397 29 164605
29335 12 190801
70264 27 126048
82904 51 179937
232725 76 245571
53600 79 208122
160339 58 193052
183386 95 234273
154769 21 211894
10701 36 233400
11810 50 172182
156817 19 243125
60612 78 134669
18963 98 210116
29120 49 239879
175071 62 190349
28277 25 178284
11574 94 137997
30276 77 161901
103974 47 115487
174930 94 197337
85944 56 197375
137045 100 211196
147415 84 218569
170154 70 212663
42886 41 146564
13232 15 75400
79383 88 187661
173812 81 190546
110310 23 170301
133494 40 145051
75880 97 82965
53990 12 186989
119687 14 161658
38220 2 54389
167716 72 209363
67074 42 238495
22363 25 190230
86828 93 182922
64193 29 104293
8308 59 32559
147065 34 233816
218974 47 240469
34802 56 115423
10862 91 23060
77201 22 224451
118125 14 230251
83759 87 186357
115751 58 174741
80834 75 132296
44055 53 110639
184461 93 248336
160640 6 171672
108689 80 184856
65683 73 105648
56276 26 115400
2671 68 158501
70304 75 181744
99019 20 235124
133158 19 230526
147606 21 205145
30512 95 34680
117723 65 133942
1397 83 192931
84386 88 241604
8765 1 38420
66037 49 112036
240981 19 247907
74129 85 207485
22141 5 42017
125461 61 227219
6308 61 177563
35075 59 195271
222040 75 229302
85375 16 239680
87761 89 207089
891 71 153551
219355 68 220444
193178 35 224414
12382 66 213150
169300 65 204501
15442 89 241781
17207 52 160529
87833 89 235999
15744 36 174034
113950 90 146413
68865 32 182141
14736 94 38216
63279 61 121240
14086 79 204393
55012 55 130554
19674 51 54957
59574 18 241528
78052 77 179392
110103 78 144837
88784 28 238598
157334 17 163378
60610 52 72700
34632 49 226703
69271 74 180826
48102 54 50228
48346 2 236211
70636 95 245471
134397 99 172336
34744 97 174239
15290 41 143148
136911 55 202240
211197 70 211584
96174 22 229323
42771 59 56891
63626 69 190132
33967 29 146001
167090 18 168403
21979 12 208216
13652 43 24699
49020 45 186053
53775 14 76971
95471 32 223595
71821 8 241074
7069 83 153028
50230 19 190404
28338 83 132415
101277 17 147357
164798 1 225183
173940 69 180716
168044 16 248686
112384 38 237714
27514 11 134678
171595 85 207657
94952 18 152509
216241 16 247043
85984 53 196049
204369 71 218055
89543 63 119565
154830 81 218551
76701 63 178437
109507 63 220591
51987 43 198683
99893 33 146608
27713 47 73485
25916 4 131216
20959 80 132424
55553 78 56988
61051 34 137510
153101 38 232842
45192 39 66130
146190 71 249867
116560 85 229415
5345 44 225674
16156 47 179721
83708 95 107867
81795 46 95165
29259 74 240030
36445 76 174581
205516 65 217017
60115 96 148559
10918 90 151671
40777 98 217849
25988 82 51952
41081 94 153050
82841 26 221671
118479 92 168479
50793 64 98169
2198 32 112566
9427 52 235104
107573 88 133068
30516 47 74115
74167 36 112702
83250 38 153568
2954 40 121579
149549 35 242793
49058 37 222219
44548 97 102396
8904 43 84423
161460 31 248162
12439 54 188262
110404 42 166999
202234 12 244539
107630 74 190288
121474 44 197662
45591 92 127153
40813 35 183677
127848 62 224187
118264 58 178886
139549 8 230512
46944 68 228778
31286 96 88349
17930 75 128047
99331 46 142334
114807 76 155271
87951 89 156217
159591 86 163105
29259 90 181436
4710 71 224566
19375 63 184242
123754 65 231616
787 72 123490
14173 44 189107
37506 27 151924
114052 45 115682
179535 25 201766
165719 26 170412
6285 95 217034
111104 13 190414
82856 43 205455
121100 80 242214
70021 13 228544
36055 84 64099
156904 13 167725
154636 87 174090
15419 44 42785
33461 54 53586
134374 48 159292
40305 91 196851
85410 11 97973
166671 5 248017
129107 47 248806
102978 8 175763
11146 100 37556
189759 1 193954
61565 65 245517
150373 30 219889
84933 89 158802
105686 46 241790
171726 37 182024
105745 55 150368
26863 60 39128
188537 15 220015
21396 40 170196
125015 95 208917
131142 45 182408
133413 77 218418
137887 24 188293
73889 94 147386
183939 4 216505
84328 76 235414
64205 51 179931
10990 95 220365
33 94 174291
39929 73 116760
117786 82 246443
33330 51 226322
27250 37 56063
98111 8 202915
98077 91 133652
31154 26 140571
95341 74 162722
18155 32 126781
114597 26 248683
187333 67 238842
70291 27 71374
171941 53 195496
93968 17 168476
59095 35 111823
105548 71 117078
27699 76 173231
88614 5 222708
