5000
4586 95 79957
8910 37 83462
193 33 217067
116988 53 142905
9247 20 131545
32887 89 135872
6553 5 174718
26852 60 46854
176604 92 247877
8413 63 155197
87454 64 138276
113952 51 148664
23509 10 161403
25777 82 79612
33747 4 203270
143288 88 158761
70355 47 230421
27892 51 248851
67595 60 127546
34106 11 240491
107764 23 218720
62062 1 128721
85147 53 177576
58671 60 98731
194673 43 205753
196372 95 214046
97101 61 246727
1343 51 117878
105091 48 238773
191940 86 211015
74227 95 183286
36373 93 230487
27693 8 129536
59630 52 78357
136528 91 160431
46075 76 227661
156388 17 173416
121423 59 235548
20093 14 188265
114944 70 208236
15090 76 212964
152601 7 223469
25849 64 244540
81004 64 227963
37752 76 44347
124540 92 179198
144198 50 246236
209643 30 238414
150620 75 218659
92431 75 147397
49403 12 96528
179695 17 192745
909 60 65219
9557 12 63756
34218 82 220972
56140 94 165650
75454 94 117681
32703 93 108536
57172 65 219347
99031 93 220753
182490 79 205076
80358 72 88320
35385 96 96035
108711 82 167374
106370 40 170451
67668 82 237737
170137 10 218092
14265 43 204394
42402 54 152491
2716 40 22302
184873 48 222233
21092 93 219006
3647 36 75852
108475 96 246806
216689 64 242790
163201 96 200503
126088 25 248959
147015 74 231102
82812 23 170334
52856 21 232215
18091 12 90501
106549 12 225090
11679 85 36002
2458 32 149591
129090 9 140295
87653 86 128162
81861 94 174032
58643 63 78327
176370 53 216505
78620 57 229255
2112 46 237635
69509 54 161926
1992 20 136657
156802 55 159161
181936 34 246061
86642 61 232248
149858 72 151264
165684 61 169147
131167 38 177218
85104 81 204209
75265 17 95070
7909 73 127062
20345 77 240467
100318 52 102965
42014 62 123870
5349 100 88515
128469 99 206021
82831 20 107375
60955 81 110789
178655 56 223604
170113 16 219885
100622 50 240138
26727 32 196916
119576 50 153547
123319 73 235993
67722 85 159805
72623 44 93763
5591 43 85276
19882 32 178566
18211 5 80089
128142 48 132343
129825 47 197441
140796 77 166680
91832 100 96586
10189 83 25643
87861 92 164510
12767 19 72851
94885 43 172774
553 85 178931
24610 28 238254
145817 54 168390
187966 94 213987
41338 54 180521
13258 92 205246
19948 31 72283
81212 88 205207
204151 30 231930
46179 6 124088
19844 1 52110
111586 36 179009
164486 39 203710
68367 61 153961
106075 51 154989
35293 35 98486
24141 76 58794
12913 2 224668
102630 78 238573
52872 94 201162
28543 97 149102
179839 68 236147
8518 79 70898
223612 31 246837
49339 86 173178
5261 39 22082
23861 2 38099
54968 30 88344
37058 53 121868
108863 13 172917
30614 48 242915
198132 67 211560
192787 1 218997
30890 75 155515
86630 35 152842
92449 12 225082
57128 58 64019
28990 41 196421
139402 67 161172
222793 5 243157
110827 23 224470
54167 50 60681
110847 3 211399
183232 57 236494
173991 71 241448
50663 18 163103
179931 54 214429
181019 68 208631
8949 51 226715
123865 83 228850
10054 98 106180
13892 58 247568
67204 60 122243
77095 91 131869
113551 90 215507
10780 80 29957
52029 15 82826
225579 21 245499
157544 2 161839
83164 80 146699
130337 21 249309
117434 45 126607
41089 47 155714
56715 33 138331
121574 50 206681
38501 83 183400
2139 75 204842
57948 86 165626
71337 27 97649
74560 17 167409
143412 74 245119
152163 49 157065
79288 26 217344
31207 44 158814
86412 32 169059
47848 32 54577
12060 27 247740
82758 49 140249
15654 4 178361
90164 31 217088
97671 21 160710
157422 40 168438
94860 50 121046
118718 20 161920
52244 13 96308
31639 89 45932
71515 33 199883
67311 92 183208
10271 69 129782
57130 82 205931
145984 17 217040
13243 53 39444
207433 25 212371
40985 97 49384
4357 68 85247
199909 19 228929
170240 10 177624
67377 4 149988
16596 93 45863
2452 44 155184
120461 23 191709
117706 32 136394
47122 52 165182
1426 70 123468
33664 90 114478
11896 57 216681
817 70 71354
182021 26 246064
63126 48 179906
37216 73 203905
73548 14 102005
78111 47 207052
24443 1 35297
114833 1 220558
177888 44 229760
62689 32 205141
16233 43 74258
39430 83 124548
11878 20 228068
68650 36 174780
99321 44 136982
9550 15 154157
136654 83 230303
76833 79 85890
168185 13 247527
23458 26 169237
59763 67 76970
40456 9 208820
37660 59 105277
114726 72 178444
39456 17 105426
10820 58 45327
21974 61 110222
60763 97 86837
182407 14 198934
162743 7 225645
72326 80 95849
132310 5 135995
133540 33 207135
221904 31 236207
232945 95 237361
11628 25 172922
86919 8 244732
75675 51 224281
32108 50 212495
87626 7 106577
14662 60 214065
131292 12 242680
72153 3 72445
37395 43 105538
5542 18 21070
45254 10 71086
96489 99 208418
81700 82 220967
162935 71 171080
63585 80 113778
34334 22 235059
101643 79 122396
13903 79 184329
183700 2 208511
204102 51 213213
29522 93 55199
17644 79 240105
45213 54 200055
64832 18 154236
29805 29 157554
36679 12 121826
190286 8 194194
14477 40 100263
58592 36 200382
60903 17 136906
99212 87 205121
60664 17 150189
209145 76 244741
35515 76 147800
136572 13 197041
133435 100 229988
190684 43 226283
81966 1 118202
40410 28 189883
151018 43 182151
62339 6 117045
139146 78 158971
14479 75 137260
6283 84 175280
124335 30 180571
36491 26 238872
134159 24 242585
50935 93 183851
25960 41 207933
156306 69 198082
95062 14 237466
83873 58 156358
8262 92 217946
223969 30 248123
16867 44 133683
95859 3 160271
8182 28 174402
56555 77 105413
21510 15 211501
25705 82 73114
33045 6 140870
162820 67 169178
76424 4 202875
28568 52 74315
31377 39 159892
97004 81 226266
141065 47 196194
45336 100 59193
34984 16 205254
36830 42 205036
41494 53 154632
103552 69 207927
103131 69 108572
131976 57 239782
21805 56 76840
3931 5 96490
100095 21 149962
32822 56 225569
144223 24 156158
208710 82 214424
42382 64 87815
43115 57 53107
42915 87 95161
128820 17 182338
144062 21 231126
190769 83 249217
73209 5 135435
188994 72 207399
5120 12 32640
42388 28 193518
225270 94 225753
56987 23 233589
220321 76 242512
228227 8 245012
116912 79 189146
88623 29 237568
36301 92 195644
680 10 185979
65617 8 210547
53947 17 235544
22998 9 74785
13475 17 219927
35458 80 112137
72166 9 180473
8387 67 189735
96359 12 190733
177725 87 228696
173662 88 195519
96177 65 187455
140953 16 235626
50238 19 66585
117229 48 211869
110496 72 119310
191445 76 243374
35716 43 238773
2971 13 168436
35627 44 126022
139641 77 248235
36966 13 118385
130143 62 149325
53534 83 90002
117282 87 230362
3659 44 180261
30475 31 35130
33885 59 90057
24872 15 105318
9642 63 60615
172703 15 203579
41990 23 246608
17883 3 90304
42500 99 245438
83425 75 128477
136330 25 244801
85031 93 131657
35207 97 37176
83882 25 144237
52223 79 132346
71702 33 74732
35250 56 162009
35776 56 135543
32943 10 201653
7506 20 83605
165947 82 182770
82311 4 218830
82722 69 234025
74852 28 202317
116589 35 198737
50697 71 72937
132008 74 235823
36297 22 74808
123685 22 133171
88567 100 185267
17061 91 165798
143770 80 156985
37638 13 230079
123167 14 151767
199644 77 217386
11294 94 40200
42111 80 199750
122611 93 179759
58011 57 235709
71442 83 117162
143197 79 207071
108263 34 139483
225882 20 245898
44983 33 111291
32557 50 166653
91730 46 162407
10458 95 195891
32854 30 227731
149372 90 157792
38563 33 59593
35002 13 196011
8292 26 199578
93665 26 127211
35566 63 171599
76011 59 183535
49629 62 194552
138338 47 212456
16229 56 85245
131018 98 233942
56680 70 172083
26971 61 27484
82100 87 218583
59870 93 231827
2050 84 113607
206070 89 231919
52654 14 74314
209325 88 226157
22255 74 97947
116807 53 246246
31054 88 170805
93209 63 227375
33554 13 238540
20998 27 55270
128023 63 177518
225237 26 240729
91756 39 95308
36092 75 143759
15910 43 89532
125646 31 179948
15221 39 24322
95417 100 106738
46525 47 47202
75237 94 182932
129554 39 196654
17635 50 233094
60530 37 68909
161698 89 195140
17450 28 155193
66668 87 202295
180743 13 246045
58683 77 166416
66685 36 216352
163785 87 225913
120040 9 170798
4092 16 208879
600 91 29702
124449 32 172557
20378 38 93397
51077 15 249475
8379 7 107378
17754 31 247273
92734 35 125676
162547 26 246625
2329 78 39322
107764 23 222957
137678 55 164336
61045 94 247612
113113 23 121299
108498 40 148169
165342 31 201819
6984 3 151047
18796 70 36180
94947 44 168101
86041 1 199526
14719 94 165923
89297 50 218482
162467 31 248538
121029 39 170903
150364 83 200709
124169 3 156733
149376 56 198008
22025 27 249408
194540 86 242542
111918 78 238708
12700 83 235692
74592 64 144516
102593 10 190943
84322 79 190356
22826 30 204196
6080 73 205500
3368 84 158382
27499 80 108267
56057 74 191985
7974 56 148432
76417 77 202216
107581 36 182969
95732 36 203073
158267 24 222562
516 15 8346
25773 83 151088
110025 2 128266
30751 78 165805
169422 4 178707
33866 46 130490
50419 38 152631
57769 34 203723
48135 24 102527
76001 31 122962
105091 25 201716
19335 28 128796
127098 76 189803
120812 94 207269
646 99 36138
18663 8 31040
73690 8 121838
47952 73 128399
4140 33 106124
117548 23 138558
82509 27 118586
134444 19 171544
143209 47 226863
104132 99 152109
22334 2 63259
106547 50 245875
42815 35 82946
43321 37 145236
121244 40 221016
199379 87 239152
7562 69 174139
142965 40 204046
15397 70 79972
112893 16 162351
3490 30 80760
91070 43 141715
21676 24 135785
170946 1 220616
203283 41 212124
1196 54 114283
78993 20 102890
123455 42 230212
135207 40 221958
25079 58 142982
96665 75 114986
129395 81 175682
687 79 247605
51275 77 242612
24710 86 74209
76923 28 181628
29440 7 113518
27012 54 90993
9751 8 179760
88355 14 177831
134140 16 187877
143577 29 201207
61278 31 221186
1280 79 92409
147943 22 233690
25462 31 229405
165637 35 206299
139670 45 214507
182337 80 228486
7515 21 140310
144565 82 235292
152766 85 205851
48646 20 192122
119433 1 206479
46587 41 179485
184178 19 234502
13128 38 156323
90227 7 225839
33991 87 36753
31621 45 182584
40638 19 62194
26399 34 96584
43966 42 85483
148718 41 229792
53380 74 229229
1592 12 156112
33218 30 151783
16222 77 108309
13960 20 232972
238533 75 243762
79783 34 162470
122532 30 231664
22971 22 133758
29622 31 182208
52304 14 218470
54477 12 212767
17856 12 128198
61948 14 166433
35244 61 49519
106184 13 245082
104796 83 159388
26277 1 52334
85548 44 117395
146218 78 249307
134544 3 218141
2958 90 112715
112694 46 132878
30989 21 196870
122895 35 130498
7528 90 205410
101326 84 135367
164846 88 189255
40137 92 239474
145494 26 228362
60768 96 149293
109622 10 158809
77324 25 77697
190631 1 247470
80701 84 177391
29152 16 80291
76410 2 129473
111556 20 205049
31688 4 57071
15242 4 176026
132757 66 234382
103899 36 219652
32506 95 103871
17376 10 141375
51938 98 220312
109117 66 205593
213943 18 240329
221406 5 235279
87489 11 197021
146469 30 232437
40722 80 206765
87473 30 87704
49169 50 67987
54253 38 74930
7986 63 145802
6707 16 78304
90393 25 186285
64857 42 141728
20867 33 222011
91547 55 178640
152673 59 191036
149852 62 213754
79297 74 108458
145241 11 214470
14899 91 30078
12167 47 39698
151683 24 215189
53588 60 144330
68591 13 177962
70815 41 107080
29879 23 206410
6777 30 174153
200202 32 233084
101520 12 135651
129555 80 196317
173402 45 232869
148812 50 243561
161129 27 234197
182315 21 243501
174377 33 244012
121025 96 198525
68542 16 161556
67675 51 187474
85009 81 119348
54487 52 185132
150422 95 196136
50460 7 161752
3799 48 22603
21200 37 178820
131299 13 135291
19743 25 190074
106480 30 134577
147058 73 241266
1678 8 57941
96881 42 105814
14239 22 136203
138657 86 226718
170561 40 231080
83577 3 244983
17942 20 142041
35696 38 108164
42453 83 73405
25008 20 242332
52643 16 219734
99312 83 217805
48944 65 67879
54898 43 227953
112611 90 248754
144973 17 185264
69485 82 217858
120771 64 209682
109859 46 161065
12101 3 244370
166838 73 176242
89348 78 121908
47951 77 104233
53596 58 140738
54315 60 203653
75211 59 100876
5889 15 119494
51302 72 93776
140173 46 153355
142512 71 166733
50504 87 204139
54385 18 232997
142323 6 233663
30502 14 164534
120160 92 174481
152795 99 224107
107480 75 221982
136725 67 189735
182558 98 221021
62520 13 92222
38046 15 104635
128129 78 159241
91081 3 137143
36479 79 98405
222067 39 229891
182797 21 197235
28730 76 148675
31407 60 201919
56883 80 236192
56203 52 153760
4318 50 12861
118650 52 233070
44538 71 245918
204705 99 212201
226838 64 234092
3040 91 13654
20136 77 207953
51472 38 191431
11490 100 221577
10637 82 179872
36835 93 124021
156726 66 182606
54894 76 246570
171895 55 201520
56815 35 68875
53 53 188066
104043 59 166820
116608 5 205927
103282 14 126839
158789 47 217024
86630 11 115306
113497 92 241434
8907 41 241654
38543 52 201000
211462 16 238419
130603 6 228746
106878 88 138113
48454 5 233686
82323 82 144720
149370 42 200947
7661 20 159242
17575 82 110671
5670 49 227088
134181 59 241144
116738 31 181287
79616 96 216029
44193 21 182951
84645 57 231250
43215 4 92376
31710 51 42150
56962 34 152143
65189 41 192891
28933 89 173166
144264 41 166892
81699 12 154352
77319 70 115534
154635 77 178039
72121 88 121497
159916 39 239664
90905 65 231501
32112 78 83445
182546 7 214969
106732 29 237337
17366 46 247694
112718 74 145794
83335 87 171308
39043 32 46177
84905 14 202227
6937 3 33340
2325 1 40618
53470 84 142596
46907 50 123199
60224 53 135371
85328 27 249955
99730 73 189117
7422 26 78300
142173 1 195958
61022 71 61607
24984 82 70779
5720 71 63597
29642 55 98937
146745 2 208441
85012 21 211031
149367 56 163423
160765 82 209654
57044 3 77440
2868 96 222769
164341 28 222310
162766 10 196376
159808 4 178047
9601 43 114304
22691 53 100009
105869 13 150277
127070 45 207674
29926 67 52882
33480 36 249038
172222 27 194744
121403 64 175098
127139 8 197186
119972 62 143257
118570 62 142028
138143 82 214029
133286 43 174823
35759 26 135236
7379 49 168877
26817 69 207776
62393 66 230935
37025 81 147149
127263 20 176349
23169 90 95230
19765 52 40321
147155 36 242720
4884 12 142967
130704 90 218900
47625 91 188023
32378 40 211683
32553 98 61587
4635 46 242104
195512 14 196904
14193 61 179690
36220 9 144245
47865 31 240450
7739 64 225903
8867 14 94658
46605 71 208288
213229 36 230263
28706 25 179635
8294 1 161389
96170 60 159368
43428 16 142278
8732 50 35523
217163 88 239558
19308 73 115330
124653 88 137701
46565 60 181540
24328 31 240009
68413 32 152413
135957 41 235023
34231 73 114964
53356 29 184555
43304 31 145617
62299 10 131487
10583 68 141491
122111 34 235704
63955 38 206561
91737 26 115131
13790 22 99218
218713 87 245939
44611 95 117237
4009 38 58079
9076 37 29512
31951 6 172351
17687 1 59945
73717 12 106699
124351 46 176135
16808 72 34989
24786 9 141065
99055 69 194384
142259 68 230786
11975 61 88090
197407 5 231163
125131 24 155042
31219 89 177690
80306 11 90152
227264 51 248685
121872 13 245302
42791 82 195712
64815 23 193027
61770 31 166501
122092 68 249406
31189 95 121350
39469 49 87324
10114 30 212541
74648 48 157282
129517 84 184811
117718 43 120784
34868 6 227641
14854 12 38992
35379 67 240124
136809 43 149041
6300 21 91396
97736 62 132105
163964 93 182371
153665 28 223804
68475 100 218430
41222 50 97368
54272 3 69337
74546 41 181518
94241 81 165019
23283 69 44236
164906 27 244236
184562 34 209271
5773 59 114286
76105 57 185667
207692 34 220920
12532 75 54827
107719 23 201257
9666 15 125046
62955 43 150290
114467 33 141530
35901 38 200974
166814 63 240584
15800 4 16286
33834 11 229933
43842 73 108214
43601 88 213419
145894 92 163366
98444 6 199873
208598 56 247756
97595 42 186049
29204 84 235410
162806 70 221239
84774 56 171764
146928 87 241610
139430 8 141136
1495 69 186376
54260 49 212617
2598 98 155525
112796 35 147917
153663 57 196561
115086 4 227153
90638 6 199907
36381 67 101567
613 92 142612
53985 70 195628
36902 48 133943
67340 67 176451
8900 45 48548
10883 55 141652
47799 83 49600
57994 2 84634
39877 20 231377
30679 13 206919
44250 35 54407
98296 52 174349
116673 48 123995
55191 13 69119
21403 18 59434
129055 84 166490
174320 4 242211
165240 36 203862
81363 24 108836
111013 46 233082
31239 22 212127
116778 25 216508
43866 56 70093
104667 99 104777
80975 18 222864
11213 3 86419
16009 30 27783
18681 84 133770
124021 12 159908
69437 64 74246
67646 63 98726
164069 55 186426
122385 42 145242
114714 66 174235
119966 9 120495
110915 70 205287
113250 97 117055
180484 85 204561
32760 4 180714
27394 71 210272
92577 37 204531
21673 90 174821
4921 85 125477
48136 49 184923
59554 22 130541
77165 8 240990
199936 83 238928
116067 24 173308
54747 53 223239
51542 47 96655
118597 6 149581
223907 76 238389
124320 94 220530
47028 17 127919
68960 30 176337
35651 6 195783
31330 20 204611
52420 54 179855
55409 4 113567
128431 90 150515
153168 61 183795
187610 79 215924
26068 91 232805
95190 90 241741
57020 58 188853
166638 35 231682
63468 27 219568
2048 10 229127
104251 51 209924
81290 59 193829
88649 35 174966
110310 53 122970
77955 62 237490
14411 91 15421
29630 46 238449
10919 20 69985
66220 82 75203
88875 14 249809
85232 76 209077
137579 83 249891
53818 94 80369
101177 70 176894
38144 15 189151
113846 76 229740
36467 86 159327
28295 53 208388
84120 32 157429
63424 88 245268
49693 29 140448
25828 96 131704
25619 11 228557
9324 98 210951
59959 60 176478
151482 13 171984
10137 30 180940
81090 3 130562
205791 46 220744
163564 64 200109
6368 90 106415
193098 44 196651
62035 50 223127
26075 75 235754
202315 75 246088
85397 11 168985
104367 24 142433
53807 78 121863
66902 41 205042
136011 93 220411
46581 58 133947
47508 53 97577
156463 5 214982
121959 15 156318
156792 76 205658
159092 23 173974
67327 97 191149
72922 12 210554
26642 18 128389
143917 6 226388
74479 36 215367
14568 21 106914
222159 28 229304
82348 56 200903
38920 89 200696
996 62 213900
88380 8 203973
160058 11 240021
155757 38 212295
13507 87 249861
144211 79 188121
61192 72 179654
95825 48 114221
54339 24 107874
58169 78 233660
171 78 50648
50108 20 76807
45887 60 111851
24732 27 190434
69969 73 219113
119757 12 187869
29850 97 131163
18950 67 83060
164270 66 166093
22027 2 44816
78225 33 184049
49807 28 235725
64133 48 174068
69646 31 142432
2519 92 145932
37511 94 152060
42132 28 138886
203920 92 238165
90538 16 229839
46197 99 240527
125637 34 166556
194970 52 202616
44 89 5023
143690 15 166341
4534 12 92626
6256 77 119938
158466 11 171748
59929 97 229019
86270 69 99761
37350 75 136821
128143 57 174809
106050 45 156640
87900 91 239769
92973 13 214196
640 28 15739
158565 14 224230
24859 86 98844
133169 11 194549
148728 68 191279
33325 70 110799
150041 21 167955
53291 73 98377
59729 70 109646
112036 69 161716
167110 8 209606
91073 45 193635
47956 34 166304
23513 20 62363
36170 47 204184
91030 27 157312
105643 68 215492
57380 92 232576
76752 28 176734
93444 29 231315
39247 21 143602
224904 47 249475
82626 81 146493
179483 86 190691
52846 42 183456
96278 17 126062
134322 53 180975
131585 5 235437
57336 5 192489
41839 43 53715
7896 42 148838
54830 77 135843
138965 100 231209
147901 64 202193
38388 48 107896
34040 17 111961
123586 24 211658
71598 49 239054
53806 45 127988
66529 57 168387
97914 20 190974
5629 16 75703
120711 4 179683
15065 68 64898
217552 6 249022
25182 24 219254
23473 21 133036
175596 25 196187
62972 19 115975
90288 30 242031
8063 7 207616
163815 60 234484
59660 40 143607
48165 71 97421
54382 77 142271
26778 5 108763
86660 86 126032
161600 63 182428
34945 30 198249
85430 78 243956
16917 37 112757
2427 3 121391
59863 1 201772
126922 22 211671
54856 84 135437
60556 61 106622
105413 76 226105
90946 77 189293
108769 81 153318
44529 4 248265
64745 36 135692
31231 63 77109
700 31 107642
135065 59 236944
71041 55 200940
97969 79 210729
116566 96 215828
22570 9 190722
48777 26 134627
8016 61 99444
28376 77 47240
47559 100 126248
122948 40 164824
107193 14 127190
22594 23 182975
7947 55 19163
110322 64 144386
70056 92 100307
132967 54 248769
7676 33 148221
26570 17 120506
74684 69 161052
30467 76 45467
20029 78 181995
31089 55 209387
31827 17 77416
26073 67 172973
159829 21 199385
73315 68 197653
40806 55 91572
123100 89 196015
200116 32 237749
110377 33 194973
91346 87 105123
51007 9 238055
180610 64 203182
164459 50 188902
45688 99 247793
19491 28 190709
47677 79 62226
570 57 12564
85242 42 136255
15119 72 80889
6373 65 229297
83938 28 104311
10460 13 207719
62205 76 154785
146980 18 234178
25960 66 142271
54706 23 62007
158837 43 160694
16967 79 79757
97912 98 193605
5636 18 235864
70616 29 183501
76805 15 170286
28186 87 54268
96654 38 246625
1164 93 106167
8044 18 77378
44122 80 115107
7146 57 140176
67331 30 142750
163318 64 199628
77299 48 239901
59526 85 111084
33391 19 67232
168837 13 232724
32143 37 207098
141474 66 240033
56154 48 140799
28901 93 243880
21057 71 111223
204708 27 249350
47163 76 249177
79282 94 186692
18497 34 159365
34039 76 79540
117505 42 137377
150782 24 185314
84957 15 215280
77738 4 124524
33104 70 206170
15952 34 32571
92442 11 242431
35303 38 186779
99958 17 130390
166832 73 240606
199925 77 216811
99 38 239574
215044 3 226547
124593 39 144437
9861 5 137390
189786 3 229456
80947 42 152703
88458 36 161804
15146 47 15712
28246 45 189567
101498 45 169486
88868 51 131514
53653 84 145537
47155 56 102958
17069 57 24231
59745 96 76282
120732 96 140835
69267 97 176855
69636 70 219959
168254 12 244336
92484 30 169054
12517 39 215971
100584 91 195093
155384 14 193867
95398 11 240886
12549 89 245478
53608 13 166796
22390 71 114529
12914 57 203741
37858 3 226241
5286 58 44518
55113 84 83630
28063 42 211046
88897 84 170620
69449 41 243172
124590 90 163300
38023 6 89124
40280 92 174103
55871 36 195364
7671 36 204628
60895 80 181355
41558 38 133484
61764 95 79795
55804 81 74458
110678 42 206289
63089 61 192691
34773 82 194358
76889 38 172479
32134 34 120154
83944 27 246676
138482 54 169867
37765 70 148544
81543 89 153374
106323 100 152829
66447 6 92728
85479 11 180169
231659 59 247461
62407 83 208072
131844 14 180468
72722 31 144330
115299 76 151800
996 8 129189
28050 77 87686
123397 15 130193
32971 81 137825
11030 9 82292
11210 49 70505
128184 39 181494
47402 5 175926
206689 22 242689
109630 1 182125
118279 46 176265
25426 42 95134
25452 27 183280
135820 10 179893
104680 87 117331
156124 93 195210
122980 9 198838
53027 25 88266
188830 31 249100
27472 95 74170
39117 32 229594
129266 23 131897
3652 7 169797
98536 26 144241
188032 17 190364
68199 65 90992
112257 30 244115
109620 54 249784
81179 7 188882
55384 74 80368
98023 45 170822
94650 32 238847
160881 8 248599
13179 49 92986
198207 98 226863
99743 6 236167
17527 55 233922
102438 7 161096
60276 20 194048
97363 51 108649
164790 75 208279
8070 38 57861
51501 65 78020
176778 32 190897
77815 84 240102
21949 57 161796
19369 23 179134
234373 46 234915
22381 20 22724
41876 78 68348
26315 51 149467
4686 8 62360
112249 8 185772
161728 45 202525
108882 93 133254
88849 71 199667
24420 59 26229
13383 71 249640
205939 94 246570
70598 28 119733
36430 9 210626
73202 66 211690
71414 85 225000
3514 10 113307
30847 81 211200
38359 54 78700
10027 49 190218
63611 17 137115
114994 15 154771
55008 72 232186
179312 44 224572
32971 88 33326
119862 39 227732
68897 27 166503
74252 38 149626
228234 38 240664
160942 57 235311
34097 90 63975
76396 82 200687
29564 97 54979
10704 46 242028
23400 92 100352
211398 16 246555
120043 57 226757
101136 96 167044
34911 43 215966
108869 75 122439
95094 93 202487
47617 76 122768
153149 15 188587
19016 6 95162
51821 10 210351
62945 4 137610
74786 78 120484
115553 20 125716
81379 45 229124
99854 79 139634
57735 1 140883
89697 95 148770
152846 76 202157
26809 55 233488
222589 79 225592
54020 14 67360
24509 6 137949
30146 4 159643
40067 24 54844
6861 51 168164
46493 98 55429
61650 28 139470
7643 47 172180
300 93 94110
20532 75 59355
80760 41 192821
86436 88 163925
173909 67 221312
177301 25 245718
64659 53 222632
108899 76 182130
183561 16 219082
102394 23 221948
10520 65 67005
84542 43 100318
7158 25 247968
118313 75 187860
10353 12 115411
83305 67 98490
15584 43 237246
181049 97 242455
45346 51 124825
70444 67 148029
167017 76 227727
138728 23 140869
13298 85 237968
56588 40 65590
76007 78 136168
27620 3 183062
147684 58 191363
13387 16 130406
32925 87 110748
134666 45 187861
120308 26 199505
73306 99 172728
68481 2 168535
43653 72 203696
122177 100 180843
4048 53 182845
22590 75 247383
27245 69 187261
58602 100 238055
115427 30 161040
31084 96 90210
88887 6 178530
68356 61 203647
60001 28 205986
141795 41 181828
31709 54 43517
117740 69 247169
228742 66 240470
78296 63 210891
197863 61 230657
158422 87 237336
82914 20 230538
30893 26 209059
78203 69 120026
17879 85 42375
89467 78 236048
60517 96 81806
130585 85 196726
3484 39 103528
199229 15 222006
16968 42 224130
118288 65 245430
9750 31 205964
150579 64 198879
78168 91 235366
75763 69 90721
211201 1 237123
67892 1 179734
36039 23 49809
85745 72 119624
84667 67 127214
4176 10 154164
11407 42 207347
16066 2 59313
86016 62 93826
130375 51 167964
69359 4 120932
30590 23 142603
35419 73 173979
44677 19 138822
27484 93 155554
212026 90 226290
128620 28 132176
19227 45 123816
160313 53 203170
28436 10 70576
158502 12 192932
62193 77 83675
132846 84 232120
174648 2 182947
17896 85 144276
161817 3 169306
85502 59 207058
80188 71 158629
105104 1 215654
7186 48 233647
138334 7 231677
46229 46 232394
173669 64 185165
136799 28 221478
155109 64 222148
105248 93 204740
124706 16 242664
64296 100 107690
29727 68 192457
29755 100 222344
133036 66 225769
90024 38 121467
47398 70 197614
34554 82 231221
17121 23 241837
219816 45 224571
229117 61 237759
60924 5 237553
27149 77 149132
93250 75 121515
41963 34 200114
61465 25 109723
78523 54 111863
97147 91 155826
60755 74 129276
3880 13 112298
71529 72 190084
41404 95 188573
90525 11 105146
81570 90 242619
65024 95 134157
170113 52 206717
78672 97 94392
151177 62 197606
131581 12 222598
181265 55 211059
48170 46 145367
23111 40 214191
217150 52 232136
22186 55 116055
2369 89 224103
144641 86 220404
9781 28 41581
130251 49 192184
109989 32 190325
232219 27 249265
77420 94 158338
99042 70 127556
126053 60 228812
165900 60 203475
30104 43 221143
92744 96 183293
17009 71 61935
23690 31 42386
48008 56 153896
13650 56 124730
90925 69 172421
100950 85 209521
151746 38 233777
156612 90 232278
116623 88 178438
123866 82 177986
31601 50 56962
195352 66 206383
102755 60 201712
109213 67 206145
24803 97 162076
16946 23 108165
83905 46 249716
188834 75 215493
20426 35 202752
24512 27 122094
28258 85 242637
67402 63 186965
192865 73 203497
113523 19 147428
87696 86 92764
146572 40 174055
6951 55 55164
65260 3 116223
83792 62 166322
67971 93 239479
125832 96 162287
95098 48 204709
4493 26 153830
77037 70 212409
18576 56 93657
96483 68 184813
136160 50 176417
92910 94 158332
19903 26 217558
57546 85 84973
91845 24 134174
105393 28 105770
42236 28 182927
89342 62 163569
32052 89 186904
194220 42 246510
21293 83 208374
33450 18 153455
30367 48 131339
6326 58 56983
120508 76 136362
72932 27 116799
88452 98 116975
155459 90 202914
144559 99 165897
78034 63 136099
136598 39 142278
48641 57 248852
40278 52 123553
75606 25 144094
83175 95 214284
123838 91 165274
167543 100 183315
65813 8 193377
52717 54 143200
96078 64 106920
107029 72 111911
199670 64 219145
174064 24 217672
187667 88 231601
16464 97 72905
157 28 156140
15471 45 167551
29762 81 243624
138413 2 172527
122291 57 171767
54111 69 120957
98899 3 213985
30955 77 181351
110764 47 146351
33822 42 67149
131894 74 134113
134943 31 138160
17912 27 73481
67492 86 125523
163276 38 218387
64879 2 86408
98814 30 171492
156200 16 229766
57891 6 103430
149042 27 208070
57925 98 163865
78717 46 122462
11097 27 23481
15706 67 153774
56132 3 133028
440 42 142525
160862 84 195577
4363 22 44679
192857 7 196097
17923 84 130407
68495 46 231455
109450 54 194151
89631 20 228010
14962 47 207408
69354 65 245895
32665 64 63272
26918 47 212836
23181 1 93454
115128 49 228119
5750 42 113285
124711 14 166656
99849 5 165781
11336 50 149579
117579 28 227745
94750 97 168849
72956 65 195699
91031 63 136604
41778 89 123910
24178 30 162187
18193 42 138287
25387 34 244737
23738 86 105919
35710 72 43904
60395 3 132926
109664 26 244444
154110 21 242246
51029 43 184630
158208 90 200252
60360 67 127060
109617 94 225979
177005 67 237432
181327 4 185776
148267 71 165282
177886 87 207711
9499 88 37653
31908 17 208061
93854 56 235324
3795 14 89863
91051 86 249080
16072 100 199117
199596 80 229747
192369 53 249007
14437 21 136065
21127 32 186576
57601 52 69617
168836 51 181285
33677 12 175914
77360 6 97799
114448 53 193216
55933 38 136834
178233 74 217364
45694 55 58632
67285 87 238877
90089 90 93549
143675 3 154878
148689 46 233281
119853 55 170122
45647 50 147497
120436 73 188978
1943 66 10151
15942 69 20151
110566 20 123828
47054 35 207498
175008 87 191799
16094 37 60846
120945 66 194484
94710 9 212385
53930 26 163059
183376 76 239414
9989 19 108127
10890 50 85528
6408 46 185448
159952 77 230713
17752 50 170315
113098 82 197316
48037 73 182645
214593 33 233549
114977 61 248211
193154 99 199164
27904 27 209508
142836 46 192530
40711 16 58362
136754 1 167551
91119 52 191806
100126 21 222109
30956 20 134609
5523 78 215727
11103 3 170728
102605 62 179986
94130 95 228607
64064 2 228025
29673 1 97126
37506 96 53369
173979 32 179030
102269 4 203005
43723 88 82928
117295 28 245559
57311 72 98437
58436 25 215581
97151 69 228810
125107 14 243367
53406 83 79575
9194 92 196774
1661 83 178965
182275 90 246284
62213 29 229804
14908 14 137497
101502 70 145643
183030 73 240530
218737 3 234247
43827 60 125637
22262 67 169566
87006 49 102598
74172 63 183767
138844 42 205806
104670 51 213282
69831 96 206915
104563 42 233822
21891 22 153472
134194 71 215849
19434 28 224997
72749 29 94039
135547 44 164218
95768 52 223560
125614 35 172488
212477 7 237025
72402 5 111356
12914 37 14823
33501 5 241074
152435 16 220522
33205 56 79761
38836 67 190780
61728 5 162443
10345 54 148170
180386 98 193993
10773 13 128519
11729 51 118930
200574 39 216156
71515 54 78875
138151 33 192918
9633 45 229240
48651 91 140732
121583 42 137267
46139 96 104117
205037 46 246803
5608 69 231344
50586 8 186010
163359 17 177250
114322 65 207045
109086 81 182963
116549 66 190841
215442 59 244323
46183 29 108427
172653 83 248956
13809 9 249837
305 18 229775
152722 10 185188
46948 44 132705
4168 92 160098
53494 26 222402
6237 31 144653
28210 27 72190
87505 13 174993
44471 50 208078
69583 37 161078
108054 72 181802
186595 72 197936
3204 94 43361
83989 54 107615
8548 4 182584
99149 100 133779
8534 21 29946
42445 81 112524
163736 11 164861
90115 1 242662
30332 89 150549
183073 100 185584
76771 67 138997
3658 76 43560
113547 67 141242
105757 78 242942
97743 97 101942
88354 40 124467
48073 100 84684
47739 73 233096
12727 48 70773
44206 60 56030
18444 7 155424
40565 20 92882
7933 72 155185
3571 30 103908
124298 63 176785
234567 90 244391
21044 80 204771
70672 68 187274
98220 23 210774
26610 51 94489
139348 62 210437
214027 5 217987
68005 36 161054
24184 75 78056
19947 79 227708
80388 11 159857
4411 64 23064
22432 94 54570
185863 92 237126
20898 25 39849
197357 29 201738
199685 26 208207
38327 75 76986
1555 32 122753
113895 6 195537
112478 42 242896
209689 94 236429
64569 98 249068
45587 88 135673
8141 94 18458
139679 76 182754
111156 28 155709
74689 99 173606
194328 54 202868
97506 53 231259
22205 16 124837
64192 45 80179
82156 54 227102
22507 62 46941
188621 18 216066
169404 62 185087
58288 92 242374
3065 5 242621
9208 42 185601
159409 74 181843
75513 97 117944
5181 12 219638
132767 53 168097
189240 67 198023
167641 71 197235
127062 41 205010
101987 15 165132
45824 97 145559
94783 74 163762
17850 56 133094
59206 68 158855
3230 51 12122
3748 15 112806
83660 51 167569
150763 91 201077
42811 19 71314
155273 72 211591
57738 87 150271
80255 88 180730
74085 29 149338
129144 23 176417
28424 78 249217
55481 34 152813
95969 67 126999
15237 52 191181
40450 55 46636
24523 80 92665
54873 30 171260
24870 69 127352
6742 92 9795
166114 93 227620
61544 26 217184
123316 56 205662
208596 43 220502
143335 7 190363
74677 73 140594
215747 11 222355
92535 72 205345
22972 79 232038
212812 60 247882
66944 58 214294
165448 94 168615
24002 45 162258
168198 97 227583
119445 27 141695
66113 28 142595
111925 2 113571
13254 80 37589
77147 72 162836
113237 72 203265
9090 88 100593
79692 85 146742
68197 59 85098
14225 55 205710
15142 37 30051
91645 9 141367
68979 33 214005
12818 95 119582
102392 39 124671
207163 18 230556
68492 87 143946
82165 48 213732
132382 3 201972
1944 4 32538
145380 28 208625
51739 64 96958
134849 10 240204
137613 79 219287
39786 65 215628
6162 78 171299
15303 96 86386
13942 34 217805
22668 50 62409
97278 48 242874
18819 94 115594
134478 79 238121
24470 18 103099
104533 89 131629
3686 83 101188
4628 91 71534
112473 85 197417
174896 40 181141
144416 51 175526
21207 72 41712
22479 58 140810
69370 39 148504
106363 90 162745
104745 41 191913
141007 27 143787
76005 57 199329
184090 60 186098
16981 74 84562
40534 78 173657
51458 55 224183
118148 1 144646
168338 55 171353
116567 36 240629
152320 14 248214
77334 14 160525
174777 41 202010
135167 90 142196
80468 89 218984
180742 13 183239
59393 54 80431
127272 61 227162
56897 97 237354
174000 75 180975
103356 42 226409
115972 13 145042
33001 72 162104
39705 87 133886
60445 8 88309
27372 92 107756
19537 68 189536
126240 68 197594
55504 68 218393
145909 65 197521
104905 5 114430
33505 94 102406
51604 55 88839
27888 50 170069
60289 18 124930
165306 28 178220
186571 39 219954
26887 97 176216
159257 46 203333
58667 100 116589
99391 16 241544
88710 76 208635
7732 76 99729
133971 100 162115
75413 66 210592
62190 37 168731
7892 68 153257
192224 66 234786
213325 93 231346
74433 24 114071
77279 31 227438
127604 6 249814
89165 57 132551
34777 33 42304
24599 53 232927
190620 98 247181
45963 25 121529
108723 66 242023
21304 79 27479
33161 23 131880
138709 39 235077
96576 78 124847
105698 64 140949
3900 17 231560
26213 21 52445
94866 2 248942
45624 76 51085
190911 14 242631
99927 42 163376
13912 27 123326
217645 22 248430
7736 28 204784
30381 17 167684
87994 78 191114
91893 18 227113
44407 65 192919
7513 64 70711
80956 17 92897
97875 42 145413
122596 81 165017
115340 96 187006
86335 56 245720
141490 4 224896
4352 33 16691
57724 9 130206
22884 12 93073
34401 70 215658
19595 19 178041
125217 14 151699
115268 37 179384
23683 50 193578
164809 11 192516
52879 28 217300
158044 54 230555
4350 95 103460
39538 94 195606
163423 42 174599
93915 81 153897
49668 38 80757
225063 56 235139
152597 56 202375
20580 16 60714
123468 29 143628
65055 64 238792
221439 49 243089
44792 13 79892
9929 62 75328
145344 74 173357
180930 37 209841
33424 51 92009
80158 54 80982
52550 5 85973
56130 55 204277
42340 60 245601
135973 74 139100
30101 55 165392
164176 24 236524
8454 78 221579
131275 60 198540
54867 30 129064
166415 29 201400
63950 70 179829
154596 68 162769
82506 42 176307
71173 56 249855
589 77 219539
220903 99 237274
133599 92 215986
23183 38 154195
48320 26 71078
12019 96 162330
58549 86 117457
37955 12 96329
120143 27 226023
19878 14 179998
155192 26 196968
232142 2 234845
19081 90 91539
103038 78 164780
49289 56 58096
99145 25 227551
18676 70 55304
56316 17 130646
102378 87 193231
156411 83 162550
222536 81 229687
82208 79 161034
140884 19 173582
69367 7 146403
28876 56 65034
1795 18 90428
60375 84 128853
46739 68 205919
20932 46 52974
27064 2 143071
9844 97 34854
127899 100 247882
2185 55 117323
29149 75 222275
27096 56 117648
97415 20 132861
25769 62 235638
101529 78 211957
24087 69 235240
187013 29 228123
10442 82 230660
190358 40 202014
27887 62 199729
54541 58 86319
42452 24 161388
42825 47 190975
16826 72 22384
115740 71 154799
147338 84 157431
28486 62 64474
68897 77 176673
148036 96 204171
131921 7 133089
55845 97 197790
177185 70 213737
185905 47 249209
27118 78 225983
14792 44 191716
145908 17 181682
11007 78 29869
110530 57 121141
106729 53 214906
5308 68 38715
43553 32 228309
69074 68 106325
88929 48 234488
195903 94 228386
88110 41 173151
154088 73 225939
117011 48 155960
107159 93 172128
3403 60 197099
108766 65 211060
49616 26 140038
66271 50 164019
201622 79 208509
42633 44 105868
206770 93 219172
135758 2 236810
17699 68 147096
10756 16 145700
32341 22 72472
60451 86 95395
15662 28 207392
29266 98 107845
203 65 225240
84036 94 93509
12936 90 112322
116809 42 192588
104250 70 209553
391 11 89124
102676 24 198323
43704 81 156962
14445 99 193180
98527 60 107532
146598 51 190408
41475 88 101600
116469 38 206578
110696 97 195672
75223 1 86390
27453 50 198211
145040 37 199464
153476 95 197196
12695 81 83955
364 53 177773
141596 33 174080
130335 33 236149
136408 44 159861
99050 78 187315
10287 91 207184
138117 9 238772
6305 48 145296
41320 61 65279
45317 37 167578
56171 42 197118
12928 39 43143
32869 66 146624
99566 55 151260
74540 10 183884
87177 60 235391
118601 52 204193
77866 19 211907
159762 14 167416
80543 46 233839
144382 24 218497
123049 93 149804
153385 35 197800
131855 47 134873
154613 42 159255
179400 32 207783
85963 12 107383
67803 56 236707
48005 62 178755
99249 64 186809
11647 79 238258
39874 46 230223
136042 25 180887
76702 83 114791
115093 66 242229
62407 1 67724
125870 52 214504
27396 3 69208
137036 39 170022
194000 16 222597
109694 51 234373
18286 91 157338
55748 26 199615
229713 47 232872
130656 35 169919
92587 31 172545
58243 84 145259
172622 82 202551
73875 97 200873
16945 48 44287
2173 16 106900
125950 20 244037
18361 72 180385
130917 60 235794
173713 52 242708
70250 80 100143
84555 5 235358
50272 2 126458
1288 16 210273
7654 7 152213
186855 66 224530
48847 43 162555
61491 73 98824
47760 39 128378
30928 76 75128
42106 54 63762
98433 18 114821
6942 48 192551
37348 78 69460
35192 60 38642
138851 71 139679
113228 34 192100
56004 95 221094
69351 72 220269
141608 29 164153
100931 21 199219
19260 63 227287
41294 78 71472
152683 50 187686
109646 54 199819
60899 33 193049
44723 96 121795
14962 22 175910
82281 9 137550
31850 54 114318
41141 29 99160
9083 32 95343
161330 97 233152
206396 62 234901
16808 98 181708
120160 79 168339
5747 69 35581
137740 8 157675
71950 27 147363
122304 73 180563
22685 97 83368
29877 100 151592
92526 4 224565
71451 19 129263
121876 23 197445
106319 40 177203
35562 56 198721
86753 76 235998
204043 99 232988
185729 24 240526
214475 23 237301
209947 10 227671
139453 34 179298
155981 83 163004
5077 32 90064
95721 66 248127
94344 47 210459
20469 63 190432
6460 40 53167
91972 14 149195
107898 81 223596
16315 48 246994
43661 97 79169
100440 1 136868
106626 42 145702
30116 46 201161
70027 50 173590
30227 94 166636
49133 82 128005
130280 6 207286
16420 91 73883
67696 47 109393
43684 15 44726
56652 19 131755
9582 54 156819
79108 55 100763
100411 99 174156
16548 34 67738
172141 49 239298
124749 10 137847
232620 71 244056
19577 57 98794
163952 49 205018
2000 76 34239
48666 64 53931
171497 69 179976
11715 50 123046
163994 94 223222
70219 79 213947
203173 1 210379
113304 54 192691
173006 2 227680
97951 95 210083
27628 30 167135
27562 92 70728
148540 86 217265
7543 69 71934
143336 63 205837
39969 16 128976
33255 43 169393
195905 90 220092
71135 21 205102
74901 58 243487
35234 67 45666
90783 86 104611
149110 40 176455
100590 92 148977
22570 36 146888
60139 19 67021
9068 93 210228
140189 1 178586
10573 40 246321
106680 26 242344
28817 38 134763
21728 94 207078
203907 46 229952
40539 94 114231
34615 73 78085
33238 38 106120
151760 54 241736
64769 48 237909
139662 69 148690
12697 24 94231
101970 58 208794
96497 38 228205
183769 15 183960
225674 6 236593
199295 82 224177
196908 31 199510
75838 100 229540
48103 44 184993
38611 83 147099
187296 40 194189
23667 50 96502
64655 40 123468
11138 33 148124
141269 86 225137
75799 25 227157
141274 31 158622
19785 68 123057
171330 83 203712
165374 7 180591
112275 38 182472
42831 35 189535
51552 19 219205
17783 52 189999
3043 91 8188
143733 35 163785
126452 79 227431
116305 51 173124
85245 57 171583
109009 32 151346
26966 28 90397
126061 24 201278
81521 82 182775
77700 85 207919
52954 29 128999
6441 7 185961
43391 15 87028
155131 13 182598
154616 17 168945
66877 52 131798
187476 64 196444
164230 29 234236
125221 62 186107
177866 40 224435
70163 53 83223
189681 57 242701
124511 62 162451
63866 61 113338
40112 39 118566
80107 41 151376
175896 11 210713
128032 27 188047
15002 82 226047
53237 83 205528
167493 48 244545
80791 61 97545
244843 49 245582
140598 100 145791
181714 89 194488
26987 34 152123
73715 12 173524
136739 90 194498
99520 56 117021
178799 48 191070
19589 82 237002
198036 93 230848
73962 33 221697
40499 84 226281
6464 28 76821
922 49 205630
99507 36 245170
76994 27 189910
94287 80 100484
1845 39 193113
15734 61 21068
72526 8 129908
116343 51 242152
101865 56 228566
105362 94 176334
41591 32 159739
59876 83 201293
33216 53 152530
9825 39 222901
114367 78 242714
34706 40 71849
46396 88 244226
146792 72 159433
128274 31 171026
27754 100 71031
4130 48 117250
197315 64 221195
74347 72 129572
192033 94 203762
120257 26 202280
32723 82 236500
85988 77 206296
68743 19 106153
124989 37 137707
171839 40 249242
43662 74 207283
118602 29 142556
82069 19 124524
31075 43 190415
78614 38 111040
115557 63 118309
45562 3 83987
407 94 5254
87615 56 242358
50813 73 140611
148593 54 157428
90541 77 235052
86466 30 159537
21422 80 28359
71940 2 244220
22115 35 55497
150094 66 222256
199748 26 214554
41977 21 53599
225537 1 233437
8716 23 109191
17145 77 23604
15622 97 81964
103199 77 179249
221675 20 242663
5508 21 179844
133190 57 241744
111935 14 183887
246619 27 248747
151404 53 183643
10209 92 211379
2419 72 178196
108829 27 189864
21862 44 99304
55940 18 69083
162406 70 169568
82628 80 130527
97071 13 219752
21878 28 149683
37723 48 100205
43346 48 67420
50292 56 106860
204492 20 243606
32456 83 195715
180289 63 208643
138296 47 185071
13893 60 57813
110627 67 208877
5343 83 119080
57728 44 138028
163694 84 223488
44270 39 49445
26461 84 98417
159114 92 199368
90864 72 204861
185625 86 191540
18683 43 37799
176950 6 179496
155203 7 192667
42635 7 182951
62890 7 113056
33560 92 184929
33 53 156637
116208 22 131480
191931 12 196593
29759 25 37386
7977 7 204838
54904 62 112750
164897 16 229095
124115 40 140076
29447 57 222486
175956 32 185667
108233 45 191025
50626 68 125153
156817 22 163348
49749 78 242328
136024 36 228613
154111 90 174644
46178 24 96830
40489 13 103419
112903 67 209881
127850 73 161723
103386 65 227246
86815 79 116667
57281 33 105074
53552 49 194512
115474 56 189946
198038 71 215351
152035 42 228611
108503 23 114121
116894 46 150496
84127 78 139143
61808 19 175269
80082 86 175043
100921 30 157643
87414 94 149470
39442 87 232871
19739 85 99779
38860 31 173019
13790 92 103132
111264 8 152466
57378 60 99220
179295 93 244761
69243 47 72890
3547 20 221567
36534 76 176015
67743 53 152726
40307 58 168332
12000 81 177135
163255 70 224040
27974 96 39202
50108 13 123805
157235 48 231925
152176 99 238059
111549 31 174005
17217 72 243857
54600 42 141470
37749 89 152657
4701 6 184401
83995 24 231524
195456 39 203041
13142 37 128026
67001 82 225453
127089 19 155291
21404 39 234660
164408 4 234928
42873 84 45760
1131 57 61060
50286 60 140579
73810 78 151721
83286 25 223499
126880 77 153901
112623 54 240899
100795 45 196194
189778 14 239793
87307 12 147411
96359 63 120106
87363 71 90779
181646 35 190295
78219 85 160954
234148 50 234589
65702 53 102595
51169 33 190835
7655 23 150283
198666 1 223336
136294 31 233162
128182 45 232466
115736 77 213482
27364 38 89759
162086 18 212051
130519 56 219558
65063 21 123789
63305 98 121448
191396 4 240031
75622 14 88746
21065 79 216887
182818 54 200534
18092 23 40012
7883 14 90463
41580 46 91311
3450 98 15956
4040 32 99332
152490 31 226891
96358 84 161414
35236 15 124092
105693 95 235423
43175 47 79681
33814 94 245846
100987 40 149238
83643 67 86070
25799 19 77338
7773 34 215909
169931 71 172638
132839 34 208790
47866 87 199569
32574 15 186373
81649 73 168105
40847 67 112851
132613 93 156338
198525 44 231396
15618 77 56654
5899 14 80367
40522 21 94647
73486 60 181968
52726 60 174860
123722 27 183372
67916 45 161567
29023 86 113410
66935 37 181405
3698 16 183582
163894 63 245191
152086 66 152387
5440 63 156113
75214 79 158625
210657 52 229280
34010 77 112727
35317 61 219460
53042 5 80045
1327 51 22551
135282 75 138976
23031 50 188593
86923 32 188454
14900 62 135687
10245 58 65765
80837 11 152301
29466 58 244852
171182 52 207595
6358 33 74082
39022 74 183830
173 86 43957
184501 89 227628
40493 20 113250
84099 9 138235
26657 84 126590
137441 95 202936
49045 20 140412
106781 20 194847
136516 6 192457
17788 80 240943
169938 1 187662
900 32 230284
1957 5 213545
23115 66 145557
183089 40 213438
129569 34 148149
54856 30 166769
139555 7 148536
85136 25 233757
68736 98 157343
1488 95 174558
78278 90 117966
2435 76 185043
23941 52 155851
37262 31 139266
57562 21 174064
55776 72 115375
31118 80 114286
28566 41 38203
32130 73 60285
106855 26 171775
189583 39 215020
142698 19 153850
31748 17 147589
93369 7 172980
19004 98 28226
143606 60 158465
32920 79 195978
8229 72 130973
13060 15 21212
184539 23 248721
142035 43 154832
65433 11 110575
66228 15 100934
96092 98 222646
4921 100 132618
26452 41 123071
104009 64 146013
60711 65 95633
112628 63 152036
71396 28 92530
22283 52 72051
136278 68 147454
220376 82 223794
6132 9 231710
174537 79 177844
39953 72 128416
98371 88 208847
56865 37 115121
16787 28 204131
84601 94 171031
10560 10 81990
62164 98 243543
75455 78 242901
139118 10 161113
188263 87 215586
13055 5 212555
99268 47 226246
54698 82 239580
27104 7 92467
177939 47 198931
70781 32 240622
93457 57 127160
145273 55 158829
172593 47 246115
54209 35 73441
2865 75 9859
98037 49 217920
37914 64 195371
23052 28 122732
19762 64 146893
207863 10 223295
64384 66 104777
76221 18 79579
90538 83 233940
142645 56 226137
80608 68 247413
61496 87 129387
60993 99 233945
163 7 47974
70402 58 167725
85706 71 126578
20069 68 123157
215283 100 241380
181104 13 187336
47397 69 221653
70213 46 184971
208745 30 248499
77504 32 240703
155478 47 240717
203460 52 232285
72634 34 120648
183534 93 225623
122754 59 233855
165699 69 190374
12459 2 136666
29179 31 223810
5256 97 36238
53997 49 231461
216548 97 239598
54457 72 61777
29226 5 208320
86013 16 228097
2809 29 179026
46158 39 126764
148438 23 164805
89622 55 93183
26375 81 155295
16974 69 165866
130545 21 140541
8567 56 89865
126664 71 220075
23968 2 162040
33052 28 64167
86908 86 134365
52294 76 202220
102347 52 238719
73043 4 224090
134418 32 151933
91102 74 155504
75774 13 150353
100543 30 174054
86027 93 195137
8875 76 93065
174756 62 247708
138165 81 169108
35619 28 209131
63103 22 235667
19709 81 165301
124871 58 214897
44418 64 193936
22985 14 189672
165792 15 225091
9666 18 53805
31679 78 72565
145022 74 177479
114144 97 129553
145632 7 156016
35777 12 175136
116797 30 118564
193702 65 216974
194216 52 226686
46335 27 117186
158121 82 232453
27587 66 156484
66243 84 176331
61542 3 152644
145782 30 148794
139561 50 240030
96434 63 237857
42127 59 54684
128324 8 170607
94159 72 224285
33622 12 113335
480 33 39843
148093 26 220087
147788 5 152640
152238 55 231732
52488 30 172223
47757 98 57471
1181 52 87039
77381 80 235773
102518 11 228800
132384 25 144546
35354 25 82169
27587 70 69348
124680 9 160306
156398 31 195569
6154 28 224429
108314 51 166426
119403 60 189247
53974 61 212462
131209 11 213909
54078 67 230324
30920 39 242937
158936 89 165273
59655 84 189584
18420 34 74411
3290 9 59848
21595 89 31465
9211 83 228173
34520 16 146480
133349 75 242751
78978 3 160024
18169 63 19280
92681 65 154722
39372 88 176348
48958 52 173602
101722 69 154421
38965 99 148386
133182 89 235822
38105 39 243852
245287 66 245926
135701 44 166859
65023 28 117215
56920 37 214611
7429 28 37894
59829 71 179039
54704 26 68105
145112 8 194325
75206 79 90945
29197 8 37682
64350 24 223766
65671 68 101647
127235 97 227560
25770 2 199659
26286 20 103189
18106 3 154874
45195 80 72041
62131 77 116276
113501 46 207796
74100 55 219124
28059 37 197832
124535 43 174523
81271 32 109403
145064 20 248469
37527 51 82514
9199 65 155970
153222 49 158180
108284 8 198190
72103 58 236467
7146 61 237617
82051 15 152764
38727 7 83387
60542 37 137750
145800 19 175568
1125 17 153290
104747 24 243285
31828 21 199388
71826 11 94939
80003 1 166897
138844 57 183436
16779 11 239627
56537 82 242357
52915 23 187999
62358 76 118801
72448 74 100044
126683 43 150975
103889 6 187288
237992 13 241580
110419 18 127519
3213 36 249023
29445 53 224982
74363 48 225554
10436 28 86588
7114 15 50826
86625 44 196269
59995 99 241818
139085 80 166013
174871 28 212917
59448 95 200271
227957 64 245428
6582 62 145185
11605 56 215776
66996 11 231979
320 86 193158
181715 61 213429
39783 17 137789
1589 90 190496
100678 49 221666
18490 76 69405
3324 56 147212
124044 84 161346
67033 4 130944
63938 68 91190
97494 78 220336
60986 4 139363
4171 71 117679
97334 59 214617
16159 8 225125
133317 71 223237
62832 2 205983
38572 97 81999
28560 40 87515
136079 99 139445
38212 88 241341
115379 37 142985
162006 47 178614
121167 16 178355
15401 25 137530
213377 19 222831
32872 99 242773
48599 94 121860
33282 63 42416
54147 66 209895
36390 89 127804
107657 8 178355
172947 14 249266
132648 26 143311
195790 5 207656
59330 27 223905
54579 68 77350
15614 11 187317
15870 38 62129
67778 94 151107
154190 11 174879
56787 63 156675
1491 23 117243
20689 61 193901
201853 85 211632
34725 21 244609
107796 54 108097
32454 40 246520
5983 4 246183
14078 55 228315
15551 20 128882
200383 45 244027
152536 54 167800
92973 13 187996
11895 56 244623
28660 87 110462
48511 54 224349
84580 71 158489
230291 39 230513
138565 67 244689
208378 57 241549
18010 43 118348
30435 44 91365
82108 77 183638
21746 76 67729
2394 11 48169
82103 78 106442
207813 55 212472
84161 88 156973
121968 1 124888
89280 82 165806
84951 10 152463
42940 32 168977
222792 8 241849
59819 15 213888
100177 21 192738
49855 90 222448
7821 15 67738
15333 23 167063
174320 81 220570
77598 60 109492
17701 41 92366
159753 87 237538
234750 56 236194
30078 98 126689
59440 46 142896
102936 68 142507
64617 22 67514
53428 85 163271
53388 9 88016
55559 79 244425
45609 67 203027
136965 39 154880
133140 13 183829
46400 89 178944
160489 87 247401
45196 94 188434
106019 4 136404
47121 81 221906
71964 37 239866
57453 88 72282
39754 49 51706
87774 6 238140
34841 79 129059
47225 36 205740
148087 33 198564
39641 12 222018
126005 57 167881
224707 98 244238
151482 38 228569
1958 30 17669
18464 11 49773
170137 53 203165
81464 83 191133
50221 38 103710
56515 44 117981
232098 73 249521
98861 26 195099
88866 70 227361
83788 75 95555
16696 41 66999
3504 87 91592
45621 52 88768
176519 36 241192
9443 47 64702
147652 20 170048
155274 76 209360
24771 55 202852
17949 97 130896
60136 62 176580
96362 91 198507
5951 36 105401
81631 23 227219
89239 35 180429
158138 37 161144
219160 79 223381
8125 64 105388
12124 20 227696
153292 54 198631
162072 90 235986
83489 65 224746
138147 77 157751
67148 42 180270
184653 91 197987
44135 73 111422
147315 7 219303
103563 4 209819
148332 20 150907
110173 99 246297
26097 43 219417
154482 89 210932
194722 46 239168
118314 15 148717
22131 32 219879
76694 16 207507
84342 53 137771
21338 77 134038
17503 41 63046
42751 4 233398
19084 87 30497
13709 97 69793
2130 82 86451
136078 56 244812
110032 87 181346
52076 6 97387
47585 74 178357
52484 4 65065
9716 98 23011
121221 52 168583
146304 41 185341
29523 45 39602
26279 9 147019
20741 48 98479
26007 27 199552
4395 97 179497
134997 59 203230
12437 20 220487
86092 94 150887
74107 82 178677
154033 81 232291
67492 93 182930
71343 29 175132
112215 85 219957
115843 13 142239
14296 7 87540
83678 54 165249
13808 15 157729
69475 10 144502
74149 38 133228
102971 29 199035
114967 46 159137
85375 65 237754
66596 95 190384
214474 40 225376
73888 51 209294
122688 28 233964
87213 29 87903
86199 27 180666
32953 82 226824
113613 66 212229
6942 78 212110
222960 54 236096
78673 89 218290
94358 80 162260
68382 31 189220
49042 12 188140
143870 100 213315
109631 48 230149
224764 17 247715
18218 74 148690
79906 61 232604
111943 45 212741
80830 1 219386
237908 29 248266
141046 80 240739
78550 12 183318
195104 38 215059
186808 4 202755
192808 35 197189
148575 57 163392
43178 34 171104
105244 78 244551
84740 39 193187
158839 12 171668
31835 93 174419
76483 1 233981
119455 8 187654
91361 95 240467
34110 99 105352
195819 3 222612
193755 87 232011
61524 60 236553
18563 33 157799
76812 14 122771
21530 19 102425
189322 12 233117
81521 78 159271
24716 9 46361
62297 4 168510
112361 14 182304
36889 20 237724
209063 76 237002
85943 32 104965
212141 43 248094
35543 35 143628
122985 100 145564
95075 8 149070
22714 13 77651
145502 2 148480
25866 56 137714
17521 15 45663
78586 63 197570
98978 91 129270
51969 11 206427
215831 60 231043
97655 76 115067
50489 79 104884
36777 81 73748
168139 63 172848
137339 47 162874
167879 87 237512
89707 46 117440
13866 36 202413
3535 39 94257
103104 87 160716
141596 89 159392
5973 88 31209
152769 38 159288
17497 41 193852
176259 47 199046
113528 92 145159
51706 63 208470
153701 46 204892
135942 88 149977
63707 76 197125
19744 33 93680
107862 24 113620
67986 4 101787
25606 81 60936
38415 65 121820
64063 44 75856
29072 59 122384
16321 47 165975
4046 34 154675
52863 75 234362
93101 85 150103
152959 10 193377
12887 70 23186
10902 1 162134
141417 25 169582
199759 51 230009
65478 45 170768
46101 62 239340
37525 88 149881
15517 47 73589
110012 57 247036
16559 88 173234
36765 8 135502
155051 40 180348
79196 75 115837
70420 44 164884
169802 28 237443
11677 74 150627
206583 31 220255
2390 17 205709
50725 13 70378
157079 96 198418
88177 9 180044
95432 33 184852
48024 74 108437
183441 84 240933
63772 7 91429
93861 43 206972
51616 53 78163
75052 40 173660
2299 43 71107
102027 84 117807
161138 58 182167
3036 59 11151
69336 51 85851
137738 43 203047
13677 31 229579
107904 20 145367
53443 30 62907
17920 88 24723
185488 99 201853
23959 74 150751
154414 60 159106
71721 32 144221
76670 80 217857
60792 35 144846
13010 19 132542
183562 53 232870
22085 27 147334
318 51 78549
16670 77 16754
39213 32 65294
128599 29 211922
10485 4 64428
167025 1 226706
123762 21 231740
141325 33 231595
101410 89 185359
71505 26 224833
121439 7 237774
107778 8 168439
118476 16 179327
33262 43 244832
59123 37 69824
208156 87 223900
49936 63 122892
193415 13 226816
57899 13 198799
111705 18 171714
58210 2 166397
32821 87 109166
154764 13 192636
79202 47 129262
89163 95 156844
137772 52 146378
221019 92 239297
109561 77 130074
124817 69 185270
57028 88 212835
169036 33 212471
204293 28 234775
179019 14 185535
93371 100 146772
48385 18 134824
157811 69 215157
26186 45 229646
54080 10 110942
646 28 109003
101853 30 126103
226769 14 233484
7830 13 110932
55688 94 131071
181241 8 213237
131103 40 166357
113924 33 172905
7918 23 225914
143926 64 191470
199076 77 227126
44053 31 93857
50037 21 55191
78456 85 124768
71609 90 137540
156163 35 164929
22931 48 52403
43793 21 75236
5897 1 155686
31917 82 52999
154126 69 248927
24346 82 204691
25514 45 33148
45878 43 47683
33297 91 217211
221649 84 231067
119221 20 167503
119213 23 172583
107441 21 131286
33173 45 125097
119162 2 240490
65114 6 236640
136021 28 217310
158598 19 177485
21545 43 126400
12427 42 92347
120655 77 162399
42728 56 62445
139874 58 146528
208395 98 226939
23482 9 151726
9839 47 111403
120507 7 153458
112682 36 196111
9714 76 100537
22516 23 40316
24183 48 174315
4726 21 88036
207370 12 234400
115659 70 119805
79597 26 155263
105048 65 143378
155621 59 171661
80742 43 113699
32334 14 94765
157006 12 178090
197087 72 219278
41688 25 52530
46668 57 80761
8801 35 181653
126344 53 178024
127495 85 216983
27680 61 119543
75880 52 83767
88677 72 246824
76615 71 115379
39246 63 238549
4555 4 204025
126219 66 136909
28330 56 232054
67181 7 124490
55621 89 80605
7010 5 206518
115578 41 173738
176818 47 212523
176866 46 193375
103963 17 109598
15975 55 67860
67577 24 125099
146763 29 220787
55046 49 173606
59041 66 161806
11289 90 113741
157868 97 211587
126757 36 231017
125810 51 179363
130434 15 232848
20206 18 178162
19021 95 200494
71225 39 89177
50582 61 234742
103044 72 128823
30423 84 76174
204179 84 209313
70148 67 77079
106292 49 115334
90234 9 93655
2513 67 108066
35628 75 204723
175405 86 177414
207282 54 242237
133782 77 150496
54194 25 188982
58343 70 223948
65108 49 241567
113964 17 129484
57502 59 216952
36673 35 137703
52346 85 242347
28489 12 102008
117535 94 225725
130822 70 175270
62173 53 191200
73021 64 164450
53752 9 211999
123707 43 179227
72958 17 172426
148239 18 162948
68083 18 85847
174478 19 187470
65988 50 82868
173120 55 200388
112038 74 151601
119730 8 188519
243 83 154067
92149 35 98271
120883 43 188029
198467 76 216660
15984 63 36065
50017 32 100697
105460 51 246371
73416 87 94467
194539 52 247917
160592 26 196774
175878 67 217509
57293 86 62837
162015 27 235694
44193 74 151723
74284 76 145782
4210 41 209509
549 35 1906
55802 47 56552
101828 58 239696
13624 5 124106
71712 93 183677
30542 5 64705
205699 98 228764
91633 12 120055
40049 78 51169
8141 7 46407
43493 7 242321
199316 77 228746
133324 9 191731
388 49 39088
29300 47 224210
67347 46 71372
17742 3 26436
41699 38 118908
19613 13 204273
75895 87 233569
21105 90 178004
85516 13 137936
52468 42 239037
26134 53 129915
23568 4 38628
135029 61 149546
95253 45 154519
58110 64 144866
96204 22 148760
108189 90 125675
112263 26 186049
189854 48 203618
14228 66 66234
34717 77 62926
127022 64 210656
139550 19 224127
193528 100 201037
18813 16 119844
58582 13 166426
65262 33 102766
31289 95 219432
95901 26 127480
32161 31 100393
55531 33 125746
84590 97 237778
186540 91 248683
170762 93 185941
71399 32 220459
9241 90 234538
24111 89 92318
180841 94 210885
73538 51 167218
159603 99 197585
466 67 238873
83765 59 145070
136076 42 153468
50896 31 112392
3702 71 118185
15631 5 82677
39048 45 128463
42713 22 143010
69835 22 194595
115457 80 230652
146156 24 195230
20889 54 53896
175788 81 221982
111231 75 200606
25815 14 86809
129141 60 235148
45524 11 113338
26302 78 131188
94972 64 176870
153533 60 199289
18971 2 90866
11823 59 193771
73526 43 181620
86350 32 182767
12049 65 27409
162282 89 198056
181834 59 204271
19766 16 212195
60937 93 196415
76637 2 126710
59546 52 111066
102284 88 159965
67690 66 112207
45089 10 142031
223706 5 246044
4374 30 230212
111037 92 225460
150086 13 219301
55334 22 247627
94836 41 165725
24606 31 226643
74320 53 177552
109445 44 195524
57236 94 169906
528 84 188889
166193 31 196211
40731 35 160387
77337 99 223729
101278 21 183026
62277 72 221761
5299 88 29789
55615 51 217688
26950 37 195543
114870 82 232287
30267 50 76206
43467 94 88337
96326 83 126442
72566 64 190049
3009 91 31891
88729 61 141513
27204 26 156989
138155 87 198825
99070 80 155549
194590 62 245266
229438 82 231195
18287 14 57686
49561 43 151751
20856 41 119940
148929 47 181563
39427 26 244746
9628 77 207078
66482 79 96408
143195 52 206538
15540 22 239046
30657 41 107390
51528 83 249103
13230 18 44368
34094 25 38526
94348 83 221331
17827 93 132676
8877 22 219644
24871 100 81287
175170 53 226562
216801 48 222366
40961 49 90368
37959 75 93138
150310 15 199593
65885 23 132038
23947 7 28698
22455 91 157738
46389 10 171337
26529 26 143144
31408 5 58589
106544 72 244846
140332 36 170809
83250 48 170660
133002 59 176898
5023 67 242329
5994 4 162490
53114 95 229931
94268 39 222245
81470 56 115683
9468 31 11181
173960 80 232651
89947 69 101207
176312 10 203382
15793 11 158734
15190 18 81343
26233 68 86986
13502 83 36751
13531 2 208211
5363 3 188940
46719 77 213421
168099 93 238618
129939 41 185524
179213 31 196499
80391 100 108611
44935 76 104759
69277 4 232255
79212 68 204783
72496 11 222692
62496 79 104965
45350 80 224509
154138 90 182863
107628 16 233599
95057 36 194131
21766 2 182526
124167 98 210932
68634 31 185732
64355 24 179819
30440 69 187527
11489 6 125805
19330 92 116991
4073 53 35037
27740 44 209260
57204 17 191634
88318 81 157182
45561 28 49703
171459 68 228906
10111 100 60525
57921 62 223516
76310 25 245469
58828 57 200227
78853 3 207055
43091 98 217462
86800 86 216469
153339 49 167891
151156 57 236767
108776 100 163054
47546 100 126248
12984 13 133073
171648 88 213742
22993 53 187142
122347 5 221559
118533 62 149796
160048 84 197581
33242 92 98016
32049 96 204477
22605 13 242607
163642 25 206094
214013 76 217179
78139 35 190431
40679 46 166893
155729 93 217872
19453 40 243064
44624 63 99281
91071 43 109921
115265 66 190190
129073 67 188725
80297 60 244839
63660 20 118203
42425 60 134422
105576 51 174529
64415 64 233967
39235 1 102481
71223 79 207601
56558 76 83250
76331 46 80647
200279 4 241238
84190 7 126285
15532 66 202021
15118 72 82954
30384 24 152287
69127 1 105915
101842 12 134756
130020 58 243928
4546 100 183961
88681 15 190702
93024 76 237506
82205 21 86193
5436 26 71522
77377 76 182608
64098 95 174333
112917 76 150627
27006 51 91954
27735 57 65902
22075 98 215315
178860 20 224812
86537 60 111796
61359 13 106286
1720 88 98910
138380 35 243297
46909 3 78764
80049 83 85364
82775 97 238538
300 50 132947
40507 66 165490
75539 13 99488
137125 96 137906
65617 49 96409
16325 54 206680
218218 88 229499
47528 51 205660
29806 78 47076
121814 10 234657
39649 51 124003
29720 20 36481
66461 4 146311
6760 44 52963
58898 6 245862
100159 8 153411
37570 97 73525
204712 39 214515
12256 10 142185
232613 50 247332
70357 53 182947
4027 41 25218
231845 33 239918
18954 46 132405
116830 26 166189
103470 68 120693
26166 22 116879
89214 7 238790
135763 48 208737
8191 80 128336
20738 81 225182
77019 66 208380
81385 57 188275
216558 21 247521
61401 13 97884
100433 94 241843
29146 52 211368
12888 58 150498
143806 70 206795
73390 89 100921
79625 8 90332
24927 43 120077
71574 42 201968
78000 62 159885
28792 80 57418
94380 100 94688
26563 88 134389
99597 25 123426
126630 66 217984
82424 27 182673
160346 89 189922
149675 5 156244
122634 47 186006
130211 67 201359
189390 86 238247
80886 44 86328
159858 70 217485
112637 49 179116
19691 29 27814
141646 82 205784
151790 27 193431
78378 48 112163
130598 35 241070
137456 17 228816
103671 64 197499
176572 3 228613
36559 66 224318
49318 97 89197
17373 85 227076
57976 27 84488
25592 4 92647
4255 43 48047
103442 40 238503
21684 65 99653
101259 91 208844
143489 74 229977
21755 44 179593
91986 49 212698
197302 68 201501
76390 40 99002
28446 29 51133
17373 14 114656
2464 100 8177
144495 45 218845
45966 2 120903
69933 38 121004
76331 44 244323
10314 69 20333
41217 6 144698
47017 48 128858
210395 60 248619
2377 94 103802
21812 21 146461
177556 93 200633
136611 93 199664
186021 10 231923
22478 70 140262
73269 35 119237
156342 85 161932
31765 24 107570
32800 44 241792
95449 38 118508
188317 84 235990
215734 77 226987
129715 77 174659
22402 23 175240
44122 35 57127
108002 82 247849
62685 58 216607
141795 76 230117
45077 96 120855
127195 79 163891
133782 45 219041
41716 48 148787
123823 89 217453
56326 56 245243
47233 91 76060
14542 8 173867
53849 62 90363
103755 20 247189
23373 20 173325
49485 29 194848
49110 95 84368
58103 43 172218
103830 22 245775
5940 73 136142
107329 75 119921
25118 71 63236
87154 77 221264
191766 73 194756
60656 69 91846
116064 62 161443
12168 86 148232
100250 52 219374
22977 72 159705
11672 44 238158
96085 72 151298
66031 19 78230
67965 99 94793
57433 70 159436
118662 28 155587
146274 33 217241
83534 54 194420
65041 35 175310
118358 83 239341
147942 51 203278
32792 37 188903
5851 31 123258
86438 21 223541
133043 77 134878
139524 60 148577
99523 79 200814
63582 6 240200
14338 36 129748
120305 71 243121
81051 14 188167
53245 39 235256
115031 73 199352
17459 65 232842
16204 34 27168
49542 61 89819
37376 4 99077
70414 91 129319
97563 15 197211
8544 88 51443
26779 58 200746
91460 48 121373
139285 84 242844
35459 25 73608
10371 38 218287
134352 73 142684
24977 68 162242
80037 73 154571
145246 72 168368
4944 61 215758
172877 25 216362
32987 72 110031
141351 7 224485
29626 36 175468
187842 71 228183
40328 67 88606
69861 68 198603
7374 92 166576
63675 40 111533
160527 9 216833
148894 24 240599
46197 59 178113
79599 73 169505
49112 59 97403
56838 27 187782
56118 42 182466
156103 93 182824
33285 38 78222
213259 32 236076
19309 9 176814
37226 60 133498
173067 29 185611
6082 39 179375
133676 29 146112
2190 90 214963
26524 95 190495
160400 71 178255
15007 66 43021
60324 82 120095
8413 3 162400
111071 14 209106
170575 79 216513
204857 46 212747
6957 14 157214
36741 80 118132
101001 88 215583
12411 17 124992
13731 78 49219
125391 15 206952
35647 12 235375
210214 6 210664
163434 90 181956
52100 63 240523
88234 57 249443
5003 38 159010
137806 35 222937
231799 40 232535
36950 62 226321
15706 81 191737
74468 54 124517
65354 73 69702
101383 31 140874
129539 22 211204
146728 89 199807
5437 81 144664
41033 93 123868
113349 70 161033
32458 24 211664
77941 89 109418
79482 65 179041
37405 69 102791
13743 82 100416
69727 49 94433
35528 61 70698
60112 12 85397
122394 43 188561
6993 92 211375
60977 53 68231
84296 55 110860
62473 60 183512
75930 71 103240
124480 27 156132
78979 2 221622
77439 45 138890
225453 9 228819
68531 86 109980
33857 68 80634
94427 11 156768
98622 22 203094
11535 44 164676
5203 38 211118
15082 68 176220
4611 12 114239
47605 61 49920
79491 32 224410
97429 14 119751
171931 83 195432
41595 24 180032
138994 10 196440
221226 80 237770
164723 66 178839
51455 85 244191
166472 8 182591
96279 18 147689
55760 79 132687
80160 95 217408
204602 10 249296
16162 60 50632
22699 65 135941
70662 64 200378
84150 49 118076
153054 48 245251
199249 73 211402
147495 19 170053
5111 8 227996
76118 92 210982
15334 55 227818
2464 34 248028
112723 77 248274
38569 61 148704
63048 79 122936
48072 96 193174
177391 32 214681
44796 20 237774
80685 33 209870
26341 91 227630
73206 88 115534
30556 65 242856
31445 44 234889
191464 20 220543
154475 85 179045
4974 91 122777
100212 69 129111
31856 25 72532
50127 17 83851
168972 49 173620
30796 98 136978
43063 98 212099
69608 49 214221
128972 96 240937
212546 72 246481
72072 81 135392
162914 43 208596
180211 88 205281
168659 90 239048
184881 52 205765
8395 76 226875
59661 84 102059
90250 97 233367
50103 75 93597
7037 43 146588
118440 37 170040
151317 6 168638
98888 8 197749
106084 11 233210
32454 96 163308
46596 29 149595
16633 7 173687
80316 43 145979
92380 53 200949
20800 20 74228
32066 59 124517
33008 13 121095
8797 73 60911
106073 16 112267
62648 81 111830
165363 7 179886
51173 54 173924
137566 49 171207
46473 99 159571
202124 95 245958
59814 68 188582
22743 93 80814
111947 51 115356
109203 91 196744
44590 19 119747
47107 68 59473
54472 97 94111
89890 17 150536
4779 35 91331
4157 83 198074
174077 91 197332
150063 14 154262
131308 16 232290
181089 19 215491
181973 14 186715
116133 3 230159
195390 87 223031
87333 20 139052
47500 22 160825
2338 15 9265
129516 1 159458
28561 7 33747
33482 85 164829
118006 31 139293
123355 36 138314
62898 53 220094
142181 52 199569
28308 50 232829
181314 48 246098
32545 98 172895
34210 57 157622
82103 8 175737
55148 20 229522
92984 74 196175
95574 34 146216
53765 39 166635
95361 4 126751
70301 50 142450
209941 67 244350
101384 90 109632
110163 39 146470
49875 37 70122
193174 97 198147
155206 29 192988
19644 41 24453
79104 26 90630
133163 58 247806
130111 33 232821
109595 37 119268
12164 49 127117
54130 16 96367
133767 59 179588
36000 4 47436
32225 97 123255
97367 12 129431
79293 31 98887
67252 42 141360
31498 46 112492
36505 2 133505
5417 88 88763
47953 16 178339
118488 46 234021
7926 77 31020
113297 84 234658
64429 83 246954
15407 7 218178
202429 89 212737
97081 57 184050
6165 32 204545
99756 43 207385
119390 29 228063
37796 77 86099
151478 39 166910
58859 84 196439
48764 55 228737
153708 4 196984
166322 22 220166
28045 31 244605
10714 61 119793
27388 53 150380
200093 2 226318
21225 43 173099
164133 95 185889
36320 99 147175
43437 28 247365
52470 5 82359
70642 39 85373
126172 33 199303
129129 24 158157
90932 73 170904
196874 17 236110
28416 36 56000
235 23 66557
116744 49 209358
93358 4 185599
116250 49 222299
219541 59 232804
7274 28 43554
160999 66 196912
94462 15 132884
70957 90 162804
23058 92 102202
86231 81 193185
176056 57 243225
80107 41 124114
2314 67 126664
165360 73 236670
50064 70 204987
42294 70 62092
154709 56 220067
33885 21 214250
67390 10 167746
57902 7 114284
130456 55 158927
27542 63 154270
8613 16 16056
25900 35 249790
988 100 147333
80807 20 196567
75976 22 249202
151443 84 163105
32359 41 111414
35353 21 237792
83078 56 212445
46800 4 81231
69040 23 117537
16272 5 230730
83575 1 205269
102474 28 170341
153092 99 202056
10309 52 135969
34183 1 108838
36655 18 167327
209583 51 226611
8121 83 184067
6380 13 11798
42163 2 178369
55152 52 144358
82352 35 172719
8705 66 208113
189462 6 201609
151106 82 198786
156392 11 194635
97284 6 159690
200796 85 223864
123565 80 127625
24036 54 175997
45029 70 204415
118230 100 204379
47063 58 68331
74724 85 196793
27343 67 103511
247522 5 249832
7319 51 104934
5620 4 6049
58768 94 65824
33125 24 98496
60466 31 104120
79473 11 173518
157721 55 199290
17431 77 111769
131330 17 162720
136056 5 211882
2644 82 150032
36522 87 74760
112118 71 170048
62518 25 229570
146777 59 198174
86771 76 222279
50355 60 158415
54410 77 73645
139183 42 243482
31298 5 218386
6275 27 65192
166231 22 202575
149353 14 149895
162378 39 184482
17817 29 51919
163712 55 196622
209671 48 228965
122003 35 186433
228023 89 245840
142920 12 242522
123626 8 197643
16656 18 51421
21558 9 90977
20749 76 76223
82267 27 126041
97084 4 229776
188557 42 229855
192185 22 244467
82700 3 211171
55398 96 214113
179544 71 209985
83350 47 123615
29166 72 206458
35801 90 66408
68901 95 236708
66022 45 240339
45501 18 106112
201690 40 236487
62151 26 246395
53081 16 119350
146132 47 211367
147760 15 196971
33450 85 205075
125563 72 196061
44497 45 149755
80296 10 159872
82920 58 120040
98693 30 172039
75275 25 147513
149205 27 207812
10015 12 77315
13414 44 237399
170259 40 232686
54165 15 156007
121752 75 174282
36030 34 162369
11067 28 178086
60034 39 152007
69211 58 90058
31945 100 210317
168416 70 177983
60237 24 212160
167502 8 210960
93732 47 105343
166649 13 195559
67057 80 71962
81424 25 237230
69197 98 121425
18943 14 204190
42194 62 184011
171508 86 178485
38521 18 106551
176906 67 220175
9419 44 94923
175804 39 196946
57865 37 235878
2991 56 48451
24156 16 244519
25038 46 71697
104460 3 122824
68712 42 230065
60412 46 74941
20754 21 183044
96739 14 112504
97082 17 240891
83676 4 147394
138893 24 196699
20737 38 157203
166547 97 226363
108170 60 197107
9919 89 231341
121659 71 146383
35348 45 49383
44058 1 235580
115144 36 194652
22342 17 68296
189263 23 240546
14557 87 170424
5158 56 36787
66830 82 211545
108515 76 219582
15585 82 185508
20197 36 166925
82842 10 126911
205032 69 239630
125762 17 242188
123404 55 168138
173695 40 248016
79367 35 229914
112390 37 248193
70205 78 70761
81482 35 241629
47863 9 245933
124837 88 213857
185931 78 246721
81710 100 152070
65784 30 106347
121578 34 238986
65706 63 150441
162919 62 192223
157293 72 219482
21489 45 96698
41614 81 81858
128552 28 161428
66315 27 110099
40715 41 245349
39777 92 239720
27726 41 41841
98915 90 170015
158405 75 230940
90392 79 245736
8074 44 98108
52221 74 133988
10779 19 124966
41069 66 241015
46986 26 70503
70613 43 165911
121305 50 139339
126512 69 195702
84863 38 186605
25185 83 32135
142323 78 237223
22341 60 185696
196762 54 221247
37661 16 199446
44697 90 204976
26904 100 95496
29091 40 73915
83667 88 149637
81908 9 112949
161210 21 187593
60384 22 249055
204433 5 241542
149497 90 219174
65134 64 215325
140574 96 248544
16335 58 87069
204201 53 207320
46692 65 104773
13234 12 177528
132056 21 232248
89057 69 229551
98856 17 210306
55007 82 112202
114347 58 206632
21491 2 163455
17995 22 242393
60366 92 93935
138526 30 146988
197973 78 228873
22316 52 29782
18669 87 178828
158893 2 172336
152727 100 192496
134214 81 171717
87542 60 238768
35320 13 222873
21222 8 217694
10444 46 215829
5554 29 190423
43025 83 214583
22062 10 242192
197803 71 217261
168938 56 193784
198754 48 226575
128888 48 198918
35391 8 184084
148773 8 173184
26946 75 78933
13428 3 246857
43479 8 75808
20061 94 100778
1535 23 236513
58039 15 159078
68788 89 123575
26232 14 146323
57832 8 74354
15765 54 154974
149366 52 197965
77044 51 160803
30493 87 195413
195395 66 237261
85560 59 104273
182449 57 242079
179139 75 218281
106240 46 204334
87975 78 190024
98386 82 130904
11644 33 13346
37556 68 143355
156427 66 162205
17784 29 222941
46242 47 106795
22486 67 88798
101577 32 249727
111907 6 165127
99135 43 242581
9418 74 229311
35950 25 124009
82001 58 120008
128120 94 142612
42610 92 223117
4984 77 66110
18924 15 201081
145140 11 197887
139885 55 198385
147226 66 165583
60557 81 170791
49817 6 179766
130926 39 201272
58317 24 166801
77204 27 227947
57465 10 89253
94451 86 222032
166452 43 178955
47700 94 97713
21929 14 243183
75654 87 234900
125679 56 163046
34991 40 180233
8478 40 11621
152042 42 243624
167 38 170288
37812 10 150718
135304 62 216916
166819 19 204350
146137 64 222089
57140 68 108762
93201 90 224784
93028 87 129650
27763 84 238751
134767 19 136877
160396 12 247878
59499 7 118052
20281 41 173719
202164 28 227113
44365 36 169031
23271 70 114526
80160 69 176083
41598 91 161637
47781 96 187616
126418 46 138099
169137 86 230345
1053 90 153308
79266 55 227217
113324 28 225504
146485 97 215333
55857 39 131424
120029 13 207816
213991 75 238690
131399 5 202696
51466 71 201209
123575 22 169014
135269 37 170860
73825 11 142969
78700 1 146420
60621 100 204354
42729 14 159476
90118 56 145011
105954 78 173867
69262 92 210737
9281 14 123956
134801 97 245903
157226 36 181819
196014 18 233010
106943 37 115878
29501 96 54180
104764 80 121168
35522 87 162147
190207 87 228934
29239 90 185086
6250 26 166658
134319 1 236489
72807 11 153545
91827 97 123722
176575 37 187682
17078 43 171986
21845 40 39321
66485 100 102714
107009 29 141283
60593 79 86217
11120 48 202637
153351 24 210084
32452 96 101475
87731 38 119501
9512 28 110112
81367 19 198600
140800 58 150342
85469 33 208377
72621 66 125041
29657 46 160323
60720 60 93796
1014 84 97056
90790 31 240050
173653 84 215135
184191 71 194822
81827 56 233449
42008 42 56431
141031 23 196549
31527 10 36815
159440 13 235035
151329 33 200005
106943 26 197737
14084 100 170186
241535 84 248507
64668 53 222700
35396 86 130914
31076 21 117265
29333 22 167555
21517 75 226348
754 85 30147
124702 17 231157
53753 82 74915
199400 74 236226
86795 92 125252
43062 13 195729
15615 66 89310
153455 79 225625
51590 14 147916
11769 4 32196
40326 73 247273
104548 17 148401
102860 15 172343
134175 56 240470
54001 33 135919
59966 40 239436
52382 87 157263
106464 63 230344
35126 23 215427
126456 69 233036
40427 1 168184
204827 95 235934
212229 7 215077
7436 93 16912
101832 92 222338
46673 43 247102
34658 41 178633
850 67 66111
109980 11 128738
121611 76 164188
70219 30 75441
15947 81 165549
4139 8 27017
42178 48 101238
23789 39 66472
34065 60 156475
5484 81 43662
103888 27 218926
142759 46 233622
98483 93 154540
64469 14 102573
159233 67 162375
2565 5 62931
99002 23 170905
242296 19 247205
77866 11 124687
76275 85 139903
52949 54 192526
92958 30 152654
107682 73 154865
240166 33 244575
147773 3 170344
212443 46 239805
141990 43 198846
71383 2 222803
150670 58 190270
127909 9 238349
80283 91 165368
119637 49 124479
148049 60 157985
30725 88 114581
15558 22 201719
5347 46 148460
90124 50 190559
190580 50 195430
43248 89 45756
37839 5 131134
176913 63 221344
95543 47 245322
84745 68 194812
28092 96 182429
9105 87 75977
57315 22 209905
30729 6 210591
139504 93 213184
40151 51 103181
75499 59 156431
76266 85 169824
158078 66 181214
74371 61 228489
109946 54 242554
82724 25 177900
15992 27 202238
171012 65 229563
230121 35 244966
11454 61 245777
12407 78 244642
105696 1 218506
114876 44 216451
145970 83 210257
47147 93 170807
8707 77 50300
45204 48 45524
4332 2 38995
95314 40 224027
13671 18 145881
65266 88 110932
163977 98 208020
186233 34 246031
109137 99 157901
58608 61 101263
71405 51 132206
122515 39 226746
83339 50 229490
131264 2 153460
72442 6 129766
2129 99 145372
109717 98 116520
109234 65 241484
47387 93 168523
23250 92 132629
53147 79 186163
190872 14 236303
63471 36 181656
4824 22 133725
60593 76 233623
77520 97 184814
77624 35 247654
65152 96 168099
7074 75 237479
93940 41 161177
3775 82 50950
159381 86 168777
25454 68 199812
2451 62 129258
141037 55 145395
9786 42 24781
87337 58 122173
146623 91 157175
90800 84 118929
18176 72 55185
159315 93 236796
25731 12 31560
34049 67 235244
2230 91 7231
162789 25 166544
36406 5 135588
58514 51 211219
128284 69 159671
27725 56 48330
20969 32 154202
178547 98 227014
142528 2 166492
169801 20 248429
19619 77 192476
50916 97 86861
39631 57 120432
54620 65 73282
169441 66 229449
51497 80 169180
104163 90 197504
69773 96 159629
72269 69 186576
133745 71 207531
29008 73 40074
168520 6 244456
57830 10 100427
112515 62 122937
74432 49 128086
47701 89 192038
10681 78 59739
19252 97 27981
121980 26 177292
26295 77 145435
43189 54 231403
142500 64 184477
2521 30 148630
53834 82 157875
83699 19 162073
29874 76 247890
48921 44 186221
58868 87 60614
37819 72 136846
5869 6 184986
183306 87 243567
84131 24 127500
130932 72 230581
53105 43 59130
79716 78 99950
46578 88 139008
127309 48 205040
55489 46 107719
168301 26 171907
48070 9 194806
31215 75 84647
147863 78 207935
118372 30 132683
135239 63 235872
98946 95 210851
21781 2 110642
157010 16 208771
134034 26 178913
166110 3 239222
31868 20 146879
120840 17 237354
133539 36 246507
10177 71 28033
14139 45 131066
88357 27 104479
1053 26 176385
192646 13 205208
185296 62 221745
133199 2 134190
7616 39 188912
103139 71 224531
96598 73 121282
181988 28 220860
229723 92 243720
144862 58 178516
177486 65 207784
72377 72 78438
94063 66 107097
67628 34 236461
82959 82 110984
6836 12 92911
31543 62 35064
32014 45 208198
26620 89 233538
40275 3 84405
182952 96 221648
28506 34 204763
116481 55 241359
93521 89 210698
108399 80 145100
48393 52 62135
56315 69 151135
97304 98 249890
35856 100 209971
25082 84 37326
53789 15 85253
152004 27 202535
75441 19 92449
197508 90 231882
211092 16 240006
132401 83 217322
179525 46 191553
149320 17 156741
180630 90 195690
97760 60 214679
210339 65 243764
171942 49 191776
107007 85 114706
114122 68 141029
141305 22 174216
125648 43 216924
30144 65 86786
5129 21 83828
46106 54 117854
162673 61 214621
167411 76 233101
129062 65 150733
78680 16 207582
103986 43 182798
32483 93 59609
16495 53 165163
90616 75 173420
45440 69 150107
122077 21 144447
38006 36 246091
116481 56 220884
46748 24 176320
119920 15 188663
143675 87 157314
53182 24 144521
170848 58 237934
210897 60 215171
201024 50 243727
45243 74 220514
157433 64 231995
25864 36 162246
49108 51 130208
54038 37 185204
25430 38 43613
104072 91 244222
2940 72 20530
147884 26 218208
157018 36 223541
31822 92 137643
75811 45 85969
208912 97 242802
137025 92 154473
63041 77 161114
62596 62 128235
3949 76 45027
135474 59 221918
58638 55 185375
97755 25 144041
27808 59 45551
170990 44 206491
68060 39 106903
87330 13 186666
31503 71 96202
62560 51 172078
84213 26 230150
123461 69 215615
32904 68 195782
193011 89 243935
34687 16 106422
30591 23 206387
85420 70 96944
115883 16 126194
69047 32 171752
2016 51 104625
2914 49 125195
194316 74 203208
18748 35 24256
101447 24 218843
133029 76 141523
4902 49 48129
79465 47 208182
20825 15 146181
121203 94 170091
7280 49 51774
57961 70 177253
83546 63 213973
206208 60 212390
126291 75 128303
40356 34 162608
151562 16 241322
216520 36 242552
34304 80 56879
64323 3 235356
56431 51 99956
49886 5 187817
140980 67 242482
65598 34 74563
15911 23 94296
197589 87 230173
109322 87 207218
29429 56 153409
136185 97 156300
25009 84 229649
70729 83 87699
35709 14 105406
184454 22 228649
111070 56 124389
148117 60 187920
100330 80 205969
77243 40 115370
40240 27 167830
47770 74 86076
8729 28 103164
74141 4 124610
38773 60 49830
41412 42 76558
178172 1 188931
205690 33 211479
36734 40 230018
112921 49 165632
36887 34 90784
13008 1 146509
227072 42 235486
85362 11 158477
80984 13 162142
22732 13 59623
33834 85 203317
28493 26 163261
54363 27 133926
19307 70 208893
5998 2 234735
37835 19 141539
51000 57 211987
43763 6 168894
241489 85 242623
2213 89 74783
64931 51 135290
202923 33 208238
127025 100 175606
192373 35 248356
36654 27 147741
54304 68 246562
75203 87 134582
165703 66 173068
146272 38 203488
126485 64 149239
126952 97 246151
170325 65 242258
1860 13 57055
122233 85 228043
2246 61 13798
96313 72 176251
3384 35 80956
129423 91 155740
212946 81 214097
61692 27 209492
63508 68 70482
36063 99 59997
197627 4 197970
207504 64 241951
105939 85 203552
64629 65 151792
23638 1 166486
146701 17 214280
72627 45 164385
882 15 230585
