5000
43974 18 120436
118079 23 231518
9338 20 220700
113312 36 166219
17848 78 172116
17565 4 62974
157264 24 240677
94536 62 170155
17109 39 126030
78177 16 204352
19675 74 121177
15170 20 98880
3441 84 226645
95787 50 248268
205017 41 217789
3841 4 80716
182567 20 184063
8297 17 210623
25498 33 62743
97886 51 202172
84047 51 203991
19035 34 243366
23592 71 216437
182105 10 206026
53618 18 200940
129572 5 216474
139316 79 230187
49135 20 182771
178392 41 247205
120735 54 235901
10436 83 169186
14343 55 55655
53373 33 208085
51370 43 229730
48018 12 207901
188276 100 193716
73415 17 87205
198405 24 220125
160460 86 188174
121801 64 226132
47787 82 167117
62911 49 166580
23265 53 170438
216084 76 222201
227027 44 245326
27903 60 82217
40594 43 226629
30817 12 176033
192211 60 195585
177073 62 248287
1491 95 135397
84626 7 106820
117610 27 165561
191479 25 228769
121925 17 165063
126689 72 155073
122280 67 165118
3931 88 168262
133143 32 183234
145977 23 161524
87425 10 180269
128592 79 242595
105387 34 218829
4010 100 85566
75078 7 104553
88340 98 91661
28378 65 245102
22035 58 121573
99084 36 145344
7124 86 229857
199068 12 231853
82492 31 111857
86987 57 227742
18125 2 94653
39816 97 80354
41139 29 121090
87614 50 99911
137681 76 150750
124583 75 242928
7607 44 194850
77332 69 116887
18521 19 232842
5824 18 55435
32385 89 243268
6877 37 39306
45643 14 195073
20446 13 76896
78214 27 179263
29314 44 156837
82950 96 197636
49230 71 206925
72227 53 121166
56539 97 216097
31507 76 60982
69083 30 238269
22660 72 102080
67765 21 109616
7482 34 107674
13868 21 144550
76028 76 90075
3159 63 218365
27261 43 89860
38786 90 195935
86847 95 180119
99795 54 100773
36395 74 164341
1893 37 87578
194343 40 222596
102526 80 192325
7625 75 160896
3166 51 216984
127659 38 222363
101134 85 212312
106519 52 239315
74384 1 117328
6 75 134709
60255 67 123661
16168 88 53346
95740 6 183055
15500 15 159596
142204 53 161722
144942 9 244971
13335 60 26938
88138 36 140884
54490 22 79164
48752 31 195892
137609 51 168058
55412 1 245181
82655 58 215702
62440 10 203662
1732 49 96853
121727 35 239752
192679 94 242705
121799 37 211629
49289 22 120791
170505 5 182495
99495 15 221797
59184 96 232953
75954 11 185096
158269 49 179501
72380 4 83506
51717 79 181039
165837 60 245219
37211 30 245406
77505 40 189683
75899 13 200712
113560 5 161509
111905 71 214871
53971 67 72313
20434 11 36213
111526 15 178209
124548 78 134926
166645 47 242875
105251 46 219416
85368 7 197706
12066 4 117819
4153 41 98629
14803 49 59130
75838 4 211178
4591 51 129090
54564 34 98593
79222 90 132086
124412 24 191557
97507 4 220242
64226 69 184063
61795 16 112220
84781 76 130088
20139 74 112509
10383 17 29633
58926 35 186927
45785 40 86820
22130 91 196712
88854 63 220268
59666 20 83625
180159 35 224778
59 96 191185
59839 48 241226
62441 84 110255
109523 55 115164
17937 22 188164
124683 67 227933
9098 12 176007
7786 24 122496
61859 34 73866
125338 29 191446
97015 83 231541
132241 27 187246
134853 59 234536
184568 88 225444
83763 53 178409
104145 32 149236
56899 7 217225
180577 85 185618
159976 19 175323
94302 19 230915
74882 34 138815
39696 48 109190
91356 22 138653
58114 94 198010
43585 46 69741
14579 39 168441
26668 52 60895
68361 69 203554
26981 85 218923
159646 17 195289
119135 100 242638
30170 31 169144
108268 93 236571
46575 14 153614
87283 53 88497
91200 10 228247
89664 46 218187
112569 68 226876
73397 79 129810
52441 74 56306
121328 19 188306
61918 21 104784
725 87 232630
68307 97 119393
131911 14 162681
42045 36 89426
149412 36 182947
49137 51 231458
10300 56 137223
33315 52 154881
60625 36 198155
98964 38 121259
6515 78 8821
64492 9 138455
35987 82 64018
185466 21 196362
59591 22 206225
136315 30 191399
94774 7 118414
198070 75 216003
4668 52 73581
1073 56 152447
185551 61 202569
69683 64 249177
136939 38 180466
43277 71 207306
24253 100 41784
52947 50 160234
116728 78 242024
107395 91 241268
74752 2 193204
123470 55 189202
23241 67 200950
111456 18 191845
24953 79 150607
101231 53 237780
84156 52 241610
178152 45 246481
112437 51 139623
32251 94 207643
19233 17 148930
49857 19 219994
71633 92 142711
95038 35 188305
64626 100 201810
51846 53 219786
63368 71 179529
65356 68 155175
161193 12 201089
77105 73 181304
186244 1 224013
6940 90 27728
1878 28 13951
101914 27 220916
62044 61 224777
16104 64 100944
76941 3 140210
37924 86 89052
99549 72 242743
108375 33 238089
126759 52 158238
176435 86 208625
184793 8 227925
2239 45 205742
108537 44 208345
121100 10 184234
38097 26 160079
60733 95 104247
9885 59 55789
27912 81 74811
89360 74 144021
81384 53 183553
190780 17 238254
19704 85 68566
163625 33 196284
132131 66 188655
96400 65 172165
112521 9 246856
73181 29 183919
88030 36 140734
99830 2 231415
13689 80 235724
213844 51 228037
47997 6 242908
110554 66 122346
92759 33 131738
38421 46 221173
69175 44 98197
14672 91 246669
3108 100 38572
128074 20 215755
48161 82 116767
162705 43 176395
159601 93 217995
209456 61 249417
96255 68 113351
51519 50 170882
107099 75 228558
68070 66 222979
193373 93 230430
117420 5 127381
36952 63 129236
39187 96 150286
91308 85 112864
3392 35 143109
23574 88 43517
62148 44 221758
26077 61 181586
111727 2 190873
116887 53 134077
81182 70 132431
108186 94 174309
88145 89 221341
139170 9 216917
192703 8 230763
29772 87 74183
92527 55 121790
22924 61 249812
5506 34 101699
12437 74 101998
80356 62 95698
104342 57 215107
88944 47 245826
26699 32 77477
76519 63 179604
25998 88 43990
107319 52 235941
13455 20 109190
160395 75 213136
44389 9 219805
15940 67 96334
82004 4 211369
153019 23 175597
65282 63 159854
34249 50 43588
37783 99 186101
130827 47 186544
71657 76 178485
151316 13 228360
88118 87 207979
438 52 233635
36308 36 148795
176094 54 177234
175227 16 246340
26252 56 223001
99727 60 103575
16169 76 219568
34742 60 98134
179901 56 195948
83178 100 89766
82048 30 129480
4318 2 157384
216688 64 232364
16213 37 173653
135728 4 145172
91334 33 143103
178390 94 231370
39424 39 119409
38096 94 242306
116304 29 240174
92515 12 195588
3319 95 167395
96207 1 179445
126420 64 131096
78416 34 91067
47481 96 95739
85022 4 121263
61490 28 192939
42190 6 186317
76481 94 176363
76240 19 170782
44918 98 171082
87945 78 188510
61121 77 160775
20370 84 235412
103174 69 191861
19144 56 109284
86456 22 245953
38189 25 40971
81212 38 211869
85801 31 198302
121242 34 216985
160536 32 196249
62813 71 209651
45086 23 249988
176194 55 206031
91383 58 133465
44010 13 164552
56110 9 61448
135596 37 197581
91012 55 122805
70474 87 189733
73778 32 216345
5203 64 203218
58856 100 182773
36789 11 205773
29356 51 39314
8679 50 55825
177353 79 244177
200590 39 214957
61315 79 118777
137128 41 228570
212971 96 214486
21410 28 118333
180452 45 228308
51797 33 235971
114517 37 237439
7027 17 13826
19381 2 212500
12925 3 88820
65647 24 116733
31122 91 143905
32313 2 114752
54334 52 135406
192 58 155188
18850 13 139463
97930 78 132628
68902 71 205206
46340 13 180069
7418 13 30256
66934 35 79898
1092 42 236176
192275 30 245012
144049 56 216948
5852 35 220529
160475 95 198846
62891 9 172083
11341 38 34130
43253 11 225452
107648 22 224848
130121 46 144937
59068 26 122330
8195 40 32440
92882 41 146224
16469 69 106247
90910 14 215117
1565 97 53533
55988 43 110986
10546 41 175990
175118 85 231288
36245 55 238151
93329 76 172922
217502 73 231568
18655 82 237384
135167 7 164180
57195 19 228592
158321 22 162711
139088 13 209824
121677 52 204488
33448 13 33683
40782 12 120981
90559 99 207635
99214 24 205394
90950 26 101787
74801 50 172959
30637 47 184666
16763 9 24448
39170 70 138342
132020 100 202788
13948 92 191154
1681 71 74719
37853 30 48293
26447 25 170672
65333 60 80372
107271 49 240953
79739 69 240706
156860 68 169140
106171 62 201019
69049 19 239165
5312 50 9865
59563 3 89097
38391 68 63853
112818 55 230385
97576 72 199647
19769 62 34226
5020 4 154476
144295 71 178010
50148 9 153946
102628 9 125297
154699 100 216214
234608 46 245673
113461 22 168391
52339 54 52749
72772 71 188786
84393 58 179943
7482 82 248824
51341 38 57583
33515 77 133396
101933 74 181108
117588 8 192536
63858 91 238615
73387 26 241854
96264 94 239278
89768 27 195629
41510 16 90717
118022 80 195106
63294 85 122106
199302 76 246862
11127 67 36508
51041 35 169811
122995 61 203556
35499 100 186389
63042 54 219829
105476 39 195093
143560 7 185568
49286 42 150834
110148 90 221477
151064 39 187806
146479 21 202231
122302 22 147365
23289 100 221097
10990 53 67119
165584 5 211872
63579 29 181015
82903 87 165493
146284 28 169526
69794 68 182768
90072 71 134661
9810 19 31139
48372 76 71827
58138 5 232348
56603 13 130536
29337 89 227247
42955 11 45525
97514 47 143123
23513 70 40254
210180 7 236511
57049 36 137169
175016 50 203852
207808 66 234851
122775 99 140483
194624 17 213954
79878 35 89901
78616 39 239243
46114 10 233896
115622 11 209796
59233 25 141717
154931 68 170909
138260 14 149366
10629 97 235042
65896 41 163513
26265 74 105688
83384 60 203089
203046 29 203456
90660 11 243423
222608 92 237434
79933 1 189641
42951 48 145543
53200 29 243972
142259 33 229693
59106 4 137386
89312 3 110467
24662 37 89682
67544 46 246364
132852 3 212464
102683 69 128116
88642 4 243779
215705 36 234983
126316 94 131867
18262 28 54361
30289 80 156530
165050 41 246261
106971 70 150658
5 69 245728
61048 49 228489
156742 45 167469
53079 86 59016
62883 34 110607
141895 86 228529
146327 29 238732
184669 64 239685
211153 60 231257
53086 33 222507
133224 97 183409
151235 12 187433
102225 60 123550
4201 73 134484
74671 86 212130
56316 36 92579
11066 98 226295
2466 25 229346
97961 15 116349
7322 52 105161
40233 23 139722
109206 6 109242
60511 97 171288
101692 43 201373
138007 90 179047
30994 77 180986
122137 40 190601
29193 87 230426
182330 23 219010
49928 9 139225
47785 1 229310
116550 36 186309
200740 42 208735
9979 40 132004
131055 8 132376
19803 89 160115
172822 71 234007
77745 27 115471
98734 5 241284
53954 14 211918
50358 23 134961
131931 17 154096
592 96 190839
174165 88 199134
182186 26 196062
3751 44 199868
145024 10 152572
23945 16 68095
6490 51 181747
177638 50 222643
78265 74 158032
187405 77 249473
123676 35 233011
118951 74 229386
89941 58 133406
2901 98 107989
120819 54 234836
121576 16 215146
86216 58 169793
19019 5 171377
89573 60 242399
186554 89 228277
40862 36 126531
63176 5 117572
102341 38 105691
149813 52 216117
117804 72 208991
24265 34 56142
158553 44 161510
80413 24 157103
64274 34 210393
77155 19 136063
96269 51 139807
119654 64 155160
18504 47 248409
187459 97 243375
128251 43 193852
115904 86 209020
188608 45 219897
95003 82 200635
64123 93 106302
54367 81 221869
15587 31 217123
109734 46 111102
101860 17 241962
120208 83 135784
96992 77 134921
28430 55 70090
174003 37 179870
157683 88 228359
9264 100 134714
113346 23 166260
29367 19 241783
54233 32 67911
58436 24 119878
105390 89 196052
63311 32 193654
112733 35 157361
124745 97 170746
86544 32 228529
60815 61 175815
82264 68 106723
23542 64 98107
32846 84 89288
167106 58 250000
113480 37 129665
107472 9 134774
31788 33 207324
6371 52 137308
100657 19 213017
99398 29 176385
29775 77 106148
177087 76 212652
177136 66 225311
143571 53 167703
18352 46 33567
144778 40 211892
70862 80 123796
28643 26 238190
83073 20 135478
137494 45 154529
10073 35 56878
37197 83 96755
92671 19 225327
34872 28 125905
12850 29 241461
35705 43 51460
69607 59 150885
26208 100 225863
107437 41 115865
125638 35 200434
44798 9 248592
176608 66 235422
28749 61 168033
141722 86 237165
138672 29 231977
34020 95 86070
51638 28 53342
158720 61 218550
98318 61 247813
126725 71 195358
35967 29 134756
111179 4 179090
15842 35 226396
218293 36 228116
45373 72 215132
163788 100 238194
134735 28 184815
16955 2 110367
28152 37 241199
118728 11 196533
47986 30 106747
35891 65 93684
114168 44 114884
48538 14 56131
102314 42 123193
8681 96 109165
203344 48 211526
122436 85 181522
40815 54 115238
68614 99 140157
55187 70 139190
29366 16 102146
21335 49 68190
56730 6 104441
85843 47 103982
78773 18 157723
46005 22 146884
99975 37 174353
54393 8 63470
13808 83 23335
74808 64 245380
179007 39 195316
59230 35 73392
219756 86 223781
190498 74 247493
61483 43 234219
98332 31 159850
22723 80 110550
68025 37 85382
218601 57 235136
121237 4 219420
193565 84 237415
134981 54 138122
165512 89 176145
134659 72 213256
155541 17 208633
56953 48 57236
55759 71 155498
49699 18 246328
20094 32 89851
121879 16 228047
7892 17 34331
52492 81 105921
177487 62 181018
69751 94 181556
38222 68 55058
138458 1 210018
90766 45 206899
51752 9 99373
41914 43 49709
116221 63 129981
184058 29 238408
200211 75 222972
101949 1 175881
55960 81 109984
23666 83 196425
5324 58 108508
88203 85 106866
10841 32 64531
20229 80 121558
34425 45 89724
112743 60 144684
60897 9 101372
67564 31 84919
217639 23 236973
65438 3 152504
195027 8 243650
114505 2 138630
123819 12 224100
13212 98 37580
54631 33 196255
48721 86 240381
213252 35 214515
125272 94 131899
4258 86 122191
98574 94 226322
8230 21 171118
84043 54 154282
14524 78 132999
10403 88 212985
203764 99 222406
92477 74 115464
2983 18 221142
82998 2 210559
13940 85 23732
117310 60 245999
2523 18 65785
91348 100 173171
97308 10 160468
117598 80 244397
171757 86 180099
144565 41 197153
48 33 46311
38452 67 96439
174091 78 211526
10761 85 49488
54109 10 162706
32774 15 108688
159097 32 210720
27979 64 222979
158498 49 180530
64913 37 152048
6914 13 22065
115218 47 162617
160643 25 220022
96806 50 200204
217021 25 240918
50269 84 200220
137949 88 243370
61357 90 96114
89579 68 107752
56384 56 200209
82310 88 163748
177079 42 230765
39632 60 152343
34898 35 121554
9405 23 112373
12262 86 128452
61102 10 231666
151485 1 244358
12746 6 98011
192838 77 213057
15199 46 94579
11251 16 153022
214349 88 232133
17368 17 37564
7169 10 93013
46771 83 141867
206803 45 214637
164172 52 165174
43411 73 95525
16931 33 55544
17708 42 243533
37187 86 138224
90672 37 104432
21703 84 212268
70575 33 162566
9197 38 57465
194720 91 204201
85802 43 159565
123127 27 210188
31940 27 109023
37662 65 134571
92750 9 125716
79430 70 154694
4592 43 189491
30730 53 129811
3968 75 189838
48865 8 84476
128261 84 138091
7834 41 144111
7879 38 208510
59302 37 143012
108885 85 216287
23444 28 148735
207066 29 224814
50758 32 51707
179144 30 186398
19186 20 201842
70589 39 187763
27225 18 57725
67132 9 208419
194372 9 245838
31938 76 44202
57725 22 164178
53927 28 199098
73369 99 220587
186828 44 211002
76739 74 172997
119597 38 125545
10775 99 183316
58481 72 88990
40412 82 137308
49495 52 103425
104198 25 239792
33652 87 36956
28312 70 190291
195541 65 204813
98244 31 155821
69865 83 239693
11610 11 200829
124025 68 176922
23021 60 70498
106748 21 197134
68128 70 199159
61692 95 210335
12194 1 82247
126923 83 226365
169958 59 217779
2856 54 213282
204444 38 217983
20930 47 106590
2635 80 160706
96440 38 233128
90481 65 164874
203921 38 220278
158500 57 193138
239179 38 239403
25497 51 103968
35942 73 222201
226065 88 238253
40821 75 91054
98112 5 104647
42360 35 243574
22229 14 142853
128111 24 178508
127980 32 156351
33934 2 101030
108917 58 217179
63778 67 232971
92333 29 235717
51508 43 235703
100602 34 198935
207633 30 211497
121882 28 173667
61448 62 238096
23188 63 151281
3056 52 142249
199359 97 243781
16752 65 223955
127148 92 212170
193485 52 224537
52920 63 90121
70135 65 90403
9370 4 130948
94386 61 223469
22299 35 214615
188264 84 190079
237279 37 246239
58959 52 115699
76431 68 104635
105952 13 118113
129693 60 192381
89155 46 103612
175813 46 196993
5199 15 66560
2266 83 79567
159884 55 170758
89022 78 141202
64738 42 76127
95505 5 147211
87119 68 144324
184816 95 239939
195385 51 240070
71676 66 100745
7830 42 106570
69730 19 166172
8022 49 196632
50724 64 152376
15019 66 219296
154030 15 238496
201345 70 240577
78700 42 146451
8335 6 185884
33436 92 89421
102720 89 169240
73647 93 82080
41757 33 63360
105060 20 117733
191174 97 238902
85259 43 127860
21914 71 57812
36019 65 39636
117101 30 247732
34068 34 232784
58762 73 63828
45112 98 102790
143134 95 180645
114708 67 193110
209178 46 246992
67175 75 153296
233049 45 242378
80838 6 229138
99211 80 124016
81588 49 145803
49530 84 68538
137433 19 235997
45899 77 115769
5924 66 168652
144747 94 202804
117061 38 238493
70837 55 113633
114270 35 227145
164814 22 207079
11767 21 124316
49231 19 214249
148488 90 222355
231450 70 247612
126210 20 144117
47821 38 128102
116890 61 220743
44781 55 196572
236165 54 241628
86394 61 165925
31776 92 76121
17773 1 236236
60046 71 158839
128501 20 208974
53427 94 223940
46455 40 188758
83686 36 190449
2111 33 80490
129959 79 183049
11148 72 221553
149791 76 162681
149822 58 216872
99119 5 182812
97999 26 112886
134262 83 201826
141674 91 180013
15345 20 97262
125330 90 230440
222450 64 238807
93332 39 150353
154786 42 193058
68749 28 84863
34015 10 236952
156562 44 206840
111599 34 245889
91037 87 241110
1949 41 239954
47390 37 98987
5162 83 157737
123527 9 139061
106204 65 177893
8959 11 73304
67446 73 153573
25210 17 234891
38665 79 236173
156219 93 177893
90306 95 242021
97259 85 159270
36072 56 60710
55769 23 196658
133476 63 147184
8394 73 195932
1873 32 80393
18149 94 137620
99488 11 161326
136477 24 155702
46623 15 243982
8412 30 183577
12188 46 41342
68639 98 137007
130458 52 176708
73282 76 101052
118218 27 147676
89988 4 208831
89667 96 244437
117082 86 196584
7883 77 135941
47387 46 142062
94552 4 240270
141933 26 173260
62120 60 75526
53864 14 72513
74926 58 107327
805 60 225949
73845 81 100013
41763 83 143384
11220 10 118025
14888 88 149121
120307 77 178742
3442 92 16446
20818 95 220011
217022 67 237500
75713 24 128093
108390 59 239330
12617 44 19511
107636 31 247911
28922 34 227266
174361 1 205822
51854 45 80779
126302 25 171655
16615 31 159623
78139 92 215382
142383 32 168125
90785 80 172857
156882 22 177619
195374 63 238459
44419 50 69593
80674 66 104239
170614 49 190615
9213 53 59295
179629 79 215681
42903 20 60983
32681 55 226051
21048 58 214956
34832 22 126097
144099 12 173414
124137 5 132795
150978 81 176961
5419 9 151315
137741 3 191543
124294 93 249874
20512 100 69335
150019 51 165160
81366 7 152366
89540 42 156124
115864 47 142092
73604 68 201533
30431 47 32048
134874 74 138624
216056 2 245255
125240 23 134775
198206 66 243719
81521 83 234582
110 31 64643
86770 61 108978
61357 29 216539
78394 77 165394
182598 26 216853
35272 96 41444
79629 87 121273
40244 63 198834
153306 31 165890
200892 79 227008
8185 43 196343
84400 20 131501
47509 14 218581
78150 97 210435
7765 62 153912
59388 51 158812
171287 4 215220
121688 20 131329
95844 70 190362
199309 32 206227
99227 74 160291
25072 40 160935
19128 90 141888
98457 40 108573
52146 32 178861
36442 1 216064
19258 42 69324
119698 61 224778
93919 55 149020
68132 50 118450
217040 54 229610
24267 47 34816
72824 56 205857
79611 14 228780
50380 91 230722
23090 47 177749
91396 84 126626
75309 95 235783
73580 95 104104
43881 44 46414
125082 73 225314
122389 57 148005
12577 21 95691
135608 31 220642
33293 86 39499
211333 3 248939
33717 69 41869
166286 27 194808
77469 57 198082
66023 79 135128
108666 38 162277
82470 19 191784
210992 29 213978
130813 80 200538
74723 44 211495
44341 29 236923
103582 9 187582
1293 45 45994
47624 34 241520
58080 8 117089
7208 1 169313
68389 64 182530
23492 95 105302
51486 15 140661
131205 34 158464
153077 17 238382
45878 20 85937
129784 88 225648
34424 58 77487
56766 83 179795
168247 37 177037
60387 30 211403
21778 56 112215
157844 90 222280
128033 17 200222
8163 41 229127
20451 5 74378
122885 94 133172
2388 92 45331
2718 66 99073
91227 52 153639
103452 55 111116
32551 34 40839
119765 50 161762
21402 24 41107
11682 80 193514
3046 44 200560
117570 73 246393
136303 99 233584
22277 6 99337
123584 59 230611
2794 73 164597
98892 3 151287
17605 73 139437
63538 53 248975
187049 46 220172
137032 73 224218
42332 52 76440
45079 35 138428
33607 48 99728
199509 17 202927
54976 17 172898
147283 54 173526
60832 8 84114
166145 26 241278
10262 27 48105
91981 100 175755
39129 83 226496
88 69 11207
37869 87 70994
194425 37 242295
102728 92 121992
63710 66 242248
138560 21 226566
33733 89 187004
44821 77 125930
113137 87 227784
31992 62 81001
68952 20 196553
33104 31 244331
97124 9 213096
108115 97 226130
33652 36 99506
34419 38 208300
45709 12 118977
107212 72 168970
30625 5 85888
165237 89 247364
126928 36 164441
22758 61 161884
18342 85 157332
23074 60 141183
5335 52 213681
158454 14 203263
67139 74 128572
102306 86 186722
43671 61 136942
168888 60 231312
82006 66 249053
167986 20 230442
153597 14 200219
11215 24 125082
36250 59 186636
58419 59 156899
100530 2 209768
43561 35 236542
128768 44 232157
76001 32 197919
118241 24 187295
42904 32 158941
13298 71 65497
13033 2 249138
11164 79 155962
131832 22 138390
26421 31 149812
13386 86 214975
62946 93 210700
9138 62 123842
83337 2 150554
152575 26 167061
75523 74 227930
106880 39 225220
27188 67 83105
80680 73 111220
95706 91 145822
63111 85 67327
43857 45 65840
146620 86 186250
34852 99 71087
2239 57 205149
117091 45 133842
78222 8 209168
3517 34 203773
165098 76 244476
19762 14 163194
6460 72 142749
9535 18 240802
90851 64 102163
123942 21 143008
175529 15 213475
163886 34 180092
53335 40 125556
86437 7 116496
140693 76 206221
85667 80 128858
112306 49 222632
27320 97 226162
46514 69 94536
3127 94 73992
114111 37 169241
87413 91 189633
62175 79 88296
38338 77 224785
122376 96 158987
105777 35 244663
10617 97 57497
37910 45 214988
63824 28 149023
4374 8 53774
24225 79 29124
12673 99 42104
70733 80 89505
104844 40 183532
42946 62 133697
227751 35 238364
62476 43 139906
25819 51 141119
93894 34 201323
59900 20 198449
29521 67 167728
60060 27 165549
155615 43 173465
39178 47 170693
76866 77 102100
131104 19 153456
18934 47 82479
131395 46 141818
119632 57 125259
34443 72 210483
49638 72 99083
139633 76 170145
2640 11 71166
15612 52 77674
173109 22 237041
106058 28 188523
74310 52 150081
80159 53 228779
9610 45 105878
20839 84 226037
88065 41 223993
197911 23 202713
87572 48 134253
16764 70 106261
94751 6 172811
145548 45 187591
159134 68 225769
26673 20 243766
63709 17 116976
72136 57 175305
100381 27 125290
50912 76 218044
106961 44 110331
112664 87 141284
16202 91 155835
71528 87 147087
39324 60 236779
212917 56 214630
121980 44 240289
126082 22 171569
2756 57 210883
153408 89 201580
69151 47 108213
85534 25 101057
165165 62 188736
158271 38 211169
94238 53 194510
114565 53 175977
28288 59 68401
57789 89 199906
24586 17 227639
17808 50 28357
18878 79 89188
68382 68 200639
136202 47 208892
81638 76 152556
31415 9 163341
20409 94 79678
132806 6 137587
40902 72 161856
159438 5 160450
22415 49 81421
34191 37 84906
114202 82 199604
91271 49 155378
79066 81 167260
89974 76 121064
26084 68 89519
79485 78 173002
213605 34 245223
24256 52 202627
84773 35 149950
9850 93 95714
160384 92 188000
93616 74 168076
74951 20 175304
71499 92 76524
18949 25 27739
22490 64 25014
12512 100 184711
197213 56 240403
9571 10 21209
26235 16 244283
182249 30 184058
152063 28 169207
90660 11 167633
113189 96 135984
13499 11 184981
78214 88 238273
139663 66 183807
53216 71 72883
99699 31 233918
44438 88 184113
37642 15 205351
39815 94 42624
39014 51 177908
64303 79 173064
11216 98 61945
7953 10 158113
96363 76 146800
18144 52 38648
219961 77 221429
112127 3 243137
112237 23 200424
113097 68 205335
30344 14 52310
94284 17 123980
13218 84 225569
28848 2 215373
78900 24 84245
175188 94 248974
119447 27 208879
74741 22 235104
19648 79 120546
46894 12 65001
51606 43 237538
99439 35 126298
70930 67 237641
12523 15 42903
97626 24 185612
110478 56 133674
96759 28 232828
94922 55 160103
116709 35 237312
48987 44 136439
27916 78 57474
62465 26 116363
43993 70 198045
143638 12 166206
178786 47 221642
3236 56 140060
118177 8 243606
3529 49 201903
60432 38 68927
78816 31 122940
52608 6 145084
100684 86 220705
68022 11 116986
107462 85 159463
45775 22 80292
24805 8 221359
39970 40 71950
99053 15 193809
9171 66 129570
40492 87 41201
6954 98 100714
3416 34 146198
101971 95 202284
11884 67 69094
17058 56 21454
221599 21 237503
35063 30 247272
154215 99 158696
179803 94 237801
108253 38 218956
81768 6 136348
26644 9 146930
79530 25 123908
78553 33 100334
135396 97 212654
148385 68 153036
104878 92 182907
71456 73 99170
97085 69 118174
186346 40 232764
24811 17 180551
126369 86 157678
62217 71 101483
59489 92 167557
51400 12 220064
38208 16 238026
88709 5 160590
92700 34 163369
106916 62 126927
51993 35 194360
33686 63 206377
153108 95 202783
104602 18 131061
31309 1 162111
77796 38 114298
19267 23 242082
17160 98 167244
169170 61 222656
34115 90 130335
64198 24 163096
142517 100 241806
90532 83 171186
147720 57 196923
109633 94 181249
62843 79 77041
111278 56 246791
184375 27 230329
105876 59 143160
76142 48 98216
53360 64 208241
170389 39 189851
154144 98 229795
3424 88 64349
123658 95 137849
35210 84 147336
124775 17 151514
99750 10 187975
96163 25 129698
47733 65 123000
19114 46 133002
79717 92 113915
77253 66 105452
118616 31 236131
92422 90 230322
84482 13 107231
94738 78 202280
13607 26 51767
180589 50 236482
122308 72 160842
71262 35 240734
201885 100 223131
68175 81 75006
188565 28 245031
232806 80 245288
121667 96 173061
99123 2 134091
109608 18 217511
70667 1 75665
43824 22 51389
208492 17 225301
9917 54 19676
24231 61 238514
11761 76 240872
187658 65 244409
98188 15 178019
58484 62 67774
87408 48 162641
73198 7 118137
5643 32 198248
133525 49 139483
128656 97 233168
23212 88 235396
57135 35 222930
48006 62 151718
68100 6 89120
7927 20 199959
207348 62 227431
38310 41 144943
100389 5 169258
235080 21 247081
20222 33 115226
143536 41 224251
197392 95 203399
177579 95 233070
54931 59 166812
58234 69 67985
113 21 244691
36351 20 41563
85498 53 139164
50528 32 122871
62070 28 209267
55125 36 243885
38905 91 222085
180625 30 225085
77506 72 126630
188830 98 217362
11161 69 148792
43658 74 126918
14962 69 233046
14426 79 87050
35126 59 97261
100476 21 190228
130607 91 133714
128160 54 157618
142306 60 181924
77833 76 227882
24771 61 131486
31008 1 100862
34596 55 53168
160587 55 195795
60126 51 186582
88627 60 113421
39434 19 132360
4908 78 145942
11770 64 118547
175422 11 218057
35158 30 150647
4745 59 234772
93764 13 162476
53781 44 57003
69743 31 162747
109782 17 158719
24108 89 154286
74575 72 188740
76989 59 177366
3108 81 129279
58980 84 152183
158515 93 164036
32814 15 198610
133739 17 192576
47730 48 217414
88564 77 232506
168406 85 211354
17593 94 25014
226802 27 249028
68607 45 211395
92464 49 160661
90495 6 212763
5781 12 117043
184686 21 233756
114125 64 237678
18320 65 48008
110211 41 171333
114386 100 240660
60432 16 117695
53466 58 244124
77638 6 183935
210145 89 224025
115124 72 200134
139128 47 171691
5738 16 125075
97505 13 151070
146360 83 165797
109713 14 121075
83042 100 155942
77416 82 179610
83547 43 124324
80147 92 117344
5543 33 249352
102470 89 195610
4967 79 203133
51124 65 55965
12450 85 171355
121962 63 173232
80232 33 112090
27345 78 229580
84831 56 197246
244350 52 244800
124515 73 133081
21733 73 223702
109154 2 177496
88620 77 100812
25111 14 61370
152074 7 185225
1322 71 26183
54855 13 190381
10963 43 73629
205607 15 248213
81606 36 212892
45609 69 244019
31215 1 163768
40999 48 97127
65793 5 106644
123269 60 207433
56543 13 105940
161276 18 212706
130910 64 230721
184498 72 214108
29879 22 72463
97913 99 222060
35347 41 39301
44830 88 225636
127927 23 162445
23071 24 26495
3869 59 11705
106881 64 249491
162193 47 225123
37403 15 214647
28207 32 179574
1491 21 145046
71324 83 204594
193430 28 202138
102006 18 130226
29743 80 126689
57011 48 164740
40998 81 65102
71316 4 116178
106337 18 108502
123142 23 232133
172157 64 243273
2178 7 112771
2745 21 109093
59642 31 160167
146910 85 182152
34981 54 213448
163661 98 215282
131242 64 240591
35487 50 115435
17209 64 221800
238541 13 246749
232789 59 247917
140288 92 179792
25620 3 108555
108504 59 173856
101111 62 232619
177409 42 197444
212965 8 231821
201333 13 240281
129170 88 154953
70267 28 164092
25042 6 243455
180285 41 193149
174972 98 181513
11716 100 16982
50374 29 201371
55206 49 177347
74883 29 193616
102587 8 119986
187888 15 217641
63216 11 201363
42707 19 63112
37688 10 147395
180228 55 244071
178231 48 191942
107433 25 120607
148729 73 243644
25444 27 143059
13106 73 137112
99404 75 230937
80663 33 154362
8536 17 65288
86694 61 154178
33038 63 117300
76607 27 204619
163518 16 228638
172428 12 198613
43041 98 93948
15851 78 168109
204774 36 206220
33330 95 206545
93002 36 163345
24347 78 100553
141569 98 228264
101122 59 159408
97865 70 183103
52082 46 226699
24163 19 165141
34775 19 90257
19557 64 38740
133591 15 133649
43668 24 49568
42300 40 158479
14591 87 194895
13915 82 119879
136125 51 162286
43544 89 71800
71050 42 220182
13971 62 70158
76686 73 115167
65448 7 96108
14225 17 84931
62689 39 142300
160998 30 249899
54320 66 223223
63192 81 75715
15677 60 120039
193109 59 203831
13098 25 97297
129014 34 148511
114360 28 182056
79406 82 166667
149572 17 196171
167708 11 248128
88724 46 193621
64063 11 131681
32779 22 118536
73838 8 157042
152047 68 176069
4451 93 70339
133200 1 196559
134047 88 240900
45833 84 232722
67022 55 186469
168889 69 243206
159578 41 186339
16038 58 233781
19578 38 118474
94332 77 123579
41109 48 245102
144819 98 201183
8332 75 128385
72442 96 113850
117720 26 120995
51697 14 190446
57123 56 92498
114936 10 167745
38680 32 91934
6205 41 164538
124110 27 213461
19284 99 55084
61574 21 148123
64067 66 121922
47974 49 174351
117144 47 188445
20491 42 83003
67040 36 146946
93422 17 194586
129177 79 215955
115267 66 182552
137136 28 182955
6497 74 184415
196056 68 238109
14523 59 192867
232805 28 235903
119222 84 155039
57816 88 136603
25320 1 51351
148538 8 175646
131384 74 143694
60535 68 167444
50868 2 163124
87804 22 120457
105484 93 172889
64858 31 193000
194510 97 217045
164380 92 172324
52348 59 127983
185766 72 199802
88458 19 193126
40463 5 81341
76329 26 94135
179767 38 234906
12247 59 215419
11105 72 110273
64722 2 218184
63607 87 95265
95096 17 164610
44423 44 215089
139990 74 191281
14309 98 193621
146463 32 213548
94111 65 117064
21749 63 115152
105974 78 191743
24521 55 49266
77476 13 187197
137522 47 142633
39109 75 81491
91809 78 243980
8119 30 235965
137243 49 153089
88360 3 239590
129738 96 142111
23058 19 84433
26339 99 231073
154940 3 160942
7920 31 228050
184460 27 237244
48377 67 65364
83319 36 205077
110218 7 137756
54754 34 106762
58202 4 125677
153852 28 237888
56939 54 91362
85518 65 174527
76195 21 111962
72459 53 168306
15263 74 167229
126198 15 201437
7498 14 151256
10909 86 163303
65231 81 95167
42828 7 79219
115062 8 227999
182596 81 198083
161771 15 179806
180953 96 223843
1928 70 61394
20269 36 144163
146926 81 183566
81628 9 195847
113796 17 238997
2717 54 52974
24255 69 64801
7579 28 84260
183078 84 192247
45079 82 166377
204497 38 212452
10109 81 158141
38423 59 198442
19931 87 240388
8860 60 162815
68062 13 115514
152114 20 179183
78850 24 124042
135286 12 178932
24634 71 242332
29413 41 208039
58372 59 117001
2994 15 76992
21071 40 119421
185427 59 212174
29117 49 178903
136858 97 244558
26214 79 163581
67114 55 161056
19101 58 31897
13501 52 110890
22451 82 197049
148085 99 185144
132397 47 136781
128609 35 216192
42711 35 107814
42655 11 142712
13670 34 121600
4360 88 97081
45018 99 138319
12424 1 170262
38959 46 57818
193565 92 245014
70325 12 240847
19108 89 116007
33799 10 154960
104367 21 151271
152969 19 169947
17184 49 94897
3616 32 53617
146071 5 205688
233492 5 240102
179898 94 204402
66660 63 79154
160620 85 172335
58637 9 184307
22187 10 138379
87044 76 214929
34712 45 127223
126602 24 205230
48059 6 161665
170996 35 231543
89111 97 217218
230177 96 241098
48913 14 208102
66832 41 155347
50932 26 98840
206021 26 231179
32644 7 83821
127556 15 183554
83724 30 100579
178481 86 220877
113115 39 119990
52482 71 168396
139788 48 153764
140223 72 183144
150907 89 236620
98945 16 170946
144461 7 169891
73896 42 177045
100083 7 144108
98693 41 229478
3530 30 48091
29685 15 99181
39415 77 159250
13121 45 228654
692 79 67005
43004 13 64149
89137 88 230594
109331 48 113238
16216 22 34229
178531 84 201846
17934 11 74111
117082 84 163451
73402 45 92212
54394 22 110662
88423 44 192954
4833 27 230339
119899 41 223118
110572 61 226856
90951 26 91322
99771 85 237897
96180 64 129994
35097 70 41583
62205 33 135819
172465 33 181227
127669 88 233950
23440 52 98745
74535 88 194043
48372 73 149179
61460 19 61527
40440 80 77373
49026 43 232829
4290 67 240791
195061 66 213753
81735 39 107126
215115 18 244489
70054 97 125328
178212 48 249623
49768 98 105630
95108 12 239821
27671 2 31246
72494 62 133607
46102 11 172956
152403 13 201185
53931 66 170394
34328 58 74093
32576 99 190404
847 3 200268
201862 16 213959
47141 86 89014
58505 95 63349
15034 73 225867
27061 98 70218
78385 38 123533
49319 6 114529
173800 84 221291
108957 78 211221
87128 46 145308
10451 44 62087
70712 47 156500
107339 96 183107
97231 91 217091
176225 57 222999
131033 55 138585
21392 59 204459
44564 46 149351
123559 11 191416
173050 68 231178
84225 77 102703
64483 74 152991
65391 100 127138
1871 94 249958
103438 69 196799
112997 54 145893
192308 5 237520
70942 20 215119
90051 33 101883
226122 55 238586
126670 13 142897
118141 98 157093
70077 43 238552
47783 18 146762
120578 82 138985
156244 24 205690
121619 33 197268
85652 86 201127
129426 52 239408
177418 63 193005
5961 38 37981
144554 33 221825
99130 76 193667
111289 65 178514
43825 1 192608
51719 31 194053
33354 66 120093
154670 68 203131
187066 1 229670
148604 74 197439
16051 53 88957
13470 86 248240
110748 53 246771
53818 5 224257
34234 53 118730
10563 95 129465
132536 58 212763
79510 62 207856
12951 42 190030
34237 23 60551
101430 92 158288
162697 18 236291
35831 83 194416
57795 96 66362
14437 70 236223
95353 21 189634
43281 31 174855
155511 3 163702
19612 59 236889
159790 32 208691
75622 56 169543
158472 13 197289
58077 12 124481
46155 30 176501
128815 85 140138
51351 79 82442
24265 67 34439
170432 28 241590
73705 38 159949
53549 11 71736
58958 91 207097
14300 84 21581
59339 4 121015
11760 69 70174
2507 23 65183
166768 25 235231
70777 35 198043
109311 47 164469
47618 63 144311
117915 92 222349
38864 58 226101
121681 51 171298
62597 33 248011
49491 19 211510
98288 40 104774
78065 76 243378
66602 22 210075
13830 62 96101
163558 74 174308
46481 53 127447
18084 36 160521
38108 70 182477
42650 13 149165
225824 86 243674
41500 8 225183
95 65 103478
2681 17 137132
2873 86 231451
9789 53 72756
75172 45 225965
37463 26 225118
194406 71 230421
11518 23 108555
58136 3 70314
216814 52 236429
9471 54 113576
4515 70 146528
56412 42 138755
4368 26 147586
170490 55 189509
23663 57 157132
23880 55 38335
117572 73 197482
37426 18 167536
66061 7 158282
85099 99 128605
62510 17 90107
164208 73 234959
79362 83 195011
28705 58 194035
95720 83 200342
32280 36 230979
43823 74 47573
60441 18 73929
151027 59 234765
92704 56 210934
118133 68 217686
203292 87 242015
46027 26 238273
100042 31 245211
150823 45 210684
60676 75 241139
137379 24 200562
105928 40 154756
111382 10 155813
29575 78 45358
135367 45 145849
88802 82 100405
160367 96 176993
59706 86 191857
140968 31 200570
127162 11 195563
35393 39 129115
91188 78 249249
219849 42 244310
34591 2 41426
58289 85 225830
21113 4 161931
209087 95 232347
84025 64 114268
47753 87 229105
124324 76 182968
3301 79 30470
13478 17 107328
51567 7 232979
102091 76 104299
27017 91 220944
122526 29 242222
64163 66 178382
211166 94 227187
37883 98 88561
15026 22 47577
67958 61 240405
175800 9 198908
104219 65 216516
4307 6 119913
145514 56 150670
59436 26 125081
118713 20 182509
127971 94 229877
29544 40 220442
106105 94 108558
27389 99 45305
68581 65 238709
75365 31 114759
68171 10 72066
2367 96 186950
90619 7 109641
14453 82 220649
25293 63 77753
224584 14 230366
134932 31 196683
137436 36 227866
135194 25 148541
160033 55 180549
11785 95 184420
32768 72 199908
158816 33 227398
34185 21 89156
146116 89 233748
24180 76 144962
49644 18 61867
27141 51 213493
107145 2 167146
53687 5 207763
21162 38 144934
21224 93 87601
81601 82 133999
36598 23 136838
185597 48 231114
96886 43 229154
186165 64 187387
206138 15 234738
91136 47 142377
112084 2 152728
181614 30 249902
123998 23 240412
54223 75 107892
165099 22 249937
139368 9 192890
4954 25 76109
92040 71 173780
132580 8 156574
134604 36 232276
140041 39 219931
73404 38 197765
195302 77 235209
223933 55 224930
7382 63 27694
36286 91 209944
143253 4 190577
52959 78 157521
61856 12 71588
3625 3 207597
37556 77 215939
80716 84 91486
165581 99 192377
139736 30 167005
115946 90 183484
131130 22 197092
66439 84 172037
89012 14 154306
50668 9 233429
97945 72 104338
6779 12 121724
115748 48 176835
204011 48 209372
6622 18 168706
172178 100 197596
33409 76 109630
130672 35 158113
5804 2 105293
57945 3 225554
62448 98 239448
151439 45 160165
9411 15 173035
1532 32 54290
4748 56 147437
57345 14 233684
153019 4 160441
65931 62 198546
4871 43 170021
87296 100 150474
62054 85 230379
79527 44 214002
33541 46 135509
70086 87 162642
136572 45 222950
57729 80 62515
91336 36 143896
34962 67 122099
1845 87 205375
21082 38 72775
98321 68 113375
73709 73 102588
16545 58 27050
120929 22 122245
22385 68 214666
6851 12 79111
86778 54 132856
145985 33 245068
148238 89 185072
1395 45 16699
147251 21 194993
184349 2 230871
107354 5 133623
90291 60 179251
13664 18 148022
36554 17 186427
10472 22 126353
125094 29 149715
30506 17 70002
20372 30 92047
27840 86 213939
63823 97 118476
22800 82 197867
163969 22 240071
1628 52 161662
140029 93 182371
26317 27 42774
60189 11 201995
145317 98 178972
2412 56 192068
167229 33 175309
130187 33 140977
105977 95 148668
31779 40 43747
18638 53 218643
44267 4 56275
13445 68 80365
71460 23 186051
172057 65 216214
122531 6 162873
164511 3 227312
36787 85 109922
160188 35 213435
152593 78 197863
113823 86 240856
146484 51 185556
134722 89 234790
24150 46 233832
15741 16 193970
61934 67 138384
8872 60 69958
41583 96 223164
152701 17 192163
201637 84 211603
17562 49 64943
990 84 223521
6487 95 121406
86398 50 220402
59660 64 190990
42602 47 94917
114239 9 148128
173969 18 187907
114287 97 174052
31302 6 115849
27744 16 227044
19539 61 171499
80960 16 165017
53489 71 157520
105527 82 185551
164054 87 238158
159231 23 226026
148496 51 214048
16520 57 51654
119399 92 182934
41036 41 204684
6807 68 69784
59864 57 178784
40572 16 78520
19104 38 198912
73544 24 186461
142170 33 218152
182188 91 191547
67447 88 88292
193104 72 203424
108351 80 159220
24881 14 240686
39035 3 246931
222675 62 224237
47846 96 74227
78777 15 135077
142619 34 186009
125619 74 175101
204558 84 235451
37678 96 187032
141965 38 156133
135 88 131808
32456 93 165153
32981 95 230376
208021 59 224910
137384 42 234913
130625 50 226649
100091 71 209998
112433 76 124119
185268 91 189942
3469 15 134004
104669 8 115845
61805 90 192165
59567 17 162425
148206 30 187147
92137 42 239865
165489 50 181306
38465 92 151473
91400 88 140246
16659 65 248030
24516 61 78984
36484 70 98937
47763 37 146207
119464 72 183496
165183 34 195347
7497 64 29419
37167 63 89245
96708 7 105893
35304 22 242933
42451 93 68458
20701 65 227423
81929 95 113302
62300 44 109134
130818 40 152000
68001 70 136962
55358 73 244731
141480 25 156308
6786 48 101762
19832 37 198534
82232 75 162239
196024 34 210382
11676 18 190915
83738 60 135154
146199 47 193142
91597 31 237491
59781 65 118223
57553 59 124448
75212 15 107784
1426 64 13910
66603 55 133375
28018 93 131481
105457 2 239773
81956 98 248671
10776 94 186102
63805 77 209973
13864 91 101888
176750 76 207383
142602 82 147084
22974 44 147382
31194 73 160178
187587 17 224052
106047 45 110185
8074 59 92164
82587 93 220659
58047 51 88325
128640 87 200391
182955 93 220252
31563 98 110639
76704 81 126410
94092 63 141654
50433 7 109699
19493 98 131368
26293 87 240647
171723 90 241671
14034 24 43081
221713 22 227750
106614 19 165923
49610 89 245477
29999 8 137030
35652 17 135238
7574 76 124147
215311 45 239404
20435 82 191297
39997 77 103153
4870 79 135851
55253 61 66320
171422 14 185200
59324 54 157320
194051 63 231740
7993 14 155444
41609 9 112940
59610 1 154508
27395 74 88469
85262 69 135405
16882 64 220332
30640 20 166021
20973 40 92334
132380 73 192955
4283 35 219532
47076 99 166834
10650 81 249479
15168 55 35037
151111 83 219543
170621 83 227550
151461 46 170122
40818 15 162224
178552 75 224558
67648 80 227585
181957 98 210960
22700 99 221741
165599 74 233911
153868 87 205451
57255 63 246682
129862 5 204996
35883 23 147105
11126 78 177558
75870 75 225436
42799 3 98353
40460 74 192066
62813 66 207912
93149 57 124054
147243 26 202520
145466 76 146147
89568 57 176945
61173 30 160848
88743 69 225137
141586 66 242998
156235 98 220143
133503 39 161670
29547 12 135157
138346 30 151207
9833 61 224337
127451 1 198433
60678 16 89884
48081 72 127903
40581 75 205623
1376 50 208348
98420 76 212096
189285 17 217006
71411 84 146057
7718 2 7902
12412 22 123593
100319 36 175826
14374 52 57925
138993 41 192790
130569 56 220024
230608 24 247802
63762 10 139924
138479 97 141441
62422 26 199331
128923 86 201099
6948 8 139533
108434 46 175948
1611 13 249168
7546 15 202829
129785 34 233389
85026 79 113024
116039 2 238832
61512 58 189280
88013 54 102829
82841 90 124958
1361 9 60482
147130 58 171485
43520 66 115771
117165 57 231372
34830 23 153190
17325 60 222189
34734 65 136743
185301 85 223942
41447 52 203078
23185 60 176036
106860 27 221886
18602 76 39612
4687 97 46284
21122 98 34308
32755 31 91891
129305 58 192999
119342 25 220584
57192 19 183490
65840 76 176583
153164 96 227884
114665 45 129557
11341 83 188750
110469 12 126392
133809 8 204724
61523 50 249693
22233 67 68577
47434 62 203861
103561 30 115311
37248 35 163170
24007 66 36837
145935 69 159329
59160 65 92836
104115 56 241343
177744 79 239008
101493 37 175825
35821 75 126941
24144 41 66745
157018 32 223291
111669 71 174721
188032 63 226932
58142 74 208203
77797 88 102334
237031 79 240207
80408 77 149191
160705 92 222729
46553 2 100885
34078 40 106084
37401 6 68488
131200 70 142454
98837 81 109756
104744 27 141255
65972 13 148396
14373 82 196258
140146 40 199920
149722 14 206718
142976 13 185192
53062 74 101460
49536 58 86449
44884 45 212731
3661 63 27528
179132 71 200644
45874 65 187548
182030 72 245424
38190 69 39354
16742 47 134881
111646 97 203283
56047 54 229884
63757 94 176585
161442 36 245715
138611 78 241611
30631 44 206799
3906 82 226248
30967 9 92574
18373 62 83364
2551 2 238457
54930 10 224660
86254 74 128940
46401 92 117473
87213 22 212888
54650 35 243499
3603 39 127867
210464 2 220206
30556 37 236839
44074 68 152648
170807 85 213980
104610 23 197076
2505 19 17600
184904 94 199146
17090 70 78150
121529 20 162591
228789 92 238200
195070 15 234577
58066 96 201939
21016 16 241087
42638 22 173196
184380 3 215143
160204 15 218232
69629 44 175217
131975 77 170075
115518 81 167254
106303 72 190424
167173 82 218087
125065 67 188023
11168 69 246663
16506 24 80065
156349 88 210369
42334 77 232613
126480 71 175813
37377 58 86134
69068 90 200054
226120 71 249618
134349 40 153459
74372 58 150717
75923 88 145530
79438 74 216701
48453 97 154423
16674 2 192030
8556 71 106012
75413 93 130649
135355 95 149676
202152 46 240839
78177 5 155782
142161 79 203553
20262 67 107644
31282 14 246576
18605 87 152218
8845 14 78987
82543 68 173702
39244 14 116706
81248 97 247668
7641 65 63609
13950 23 48050
66043 23 174874
10923 56 188094
189019 75 213648
26331 65 61028
57186 35 214138
117571 25 239352
16961 35 204693
76132 96 194823
114301 10 150804
136582 56 207775
115081 32 146813
77823 76 230972
165900 75 209762
125028 4 195593
57285 98 71571
11095 56 81365
24827 63 191032
69857 92 205343
61987 66 151162
8186 80 168879
142974 4 167275
67299 29 73251
33149 14 77206
126896 46 212993
99688 2 207054
29407 19 100056
75089 9 131823
100105 51 120786
80265 38 131558
92124 90 135085
31081 26 107533
163249 49 186674
41268 49 122655
47605 6 103517
5335 78 76788
136201 86 155559
49525 4 83891
303 16 213368
70631 59 183868
28829 75 62714
88026 63 166763
23697 49 25786
32460 18 117119
58989 34 109729
22830 67 225987
104525 60 218027
41841 84 88183
36205 66 173899
137505 71 189314
50467 18 197011
78615 66 154078
132504 90 175085
34662 66 68882
198270 58 198588
153628 68 183481
113904 8 190452
65922 61 178794
87359 50 173528
78015 97 113566
126955 23 188055
75976 62 90273
18798 64 239736
165762 67 227272
18681 94 131896
29554 10 162276
38716 30 190907
78264 57 249773
122423 21 146422
37051 21 242508
75850 18 208757
102356 78 184492
176400 54 198054
52303 54 104711
130064 39 225473
17149 62 235250
8072 53 12666
129820 99 174613
904 10 240781
17945 61 208472
239205 2 249552
74534 100 170990
3548 97 5768
137883 83 145756
84288 80 120979
63029 55 181325
101188 69 131965
138346 79 185141
19666 39 191028
8984 42 238826
33425 84 189613
20839 76 36192
151550 53 249417
75884 88 130124
26246 45 98238
102518 84 183291
170147 21 184107
155208 6 227237
83733 62 98180
85428 19 124580
170127 64 238961
35737 7 249337
132050 14 183161
132800 53 177375
67485 81 205588
123242 69 219720
5955 92 245213
38502 20 170301
144663 31 146504
124509 86 167528
81961 86 169155
170617 67 185419
57468 83 97589
91598 75 226901
107140 10 163721
43299 76 223342
135977 51 248829
27902 34 148486
221437 55 243690
69683 69 230180
187875 95 232891
25811 78 141453
127855 64 183073
144763 16 204780
81988 56 133811
73153 52 140989
194085 28 249456
138270 90 151824
47399 77 187805
130086 81 245308
52689 36 85551
166937 26 207531
165480 4 205117
51027 44 70000
95430 38 233097
42089 73 247887
38380 4 225720
150862 68 217304
102627 15 185758
22561 33 107296
34655 58 112754
40227 36 219929
27889 34 161498
43993 67 95732
154087 38 209403
68508 13 101943
144623 54 248103
64799 11 154431
61440 25 202997
88485 3 127366
85834 80 183045
15459 83 153182
162733 10 203066
199077 16 213736
13601 100 93709
143450 33 213718
149598 47 223287
90752 99 181723
131712 73 152882
63892 31 194843
112999 25 215159
182679 25 240553
36201 86 42060
74410 21 213145
62188 28 223294
23130 18 192037
35802 4 242144
98072 72 225836
139450 36 218210
22468 81 72756
23755 30 170826
122646 7 184303
19955 100 214883
37129 84 245495
191080 77 197579
10275 79 118576
115114 16 211885
1005 32 23842
166300 93 212135
24277 99 26542
33055 3 199944
64863 42 153258
140161 95 152102
3033 62 111686
194795 53 224042
138980 45 193144
53324 70 55827
119626 50 194671
77450 99 234976
89016 44 189796
57975 57 152777
48730 53 159027
7228 55 144479
35935 38 190418
191468 45 199136
81907 18 140850
176238 19 236125
83945 21 187068
21403 21 230875
194040 27 208124
26835 77 125158
35494 57 76362
22658 4 217485
18183 70 217084
186787 89 196302
32361 93 249266
89345 18 129040
38165 61 174025
87130 53 152482
22953 39 203010
110822 88 246464
38216 5 207557
103708 42 144794
116901 14 240154
55257 12 75631
77312 64 125732
66277 83 217613
61777 83 80471
20888 62 140963
4271 75 103475
69730 57 184045
14657 62 39511
13885 39 167663
4476 67 232780
43931 42 139470
10376 20 68498
33882 7 86020
6455 62 27080
118430 57 186163
229636 25 238541
694 50 198279
57329 48 233998
38465 58 47953
25161 87 72328
204189 52 236358
93546 24 170251
27645 23 93889
35419 54 152650
181354 55 245490
83227 64 173625
12521 12 159287
55016 33 200905
44866 45 151794
33045 57 39067
12677 7 134887
93010 55 232274
63135 67 134287
164117 91 239738
182647 64 198128
192153 51 224870
1864 28 21325
194210 54 231384
134124 9 233326
112617 5 201149
6565 8 202265
25299 17 117284
197784 33 220106
180439 96 194582
207451 29 233680
13290 78 74616
47384 45 152567
9177 51 239812
51174 19 235096
74868 54 94756
140822 2 233320
94177 26 142011
61453 37 173674
88578 11 106383
34806 54 200690
42501 88 42765
8293 42 194286
24642 40 57452
14103 32 133823
74802 15 116891
74017 83 87738
96541 60 211561
67528 26 152547
143357 91 164907
117013 9 221864
33105 15 195549
96472 84 127866
53454 65 152247
68458 79 140002
112539 60 157108
31093 1 103571
14386 100 241268
73333 70 95039
30670 97 92453
80768 18 194454
83530 76 238343
93807 91 241581
50942 89 175267
142801 94 217600
202185 9 219045
48674 41 97847
133544 86 215155
209620 91 249530
109593 39 224046
80974 53 151221
153981 12 216521
105575 68 187274
52536 77 236995
73199 5 202698
85165 37 171123
31888 5 78618
81649 45 93127
135925 28 167522
9918 8 32538
50343 16 95528
50926 93 213554
65368 34 245459
59493 9 82341
76056 12 134254
16263 70 174150
163249 45 186164
34458 15 158824
24154 16 130160
70739 15 81809
140181 73 211126
71762 13 207522
29869 16 65456
200400 14 225774
82211 1 176563
84007 64 207128
10738 9 236489
228 67 162382
63511 35 141961
3497 31 107192
22673 24 187405
155001 65 229087
223868 5 248944
43158 99 249483
161965 19 194195
192909 2 204705
114770 53 142845
94178 70 217859
8364 6 135699
108117 64 128670
17619 68 86585
183105 52 193638
155961 89 245703
27774 13 65423
31671 16 166437
188134 91 246873
166453 63 204641
48376 49 221851
160130 42 161725
169998 82 230287
50793 27 159813
78521 34 147637
1896 73 80446
52582 31 76466
92285 79 123333
39409 87 127609
4726 13 169353
26773 3 205361
12554 90 68989
48994 14 67720
40741 69 183799
42797 21 221097
7447 52 233173
158419 9 183147
98776 90 169635
3685 6 80259
90811 54 119707
42889 62 206124
116982 20 143356
55895 34 247429
156958 14 235034
43451 30 168188
66206 90 130210
99445 96 247396
68482 56 116922
88365 97 97067
137451 80 198139
46222 29 128818
55142 58 182829
5153 74 209778
68326 70 162224
225904 73 240251
90385 19 243724
165237 45 191029
26550 1 60587
38690 70 139329
112246 29 220884
15714 7 182846
119385 14 206078
14799 22 201764
96061 72 235147
34594 91 119848
89470 44 169083
113051 27 181849
114768 22 144102
5377 29 242325
98090 62 133798
174540 56 178446
36815 47 49550
69832 16 105389
79036 35 220009
176653 5 239291
59115 6 173980
42581 80 176974
107451 41 196325
170182 20 185164
118493 52 125984
71044 44 128521
20506 40 140964
154358 90 197959
11104 86 75708
97114 79 110032
116444 89 164947
45816 19 105984
15586 82 34590
137945 80 184417
155806 51 217605
32931 39 46550
42747 99 244052
128077 8 216638
66724 42 79189
43833 47 175713
13893 36 90207
127677 70 160616
14080 59 108662
15318 73 198174
21085 23 54630
87571 60 158979
13604 65 155528
65318 100 67556
169412 26 225308
75377 18 86283
30019 49 204069
108451 7 178659
165202 86 186652
58379 37 208981
98065 79 248879
62206 68 196314
119283 66 142782
84656 85 214426
86677 9 131304
89605 52 117734
41016 90 105376
84572 75 233312
69237 7 92296
194176 66 217249
44226 76 110401
11798 47 245335
132293 3 174140
8286 82 22623
72926 31 86532
150622 36 237263
2921 23 57986
82657 67 90512
58745 66 230164
169001 20 208937
90424 24 235709
11558 24 56088
148962 87 230136
148516 58 164846
22401 53 201413
5833 27 31926
15875 42 56384
23334 41 98701
5448 78 231246
192594 22 219625
9790 23 40733
121316 98 223444
9276 64 36444
77231 8 147531
22551 22 147454
87141 83 233381
32404 48 240569
177825 74 245314
157540 40 194936
114502 85 172722
79528 3 186393
52651 21 99225
8824 99 179864
16848 55 18726
41667 28 117298
79779 12 109607
80164 7 175193
10834 74 169714
159091 12 237371
159598 28 167990
86205 68 94869
108623 82 170163
92120 38 165569
17289 12 103938
67877 61 109521
111685 87 242994
188207 86 230571
175127 88 234479
179894 22 247523
51615 51 174682
28473 35 38565
16248 26 69888
109532 39 226091
51647 85 92487
13068 6 38532
95515 13 148534
8297 75 154163
39580 56 75169
37353 67 137881
55786 7 61685
22392 97 144094
44589 68 89054
143143 27 191476
12608 70 77902
94440 60 174204
31065 19 239785
47011 26 229280
175535 21 201792
185812 35 209225
51713 47 212366
13877 79 246504
29811 15 130174
38626 5 71582
16628 78 84208
54638 84 174971
147540 63 226187
166334 96 210531
110692 13 154884
20412 59 201330
109207 81 169258
17038 69 141606
30922 55 138503
32557 90 90790
195373 85 236329
135764 40 213438
192930 100 237764
183744 89 239781
66381 66 232425
99670 50 211238
37062 70 79278
11530 99 159200
47620 31 103707
145334 19 164476
59707 25 198629
1975 75 46487
120178 64 230109
6787 32 202010
166269 12 211999
76348 65 121019
20318 33 106389
85700 59 165449
112828 2 141262
19369 95 108653
229252 85 238186
11920 89 246688
44643 33 218943
26328 9 154349
119197 44 152339
49505 12 190979
28067 83 94092
100662 41 161169
121429 21 224219
198416 27 234467
75610 73 225052
66147 25 189342
188777 90 238726
28535 2 162177
58805 51 113079
47894 32 214279
18732 81 87598
59962 36 102206
23400 51 75255
170211 61 222688
117510 38 131746
212818 100 239364
105875 37 239846
42179 51 169842
167988 46 240187
204151 65 217347
130126 17 231085
124184 28 197280
33835 28 61476
29644 73 71365
197289 70 236403
190987 79 211630
39859 1 201075
69968 19 196342
62703 43 158139
62715 41 113591
71004 54 85087
40237 100 101941
735 28 66541
136160 53 171993
104092 72 178251
241150 79 246574
53878 55 131009
50955 100 203778
24792 100 173185
40313 68 139183
134196 69 203610
33913 10 91308
134356 79 243586
166015 10 224811
127487 64 128130
40238 99 218584
46787 30 226326
1894 21 100180
65452 69 183728
54050 13 71632
203935 55 225780
26952 22 62754
31233 84 206239
104301 37 188457
30543 88 134526
176485 19 236269
17692 63 243889
91553 62 93520
75367 93 198587
193726 54 232127
161644 6 165170
142693 68 247460
152056 62 183080
131954 31 134820
15844 65 152253
46865 89 240285
2623 79 97424
108321 17 111426
231187 65 237226
69543 81 234041
187812 37 236349
78828 65 152631
191594 83 234054
109193 12 167638
66995 68 244505
139352 57 221257
150978 32 164230
51566 60 117804
2273 78 164791
193940 33 212147
21968 79 101960
76834 76 206259
34895 70 59579
68100 84 228105
44403 99 178778
37357 82 233485
52399 86 211427
180465 26 205793
172073 25 233481
108147 81 133848
31732 52 125013
226118 98 247325
117372 37 182077
71994 75 228639
66561 51 167405
2382 45 237625
70751 99 186343
211729 30 233070
17692 41 68690
2325 77 74001
199431 85 218011
14216 25 207245
5327 35 78725
212783 5 212877
25438 45 112272
86619 15 174298
85129 29 185372
33993 96 41606
79517 18 157187
107803 3 243255
146666 81 170035
53035 3 249172
96727 72 147381
203509 29 220722
85431 22 154807
2244 67 45315
11259 50 224054
137256 6 241849
32567 86 221970
40092 4 161939
227526 94 244949
16157 72 75718
129197 41 194754
56334 87 232574
25419 81 244452
180225 84 204142
125775 43 135639
123295 26 142614
141921 57 162909
20239 36 242266
118076 54 246915
94304 29 232958
142847 53 243210
71821 1 101288
156565 88 244187
67675 4 162252
42224 33 195435
6830 97 122508
62459 43 111765
125497 20 213803
32340 66 132725
49589 15 176881
12818 9 137226
64199 54 140556
118470 40 157689
121702 16 207563
2194 43 111198
39116 71 82098
1047 19 148939
134129 29 136978
157471 20 235694
114340 36 159423
43660 52 143523
173559 27 194485
109778 50 180782
175584 57 197807
31897 39 195364
235606 20 238196
1119 10 214250
158070 38 203876
57224 27 231057
7275 88 88008
19032 75 101312
25254 13 150972
32566 85 53947
81040 34 180966
69775 65 81968
68370 80 131090
105897 82 160064
144534 34 178280
53843 67 154310
4164 35 223559
214265 48 217470
49190 44 138738
41951 26 220731
4296 77 211777
130357 8 155441
105094 87 161597
3254 18 172954
118539 3 234504
95915 27 186465
115120 9 175897
78375 65 164648
81043 73 172762
105424 29 200870
50929 22 147630
30974 39 88715
66528 34 185764
214518 48 240283
16873 72 240375
86024 80 143436
107708 45 219694
95839 84 190736
64168 90 98356
70078 80 225619
216276 16 226053
102850 60 159819
92423 16 95601
52576 58 150406
89575 34 168756
93873 90 197878
30936 40 203307
5681 1 72809
112809 77 186577
213580 55 225442
59262 8 163200
7881 21 49781
198728 56 210076
125538 18 129292
135447 97 192495
19518 71 152274
6497 72 198145
160107 26 244623
149554 44 185032
35540 44 43794
22436 39 31164
204975 69 208464
94631 77 105049
12230 50 242406
126381 68 152758
160852 32 240023
31206 43 213290
63348 46 162017
150462 32 207176
41846 76 163401
85952 98 163648
58285 28 170666
146073 98 166042
32443 71 63392
2034 21 199059
57575 76 89999
60246 83 212103
43631 22 166561
35420 70 122636
115277 8 183553
86254 60 165716
37405 32 164664
149753 33 191552
176867 24 249019
5108 71 189681
17789 2 25769
118731 96 172475
150730 62 158000
270 60 41039
149126 5 189923
132246 28 150783
3167 43 152463
15076 8 66415
127925 23 227667
177286 49 181761
131886 1 165966
104718 58 127588
53538 50 208704
148953 29 242392
2410 68 42245
92275 79 228569
135577 60 191589
841 39 49388
78122 35 85209
19352 83 56383
55925 30 169291
31273 22 77690
151562 84 196781
84351 88 199910
91429 87 171337
55362 78 111018
186366 33 229280
18459 39 109865
42154 89 129575
36293 2 180083
2761 91 130555
179927 76 206659
148220 41 233006
18841 28 229154
67898 19 206524
171339 35 242846
11913 10 135628
55293 5 74706
133858 47 159789
178556 12 210812
58635 37 104965
64756 85 67852
116033 10 117192
168735 32 226065
105335 57 150461
11256 36 204580
66857 87 246235
3711 63 73347
15330 23 218570
6323 83 151001
34425 71 233862
65367 35 82172
154818 41 177004
95397 39 229232
218593 19 249689
41068 40 87940
117307 34 183628
154651 48 181306
75599 60 124584
184919 13 203135
38872 34 192780
152749 43 237615
61834 1 202531
84375 78 126761
146122 65 206025
4417 95 181605
82484 71 239413
218781 36 248987
22693 78 43687
122659 78 237609
109866 54 152095
77394 38 225811
25974 27 118898
103396 91 172505
25781 3 156240
135957 91 189056
70716 30 78810
11974 76 43345
174411 35 241055
141779 28 154214
84659 27 168405
53172 12 87747
14104 5 68636
49227 61 160074
100233 89 128798
18074 37 99032
29660 30 74247
36420 6 239261
70023 69 147239
69612 20 124331
93860 20 140856
28903 95 85848
10159 87 70940
154768 28 235017
89820 19 163797
83528 10 101000
74197 36 156592
179649 23 201934
102714 16 112648
48570 19 180737
8082 49 66577
82068 1 98640
82 5 193779
119692 27 145223
19066 89 158937
178260 65 245444
41193 95 111318
180448 44 216718
15085 11 56303
128033 12 249260
206304 20 213400
9864 30 76203
47719 58 211015
5014 59 217112
175422 49 199705
12609 42 198677
93738 49 165339
67499 45 220115
49298 80 232176
190499 6 245126
144117 97 214594
141902 50 227564
143594 31 192593
196729 10 203319
65511 91 126615
3113 34 66595
133647 31 184857
212127 87 247047
89403 16 244309
26484 24 113918
107080 64 136939
91807 23 220390
114336 27 217887
137824 90 164573
19352 72 52594
135220 100 230202
122176 61 201634
30429 35 136326
48623 48 237588
55020 20 246815
26745 8 100943
20474 74 127446
55505 9 116597
36362 31 235142
139950 79 198499
8252 83 168479
164927 45 207917
171594 30 185010
60040 21 149880
44269 58 88692
110912 51 216083
210963 51 214375
135029 23 214427
24721 2 43728
235083 53 242957
180913 81 212231
43516 52 50552
87134 90 111651
18225 77 25447
31699 18 80677
141172 75 144552
93872 56 189586
51405 62 187130
74274 80 75830
201508 78 217054
44520 87 91881
53819 45 247705
160734 78 204126
35940 11 144618
8907 46 124237
47123 98 229726
71812 26 96983
850 20 145503
31767 52 129474
4411 33 129728
126318 92 150918
152942 43 190551
10636 21 243945
77348 47 107267
42717 5 146190
161513 72 218231
133380 22 155480
14463 26 89702
172727 61 240238
79313 23 212570
79959 28 181438
60705 65 106899
13202 36 223572
155406 95 173980
80556 88 113695
134558 7 226964
83173 42 205017
22896 3 29705
33425 77 44393
17058 24 52838
63675 40 173968
90210 61 237930
50872 39 79272
75205 25 201027
44283 22 210258
136238 100 143742
141296 42 142951
74891 96 76042
97482 59 195537
188497 50 204780
165429 19 214950
89157 39 171275
30181 62 116637
42551 74 219731
155230 50 194609
177114 8 212492
7878 58 210710
64630 25 225163
32890 11 157563
16876 93 112172
245806 16 248363
27981 3 88160
33455 33 37715
46180 99 218850
63540 9 70031
72190 31 116724
16181 27 194194
13394 42 27784
53652 5 166068
1997 86 89254
38115 74 100986
92388 60 202020
10657 85 172641
70289 27 114237
34065 25 210333
66350 40 133890
91366 78 171808
69837 79 89110
93772 35 134006
146436 82 249058
36894 98 155804
33327 71 49012
121183 82 183339
96518 87 215224
21491 13 59477
14474 43 113901
71839 62 155448
1580 64 63424
63418 16 220695
97074 74 201201
83617 7 173935
80224 27 173755
11006 8 21712
61016 5 188916
13715 55 72902
133336 19 187134
10604 83 167857
113136 32 144597
113670 4 231518
111417 33 149989
106 96 166077
138592 24 208919
29602 79 169204
24389 47 169783
33372 52 222563
1404 27 95191
150385 46 192766
9615 50 181450
62888 14 79994
229091 13 233533
80739 10 137715
95914 22 147695
110158 27 182173
140130 32 187701
204647 74 219387
18741 30 45592
182662 17 248980
144459 93 156211
128209 74 227372
123803 20 206385
6372 29 42933
100085 15 113278
63403 34 148150
23614 62 177741
57232 93 248034
143031 91 249249
113767 75 195009
88311 33 246272
152978 99 210226
12371 68 85410
57387 50 211906
535 48 19366
29294 95 96043
113403 25 140268
14354 5 43078
70035 60 179106
34481 49 35080
195740 14 249046
3327 1 234274
39524 70 240245
48255 8 177045
103814 60 175982
144196 93 168393
90418 50 247235
69558 62 131907
4382 41 68128
10331 91 170648
25420 100 143301
112960 19 155649
89232 27 128192
85499 85 241327
107379 41 142152
33990 37 185839
5182 94 75705
107535 23 158161
123886 60 248616
147401 27 201085
77152 96 197635
19349 30 149704
156784 100 172911
64952 10 210715
63817 70 80329
115959 75 121330
12074 78 223212
176269 70 186452
74118 78 107048
30967 6 220681
100992 95 176449
92824 33 97564
70713 44 140632
183451 56 226539
49599 8 129291
37093 17 104937
63900 34 124725
184284 37 212030
113997 64 217227
9251 92 211514
50104 96 93041
77761 43 229732
8977 21 53767
37365 74 233005
6232 87 119836
65889 85 240664
25441 66 68062
107374 84 151780
97789 27 226627
180893 3 211353
125993 80 210076
32112 23 172205
10651 41 113467
73225 3 225026
74339 48 113740
1015 98 35929
102931 62 143860
63921 38 159179
48056 38 120477
4504 51 133644
35246 92 70517
112761 18 217529
204614 58 240879
102164 42 182420
211123 18 214452
138317 73 182239
77555 74 243736
180163 43 223138
25431 59 169270
21012 56 40568
142551 23 207527
16247 29 184967
21269 22 195063
105905 75 214233
17605 21 120013
113988 19 222509
61269 65 69933
104027 97 160399
59541 3 159042
12612 23 159099
25648 66 136402
3190 86 65370
676 3 73335
180759 86 201169
93064 18 224782
28248 76 166065
10856 40 96792
94096 92 217116
51744 23 103642
58235 77 208840
90508 70 184512
68578 59 164170
25021 60 92854
36448 2 170489
65226 62 233714
15402 37 148206
172407 80 241844
145403 83 200101
112512 2 145235
40589 93 127896
70988 16 226062
79886 76 189194
12964 35 179589
72964 44 155206
12897 33 141583
79376 5 187158
112684 91 161325
27090 46 59401
183097 69 237805
70120 20 107264
107159 36 133666
52914 100 176761
97793 6 144961
163026 45 163637
61623 69 162229
63478 78 107024
95945 73 211827
40036 68 216354
19209 90 191923
152740 100 185053
9736 58 28219
123170 99 147196
99695 18 163442
109569 21 230991
123629 34 214640
19577 87 198432
10736 81 24023
30179 94 58332
214585 85 230094
46454 14 243858
13175 77 186373
121662 54 163942
188455 66 198911
23318 79 134761
39543 35 124043
17764 70 134084
157522 71 179175
25408 13 92125
10590 54 61228
89454 56 167523
192801 84 234524
22933 9 39893
143313 85 158161
47965 84 137726
118613 8 120288
166875 56 180986
94064 20 180968
100756 77 134123
29745 79 168974
111314 63 239152
123822 47 246676
16066 68 118459
16687 95 131115
82171 67 192150
93125 1 239662
34186 48 134016
144342 85 216690
156501 87 191367
72067 4 247562
12381 17 128256
78872 65 132250
41948 7 237356
53327 19 195768
183798 95 187383
5390 39 90714
157575 76 159529
98942 10 123106
107326 48 165182
46475 65 66233
79002 34 147260
89338 63 223085
143872 85 159574
1220 36 60953
55392 98 164589
150272 80 226123
191527 80 211120
40785 56 121052
52447 89 76622
1775 23 90456
56061 43 249845
95136 12 113496
184718 65 217702
31799 18 90654
182816 81 249268
239116 47 249419
124134 23 148702
5952 47 23226
218841 93 239899
172395 21 182673
47318 67 82725
69338 64 71437
134825 48 137592
100501 39 206387
90288 60 152678
64079 9 92374
132022 65 133017
41437 56 64445
131482 99 205278
27499 26 193103
26064 64 180910
5680 14 69274
62731 88 107698
11861 100 130736
40070 87 193609
207801 96 232735
115236 36 128902
69932 51 127379
50604 82 105672
174269 46 240042
18544 35 159791
54655 35 194087
52098 67 85068
109084 83 202665
107738 32 208186
115614 16 161779
7133 21 117661
120138 29 217330
114081 79 154403
99390 5 145637
49228 48 112271
13562 32 74442
57362 100 101335
235128 16 243693
173043 54 199156
60133 30 77204
152235 2 195020
85019 14 177943
41698 33 57695
50139 79 87238
12011 60 125284
188788 27 246094
54586 94 151540
87915 40 192607
45376 81 143275
92277 42 246580
29453 48 151897
139596 64 222673
173115 25 174343
28572 94 122369
130806 73 167881
160447 7 198365
147079 29 207112
166941 44 170822
9705 61 162592
191608 83 216770
129275 60 162714
152921 36 215441
227126 53 229357
86164 77 194734
33330 59 59836
57920 5 203024
57527 71 99768
145341 57 163001
11660 57 126306
122336 64 244764
17992 1 166719
131168 1 235839
73669 62 111763
84606 7 137847
56599 96 186929
159909 65 173343
157267 14 217244
47754 46 192877
8934 12 117946
199397 69 226766
127550 19 208664
107684 15 223517
28571 31 130274
199795 10 209702
137924 19 202926
92308 91 148015
89159 27 142454
203235 59 209496
137619 59 171005
91835 31 204289
111546 26 115829
64787 14 201435
41305 77 187273
199200 33 201116
33153 1 78085
7025 49 114825
29871 57 69060
48797 25 144654
205328 71 228190
29354 66 102007
23641 33 153670
29859 75 218232
17808 52 237074
68263 48 234082
19277 10 69341
83322 7 198757
6562 52 50343
102055 89 171625
92713 11 119910
59994 41 194606
161980 21 220741
61988 68 96613
186457 95 229696
38026 84 181598
84416 84 215388
70400 2 147560
128083 6 188238
43907 76 211682
49385 28 67735
16115 79 115775
52846 54 102534
6102 15 93668
116866 57 142395
166390 18 244012
131867 63 154967
37199 94 100484
6018 60 198181
20631 1 213745
20363 46 206096
169572 42 246963
81225 94 198399
54756 2 205101
143188 61 223564
35617 51 226668
76719 58 228840
7298 15 29957
7259 2 155170
31299 64 172383
56457 32 141666
965 76 224787
38426 60 190914
7234 15 130767
151622 81 191096
74009 59 96066
92551 67 122298
106651 44 195223
9623 74 159673
82734 28 212835
192870 24 223505
54195 22 237329
31005 47 227128
36936 91 224337
218376 18 237932
8007 64 161082
69359 75 81564
19895 38 225741
140422 75 214646
103866 78 164053
104382 86 160704
78676 83 197220
158423 67 210070
120222 11 164687
43507 72 154348
19730 78 47602
70053 76 215914
26938 97 188523
194657 36 241042
47575 68 209500
103094 93 133838
183134 26 248222
132669 50 233829
85152 16 127706
1100 5 227879
81321 44 176540
91172 23 141587
12242 71 152796
80215 86 167244
232958 68 234353
28709 16 144231
14632 77 137500
151593 43 243988
179549 86 206873
27478 24 145512
13374 33 116718
186145 51 203310
27752 43 64460
165870 57 221843
100523 87 214418
17394 82 126834
14039 17 124555
64824 63 209521
114873 17 143650
20938 98 159343
75222 90 239359
62568 85 177323
142505 52 249255
11413 61 127494
87412 22 249928
53918 19 89118
103059 2 237176
2793 5 179663
35048 44 162111
10510 36 249374
36980 59 53854
68931 16 245498
147399 78 178880
34847 7 194051
197785 9 226212
154471 90 246159
59793 61 200356
72424 91 162211
22892 25 46074
141217 31 218267
63401 62 67757
63866 61 145170
8659 14 22523
73108 2 194278
10580 79 158616
92556 54 128482
127193 11 133785
628 26 14830
175897 18 193065
110690 43 140142
187705 25 200731
86509 74 202261
137152 8 163072
71643 32 225362
42093 100 187133
161900 47 191437
27154 43 218115
30317 54 85915
116367 31 244731
130155 80 175872
177249 46 188530
72319 31 134038
111320 54 166710
193833 31 221216
29787 24 144427
29492 27 244019
170691 91 245080
69683 73 109807
31001 66 236065
163959 31 242453
77835 31 216705
7393 29 209126
2655 88 107299
13749 23 235140
69549 45 208951
25990 28 183299
56790 89 241811
89477 58 174926
66446 9 243937
99282 98 152628
21826 33 165568
148669 93 226397
81968 57 182336
12904 70 99605
66933 93 179352
14362 39 126591
49884 65 173637
118299 31 155491
30426 82 221205
181609 3 227209
126690 68 221397
90969 2 153112
118254 9 204137
14115 63 171696
112517 61 210169
123079 42 130156
10673 68 94517
148540 86 213018
4842 51 128313
3228 5 160317
80019 28 98381
25662 51 102724
163469 8 173457
31468 36 94594
59584 73 242810
62791 94 73096
48367 41 212279
146498 63 181701
136134 5 137091
27140 33 56650
163647 49 186265
23477 9 236259
2367 74 31300
366 88 236099
141660 23 249322
22600 46 26999
138168 41 207038
40296 23 241751
204536 15 206633
147772 52 235656
19442 57 211516
85563 37 240321
132897 47 190268
12906 74 28970
14363 72 89020
107820 98 159912
132818 53 183590
55805 31 218519
193236 32 245656
118994 49 123528
47985 96 122885
34383 26 167879
65363 90 230333
83175 47 187022
34245 73 46664
114386 19 137754
140100 63 236006
51258 89 133154
93691 51 155420
149150 4 172287
31858 44 79665
25051 44 91901
73190 7 226936
170565 40 203396
47506 6 71562
70016 96 245614
235007 51 235944
72481 60 104315
162277 30 226389
192319 25 195173
57162 45 219064
46610 86 138973
39906 62 89684
24339 7 53639
102636 67 238570
126790 59 127708
69623 62 158138
31132 35 51764
12156 68 230638
17928 16 177614
40774 97 144111
65868 7 168070
87664 34 148301
50831 96 87816
73989 20 220589
162651 83 187406
15572 52 150137
140135 72 197466
37596 21 96717
19658 93 238537
56046 13 74800
24381 38 183285
84420 57 203776
66073 42 97225
37600 66 95389
83883 100 204440
115020 65 248111
31312 3 61014
159153 38 222924
7725 20 102734
223506 62 249313
8438 72 50931
4390 48 28686
10803 93 104603
74701 36 209418
72934 52 203761
217765 79 224372
120180 38 220441
66759 20 161469
72506 52 180130
24515 2 112849
194349 56 211330
79103 2 192302
4016 49 165558
28388 71 107243
80952 35 218137
129135 48 183032
149129 5 226364
126525 46 151577
2775 5 110451
195473 74 233940
108940 31 112401
183195 21 240327
101355 48 179251
40021 47 131599
190194 94 220690
27295 89 146933
161678 81 210678
227759 61 240112
97625 48 227743
56400 10 63554
7675 80 79992
75016 18 242464
75506 84 93687
238375 69 239586
105147 54 249447
65979 64 180085
93908 77 193564
99383 36 209297
90200 86 181021
93149 7 128665
55058 46 190608
50725 91 155745
33371 66 90077
218590 99 245131
166592 98 213442
85054 70 142495
127074 23 215090
96414 46 142609
134075 67 207832
4543 12 122152
26594 12 226106
151101 27 179174
68496 70 73428
152336 98 203744
17017 59 18621
224 28 50946
531 63 30312
89662 33 100455
158479 13 163753
215363 14 218096
65913 78 138973
14226 27 90423
78709 99 171866
13566 99 174407
23472 44 211391
25009 31 239434
123999 44 203726
178784 57 196980
112958 22 189612
5817 77 82163
10817 92 39541
68767 43 140637
155076 23 204626
49196 81 240839
79339 43 206012
26412 58 47275
64119 55 208558
12438 7 211083
83311 100 159267
44254 9 54006
82966 18 136490
87708 18 93195
13701 89 17310
4653 18 71361
12165 92 192650
93833 38 123956
85513 33 247131
132036 3 243414
102316 81 147699
100482 90 226220
21670 85 83419
56628 15 222256
36624 7 236278
50133 66 105312
37248 88 105471
79770 91 220346
24795 27 60617
125728 91 145612
50413 17 81070
69500 75 240303
74802 38 128830
111421 61 201728
123241 89 199228
129190 86 201340
139960 80 189382
24707 37 183258
71504 3 147766
6821 44 78992
17750 53 101299
115687 20 137389
108353 75 229891
69062 35 218929
19993 33 138972
199491 53 213419
48536 35 93539
161390 63 202256
1810 4 77377
105915 26 234200
83550 27 160224
62824 94 81968
104416 48 233079
85894 74 210556
29878 59 119413
65055 7 113797
142535 47 237185
61537 56 151113
150063 31 237339
10052 14 177065
49142 15 203926
41873 2 144837
105791 25 204687
117996 96 119305
44047 46 100595
70728 33 230904
76371 86 240467
82149 68 176052
131531 96 196910
113001 88 215796
7332 68 132040
90433 9 188498
31003 79 166096
50987 35 83630
205 77 175663
95126 8 248503
151154 64 195231
7134 61 131095
151837 81 223700
72743 57 77939
87339 86 168414
75644 99 156277
1754 21 244483
34114 63 144610
131879 95 199325
79372 84 226709
100652 75 244088
51988 39 126907
55290 42 226215
153409 42 248647
196398 99 225704
137231 86 223181
123199 92 149130
48518 60 91509
55130 77 158415
99597 98 232328
41465 40 178596
182734 17 247723
78532 51 82483
80342 32 156003
15406 46 81945
166034 1 242306
6107 15 112541
108509 22 146262
165306 97 205627
4316 71 192586
15790 56 241937
79901 43 218478
37051 21 113048
81047 80 185820
57415 9 109814
141853 39 198927
68372 23 228940
44858 44 120067
5005 15 111098
58386 27 213304
94985 60 215998
220271 27 237112
110071 95 182085
9964 73 166259
84671 29 241253
112415 15 119590
67906 17 73836
199291 65 200803
149406 99 224702
96477 90 135799
28803 38 210297
7262 87 154534
31256 10 242954
34489 7 69815
73855 27 102013
60862 58 134281
24557 56 44521
21015 23 129774
17350 95 47348
40231 70 240492
175108 12 206117
45873 72 202926
129306 92 146060
32574 97 102516
215987 79 237839
44909 24 196673
88250 91 117618
82827 66 96867
81970 42 131937
12030 72 222337
5592 44 54273
84283 73 137258
102315 98 198074
11752 90 18628
149357 58 238701
95193 43 245039
42502 57 77039
108974 9 234886
68902 43 137566
8666 62 219262
170842 52 209395
25039 17 139551
131750 59 167667
61508 52 113902
43223 11 50228
141863 36 142833
36004 47 51708
49474 48 162769
66414 67 119123
104837 1 152634
62273 27 179505
104024 76 111633
103203 66 172321
144641 79 193548
33032 94 161772
34332 78 80146
162743 7 215309
41292 32 80037
104518 61 215453
174758 42 182652
46388 22 214123
123515 65 125754
86560 88 101274
64855 10 68090
59374 49 145961
7832 87 81559
168091 53 211659
126748 85 166380
1880 66 183136
90642 64 240414
112507 17 145099
156649 94 237386
13232 61 111666
115191 85 159842
61608 12 205196
151017 88 213372
18059 11 32712
117888 30 239674
179137 21 202144
16669 64 246033
167780 25 225043
79923 91 249711
130742 14 235850
45187 50 215097
33325 84 140008
54750 1 187044
126997 34 144990
9060 51 37320
25520 6 45646
4268 12 65108
40501 52 206339
121252 58 166158
30063 28 56986
40894 74 205992
190657 50 216887
73325 88 126112
35662 92 181249
60997 62 145679
56242 64 65655
5644 94 181932
72772 35 201995
137563 62 180671
28593 2 231843
30793 18 57838
12832 58 240211
14566 23 182025
1950 45 85185
32495 2 139973
46338 56 74131
192113 98 219919
97675 2 222806
856 27 207695
100570 32 147121
71009 46 242664
225359 26 242176
179743 15 200318
163522 56 192054
194180 31 220689
55394 6 249250
12599 67 178554
48810 65 149609
76992 4 175314
202033 11 249113
135135 80 172282
87944 22 152696
80137 45 102769
77473 2 161904
7166 48 106328
16551 45 171892
15518 18 83078
118892 3 181625
16869 21 142627
155151 83 224447
21788 61 163961
134917 38 188832
149866 11 218299
92614 4 232623
31174 3 51783
94405 57 150892
22020 83 232857
4802 25 34352
39143 63 243719
7577 72 175807
192520 58 219141
105176 78 143916
18529 35 169927
29974 40 209100
193551 61 204859
81998 45 104698
29654 74 166955
122342 18 132247
160262 41 212566
33083 11 65542
40552 74 187107
117220 12 158911
26982 28 40129
113179 23 168522
43814 30 87268
62919 19 208237
83602 89 185008
96846 99 218291
171511 62 215769
11624 32 79317
110803 3 182554
106912 13 198559
74774 39 118752
16987 58 202496
22178 94 93561
84046 43 91387
111140 22 157449
59886 96 169036
216031 18 237413
15188 11 212477
6386 6 232482
171952 78 240316
28772 31 235809
132408 67 168308
229436 17 233014
31130 21 65814
235666 75 244055
29302 55 61296
50793 94 119227
119484 63 188495
92435 24 126167
10738 95 41086
66214 62 82264
106381 17 241492
82256 67 226025
42217 50 247582
22873 43 202914
13188 18 198812
42876 48 43802
179855 55 199859
151466 96 172610
59505 32 145321
176072 1 184005
137655 61 189275
101211 28 104028
55061 20 56441
48005 10 231676
54369 26 72581
230107 85 236039
11057 46 12025
23602 39 93765
17200 99 98226
71255 48 243874
70510 69 80208
142061 69 243228
11508 28 69758
67012 64 209243
192820 48 238195
6047 38 189904
89585 54 233420
113637 5 207605
77353 44 77445
35356 64 48477
189333 98 236966
104262 40 174519
28893 94 213964
20890 66 193543
179284 71 239278
88728 85 216339
123860 72 135342
817 86 76653
175226 96 181484
25229 55 117367
95074 67 225874
60811 4 232364
70762 5 179408
173962 51 228386
166919 25 210226
75024 92 97930
194418 72 243666
6088 52 89279
80277 57 140233
114957 24 144989
193397 94 221652
28059 17 114672
78447 5 135838
155851 93 181190
192134 58 209363
146788 80 147988
110232 58 193358
133777 98 171085
48595 10 191681
31494 44 46763
11455 28 85314
185876 76 238989
112557 18 138788
209767 9 248274
110114 45 205656
119243 72 136915
36300 81 181845
54681 14 236130
47533 84 173267
43447 78 90228
25598 7 89396
146490 89 197628
88372 76 208075
54713 74 171516
1599 6 211576
124844 12 191355
96662 72 177652
18992 56 174993
34340 72 221524
18072 67 129872
138992 36 234494
218785 23 248097
81057 74 83040
45362 92 221390
58647 24 218170
111005 4 215564
66940 36 209501
183589 56 203241
165940 21 187149
26127 23 186955
113032 24 162855
62599 69 113463
38183 82 175733
100382 63 118624
41851 70 139377
20319 42 223354
85520 97 145758
149786 69 248588
10683 57 152259
25245 81 214463
13789 73 123080
98784 18 110426
36743 81 244857
88398 61 242134
44315 51 212118
161779 2 217331
171829 66 211059
52320 20 237507
153493 35 196951
126795 46 210213
108084 20 154794
26261 79 121276
135149 82 232631
1079 75 199962
11884 80 114468
80098 24 240651
119260 87 127125
167238 11 249460
18651 12 158779
111238 32 211455
41545 97 59547
36105 9 210243
45904 77 128563
106194 67 245531
114467 77 202435
47624 43 177201
8527 42 124407
2563 48 180512
107803 68 197912
58489 79 89499
60138 12 83815
103842 20 241011
41194 7 112907
24215 71 93816
68147 12 145360
86781 90 225726
8192 10 42663
47820 55 136798
60981 74 113048
103188 43 115786
221909 45 224914
41796 42 222206
32536 64 177063
64468 65 222700
43600 41 120041
110649 46 212047
35809 51 207266
81915 68 172254
57182 48 130661
18860 60 46447
94971 58 110660
47374 67 137066
73907 78 185797
131111 52 150430
53861 82 210896
4605 93 100117
187659 2 228375
54453 11 157954
41487 47 190062
74625 2 195920
101426 65 230003
9991 68 150443
5395 14 163382
139445 39 168921
53861 50 98257
128132 93 221206
30018 55 247105
105512 85 236877
184187 72 216260
78229 40 197086
90092 4 151819
28051 44 59493
76283 62 183819
67068 49 117438
182978 82 205222
150785 87 218383
83035 43 210921
30455 13 152179
113490 1 125950
24578 54 221051
12383 71 124657
18155 6 111323
42677 49 81292
196330 8 226549
42887 34 142469
30887 90 202775
87573 60 103365
93588 5 199229
115267 62 158767
69010 58 236552
186604 32 209714
182424 61 183856
66193 85 189657
116279 43 200292
212425 100 247247
51999 90 142789
28990 15 163007
76608 99 110681
30589 3 202575
99685 25 192743
87580 63 127101
40 85 226466
4503 88 77459
203410 86 203923
152859 19 189416
108154 26 112783
102772 44 171478
6935 100 95127
126905 73 202600
39001 12 249035
163154 34 214379
106806 96 146937
151971 8 185419
164282 33 200749
95175 37 203557
30737 5 98680
136377 64 196626
77850 97 141000
73729 68 124752
56149 46 177928
146155 69 155085
215195 63 248915
2346 87 157711
77458 21 215832
35224 80 84741
76287 14 129560
127014 41 180886
23715 77 140341
81401 81 238394
22570 85 30554
70236 27 91268
112400 24 222036
10088 64 138250
36660 86 207758
10804 88 182804
105585 1 191679
18355 25 131777
49663 56 84556
2469 16 67355
152095 21 216764
81749 17 220375
133767 77 195587
76771 57 119334
97526 77 234968
5701 20 123651
115903 46 167522
38706 68 201023
75869 95 94335
394 8 206830
121209 24 150852
105961 44 200695
44271 31 225087
15716 27 85230
15621 86 28183
140735 46 232971
69410 9 99524
108973 61 133285
38148 39 164704
36116 75 72869
82543 97 171797
28702 73 55822
40525 30 167219
63708 67 113628
70532 81 245159
179164 12 249783
67600 56 154975
18892 7 61610
14053 54 155675
36462 31 42877
50105 27 205676
52179 51 200755
56501 97 198397
62415 94 162718
65796 88 105653
9029 33 42826
53225 31 169862
39603 55 249776
64497 91 200891
39374 76 85103
72382 74 89015
99697 16 125909
84091 41 247273
97340 66 174549
164118 93 245521
42391 54 243262
143341 10 187955
113584 8 140115
216796 38 242996
164383 7 220049
78501 21 187814
61385 42 80981
92468 11 97898
22439 88 165848
51505 13 107941
125319 81 219034
82408 5 243413
15326 14 186879
23389 44 149476
11458 31 23075
49146 42 239104
2767 62 100542
53726 31 210282
48868 31 249035
29564 38 178704
123478 10 185579
16624 80 33676
21049 20 154849
102599 35 161252
92981 4 159765
54473 21 78108
