5000
176459 48 222623
129003 47 204036
52071 41 245240
178974 63 187277
66514 58 66821
112615 50 196806
99927 88 125903
76889 85 139856
147569 55 213892
170324 96 182950
136049 69 196973
46926 71 143525
14673 33 182585
29393 9 190225
78146 60 172603
34754 13 97784
6391 67 233316
74603 83 170901
53602 96 249699
81457 21 117411
18276 62 190459
55057 72 66679
47631 81 50003
32916 46 177320
99276 27 167183
104825 12 176655
173132 9 246588
51072 1 242937
15631 71 72112
25237 45 179333
216462 15 229762
52980 15 233893
107015 65 144798
177919 76 234247
40798 60 108165
4435 61 79553
6420 70 120623
128094 31 229967
33817 75 55635
114306 53 142675
6734 39 185193
23101 26 227347
57615 95 63055
120701 63 212783
158041 42 204575
96526 76 166851
6997 53 165027
46443 30 106208
37955 32 53713
53232 92 138627
1000 65 137792
93262 3 199672
136390 26 210866
59338 3 166736
139354 70 200847
115226 41 186141
34519 67 122626
192159 55 219266
77517 2 158199
99700 52 249809
26735 84 127797
142824 77 211918
42668 83 64070
14034 2 169137
188864 77 231622
25137 4 37043
173149 87 203821
152134 51 235178
70750 82 174366
64329 24 89446
160906 11 199429
31026 100 130581
166870 50 177831
55849 51 112074
59020 21 208691
54010 47 111754
75449 10 166916
77510 30 195513
177411 14 199549
35129 87 91607
70916 37 155307
45448 57 240355
103875 90 133861
4543 86 5172
82459 34 239940
49919 8 65459
17645 20 243328
60385 58 105017
153254 33 195265
1616 49 87679
90001 20 122392
196283 35 245089
7120 19 214082
8238 83 140170
14955 75 198734
40187 14 68551
8772 91 68818
98906 47 227791
148309 33 199475
19079 22 53699
32037 89 190712
112638 45 209871
47335 45 117996
168561 14 176777
63876 62 235108
52167 55 245667
57951 53 221054
105470 34 162369
210198 26 244777
85325 63 141856
72817 21 137038
26605 5 131826
75823 16 134876
174240 90 186446
50220 71 153439
38218 6 39533
33335 42 80905
30115 80 186977
25420 77 96064
191850 98 233850
27386 7 55560
50728 51 190552
68335 60 202503
221091 31 230764
39343 34 197543
243882 50 245167
146020 23 149995
70088 43 94818
196515 92 200950
63836 87 80045
139914 67 189598
56052 65 111198
104835 95 153902
58085 13 72965
81585 4 125153
99997 13 107510
54301 32 139244
54413 14 56614
9109 20 71402
81975 3 162239
34489 89 242026
69789 41 236500
29986 14 40588
100459 83 244622
178787 58 191035
83050 33 121455
197561 32 220917
53338 77 164631
53766 10 57209
225298 65 247271
61975 34 151314
54179 66 75737
168317 3 188966
197685 35 210770
71854 24 206081
27004 56 212023
47585 78 92043
8094 63 201496
170128 40 208510
32147 76 57979
78199 16 205648
186384 49 216915
40204 23 176333
197885 16 203452
86480 40 157201
7215 26 238246
168300 44 205325
108021 99 212402
117213 84 224882
55066 24 77344
3296 38 221220
24769 25 26100
82398 43 185942
71239 31 241690
96434 67 204339
183360 59 204305
50628 73 193222
44157 57 235600
51464 4 121190
110571 96 188200
33520 17 198330
46838 16 225976
29172 2 99603
50597 85 72890
120486 12 199572
109218 9 149863
150953 88 171950
88775 70 116211
27729 30 35469
154598 80 207365
14023 10 160823
78233 55 97120
55792 56 145654
26592 23 147961
116669 48 220838
133442 91 222861
113588 29 217232
49354 61 57179
158695 18 209490
65442 23 91219
22056 67 73596
14752 18 202504
77251 23 147097
8275 13 210201
145748 71 206067
26233 16 127863
85194 74 101785
23782 31 164472
56412 33 241245
168671 78 209594
113470 37 124209
72903 82 123192
21088 91 55128
73210 29 118797
32143 6 204100
107878 99 199214
150523 38 204485
14719 35 83013
53388 75 192775
96739 56 109225
90408 13 166801
65354 42 247409
85728 46 177672
64025 64 139463
16384 22 128572
199779 72 204312
10441 80 127279
67070 39 225010
176582 21 194066
156754 14 247843
112983 17 149738
42813 45 160347
194150 3 240899
111645 50 214581
146106 93 232310
168637 35 235441
112746 20 147722
151645 43 192326
98817 58 143708
110718 63 119700
151717 40 189508
77702 89 80876
195104 87 200163
113037 55 148512
62514 49 165902
8788 6 166601
9478 78 182520
136931 45 235480
103557 92 192189
93027 51 121222
188890 6 199686
52414 71 93784
127233 82 162333
173587 77 214567
45706 38 106092
27719 33 56900
119467 56 163331
48141 42 145337
106162 67 120331
147949 18 151016
16685 68 171594
88745 94 183273
101363 28 245703
175026 25 222642
85614 56 178754
93665 4 126961
155825 27 228677
109490 59 244278
228100 49 238547
2450 69 168901
94617 24 231755
31430 8 59344
84985 40 202573
11063 17 220530
156651 89 159600
179089 99 199474
34052 66 49811
64151 100 227021
78916 73 176969
119162 29 240667
166259 91 194739
91642 44 120810
45558 12 132948
16116 40 229190
72396 71 220251
43746 83 182973
11650 72 148518
119253 68 207419
114393 49 197100
103965 50 210789
101861 61 195678
15377 26 130454
54918 16 245881
125441 68 233399
22213 37 100468
7743 25 38780
11777 37 205468
179834 43 219596
131616 75 132667
95917 53 98301
70921 63 221584
10755 30 163681
124669 9 140728
99410 92 139061
180547 57 237025
25108 73 178955
82055 99 98817
123551 72 187597
119742 52 175605
136754 77 156257
99634 14 207874
19050 54 189677
164454 53 234889
48533 73 239198
51678 44 98483
95696 60 181493
46615 73 137371
59357 33 77661
53518 96 59608
92467 96 148918
98395 65 223282
3767 43 143417
72514 94 117101
18113 48 90673
42940 14 76012
92341 39 162383
6096 36 198482
132116 12 230633
185620 76 192903
46689 7 143976
128936 4 184246
58408 69 147960
120084 1 161774
42943 83 144930
117626 4 221103
60307 70 214950
36595 51 47455
51702 65 191290
21509 64 183140
141582 66 204073
83119 23 135918
137899 79 196187
98266 11 121403
126778 2 197415
53182 22 214107
70608 23 186531
93789 11 196643
226071 36 235522
105430 30 210683
44286 14 226058
184246 44 192353
118369 31 145863
190108 85 220847
87343 100 246582
104872 27 152400
56091 7 170281
181720 10 213836
26278 27 101857
24763 23 101269
76117 67 102563
3191 73 14569
50834 50 79622
15368 44 210642
97954 66 249376
117343 17 169431
20566 42 151570
102555 31 136894
113059 49 163330
12339 70 146578
58155 68 208609
98936 87 205645
3463 8 64796
78226 62 173552
122793 36 209903
61699 64 128875
21783 97 108583
32163 25 37627
22832 99 92636
134494 77 216676
130172 98 242434
92251 3 249578
29154 86 89547
111847 90 207609
177612 90 230731
157074 54 219944
1256 79 170034
118577 20 125283
10551 4 103636
29425 17 171662
102773 98 177303
12667 32 64477
136677 7 160708
72230 43 81744
28366 73 119947
16934 71 82783
14013 45 25625
18692 68 41239
119483 84 126470
13791 65 56806
74355 61 81105
70815 31 88614
116414 21 166327
38223 3 238341
194494 22 205190
64073 97 104837
19312 42 166132
24265 59 101787
45005 70 84034
73678 38 141133
93884 39 190423
42262 24 173964
50431 71 72702
82260 20 220929
51593 37 105944
17612 24 93129
185325 6 222763
90317 30 210416
138872 43 209805
43850 46 237372
186356 77 200622
213840 9 246082
357 26 217065
116913 4 164878
83171 2 145463
71078 1 78764
185292 10 199901
110796 58 161139
197060 73 233397
8699 38 173745
169349 67 249970
126626 65 207913
30793 90 155831
125664 72 194438
56698 6 102633
96297 6 228174
67901 77 248628
162133 50 237771
40130 5 224700
209849 14 210451
48924 2 115030
57920 51 97214
100305 74 140605
9723 80 166017
20729 42 60210
195124 65 227657
175280 99 209841
40186 15 188959
163428 1 238825
46959 65 154958
1233 89 188082
151501 59 185638
1105 16 100845
18515 1 128825
103436 84 106673
73127 36 226408
40069 37 120914
113749 6 243484
24035 43 97192
7740 29 90568
74745 56 98591
187760 68 201853
55297 17 186434
152156 54 246800
169733 46 207106
180915 61 217604
69336 39 178171
134697 36 136637
31231 48 57009
169973 86 205738
98845 28 215857
66361 19 169758
35183 36 89600
183260 43 185532
73358 31 194504
14325 25 83239
160628 76 200398
216195 99 249070
45548 19 66795
82004 19 162508
109873 83 167140
110270 55 217751
177857 7 214728
15412 62 178717
91922 59 248180
81515 70 184381
7144 53 198205
178988 64 179060
55442 19 92325
125968 34 175232
59015 14 157757
115382 32 168028
146917 39 226124
52304 69 90342
159031 88 246855
23262 87 125575
119109 97 136953
149099 19 149685
172234 24 214120
74025 33 121099
71167 36 131900
119360 5 206324
93566 9 211590
86497 2 236358
59899 67 144616
37258 73 212605
99182 90 149895
117944 97 194013
32614 77 186952
206933 26 220621
48097 70 50373
241711 45 242347
119820 33 222550
80005 1 210441
114863 88 199359
10251 66 151118
21662 40 114845
84584 7 211165
186546 100 193604
87758 52 174978
90370 17 156929
10552 48 175799
57845 34 206625
30522 50 57686
64745 25 161757
15895 35 24045
212503 9 234797
41466 46 160157
53056 41 161067
65243 87 229409
137782 38 203703
148037 30 178362
83410 92 239813
18828 66 99517
41784 19 227594
35067 65 37883
122651 44 168398
93594 90 149886
178796 75 180683
50955 4 75764
68907 39 88237
153572 89 242435
18669 3 230562
7719 40 78161
129840 8 152309
4901 1 135675
28863 49 238099
95327 50 140003
33008 93 97591
79484 54 170466
38431 80 108265
115854 42 174193
165856 59 232319
142242 71 170366
160152 12 189305
121660 74 146358
33473 75 241561
19133 66 27678
46166 69 179122
5044 34 28885
127953 80 195088
2295 50 163433
36401 27 218633
5160 88 203827
41620 11 61786
25174 19 95395
136160 2 179186
155716 79 169261
28211 94 179371
63087 15 208094
29479 20 91211
173304 20 205469
14833 68 144387
11436 20 161201
57211 26 116992
44626 22 140796
101674 99 225688
41665 16 65249
128072 95 237654
150862 64 169421
112405 71 246853
59915 81 234134
18769 3 162865
162929 2 197159
199499 72 233435
6198 8 210034
173757 69 188497
6440 79 36779
17800 70 64187
92513 9 102964
7767 12 244538
167318 100 171715
8296 66 172925
197938 54 232240
190552 42 239615
40348 14 104171
137974 85 140207
116974 35 122205
118889 43 159382
147217 36 208079
46316 70 110808
70630 87 185256
130229 95 134199
97542 57 243710
68607 51 166510
73542 78 78088
174605 75 178758
138438 89 224203
101278 93 193362
76958 25 237573
41205 98 131287
188641 73 221867
17979 71 212895
41258 93 195883
54183 2 137583
49892 53 183192
24325 88 59118
194951 89 215256
81039 60 131745
157169 15 211142
192650 71 228030
108420 83 154134
51930 24 156181
12252 19 101584
16741 90 69088
56065 24 127686
167965 5 248565
158896 10 219749
85694 3 172614
49575 91 216836
64400 83 159226
55021 4 210274
41241 71 49544
52937 77 242424
24037 26 42556
29814 92 169457
142076 98 159446
46591 1 93665
42906 5 245892
87710 84 226249
142683 36 233052
74419 25 232314
32446 14 166713
21332 6 39847
84216 40 191509
40417 21 155827
125819 57 150764
220049 33 226791
4745 98 228121
109843 94 117056
74210 8 151106
11991 36 17024
42232 43 241433
71084 88 218016
118153 51 132177
85273 44 225932
117580 49 125501
151310 49 155082
67241 38 142195
146457 61 178378
44342 51 45638
115658 68 238746
112908 13 217366
25749 51 214858
66274 64 120413
91254 42 94427
61169 59 142158
46967 81 66207
66394 46 124491
17686 12 46948
38480 21 80286
29671 99 209336
62724 94 105550
26777 10 200931
6171 24 31758
4942 95 155392
151875 99 184534
170775 12 187721
79063 91 216955
31151 12 84477
110353 73 128877
55140 75 179069
217086 23 235734
130144 33 221051
137582 93 159443
4561 24 132073
26517 30 190929
10 59 244511
63606 98 200882
112806 81 143390
52063 53 210682
137234 8 209668
83668 74 247970
137385 41 193355
68482 84 249245
61435 77 210137
57810 76 121003
208523 77 246162
47591 52 178312
5560 54 190180
206461 12 218683
139642 42 166643
84693 44 142495
57691 46 151500
49446 38 105890
51638 13 191390
74438 22 184668
172039 100 229756
41010 78 170573
164918 67 171500
164298 18 213655
123619 80 149164
44112 81 161291
21375 44 178160
144802 53 183139
65062 44 197772
218303 25 222278
12110 93 42477
86802 64 220406
15873 60 240626
19142 23 80271
66131 1 69439
16362 67 39494
56407 42 173646
1502 56 210674
165278 91 205719
46275 10 169868
130339 32 181151
29921 5 180062
31252 88 96199
6870 6 60756
115386 80 128436
24782 66 96186
78038 79 227435
109904 51 205405
134717 20 217656
140494 25 213410
26380 30 156045
182640 59 190568
11619 50 14029
195863 56 238945
41138 81 92188
98323 91 125421
67448 48 78212
46293 42 72927
158836 14 237654
59479 59 112386
209424 12 209719
45225 90 126486
151109 91 221633
110441 23 141858
46825 81 118625
147803 45 239966
39429 63 64220
155680 72 204703
154708 43 213138
55179 31 210234
156697 15 193194
224850 89 227728
26200 92 211509
158110 46 210617
208757 76 243746
136022 43 209395
3571 73 89543
53168 26 169497
127078 3 234373
71250 62 91471
26459 17 99133
219428 43 249631
18556 20 209801
169066 92 214839
47490 39 119009
74694 15 192583
204461 33 225202
208840 59 220284
194798 33 196019
77475 55 120946
168165 3 225498
78461 47 91574
188221 42 219002
181076 75 182265
40697 45 218992
67946 54 114043
18723 53 21962
24716 79 102342
122665 95 131743
80153 66 210733
76406 29 170054
148287 60 228199
203989 29 230373
97424 34 187598
69097 37 95033
143732 7 170701
67340 67 134272
98328 32 135238
189991 3 204901
33378 29 179413
215719 17 242161
142748 50 234020
37284 45 196700
80179 57 119464
1036 64 148515
111052 42 166910
135940 31 139763
122137 58 231145
35527 88 194583
89217 49 214566
123952 21 218654
72143 41 235276
113627 48 153506
42331 43 141429
41609 19 78027
131380 76 191593
68897 27 207974
152047 95 174164
51992 75 191959
115767 19 146291
223564 82 237568
29358 24 48341
100067 75 205826
93569 11 212733
24430 14 59520
111687 95 123935
10125 17 15803
10653 85 133528
77420 82 212102
170878 34 212509
8582 74 138406
97642 39 197113
92472 35 116109
101409 65 168771
129010 2 151743
179265 28 248306
167464 10 228652
13467 21 196830
10904 45 90552
138202 90 224462
16101 21 187447
140725 89 204698
89529 44 184752
48071 28 243351
42090 53 96678
118633 80 226278
176411 97 231996
151530 94 161674
34798 35 199671
193916 76 222039
60259 88 106501
31149 100 207065
98220 34 113780
91447 52 127546
154286 18 238709
95370 12 143609
6843 39 166841
83764 34 236624
24857 33 37364
194686 97 222980
74328 61 143149
119938 6 221442
171965 100 235517
190459 71 246869
129132 81 204081
200459 71 234625
32485 91 241587
151076 99 216019
127281 95 146985
10316 44 50991
45558 86 124933
114159 63 133948
22153 47 80150
126747 73 151187
139251 21 145310
125121 69 231278
59995 11 167423
64622 83 160314
133767 88 194785
159305 11 212551
63913 11 150821
20358 8 38485
29983 31 246777
134451 20 235710
131323 4 183671
26271 15 129574
79352 11 144108
214865 47 232063
139820 9 187060
67254 21 198478
12074 73 130226
191069 13 249774
101673 35 168025
102116 27 233628
156686 70 240132
66317 100 150094
173135 20 178905
92038 15 169718
6985 5 121408
38144 43 121501
97004 9 134883
146115 52 185724
2881 43 16988
6881 80 229082
166001 8 166232
113603 8 182134
64724 49 193860
131671 18 176998
12307 95 121318
64621 99 179908
24000 49 223254
121359 75 143089
45808 18 120006
97893 100 128873
201362 69 211560
10760 84 53624
10874 72 106421
88462 3 100207
113863 18 213184
130063 86 154111
64930 96 213509
119874 20 151051
29563 30 46957
5207 93 54682
42365 37 215053
10661 61 194703
128198 100 232319
165728 31 215948
17756 55 84630
140822 27 171312
86576 16 225195
124172 46 152870
12295 25 160047
159088 84 233511
211203 5 215110
144509 72 149297
88452 70 178754
82328 95 98337
156829 77 157929
15565 47 88771
34010 89 40684
202181 24 216594
108777 2 143782
5617 83 244850
172169 53 211008
94011 64 138013
74545 73 105003
194376 98 222641
82068 56 148615
218557 73 238862
51235 5 51304
179879 20 247208
23887 30 208936
97777 85 213841
173702 29 209713
36018 89 186244
110947 26 224738
60889 10 116175
23928 87 187006
149924 28 176242
2045 59 194455
124176 59 228529
118484 21 126613
128610 29 218051
155835 48 215709
37938 8 191871
183114 50 194434
77443 80 179106
25206 94 161605
48743 63 70371
55254 85 244773
105836 41 156041
44306 27 118835
51218 68 82517
48593 78 215766
23201 36 182904
151923 52 200851
163207 7 207609
137937 70 182669
32303 91 110930
101113 90 198656
120922 58 235766
208013 38 246562
156432 24 189489
152712 7 232632
21957 95 142517
64671 15 141620
46058 98 240834
16823 21 58152
97818 73 172726
73911 92 243199
17849 68 44525
29176 60 178552
60236 94 169455
245279 71 247863
82520 55 121196
122622 45 158636
90479 80 101708
119169 58 241690
194377 36 208532
4922 15 196964
61502 60 218050
63559 9 122907
32782 98 164575
6546 52 90878
158796 88 223512
44944 54 147609
90548 10 209688
12654 89 160492
61467 45 218367
121887 56 190281
49949 63 132125
67723 55 150339
43442 72 151861
57982 7 234930
80936 11 112994
12501 39 216587
13881 99 166191
21582 3 134496
36616 91 244481
59781 28 196646
172271 39 202032
53932 82 159512
150422 43 224741
87930 73 224534
108913 56 166200
204635 35 232124
178790 45 243007
25708 51 209703
99527 75 190035
111322 11 125398
14241 22 71626
48909 68 63793
170646 29 204976
10829 67 197527
46648 34 147981
135110 44 236462
155288 5 236451
180201 29 218093
157718 87 231675
48871 68 63873
6990 44 23582
110142 62 188452
138861 65 210068
111060 8 187499
8228 17 74840
77772 41 214615
35269 33 91587
51330 21 233221
86552 40 232515
79760 20 118729
14309 26 156293
187485 33 239232
63242 36 223201
108428 41 219785
104303 98 233053
53646 94 178708
127574 80 241628
197649 70 228173
95595 78 180368
50024 4 234262
77984 71 86439
114266 34 234927
148098 2 190526
27243 29 113103
85417 5 223752
31834 47 242292
106790 3 241632
117 4 84976
59808 37 110287
180990 32 196006
9201 96 81161
56571 12 224254
12907 88 61256
240022 98 244028
21167 17 190819
34264 83 35492
56134 71 176947
34149 54 137964
83798 10 242369
71157 73 221970
100851 34 172517
176844 21 234976
2702 22 175021
87539 45 206501
93559 46 94180
7703 46 225641
69506 68 205272
22727 69 221924
36078 86 247044
44020 53 52092
77306 70 91707
146283 1 199280
2413 14 77364
80652 17 247809
183363 26 248626
27758 42 37299
213669 20 227937
65459 61 71602
96951 11 192461
56614 36 244047
31157 21 128463
49259 33 80221
13610 82 160948
46273 89 97979
116048 34 148516
108126 17 169199
73150 95 123024
16618 21 101954
6108 67 95559
9227 28 193342
9929 57 83458
6694 29 131537
58703 71 114706
9488 7 126946
10772 37 178717
25834 17 182602
105076 57 167186
134875 62 135528
94277 100 235304
52851 72 197957
98684 79 227359
117335 62 218741
34758 34 76512
22171 22 64943
87151 5 179556
69338 53 199450
204681 53 229316
14934 21 106144
37475 95 67900
97083 94 114383
141030 58 206525
11469 64 244218
113371 89 214365
31787 89 193515
44825 97 89336
145783 57 146469
115723 65 130041
104443 78 138267
66365 91 222704
49276 15 119885
74686 1 234190
170125 69 225250
45294 59 162507
229610 16 246057
100867 99 129442
75928 59 140898
67091 90 176335
68375 18 175674
215284 86 247840
71810 92 83022
70815 9 234823
161381 25 233520
45003 39 73758
80259 72 105361
108729 73 154603
139811 55 190146
30684 17 93542
129838 5 218218
27684 29 49993
20767 32 191829
13856 20 175191
23910 46 242757
37418 86 106237
82942 25 129435
86406 83 214395
4027 57 70956
147052 8 155788
195629 29 220043
205989 43 239197
12335 3 194966
124406 22 129531
158596 62 227041
67510 22 197733
13988 36 107074
97168 81 247416
84870 68 221021
49642 6 60709
45654 86 108913
185353 13 227439
230233 58 239885
166337 36 182143
32070 80 216873
12101 80 217066
27396 10 208859
87195 12 91858
35609 32 233643
7068 50 233277
6911 21 226901
73730 97 107240
186949 83 238008
39669 6 116324
73781 37 123628
12819 91 204986
78200 73 205863
219352 23 236809
97668 98 239416
231791 16 238157
125039 53 215618
11466 15 75308
11346 71 14988
67775 5 216708
57627 70 144387
65163 64 206642
110703 95 179791
213377 12 247501
103228 69 215878
44009 93 75963
51630 79 225742
40834 16 244976
8410 51 245957
137034 99 217819
95894 26 237045
138879 54 242910
14927 13 134246
17864 14 50169
75064 82 247206
170926 100 234405
154529 40 248550
147371 40 245643
157800 59 230586
133341 22 238224
91211 73 196777
172794 94 246559
42211 78 50402
15957 30 207000
57023 11 78867
195240 84 206301
38494 29 83915
52692 4 212709
120603 7 203277
75422 32 195171
78219 92 244124
411 87 223542
54819 82 65562
95464 57 214432
53823 35 172263
27927 73 69879
112144 8 136842
106928 69 155473
198257 64 244858
26884 4 75289
24315 25 114598
7561 71 179702
57963 90 210732
162453 24 204792
21507 92 229344
35159 21 137725
58184 78 125551
44154 73 99864
128012 72 209279
62343 48 194037
157120 6 183670
62433 6 151331
72369 79 173632
193339 97 223394
143119 25 227130
77809 89 90482
96085 82 197130
159918 20 242612
164798 41 202803
193157 99 232201
39465 36 124866
85831 94 98253
46389 58 116355
107221 34 181425
28307 66 36576
10175 92 69075
157682 47 174807
30012 94 200516
107708 82 111552
16615 87 81803
12497 22 239087
17554 97 181445
145706 44 153929
168930 78 218288
168522 35 191080
83553 67 125476
82464 53 192339
61650 19 80720
55325 15 82926
97746 11 122155
101406 41 125168
174536 69 213146
118587 7 143563
6339 28 100868
7735 80 70446
160076 89 232777
147803 51 222166
123062 5 125061
150638 9 186516
84073 30 244691
240633 60 246544
67218 15 163210
28089 64 72592
140298 77 242114
41508 91 203000
24694 15 194584
68572 93 238371
65665 86 242540
196002 81 239252
74555 18 233601
150239 91 214534
159107 95 197658
194151 85 228029
85961 3 243389
127471 4 246454
117398 48 135984
4511 9 171204
24938 27 196416
133666 28 155968
102668 12 205996
56528 69 111736
43587 44 80996
77081 19 144916
13532 2 17748
48667 20 106723
1977 33 133813
115313 74 156511
7613 35 239763
28803 61 154930
92094 21 175104
61787 90 94161
14023 3 33663
97796 91 166163
191586 31 193531
38900 36 158515
111625 10 124683
28429 85 240026
46069 81 222241
65421 93 85318
88276 26 146431
13963 10 120030
1156 52 209376
43738 30 226454
59683 99 248992
87373 38 132584
103299 78 182502
56081 7 213020
39288 77 233114
142209 63 191608
122691 3 162627
56415 82 162736
67577 42 132573
149203 73 155763
48010 28 123316
67271 52 101739
91449 31 171871
22736 94 245486
58854 47 241073
119159 8 232414
8882 90 145708
120486 92 232819
30573 42 156526
162162 49 172368
95583 28 206262
28907 78 48598
47525 8 223774
28342 12 162576
47660 75 85174
57456 53 84740
46989 51 123797
189255 45 228014
17757 38 91788
71093 37 108172
173256 99 184697
42004 84 141262
21195 41 112044
167852 29 186646
44111 62 116806
49337 56 228033
56996 5 249500
139152 40 143510
28828 95 36809
91118 28 211098
88652 12 142040
109539 2 169905
15017 56 54889
170791 78 187313
97341 38 152706
158752 39 233192
40368 91 50952
129989 30 194598
84109 61 219169
19941 78 223204
115867 47 172017
195025 84 219956
77370 53 112321
51952 3 180659
376 25 117362
104938 51 181448
28582 95 233313
146595 43 174494
72868 12 249743
1183 88 80723
160575 39 244475
74092 79 114949
112602 32 117581
176284 14 249379
35607 57 204505
57098 19 163725
78112 50 239213
55688 69 173697
132184 31 206867
18165 94 59268
168766 26 242190
92351 35 242994
92913 55 227396
85126 90 220005
59742 67 248422
154778 12 156335
111486 63 181794
95780 100 122469
122411 4 166664
153831 16 157071
162736 21 209091
92513 29 215447
140876 8 162320
69214 56 153470
27984 16 96101
52350 2 217422
152548 50 196846
160651 69 163634
74615 42 236442
109839 92 157283
15762 94 91271
66479 21 111274
61875 80 63434
58048 82 170409
20533 33 124493
91896 21 164125
88209 66 95194
179483 87 188380
74383 69 128501
231510 45 231695
17448 95 38461
16928 65 239821
161570 95 185265
676 68 147127
108044 20 214152
158517 82 186907
60070 70 75198
35464 47 125468
125284 39 214032
19129 92 159954
147889 62 159709
93924 17 137154
59960 2 207972
45786 86 149261
139615 5 241073
114777 30 179999
19180 29 155669
145330 19 218735
47334 43 52172
83508 89 116840
46911 5 239507
72788 89 176532
99334 77 196700
6044 92 197608
205052 48 209727
152334 4 229036
77414 7 138522
123656 36 150546
13615 48 129180
207126 72 216850
127216 29 172738
89030 39 218334
202615 31 224691
122178 77 204489
130334 66 150422
34209 20 230418
133645 2 169574
176786 77 216326
76724 50 82361
73743 56 178908
11323 85 96585
113954 13 114649
98164 100 197539
88401 37 91541
143720 23 188611
82180 81 144304
180524 24 186008
96467 39 202760
104288 49 149370
167891 61 220507
63361 59 191215
126005 53 238435
45551 28 124284
150800 57 211494
57843 69 91756
65005 50 89827
61392 8 235042
6646 13 138714
70007 37 106176
93263 24 229657
33609 87 180850
89014 39 142317
153910 86 168538
98841 76 186227
61415 47 207625
815 91 37095
5094 83 201656
66880 11 121096
71749 11 170892
116146 71 213598
166026 77 243837
124921 47 240605
63051 93 71658
221411 10 245793
28602 20 88179
51356 55 247378
149647 12 232771
53981 45 100555
224657 83 249851
63943 49 84581
89253 100 170588
88067 97 189853
58711 90 205745
49363 35 242928
121116 42 124160
59762 86 136005
207069 7 241363
16637 11 46979
224472 77 249687
45385 79 174831
88385 16 195053
11148 76 242226
129070 8 139001
154464 94 247291
111171 20 137183
129273 46 204609
62816 73 121503
159498 100 211111
201010 76 239817
140205 65 162793
108361 17 141755
115198 80 184744
70370 88 134346
124187 96 176262
45455 27 116945
203394 76 218164
114131 4 249489
51282 56 232477
45808 72 165578
71322 100 206975
60077 93 126092
178113 71 226620
66105 51 107891
69133 48 193308
169494 45 240208
9411 1 12909
45550 83 126474
155008 26 208032
19022 21 161299
147119 62 240584
25162 41 196226
92072 50 160255
96520 12 220722
170376 66 195368
93784 18 105145
38986 77 123049
94687 37 108124
11506 2 76990
149009 17 179150
5752 67 79051
11642 29 36057
50610 40 233516
22338 14 114384
3802 13 203182
11359 63 33694
109278 50 183515
103333 90 113768
22908 29 139496
173108 82 213697
11763 7 38351
91723 55 228648
48077 98 150819
20501 82 176001
129008 52 138063
61645 89 102808
140474 82 151576
85335 69 171087
171146 93 243932
130003 47 188452
47239 41 238952
30593 69 195324
1983 48 79265
174175 52 197137
75450 52 92121
158093 47 168673
222171 95 234783
75977 63 147166
60533 15 117425
62482 8 179479
44874 3 126894
15587 42 23406
95032 39 141373
163201 76 196318
149022 91 175600
77449 24 129992
170374 74 221025
183906 60 240922
65055 67 175295
110600 68 128782
89827 29 181850
51261 50 221704
33802 77 210950
68947 74 110072
39755 43 75040
80366 91 233477
122936 2 244097
87606 43 127767
98632 29 176375
16952 52 123099
54744 80 168498
22379 17 34026
64987 76 103546
33384 38 42038
33629 33 79435
2164 44 229630
161276 8 185163
113723 37 131272
84339 80 244260
49206 12 247680
156408 49 204720
223005 58 226703
132643 64 149566
68015 70 185684
102461 81 127840
190 85 167156
35692 17 114509
207980 24 242957
106341 46 172732
112829 16 215185
111468 66 132547
81688 82 143341
1736 70 66650
31502 77 181916
181354 66 230917
68918 6 69800
67399 23 176745
116030 58 233903
138564 15 171651
30286 64 212273
155422 34 168191
44735 55 122861
106152 11 119851
85325 10 238735
60217 55 217091
43062 16 154727
65119 72 183762
17096 31 130579
159454 19 211652
84638 33 108448
2473 16 39463
39922 36 247591
56075 55 147413
170194 80 241899
84590 68 195891
210644 2 244665
82983 49 128917
47056 25 124559
25251 32 169544
85486 86 123442
35878 29 198776
194475 77 248798
98403 50 222573
37581 14 150114
102511 99 131085
173723 11 196742
84449 10 175263
241576 76 247031
56035 95 138330
34369 64 120417
75440 16 187594
129029 66 158121
63949 15 241165
58834 16 219492
31531 94 173119
144619 62 190784
22755 44 166611
231057 33 248719
20151 29 75591
81946 46 166800
37162 18 87298
27251 19 175350
3071 100 165506
137748 46 176380
9114 76 197771
78398 95 228063
107442 99 243734
111637 6 146661
22774 42 208766
11175 2 84011
81452 10 194918
20511 16 240603
19484 18 224807
224367 78 248838
27337 6 215195
32437 2 146045
23984 28 170553
26299 52 187275
40007 9 135455
188175 100 188406
41414 45 123329
31931 57 54848
38007 32 221490
50593 12 98367
140156 68 216566
47604 18 102189
77325 64 247583
149442 40 178174
88427 73 243881
64122 33 67063
155116 24 172322
3282 84 130101
11375 16 205737
209668 42 233557
167322 89 169836
49583 27 236467
87831 80 235507
15553 48 69614
58047 68 154466
46269 20 98464
24689 65 82589
59053 27 246344
50677 2 181013
11451 43 122689
41417 8 142897
2588 83 69459
73044 71 109001
76317 78 228224
30766 86 124087
33566 72 222274
182938 98 189540
57229 7 80581
128760 51 237342
67324 20 235546
11308 43 63086
1255 58 136936
82131 50 169993
51119 84 144818
46457 45 62183
90421 1 168029
81302 13 95528
56707 82 192086
40935 65 79001
125522 95 221364
83694 26 130032
32478 25 201185
192201 65 224438
55822 19 122748
8854 28 58132
113804 77 218771
89172 69 112537
8294 84 71848
69983 56 135762
101934 54 203817
239173 57 246609
2118 91 197546
114476 55 201431
4222 74 224159
13371 82 23119
41781 34 169449
71707 44 243363
24062 94 207183
103301 80 139472
64701 30 189768
69301 96 217919
62940 46 171200
36581 1 188401
16133 71 40558
74437 94 222291
14083 29 62360
120063 89 164054
140717 95 170494
68349 8 248050
18180 70 67743
54712 39 229729
76918 78 132193
76116 17 225959
55630 31 208249
147675 2 211468
17041 5 38000
52532 30 93030
16202 67 170897
10263 87 92632
119898 89 156888
12063 29 204176
218818 63 228759
200170 35 228351
13772 10 17629
24525 4 80717
28922 81 60082
7906 98 68376
51175 38 131894
104259 95 127377
126125 26 240754
210856 100 232240
8677 71 227316
190341 69 216020
29788 81 123615
10982 53 20257
150279 19 208597
178058 11 184308
97418 7 125052
34944 40 205196
43857 50 55764
83633 58 193295
23642 62 96894
181364 57 205218
189 96 127157
4302 87 177569
67522 62 83297
152130 32 156583
150792 95 154525
106000 96 187111
50475 64 53456
133649 78 216441
89175 8 90395
146485 71 169626
38613 93 167576
185150 37 234176
43685 56 121387
73913 30 82232
72468 38 144495
76471 18 246728
71487 76 126027
46212 31 103439
43768 49 169051
60529 46 234483
6167 82 217746
134949 11 229529
227239 11 240427
79223 40 138879
4860 16 28957
43235 26 188280
94843 71 155361
60616 66 145572
121552 78 146604
72180 20 144765
243981 90 247414
171675 80 177753
79 10 51777
4049 65 47957
210778 62 225183
48852 37 111530
28505 6 189465
5819 6 237951
83554 61 219041
36740 18 37516
98842 57 142317
32541 6 54911
88312 64 189891
6956 72 167960
132251 100 145475
5346 12 175705
202703 53 207673
23074 96 121291
23673 27 160433
167339 14 233535
139422 69 144447
121367 59 213205
223187 26 235873
88026 17 246561
44312 66 189365
4554 87 32359
32055 11 140217
152200 15 238598
88122 76 162412
903 83 166182
155577 90 215577
112729 54 224371
36142 83 99475
26156 91 66892
9198 6 191574
34588 55 214430
153614 89 181726
142885 86 190647
45185 47 105370
35581 80 77647
25761 54 241395
87808 67 119421
2034 81 171620
33721 17 72071
59751 2 135872
171503 86 239149
102318 80 102827
115297 20 171565
15476 96 137063
113679 77 140848
20691 6 113731
81140 74 155812
20221 77 100740
151572 90 198042
212413 82 230953
11637 51 70594
126579 62 225808
131494 44 233512
11316 80 33200
107150 45 205974
19184 99 217224
84725 56 101500
82082 28 205977
89540 88 123147
41210 21 45505
45108 44 154998
98040 31 167766
58873 71 135010
80099 12 155197
156217 97 171031
107657 64 199850
149389 28 154393
8569 50 95759
148295 23 203195
55411 9 231486
74569 46 145212
11326 4 51553
227827 32 239891
105849 35 145184
65777 72 241810
7200 42 123752
14392 91 211598
36912 25 244408
19504 71 92154
80697 71 114504
111162 55 127622
103481 10 128362
72014 63 85254
209114 68 230396
19533 95 108110
86850 11 185509
75702 100 149424
74091 37 189775
94096 80 217022
8544 73 90759
120636 89 163891
20448 34 62232
5751 74 87081
239850 41 244114
80320 79 170872
77315 41 237880
8031 48 168314
181805 81 185619
15361 36 99790
26224 68 108788
43653 34 148319
53913 58 197249
122790 75 208021
76122 66 210748
19480 59 202131
98389 99 165045
93306 15 128775
136686 37 218350
80054 51 145936
143639 83 235913
52939 35 105440
136384 100 197295
77552 80 81925
114830 21 155564
93424 81 186552
159823 32 179871
32382 63 213478
72053 33 98640
120944 74 202836
67593 23 229898
64734 32 222935
56313 88 166653
166595 32 216709
177506 40 189415
133856 22 143371
10637 49 125973
6977 47 64189
68418 11 149343
121497 40 229172
122379 42 184322
62288 92 241703
9147 21 99823
181447 13 221082
118693 87 190542
147304 66 234222
54334 66 129504
72459 51 100989
144467 70 199190
180535 63 246837
22207 28 232721
58137 68 112364
217923 91 220012
70446 88 98972
108902 2 120485
179205 95 232006
85340 96 88958
52184 92 199142
83359 65 149071
55270 49 62848
146587 33 228248
148858 95 175602
103833 70 134123
307 67 109842
218513 23 225735
41414 42 109995
211879 100 230564
112614 58 143504
90843 48 143052
192861 18 236407
56619 49 150281
92237 61 94775
50430 67 153711
166266 42 170395
63729 63 195226
170838 92 201094
47658 8 196624
137328 63 184569
118785 21 188893
98121 7 132789
181717 69 190833
185245 56 194677
30922 3 245063
51452 44 230692
123930 23 230286
152193 40 244195
96119 71 107057
35155 44 40008
106127 73 113081
21977 90 92889
77703 90 227289
844 7 194534
89122 20 153313
175428 86 237602
67445 51 248895
79695 32 241725
52176 72 64291
210041 60 237901
71966 52 84843
51843 29 84685
146597 96 199551
26956 76 55108
138930 21 219732
20175 11 171812
6268 62 158081
22102 20 223212
8548 75 45879
142372 44 163349
142423 52 144335
160333 37 162306
77585 24 165848
168815 26 222663
132611 83 200627
32417 32 245659
68468 77 197452
199234 99 202458
83267 39 113403
24600 93 120409
203732 3 224408
8708 75 128095
47946 45 64219
178585 51 224634
89307 50 217151
149926 14 216434
66376 4 78460
73498 42 97667
135796 45 180468
6687 20 211363
62087 86 83913
235391 78 243586
11322 25 113796
43186 16 237036
26453 36 235644
108437 19 196661
173228 33 244944
178279 34 221926
26610 21 72702
142329 16 172359
60063 57 130208
1836 62 246944
126363 63 160523
132992 57 181872
44877 34 68205
69979 21 200472
3734 69 123459
65433 31 201094
58515 52 141202
8507 74 163699
156381 31 247506
58802 10 204318
17412 14 204363
194138 8 220139
61370 36 76461
21678 46 66659
36458 47 173665
111243 85 135583
170434 48 224979
101727 37 113149
10768 37 96281
21728 28 76795
5849 16 129095
107881 53 114158
9124 73 33348
194495 41 196900
63857 88 165775
129477 90 191175
136564 14 191463
178680 67 227928
44645 51 57185
83689 77 85875
33903 22 213158
42077 100 138065
12349 40 88111
98762 36 146739
82627 56 157325
97342 36 147622
219581 18 227345
28298 52 240655
192473 55 238399
66165 6 219103
26759 16 237623
184400 80 206288
64658 77 137925
216876 25 241687
181528 47 213044
5556 35 148049
209823 29 214542
7241 85 49713
105927 49 229030
154615 66 178588
166080 68 199058
48773 8 227140
80732 34 218040
210081 32 223574
14259 73 209852
44989 51 58221
99463 95 219864
10978 48 120744
102713 20 132503
202198 37 213195
45728 85 203320
167139 73 198248
206706 5 242308
42021 33 146024
65872 34 152815
80722 19 229385
141488 79 232711
199098 72 243995
61823 63 140994
16515 9 245984
6112 38 54624
212126 34 236350
24685 50 202479
194409 7 236707
43262 16 172891
155590 6 171733
22141 1 219121
5067 70 84025
20761 83 227120
46267 63 80422
17383 86 235686
98266 59 170233
150515 46 232737
22819 50 84902
134287 51 187975
180714 8 212654
82487 87 215418
1083 63 122761
72520 12 212436
33969 97 233223
77234 68 138359
195155 19 240784
51805 47 244891
94135 75 126919
68182 52 116220
153230 66 159345
102896 34 152369
86028 71 230910
5896 36 196484
58086 7 176627
19224 8 117114
15251 18 73979
20219 48 140918
36397 67 52704
199911 41 244129
101469 6 158506
125381 79 243716
184321 81 220532
3549 7 249185
71012 60 170141
79258 79 215965
46876 61 187393
88985 7 244371
82352 33 94441
18938 92 136539
104489 54 108072
41312 62 149772
240098 29 245826
134055 54 143916
170806 47 201514
107404 50 236225
24791 15 117437
97948 24 228717
65865 33 101400
31154 50 249858
222909 48 224111
42272 31 66958
75574 40 97422
16888 3 23968
9797 52 189287
48986 65 221279
79441 24 80213
54280 2 59104
164570 31 206475
13627 6 48439
79428 11 148654
74464 31 130716
4191 52 92127
97527 71 134535
67983 17 215281
100123 50 122879
78553 20 145812
19734 98 55122
62786 24 89313
86719 71 136611
56630 2 59218
27303 23 217882
123339 5 163787
79394 32 189813
125459 52 134699
48660 88 241895
20672 48 201027
112797 41 247519
146344 10 198317
45732 68 53525
162049 87 172207
193545 30 196066
107349 10 179746
126296 100 151985
93887 57 141789
64744 26 103854
186200 28 199249
77122 12 183380
180419 98 202709
114017 76 135215
193373 16 244555
152470 76 211711
16608 68 56495
35532 29 74138
101472 47 121479
87355 97 89312
24998 32 177428
121179 68 184927
91507 12 127097
512 29 92344
4420 42 208813
72174 22 128332
32225 90 238184
6883 63 46235
196874 78 212377
204952 94 245353
90386 94 140335
71230 66 154996
14185 13 234985
98316 55 115373
20502 49 206517
102041 95 109465
160618 53 195910
150663 89 175913
112360 60 237061
191059 17 191678
76495 62 191411
105175 17 111776
47326 100 119948
10239 72 23017
90760 37 163089
83853 96 129405
26414 74 71094
161018 13 202915
64798 25 68402
35967 17 151047
122028 80 179317
29148 82 113898
67605 97 233337
20836 88 216722
43418 63 174233
21414 24 108886
41163 45 57872
19139 43 98645
235666 47 248510
7727 59 212086
11694 16 73436
4889 90 34545
105424 13 203327
46461 6 208709
132227 61 147278
76542 7 111487
45734 34 186933
86867 47 119706
6761 14 65159
206346 99 216469
47295 72 196237
105237 69 162616
194947 68 222246
63145 13 162654
28017 32 59661
178203 51 244517
112438 90 178810
176244 50 209401
24070 59 75598
101146 9 205394
106247 34 156569
65371 92 98655
217291 41 224326
35857 49 190023
65465 41 82685
105593 61 171661
34634 35 166009
74806 58 170545
66855 36 210029
116660 66 146521
39323 57 203265
21165 3 88150
173157 62 210409
151798 19 245362
155179 69 243248
60892 66 138897
128200 7 236391
39323 38 60741
4431 22 77029
48786 57 247646
114316 5 220934
127863 60 243592
35044 78 170642
23777 41 242385
162804 16 229408
83386 4 225138
10841 58 222253
152084 96 203755
42018 68 68310
116987 20 174439
15446 32 22098
148830 25 162817
107349 70 108900
19533 89 187085
186343 75 243529
84686 62 202387
53523 33 240668
33492 30 51515
25147 21 163028
41861 9 219489
53504 100 244721
34596 53 37419
22955 5 44427
97607 12 241274
117387 41 230451
193002 68 193767
120729 90 143168
52985 62 204727
63114 52 151703
1385 33 129378
180959 94 247594
203434 96 229350
51030 35 131268
109373 40 161681
82055 13 177001
149771 56 176897
134980 1 136679
5713 31 26755
139592 33 178491
83715 33 229388
621 72 223970
129453 23 235573
144936 75 198039
62622 20 242425
77396 12 160891
177359 25 217401
72294 7 213967
142656 5 170413
61346 88 77546
70218 57 96961
46306 83 141056
54252 27 209693
35909 47 201473
114505 37 248968
120087 22 245494
117679 71 191432
120024 43 153791
31175 11 228341
5719 16 249313
197278 55 217794
198597 58 233949
50830 98 75995
57532 6 153324
1354 13 79861
74032 5 154745
145111 76 210463
12392 44 175595
129415 97 151077
23381 93 104446
180173 83 246394
55380 43 242488
75140 20 178637
52610 76 112172
18379 8 88888
102288 13 209799
34589 32 59421
68494 40 221310
81948 6 141258
28108 84 246039
2777 93 34809
111991 89 198017
186090 2 249363
83762 68 166338
101090 61 114620
69790 95 171490
74433 98 225482
213671 20 219071
26544 22 204197
132077 45 174767
118942 30 236771
84766 63 133021
15905 28 211414
171785 42 219792
65557 60 183911
10867 66 183551
65679 61 188231
19836 88 125975
72857 49 185114
121275 42 235902
153734 82 245970
233772 49 242529
17496 37 136876
27167 67 166370
190433 62 195062
65922 14 231340
145891 53 180678
133531 85 203757
13613 83 132082
86226 40 232136
68601 15 92691
132625 74 142508
29155 4 161461
9682 7 172344
157479 90 159372
95400 59 201573
39700 59 49549
24731 38 172659
58962 38 91184
5635 19 35156
98764 44 129181
90105 80 180444
76906 30 201661
201075 96 234456
135757 94 156319
149810 84 231785
21501 97 122777
26619 66 173553
107475 50 159005
27535 22 123185
71785 88 190848
39247 62 136867
217737 8 243617
68891 67 220458
219320 49 221896
111213 85 177642
57119 37 130820
44870 62 163124
56795 53 223502
35071 35 218448
15301 57 146997
143299 9 201135
138752 16 150766
50526 78 70541
89020 99 168795
121586 28 198004
92286 28 117333
45335 75 149508
51807 6 216309
204935 32 217774
31691 35 47087
55036 16 167036
149518 90 173914
153982 23 173485
92167 74 165183
13325 34 222735
201018 37 208411
79729 63 233730
89400 55 236233
202206 86 239217
57266 4 140276
41594 64 192131
66518 95 130083
93883 38 215961
24147 81 26491
128973 98 237810
88564 100 241906
98011 48 105947
167077 100 217670
117383 10 211678
39410 26 245428
29524 8 138143
21230 62 225396
38830 69 59949
89028 89 210410
137252 63 247663
19034 2 221937
91417 32 190101
25264 93 25656
92245 70 122015
4555 69 22258
126092 86 243853
124780 4 160061
133782 97 219572
16083 77 193161
23614 34 182144
191692 3 217339
159571 70 243941
201163 16 211525
127618 49 165495
5202 33 141005
76239 91 104333
1760 46 16589
79991 63 175720
41955 47 83937
264 11 86833
95755 53 224424
39352 98 209551
68760 36 239470
45782 15 201990
7779 23 190101
19121 65 80334
148079 92 221653
101031 75 200275
205044 9 245869
2597 53 87733
38717 20 110387
69345 34 82026
134752 55 224594
42147 84 54146
130850 36 179894
65006 76 110798
86041 26 209196
187178 17 204353
100692 50 149088
19282 4 244593
12585 10 168690
149443 32 162556
183977 64 188643
14824 100 234141
18822 21 102914
18808 2 94590
160535 17 166014
17993 45 215514
85813 42 94838
90999 92 202113
202849 35 241969
47190 34 141759
49695 19 121703
91766 86 163605
79967 77 245454
94500 51 193751
229851 93 238554
199607 56 203055
72589 63 110586
105615 92 242023
162860 96 202203
215456 80 245620
211503 4 234143
10512 90 235782
63224 48 134826
150453 43 205484
44520 75 118601
130001 63 181809
183646 69 231118
79401 47 183852
46287 1 238553
88696 2 227553
58234 8 225436
115161 9 228726
18129 62 163578
112927 51 115123
27921 21 236650
103286 34 187457
184343 1 205257
61489 64 170261
80286 3 193774
137130 68 245664
39008 68 125022
73912 75 174275
34776 85 109198
207282 72 219545
132811 11 136984
20545 64 215141
102485 19 118490
41639 100 182822
171713 97 174988
158965 94 192002
135098 93 164394
31264 22 181413
181153 31 246327
169818 25 171280
127355 90 234647
197102 34 240463
122428 83 225971
45778 47 155372
13886 88 67553
43971 93 232640
158193 74 214958
123954 34 169597
14028 22 128034
5075 71 231399
25349 99 208998
34896 21 157360
41818 36 97945
143343 1 167264
20872 93 238354
54531 39 112590
57768 25 116050
129490 74 223694
45738 33 224307
87132 7 89977
10705 85 118507
123898 1 197427
94606 46 164222
79888 74 207465
67719 13 112392
40603 34 171434
154573 40 170897
42217 8 245126
112208 95 177890
105767 77 124486
210101 69 228802
1013 71 169249
8889 94 239613
36805 54 210362
73095 83 80036
106422 91 112731
24213 45 162390
15325 73 38717
47161 89 178381
100499 39 211860
102661 69 192440
41234 87 72535
127353 69 215720
15339 9 207344
136743 5 236869
131871 89 182161
55481 75 96801
95115 83 222701
101210 76 216275
223933 55 241106
152017 99 177001
159623 65 212348
108499 63 205552
133442 17 146332
93658 31 201207
55834 2 172966
15339 51 205564
34878 22 95236
29489 99 112052
205109 81 214412
53105 78 109761
30827 86 198477
86698 46 204803
96275 86 206028
75925 60 164050
3174 56 120749
62049 29 211912
48061 85 144659
1564 2 193740
148484 87 154846
81688 23 130382
219315 71 232461
78068 66 199345
120841 36 197503
40631 48 149202
15747 85 167360
150644 66 160625
105538 47 174036
30287 72 62719
14000 57 142761
66097 60 142024
158301 47 218085
64795 23 135419
41965 14 238610
16510 46 234450
48343 58 108043
90149 27 188647
55964 58 200321
3863 100 210255
69266 47 199031
229878 94 246086
94765 2 111257
38054 76 102677
20480 86 187994
32295 87 68461
37354 83 186031
99056 100 187770
44175 5 123961
17879 78 34058
56500 71 60478
145001 84 168757
61375 9 189507
52898 85 133647
22857 40 71197
22087 28 180802
163835 90 207652
30871 76 32970
64326 59 202409
26314 27 59139
61599 92 237668
131079 24 220332
83101 15 201184
155002 42 174923
112009 34 182258
51216 84 113347
167533 23 229697
75735 37 114441
166804 96 210302
86598 19 131100
11677 84 169478
135638 19 244640
62880 36 123318
23398 48 44223
110122 91 162634
37350 80 217878
2431 52 153030
176355 23 182860
6024 46 90868
40102 35 231589
3349 18 220976
137899 19 153790
86452 13 227753
188764 30 195195
52028 14 184778
6856 4 179863
4519 41 40025
43165 40 124856
197254 89 217651
74800 48 214236
141026 46 234792
126393 48 214510
79968 12 165663
118969 17 124898
104769 41 168937
32475 27 69041
192376 45 230679
135326 20 189139
66085 8 143894
4258 70 194796
95130 34 106442
182945 74 198349
24357 46 193988
84276 25 248811
136616 55 233193
86713 24 140861
57603 54 139060
10921 54 228875
64628 21 69271
29821 7 148517
16187 13 73120
176367 33 231777
119162 23 136043
41629 84 108956
58052 70 166021
111430 17 194884
120446 11 171846
40629 39 95373
81999 100 245282
79876 26 134887
94353 52 219739
152077 5 233189
42326 57 161789
74496 23 78989
161125 8 162098
155897 84 216366
31871 60 190295
29077 80 179251
234882 24 237715
176279 51 220877
191673 8 194005
36813 60 117177
23700 39 171931
4965 73 241562
136582 45 195294
158280 49 225487
40909 63 196033
139769 64 195269
115686 97 137393
117554 60 142135
47244 45 131435
66450 9 215098
16146 34 30523
29181 8 39995
86215 91 141463
13459 80 70441
190466 71 208545
78986 13 159659
143470 39 231459
6029 53 213553
70108 53 232723
168686 40 239117
134048 48 228103
74655 50 132813
79746 43 197229
171523 76 212671
46245 34 125312
113647 7 146806
102307 22 244396
21524 97 68546
6661 40 59210
171569 22 218514
152158 41 179798
109214 74 204361
66412 42 139533
82608 16 108998
63234 69 223369
30027 50 221670
158087 70 176629
204992 17 217025
15874 80 115481
62206 91 136065
8386 21 86708
55969 50 82270
222180 63 228730
55774 5 170365
111711 86 139005
119083 65 120267
113813 16 218953
20728 49 99478
8569 61 212624
128918 94 223322
137193 99 232015
71168 83 175813
152049 64 157178
130781 27 210368
189690 19 196760
220641 36 233859
9798 28 175699
129248 88 219688
23373 14 152153
82356 75 238084
107817 49 246436
37641 79 147917
29588 67 68654
34712 84 180654
111674 94 242986
62318 7 84642
62100 57 237939
61087 99 182407
102750 7 226080
19545 69 243695
94333 93 142697
57383 50 99356
53531 94 186300
56230 6 169359
120787 30 188820
121425 25 129240
49247 10 116150
80927 73 151097
40943 46 233682
61907 57 64232
118502 51 122544
25356 41 188318
165307 15 191175
106278 45 221659
58722 39 226769
3137 38 166459
1627 55 242692
34871 19 171648
165047 21 233022
98262 20 236712
24483 90 212615
165623 43 171224
178770 44 180069
28601 54 142863
57360 98 70469
55484 79 104825
132280 96 231860
13764 43 145550
39000 18 60006
33078 22 82050
59538 7 110536
83477 29 239409
78894 70 160371
179891 30 183549
64323 58 226664
208704 36 229989
96767 84 226998
5758 77 235229
71503 19 220271
66112 3 179583
42609 82 46038
115945 31 213550
97041 15 163142
221506 88 229142
68485 56 198446
162085 20 187822
48380 70 91229
36380 70 124919
10599 99 112728
123311 3 178889
119447 58 152940
146193 8 167403
32789 13 189779
177635 11 187992
29680 19 133656
20242 56 56979
76633 20 81487
96098 55 210849
23447 3 58693
110377 20 230937
61845 45 82301
38786 72 53442
122553 92 135585
14026 22 109628
55182 68 199053
73605 85 116558
29242 54 173624
100426 52 105405
29505 82 53446
66611 35 220979
89173 68 154608
100442 4 205270
63206 99 137667
48205 90 181628
110202 12 247950
35822 82 182700
126916 4 195706
188236 88 247141
140365 89 189445
163735 20 214278
173470 29 245972
111725 84 243042
192959 34 206108
59494 17 151590
79788 94 223573
58460 20 196550
90752 5 200980
62979 25 127574
47817 71 145293
104298 49 218687
148239 70 224051
6441 79 241734
161676 40 202057
53010 44 168975
12987 29 209278
218051 10 218323
206521 53 244986
228919 30 231183
9466 70 189813
62476 84 216269
2481 89 132823
23820 18 99709
169611 6 184049
165360 27 165554
32942 78 184856
124491 31 213037
71931 52 210769
185880 37 196711
27409 88 229750
20719 96 58148
55818 97 96345
78746 56 154511
124253 80 162684
199628 11 241412
223039 30 244013
51633 53 159839
188592 71 237896
172175 94 214377
573 16 13749
4267 66 152831
4414 48 46910
34177 34 107623
2314 4 160161
34524 34 51115
46789 7 117947
160025 52 216285
137246 56 181432
67012 33 221006
86780 81 233933
47782 19 147016
35085 34 231861
87255 99 141343
161697 64 168184
59456 68 100414
42206 91 154838
69295 8 193075
5155 95 171745
105860 80 143714
6640 83 177523
168628 56 202813
154540 23 227229
18980 21 62694
23520 31 41995
68787 67 157284
41112 84 119918
2823 92 131046
9961 75 85172
63722 50 211451
158624 11 233081
181265 2 235500
137448 40 200056
83498 10 167948
82397 64 226927
108533 70 227421
9999 66 228054
110647 70 163964
162574 1 225896
46869 30 215786
60848 11 168417
38030 85 86910
14445 6 133826
78256 82 234243
177457 4 226585
10362 16 118654
137299 70 143288
15437 50 123843
80720 43 176253
42535 11 206471
62789 65 134748
26509 64 135209
24392 16 101184
83475 86 176472
890 63 27093
100089 3 169056
59703 2 141561
212849 44 232286
19024 23 116739
119900 71 153320
7196 88 74220
187249 25 243613
13577 29 152056
59099 42 208759
77523 89 122034
83225 13 188060
3978 49 152980
97912 47 199143
186391 68 190343
75768 20 175214
105554 4 130732
165856 33 240219
18783 80 24938
125352 26 130360
79047 84 212356
135922 72 194286
96133 76 185487
159511 84 230347
61377 98 225879
9099 66 221575
35950 84 77563
36059 28 226853
213286 35 224476
48385 24 248629
68009 82 139262
108167 25 112054
60955 5 117305
110498 34 162927
87973 88 153121
166298 91 204274
31239 35 70030
63006 74 243311
74272 15 144185
158486 64 182181
16876 22 217504
45546 64 189789
48786 9 51504
81783 44 93277
95058 26 151241
163426 31 218098
14096 26 111867
11553 12 47978
149145 20 167644
8648 89 121299
8544 79 141265
69971 28 187992
57587 99 108760
90024 37 246306
179626 26 184497
18417 55 243418
31946 73 38091
43571 34 55963
10511 71 164139
35958 28 95622
60730 64 198338
55781 19 233178
2734 10 71445
181531 34 233757
85215 29 221418
118428 21 194883
92452 82 186181
197649 92 209166
3822 89 214156
14143 19 229709
192906 14 217219
23767 66 106157
191879 50 248390
44716 89 236440
21270 56 201138
26558 54 71360
51216 81 218356
139561 86 237428
1044 95 115350
24456 29 27407
60170 38 133485
159119 32 160834
16337 32 34046
89557 67 140827
49805 67 199030
204223 18 209761
117366 79 169308
78902 42 125041
27670 39 94913
38142 91 78664
90947 21 130352
48880 32 91473
6163 95 113045
99612 21 148057
102596 13 103243
132654 53 223428
147305 34 163216
206982 2 235529
138271 17 181507
65363 53 70457
82698 49 114695
96491 77 160725
4592 99 55794
97961 70 179616
127463 74 208326
105552 67 151465
38699 6 132496
59074 93 216916
102328 38 146017
20318 72 36688
22808 89 95220
55144 93 145472
132716 26 195990
140320 4 155337
1213 41 234400
67544 41 224255
847 91 57098
121307 55 244465
46084 86 113508
15467 46 81253
203315 41 226038
186507 29 203608
90053 33 124463
46028 32 209477
209662 62 245312
100194 52 172018
128443 9 147583
132602 27 242113
122213 93 148836
123321 73 244542
12299 52 245554
78369 59 173166
2843 77 146465
110562 54 206046
96197 66 211837
6745 80 28135
87018 25 218541
20966 17 240715
59498 52 161817
175500 28 199330
207663 34 222275
147761 47 213903
215626 25 236330
155466 1 222382
70089 1 168959
64146 32 236909
94747 86 247816
211305 89 246293
47354 36 167781
38577 20 239774
197918 27 218549
28376 54 109175
55995 48 121721
137566 52 231092
57464 23 93587
98172 76 106686
57146 69 162658
102165 44 214872
4374 23 59187
32562 49 122321
25490 93 69781
16386 100 219156
189435 65 230311
104699 34 197500
171009 58 216491
120744 28 136196
70997 94 130854
157707 65 167025
185745 79 217603
2075 20 22540
135569 68 149057
15932 23 102664
44879 85 61379
11512 28 50662
82810 73 189037
118602 71 151341
55073 50 115039
206939 13 222294
46030 1 185392
146215 33 172551
82108 61 122067
131788 70 224589
37618 97 130240
23743 19 106888
233811 78 249233
32630 86 139255
4041 74 227237
34551 44 134895
54929 34 247617
78728 16 120836
31731 45 196019
89113 20 224507
15900 17 180196
137327 20 156385
135861 21 221574
150373 48 191565
81486 8 116358
76893 58 142120
71030 72 234044
55175 86 100942
72223 45 114218
122369 72 147794
21606 46 53530
54608 11 54687
64207 98 156513
65158 2 165327
127494 82 135555
53962 42 233350
31542 11 62944
87856 51 134072
35747 2 178920
102845 5 125166
163323 22 174188
216134 87 229235
62410 8 112867
24053 78 104625
91622 77 138513
6784 13 73061
149821 42 227431
2001 7 179434
160336 74 217682
111160 40 207625
76206 63 90548
44082 41 57860
31638 59 63715
27411 94 57583
60098 72 164970
53835 29 224772
117369 92 118446
96294 53 212135
30377 48 31338
7736 14 155975
21712 35 237620
69493 97 127234
124473 88 170639
1419 20 20725
1830 100 88851
95785 59 229800
47910 88 121645
33349 30 150050
22818 97 212805
244558 14 247693
42329 16 232175
49075 60 232164
46757 23 227092
109398 83 229699
53576 52 233919
17974 36 147961
79808 59 200218
84632 1 166660
4088 94 226445
65163 64 80044
6408 81 48233
31278 54 158821
90976 48 182948
134216 96 172479
120928 80 178064
106079 79 220468
17852 29 106490
115646 68 225158
111915 11 232412
11820 40 171684
31468 90 157143
19819 92 189748
28605 5 248824
72828 26 97813
13390 33 202926
19297 6 79858
48001 82 136967
1064 2 69698
179218 92 231194
65924 88 228178
119237 12 174350
45488 15 95828
117873 32 218822
127729 17 216076
45451 46 178085
12540 87 102678
97439 77 180897
157679 83 234288
67644 97 226987
178471 84 238602
125766 25 132812
51468 35 189667
41296 26 53758
52692 62 52802
58652 56 182748
12947 62 242217
128684 37 189774
38048 47 83673
10618 19 220586
14110 52 164315
7514 23 235892
163930 99 179333
2197 87 249286
127821 9 193067
213867 89 224978
10729 49 197064
82852 58 114078
162201 42 211090
11988 90 189060
7640 36 50487
55409 72 230859
108767 57 191476
49980 97 233585
100382 39 134519
79659 68 159157
145723 44 228214
124098 49 242197
39095 25 168382
15620 19 49401
90580 46 121133
132024 43 181287
177362 90 214246
95633 82 190625
59731 57 144165
15760 26 188241
137740 77 242344
183849 92 213972
55133 12 130121
109587 98 159459
77893 86 107789
76907 30 115999
153709 60 244197
60638 14 93781
8819 75 211778
146095 78 194298
2485 50 98779
51484 33 191435
94843 63 101503
18943 8 82391
15913 44 174481
22325 32 87538
75244 45 181145
65814 85 174574
171163 48 191703
87595 3 177547
159282 65 198070
158855 21 242845
148139 41 215125
62234 96 140210
81508 45 241983
21842 83 23219
22425 68 56107
54455 57 117444
21019 96 35804
122544 38 235967
70231 96 79401
89273 82 158225
49364 78 248431
60642 1 65816
67735 72 222906
84529 95 227343
4118 38 246696
25854 92 238191
130824 41 145918
60001 40 172458
219739 24 230511
69743 75 107089
154945 36 189912
59050 75 212349
45133 89 45850
82541 47 148624
95087 98 156277
70191 86 86036
2732 59 139082
73299 89 144651
25492 93 128013
20516 82 220035
138514 8 148889
93822 64 231299
16860 34 217443
59531 56 214543
10356 47 193698
90925 84 196570
36204 75 160058
154080 46 175320
53741 94 120795
59213 77 126933
105539 71 213733
38849 30 193830
17248 17 232740
106266 91 221155
11205 2 212789
87936 23 173682
214769 88 248364
94435 86 207575
88077 47 224257
149496 59 197985
161820 64 237350
58377 3 59459
33217 59 89643
23742 29 147998
50276 88 96796
128878 96 163681
222975 35 235411
12153 42 240164
120455 39 130193
104140 26 187062
74873 31 148802
129911 52 231312
95174 57 133382
105591 69 115854
5883 55 150340
14094 69 198095
132452 11 192968
21078 20 38232
210936 49 213245
42457 49 72275
121147 82 194424
28885 94 133907
71540 58 234602
58075 75 141883
184654 68 224985
200560 25 248585
97092 94 109319
87838 63 200431
133974 98 208976
178901 68 180512
7876 84 216995
97529 18 133538
23263 68 52675
48128 38 145743
188488 51 224240
32751 42 177232
53025 86 199862
59116 35 215207
18832 80 103935
17713 68 36993
46578 35 75178
6096 38 186491
68101 81 215922
47337 40 52285
47553 41 186958
97361 97 232975
49272 11 70707
144784 90 216937
47473 21 222629
38041 98 172003
130595 42 159598
49189 24 122503
72289 51 203661
243233 54 245104
41559 28 78123
92877 14 200747
48630 52 81098
52127 35 216713
206427 27 225960
118613 3 219905
65239 41 118337
114701 37 141810
193239 75 210856
145122 86 178723
8741 70 184444
178412 89 181213
147365 52 189040
50652 22 237896
103172 11 223399
132671 68 196868
2210 56 142143
121760 75 137224
40058 40 82225
196868 5 200586
31858 88 175482
31011 61 66853
96388 99 238094
35681 72 179101
108532 49 246911
57836 87 155374
23922 20 161350
118396 32 206587
84314 13 157026
12141 69 213960
92178 31 142811
100695 64 188944
44023 98 205388
135105 87 235368
108253 9 203873
27887 88 185718
1385 24 93987
94966 39 157741
164203 36 242172
79707 54 208045
89597 44 201280
31361 78 128353
10375 26 175843
54088 52 135091
12020 61 249941
157486 2 191436
35347 27 104213
144473 97 237337
222621 36 242951
20155 18 30440
41058 51 104833
188687 28 248518
69606 76 219871
191166 44 195808
211144 57 234312
33733 53 187514
127684 41 135241
82202 41 134140
146604 92 220279
32883 79 208701
114155 18 191559
80189 50 115895
123554 15 151329
24088 65 205101
79373 90 108632
24949 80 178114
210092 80 219106
11666 51 111917
100966 63 119489
25393 16 65465
147060 81 149854
76019 29 109139
132765 68 170697
132785 67 133081
33558 36 125552
9101 44 118827
24850 27 208927
66179 45 155269
42427 87 69106
185245 53 200402
87666 58 185423
82823 71 156404
88911 77 133226
11824 77 243409
97409 82 220937
76606 74 171344
52659 91 156569
4737 23 85379
83009 13 184377
112998 65 134293
18987 8 34321
88210 100 144686
14838 63 241423
51523 9 216761
11719 27 179927
171184 80 176317
53613 57 232615
60945 10 208021
73850 45 167393
188309 31 211165
113782 55 230247
174808 80 181921
76481 17 166745
14892 4 149022
199674 16 214132
2947 46 163942
43392 19 132898
18805 12 158422
42246 42 215957
175035 51 198384
124540 13 219877
132662 95 176408
11914 70 151665
99593 13 164632
49442 7 206918
72721 34 89363
185258 53 199965
63634 87 143498
143870 59 243866
104220 31 109900
108579 94 138882
173107 15 237049
50595 97 230651
67851 15 95708
1271 56 111598
120485 49 163091
44193 93 196920
133477 34 153020
99087 89 145394
16174 44 248944
20340 45 65205
129690 56 200481
196907 94 201606
187203 70 216234
146902 100 149540
42929 8 102443
64454 70 232364
200957 51 227882
85370 83 127821
215654 27 233033
71912 56 224877
149347 7 174651
1226 76 6759
132057 21 234419
2817 34 208130
77764 4 146789
214997 62 246877
13004 48 218578
166329 32 209677
126388 58 157383
153824 87 205138
198369 28 200107
152980 89 226155
56421 30 79542
67633 50 186112
192804 13 230681
115478 85 197060
48088 90 176767
71161 30 161081
58525 20 186952
103029 48 106493
156941 68 229991
50379 94 216194
130284 32 198672
82277 25 223255
191777 16 235475
127552 18 199923
55433 91 121892
102757 19 126851
157650 28 164214
70895 33 135947
54212 68 165520
114365 73 242368
152619 48 227550
62951 62 161371
137691 29 163368
129435 34 213942
50404 27 148871
20342 9 119190
33713 17 131936
51088 13 60450
21999 26 178219
71638 2 142555
105198 99 225343
63668 45 166366
61852 14 140794
132660 64 166267
45094 10 127490
99128 18 241245
81539 99 156596
87763 15 207414
16986 52 131155
97968 38 206850
9106 46 143956
192391 18 206865
196682 23 197158
97829 38 203983
12041 86 151510
153843 46 165746
13540 92 190052
103458 27 128288
80578 57 193155
20807 90 135136
79406 92 186455
179684 19 202741
83192 1 249743
52395 28 238393
193880 35 207381
21658 62 45150
48353 61 59100
123939 75 198814
157508 20 178034
159755 21 176958
20837 77 168107
183149 67 216414
104086 67 208618
137868 100 227539
224672 71 249666
87960 48 110443
130823 58 200092
188872 58 242832
55732 18 74008
26965 96 119245
158413 80 218021
64481 49 133888
6943 83 143290
168784 100 229189
67264 69 206630
99514 30 245558
33025 9 239859
81193 29 143754
171021 53 175118
126999 96 142255
88631 100 159612
127598 87 150627
124614 11 238900
10203 60 145304
45733 68 169137
145863 55 185391
133862 82 203221
36523 29 132798
50660 87 220616
25299 14 231162
199897 87 227166
5386 81 94727
64994 56 178017
64372 38 123884
24491 6 88765
108460 14 206291
215368 18 225508
54399 45 215599
2708 5 178713
41240 92 246242
29935 85 205530
145605 63 200749
2593 91 74904
106153 57 119826
93212 34 243862
118660 9 169970
15338 49 134878
91214 4 236435
169416 81 242363
1673 9 231765
77334 11 201652
82176 41 229614
12592 59 86949
26914 94 42171
154262 70 200384
63224 27 143361
135265 94 200709
71290 42 98868
97155 78 188781
50233 31 160486
14974 40 162746
153611 69 202161
64334 62 223539
7009 60 200277
131376 24 177140
86098 30 157556
118582 10 159780
122376 56 187613
37101 38 207624
45765 8 202100
5735 29 221810
56655 36 231985
229260 48 239913
184462 43 187094
202567 27 211653
2617 66 213647
35621 26 51339
62785 9 220297
115492 48 141210
80965 51 186357
146979 75 185102
166302 60 201468
140227 10 248717
7147 80 13387
82492 82 223559
45401 81 237431
60677 20 218432
224484 70 245111
162993 67 203439
183987 31 234060
31992 33 221870
23973 32 53378
6108 76 20092
70272 8 201150
111907 45 218600
50864 87 99446
96925 8 189328
35159 28 124359
92215 52 198290
45052 91 184910
79571 42 83106
12428 60 111163
79277 74 105894
30647 44 216915
18154 66 36443
218623 34 247289
47966 87 137295
44329 80 68497
216004 53 227445
201805 61 245134
102943 13 126470
223788 11 236753
89382 61 249910
57497 33 136987
19242 32 237623
165333 53 187261
6348 17 27634
83340 15 143120
173487 95 205474
74551 60 94445
65831 97 202288
79725 6 215332
83354 21 248937
9471 4 81047
93527 55 247221
11166 39 197165
158482 82 233546
35623 82 190118
18086 90 204367
37285 100 221220
142865 34 200283
174082 20 218786
95909 87 192818
34930 15 206574
45394 60 49488
57083 89 156748
124038 56 219402
128130 29 128842
87114 95 128803
79479 86 184268
874 10 249229
80375 23 97152
123812 18 221765
141311 98 227581
68143 34 150331
108209 27 197575
41061 66 171451
72485 75 87113
58657 62 195802
21042 44 116946
85635 29 182375
119439 19 178381
196254 98 203797
18928 45 98679
81569 73 157246
49843 93 206549
89116 58 157230
25571 46 126083
130407 2 195316
26347 90 211347
29153 3 185931
145449 86 248903
2473 14 151196
119117 73 146133
59741 45 234457
30185 70 167845
6853 13 138259
30985 17 73317
124838 25 157559
62992 26 224474
81002 38 172094
67463 53 229753
69505 36 239346
2057 40 230163
14773 51 139860
170817 3 194922
96700 49 194966
35115 93 60706
92460 88 113492
791 40 10627
226480 30 229032
88196 2 230890
85806 76 92430
152335 6 227512
117408 64 185586
58643 15 63223
61166 80 93819
34044 62 101682
3801 100 144280
20348 4 221614
217181 18 217470
230911 6 239665
129250 89 160493
190229 74 241441
75324 8 224814
175468 37 214968
126860 94 174800
118154 91 218705
48534 76 137006
20852 79 218698
79059 66 231888
44582 25 180184
17106 77 213501
324 66 136890
13583 61 199540
47326 33 136925
176171 6 207799
15931 5 198746
25978 42 66523
123224 1 142493
29105 35 222618
51630 77 70081
55103 24 207343
156492 21 170761
46334 88 223906
43867 72 69631
51928 55 207934
79507 82 139947
1845 34 6089
165140 56 241549
109862 72 234990
68597 67 158598
34666 6 108536
69189 10 235075
182303 72 219066
9513 22 110326
90144 27 229503
89117 48 214904
75632 66 112689
100591 95 122075
133088 76 166165
206997 28 243338
61780 65 87142
25274 66 241921
24789 10 217374
71934 22 231034
55588 42 237647
203199 2 205601
8022 56 215213
15690 1 222612
197232 72 247062
156757 96 244729
153032 62 169070
28548 40 29968
59324 68 233329
88948 38 225356
214447 29 227077
29247 41 83387
104334 6 177957
95389 26 210902
17176 9 165795
50900 40 61131
165315 27 212347
86851 71 87533
9704 25 179844
41330 67 167406
6448 72 113006
67828 31 145754
42617 72 147746
17505 29 191634
2978 7 231103
170704 33 227571
105784 74 217706
70478 33 170075
147353 93 166604
37787 86 163528
16842 75 73055
89352 95 123287
58183 27 151391
30864 40 52432
16414 34 46593
91527 59 98881
81894 8 130545
26133 90 48831
150139 35 213936
147078 55 160597
121453 98 247544
188964 40 228952
40009 92 59292
153248 16 242766
13129 12 114796
150090 59 205409
125913 94 227926
6719 15 67409
142761 39 246917
7892 53 110059
44361 59 165321
108084 24 241212
31394 83 59738
184422 34 188785
35973 63 220682
76361 18 213235
178369 39 224501
11250 83 66462
76750 41 88294
135681 54 193868
40901 33 43506
36242 12 45518
179690 66 223077
158027 35 216300
109729 85 173088
96126 87 99170
153496 69 158331
85777 26 212836
154404 65 199128
5924 1 143961
68311 9 217651
9942 71 111105
221211 22 231574
20723 57 165972
139846 21 212573
91639 32 119552
2263 77 94443
48480 40 171313
141137 72 164293
119296 31 148476
94900 47 180583
7835 84 30063
75826 87 136696
6814 55 62563
195849 93 210667
35271 21 115010
70652 71 95336
176657 50 229157
15754 37 231891
94716 66 152508
12335 76 102386
6841 46 27906
68656 78 224939
164496 32 232556
37200 6 217064
70783 27 93041
8159 74 12213
68123 83 130165
173851 11 178887
79670 40 239119
168278 28 188456
201759 64 204629
44152 24 114164
109531 79 174850
71008 78 84155
74670 55 176555
31914 52 50346
40951 80 112684
12357 65 172987
134197 83 158003
12666 8 76191
107575 7 197608
73541 22 215463
9832 85 92684
21561 53 135954
178398 86 218951
60855 27 143136
108593 8 215397
133093 60 241727
15305 78 118637
33003 12 188265
180227 53 192955
120341 60 145515
62650 32 187966
32293 67 121890
18204 25 165307
19401 89 54313
93499 9 120142
40773 74 177810
79492 59 191606
222514 55 227558
27329 19 225012
36807 21 140955
76796 91 80875
44975 11 139272
14571 55 141461
228281 55 237530
32836 65 118287
192458 72 215278
84516 15 129787
134534 89 159192
67180 35 154941
5694 65 216218
98331 90 113398
88844 42 180066
82002 93 85466
16936 30 41846
149235 5 216810
130853 31 160031
17711 65 216759
136739 74 183110
65313 37 215503
137045 83 199017
215289 24 216103
176209 45 177491
43405 32 110330
11676 27 89726
97378 69 162582
91230 79 182898
40337 95 123025
91442 99 217523
113998 67 187379
39311 6 189677
112861 15 179727
34248 26 132248
47036 10 185242
46301 3 93297
116099 37 140723
60294 83 99345
17273 19 83683
217596 62 233783
134438 19 173702
52418 51 113400
29491 79 146311
40097 46 138050
122446 51 185500
198068 97 211681
22204 22 207491
191296 26 249561
13671 56 167449
100355 16 179367
127805 42 242836
23065 73 127874
3064 14 196064
82541 86 91893
11245 78 71687
23651 29 83003
43404 48 237796
4310 45 141240
6897 9 212884
130780 22 166538
80706 7 119537
111760 31 166789
240757 27 242820
40000 20 45349
44053 66 200646
63600 54 241471
94142 2 189607
29378 91 38414
10953 18 205201
46435 63 56744
168600 87 219455
74896 73 207762
71131 43 151281
130545 28 227386
47227 70 239333
5638 17 203077
154023 22 178650
58262 100 157632
142531 46 222482
81664 19 159759
22045 89 75524
145895 74 154285
89340 1 129955
65201 49 120405
98749 33 153286
17190 1 57493
102871 88 184988
140767 39 151765
194967 78 209623
57050 55 112329
147624 93 212391
140241 19 215028
67650 62 195912
28064 79 178305
43375 89 70541
20399 59 130349
97441 43 227960
5836 18 125192
194007 80 221580
127032 78 169749
53795 11 87113
229822 12 246154
50097 96 96088
14709 50 91932
52924 35 155038
107865 40 223895
120437 4 159557
13485 43 60979
148395 44 149374
43313 12 182315
106372 99 248887
38995 39 195035
164257 35 209406
121895 9 239339
16180 8 179406
114400 83 178606
25071 67 201160
128887 63 153277
67746 95 221040
72217 41 145824
17573 85 219831
102795 8 246947
34933 42 57615
113551 47 200840
156100 6 205434
142065 1 216814
187710 63 200638
119530 9 121587
155003 55 176533
159069 75 174483
93521 63 115807
12371 58 238520
190862 32 201409
95225 40 134957
103566 47 119892
53071 73 143342
49308 16 107214
102405 8 222508
200976 16 241015
144920 98 153697
118136 80 200405
17714 2 49053
114842 38 244599
78780 75 123063
121694 6 163678
33822 1 62298
144692 69 196977
71225 99 117532
38807 40 85294
127095 59 218639
150673 52 202812
19542 53 97550
43407 77 139593
15569 28 49637
16469 61 208362
33615 18 160351
5414 77 150846
110735 91 232292
69704 47 236227
43967 25 191570
144171 26 216345
68594 88 216444
64160 98 205323
111713 59 164885
4517 52 13906
19353 78 20644
86064 24 182165
62543 69 114499
21418 67 74988
56991 9 143106
154661 30 175936
43272 72 182573
44730 46 248094
120290 28 182922
142918 36 230205
49934 29 194193
125277 79 185008
205061 62 234892
24021 4 191536
16106 49 112688
28639 82 205000
1525 27 142932
76995 26 100053
98131 25 161874
4560 63 175421
9969 98 18770
10040 15 76913
12653 41 98103
11999 68 138989
96416 79 211240
76757 12 77992
47195 75 139366
86713 54 249420
130288 59 201383
69795 95 92932
88826 42 205172
86333 83 100508
41058 95 114201
95005 7 146280
4303 11 27130
64601 6 201931
80947 25 160791
17571 60 149420
49213 30 97425
53726 53 170685
198697 77 219059
118575 99 194606
25712 7 131607
49637 21 191407
158875 38 239611
149889 40 236756
139860 77 242371
56623 70 238640
97118 85 99232
73145 79 150306
175269 90 215516
58866 22 210120
134033 15 220273
67963 63 136646
3413 74 206698
76187 56 243547
9527 30 51635
66553 20 206274
55403 23 197584
128511 15 204645
110836 80 148852
37192 93 115689
16227 10 211247
77302 5 233883
128295 59 162042
55200 87 195535
158266 32 159746
5807 10 71409
4405 36 30281
38916 61 141046
40308 83 215982
23959 12 140779
112820 60 217282
125463 35 162465
98590 51 237333
76932 42 132241
192013 64 244251
55935 40 92108
15470 47 106785
23900 20 60822
125718 31 240158
44207 23 196625
116454 68 246193
78636 36 211953
85888 55 96598
134483 44 205957
33522 9 58192
55475 79 71811
44433 66 99006
54172 15 228719
19619 22 244179
113142 55 123452
170454 67 244739
10593 79 29395
95680 17 136891
54508 70 179739
156719 84 208834
64042 36 71079
22123 93 25705
121819 90 147105
105107 76 213997
107061 24 246937
63894 72 141841
137456 81 220676
48194 55 172314
109352 89 120253
59075 74 85568
3739 26 243687
134694 64 154678
41460 69 116847
221501 72 238083
83327 44 97663
43852 4 155370
169607 32 213201
5370 18 102588
89847 68 195781
49419 74 49986
6159 65 157009
29456 2 92292
8048 70 77102
39708 53 74989
1595 32 239645
134566 95 153026
106994 31 156426
8183 33 186077
58648 10 208735
227489 71 241319
25636 1 176474
205960 79 224938
25560 94 61308
106402 54 165118
110199 96 181790
9273 12 73555
148648 93 156593
32756 35 43702
55914 72 60537
70622 21 246339
108094 21 110421
112155 27 233407
36036 18 59075
89436 32 95511
230732 65 240945
145614 82 202826
109863 63 188946
9794 17 126698
74771 79 166022
15254 42 102176
129475 51 229479
103219 30 114017
15157 88 92978
53134 85 238824
23230 15 123445
84033 70 162004
59354 61 174812
89949 35 107299
82609 98 229533
66462 3 133410
121124 54 244116
11746 59 197650
168343 75 191766
83212 15 235433
10365 92 248852
129829 96 171610
89212 44 124254
135796 85 207480
138017 9 166745
29370 89 229550
33896 90 202756
47070 44 247874
68950 13 86826
28330 52 218917
58509 37 212842
63340 16 178392
125175 71 190226
54626 87 116977
176842 92 186872
104263 56 211989
142053 91 226459
15080 71 169462
193255 85 203162
200691 89 233830
56270 39 203841
67894 30 196662
130837 24 195258
8119 13 132788
203942 72 217987
140945 2 165947
209345 70 229522
60766 7 97546
10354 98 195101
1358 70 40133
119710 83 195500
16403 8 22706
194998 19 234970
84542 49 185976
68459 10 98819
55368 87 206104
29184 34 110901
25741 98 44906
44720 67 148871
33714 79 126186
79775 95 202307
33916 19 76026
23182 58 95105
215770 1 227852
15746 3 20489
201608 33 206931
122126 76 162175
80284 82 117690
50088 36 138604
3849 49 245172
19575 100 116342
122178 89 225099
37437 64 177225
134158 95 148021
41784 46 215842
84164 40 88843
23368 61 222009
149660 95 185107
77074 90 151585
33804 48 229658
113231 96 211845
69502 83 79117
7189 9 53565
29316 77 61927
91872 17 230081
80929 80 160811
121050 95 134210
136789 61 207070
14440 46 165730
6349 20 136574
92576 72 249326
91540 23 150157
34464 73 101570
88869 23 111264
86115 70 247435
70055 74 105359
173848 84 247507
90903 78 206537
198923 70 242875
60577 5 66212
90037 8 114545
134170 7 243832
218243 17 245533
182139 71 207160
40578 1 238518
89161 39 135732
88637 69 103971
152067 81 216918
114161 2 125228
91705 85 176705
36615 11 244225
11946 46 71770
64539 20 130751
50102 10 85263
97480 94 195139
123379 11 130869
18120 20 102626
156866 56 246343
33090 70 179631
80613 49 176089
169143 17 236577
95912 16 168594
76514 95 219835
73294 1 204639
172442 59 201409
113073 21 173090
86818 64 249509
94983 91 124769
25091 10 210074
43015 81 127643
104019 80 109155
98632 58 229441
76097 95 247166
63843 63 73011
103807 46 137579
58722 51 155663
143842 52 219954
98344 8 115563
27324 68 191358
29423 39 209706
12113 37 240668
34033 47 237796
213746 32 234988
69020 18 101264
81508 90 150381
42895 46 164015
161269 14 208196
28482 51 190619
19119 19 47366
144526 86 167757
23101 10 148986
176806 40 184258
123135 40 141798
231646 29 233950
127287 91 154497
3477 24 43859
177857 3 223576
76488 91 212549
11198 6 87864
138514 48 210522
6885 10 195621
34467 36 220432
137210 1 238827
113123 59 128525
24222 22 40805
156332 57 242946
48551 93 143392
25283 27 182802
31659 39 181204
1702 88 189002
68173 79 208461
98703 8 180379
64944 24 83597
149845 10 232217
3964 49 134279
70736 23 168447
75556 13 117647
15981 55 119476
58911 27 86933
90150 84 141708
45732 98 73771
66686 31 220210
91041 25 107491
30126 85 88815
73057 30 245488
157435 64 188330
144000 17 187999
164556 67 244744
16596 25 85762
3867 8 132773
119066 76 203172
79870 6 229709
15937 11 209204
167894 97 196314
3230 6 41539
59492 60 65534
16640 53 45989
82056 28 148986
104191 33 218877
61745 95 173305
3639 65 77789
73832 45 108351
109547 14 234577
140778 51 241772
212466 84 214710
210914 31 237316
176260 2 204590
43792 70 241008
72845 10 141422
39956 73 85580
138133 88 243944
115458 54 181245
199835 50 242414
45562 8 167480
50211 51 119572
100465 88 123309
11014 79 186074
126518 32 224845
82507 39 217295
90842 70 144690
116851 87 206129
112299 41 183448
28868 41 65201
35222 68 97938
76458 37 158801
103837 83 238148
131022 38 221102
153400 14 209794
50962 20 76756
13011 80 129769
170879 94 229597
109487 36 155717
202941 15 224696
40837 42 41150
201489 37 210302
68703 6 111008
140320 17 218157
136952 1 162250
51565 11 148890
72979 64 227990
46160 80 96007
27102 96 152120
200830 20 204429
77560 48 170778
112408 86 228468
58271 75 78038
10037 35 185088
38996 88 240363
68628 80 171298
115989 36 230299
101886 86 142605
16165 6 158315
156333 4 231346
125230 5 173840
234288 38 246998
162579 98 176921
100949 92 212294
110323 74 215363
34623 36 195959
104863 39 244038
73600 86 135023
8639 65 51447
89872 8 183814
116567 19 205612
56750 66 168170
121291 62 163514
98840 89 230054
135739 40 215391
201618 21 209191
157387 72 206375
107406 92 221217
4414 56 129539
24232 18 87940
85738 43 172323
55908 89 72511
71222 5 167134
166475 88 228671
143057 74 166224
20159 31 57072
49328 26 77165
132708 27 245373
52611 25 115988
12395 12 45644
9532 95 209909
179228 63 227417
45305 90 65625
58584 58 241573
6119 25 104561
59795 17 69597
31270 70 210327
36969 8 203386
156747 90 214603
142428 68 238405
70212 72 206762
63242 26 172435
117965 22 182010
12815 95 18280
67030 40 125647
2835 13 214376
76260 53 128804
90773 35 206923
71092 49 163002
140968 51 221472
68403 66 234614
7650 16 168072
123610 95 184654
88477 22 237633
108656 29 193878
152731 7 184798
107719 22 221076
144781 74 159157
232023 5 243108
32991 92 136111
191686 18 236735
18448 21 204030
5342 14 40754
66133 2 151696
10006 9 163290
12560 3 64614
18766 27 197332
117534 33 222232
70340 8 192321
11637 42 67898
133607 60 193553
190420 22 244350
112699 82 192108
174378 76 214133
192892 25 212268
159710 92 236055
48905 76 236635
88819 84 99494
162156 78 183197
32895 90 197484
183034 69 223235
41256 34 73113
156451 50 203892
9148 96 138791
89580 73 112161
80699 43 123958
187540 9 198738
178547 49 189853
138606 22 236676
97815 93 234174
54529 4 73407
28716 72 211530
127516 70 155838
183690 73 201639
45171 64 247763
32831 82 222910
158518 8 185654
118142 38 147606
11366 68 231026
58151 55 147595
157806 21 229969
499 11 124551
145744 9 156306
53144 1 114268
78118 80 96415
169773 5 226713
152918 50 215328
42902 1 143554
15799 42 101719
147599 86 201686
89670 83 229165
15807 32 183764
61983 43 167521
6934 69 62425
50947 79 88027
8895 29 178278
67120 12 94433
90406 54 151112
43808 35 189595
139368 39 214479
4293 36 97391
51733 67 103478
88736 13 143150
29032 95 137003
55673 89 176443
172337 84 198530
15040 48 146784
153511 52 213419
82690 96 133932
62686 29 181326
176169 69 240180
72212 84 132239
128962 52 150260
67337 2 90357
185888 38 245603
124484 95 183461
20027 65 147881
14681 79 73547
30851 83 246815
81850 96 102085
111381 52 155557
90715 64 125671
11581 83 216590
70643 25 94706
12137 66 81320
43035 35 148236
95046 3 108871
94815 33 104842
47324 6 59790
112212 36 235781
139051 46 219174
205549 21 247509
33947 21 143354
43621 34 43730
15180 16 97164
74581 81 182096
30177 27 88808
149052 47 242880
147714 49 209261
89201 12 157670
101085 51 121958
149832 2 236693
174839 56 246126
34357 21 75361
39721 49 120082
113622 38 129200
37004 9 149554
10139 88 74361
167145 74 196038
154261 27 214014
59995 15 69711
211789 99 237972
48553 47 110938
151566 52 210963
85727 13 142118
5849 90 132655
99720 87 135320
122847 90 153695
73655 56 244506
124676 68 174364
195484 24 233376
938 27 62219
8176 34 236132
85225 90 247526
164210 30 212571
130505 34 246491
195512 22 202733
20490 12 128423
108301 26 229444
57264 68 196390
27564 73 125827
150246 11 245411
99282 82 238973
11088 94 115556
169357 84 183850
107096 39 197134
142830 90 156465
60219 6 141501
156792 6 249127
97907 85 142120
44736 90 138575
92467 40 163314
42682 46 185396
145803 98 201933
52428 4 71400
38126 60 69006
80023 11 238516
148096 16 233493
6087 7 89689
144753 81 151764
23770 4 31208
1255 55 66247
121562 15 141661
11070 93 100795
189938 70 243409
57969 36 104512
179433 87 239378
234910 32 249969
25833 67 90338
68131 5 207766
126690 2 129410
86383 19 117035
105534 6 175624
42059 98 179327
24882 57 120705
155754 52 169369
66822 26 128115
109884 25 216446
66432 45 114908
208151 65 243573
11489 96 111940
82116 86 199251
37682 83 65019
131835 15 139679
86854 16 148540
65348 39 190370
59789 84 167874
26826 50 226831
180106 94 245611
168235 45 184569
122357 48 192404
116245 63 216438
54660 95 87143
63285 21 161562
30298 41 76134
102068 63 232915
51592 24 210322
19353 32 172245
76078 93 153517
64240 46 136228
98210 46 129611
115173 28 238910
22801 76 236273
28429 59 201189
26094 49 99753
39693 9 131977
20569 67 116250
5755 93 228714
142137 17 210571
163884 34 228399
102277 8 230682
88881 71 169352
22276 96 46139
42520 72 68806
46963 62 49048
79152 76 189878
19163 74 70558
189912 27 239808
179031 5 249213
106990 87 214172
18838 95 35366
160378 97 184360
85179 38 92175
71869 77 183100
38307 24 145153
92178 66 193962
66820 48 157113
60072 72 143444
9179 11 73078
133056 27 215196
97560 65 249436
50309 78 94988
94156 71 186220
157204 43 172487
196211 96 214410
55518 83 99182
104875 73 232144
32168 45 194163
55693 67 89008
2950 86 224054
31238 11 76446
108651 94 177816
59146 1 191989
233803 87 238918
23619 3 27140
2480 18 143975
15890 97 149466
134619 12 246081
115861 84 186812
151817 94 207865
170215 42 229750
3539 91 163005
36749 74 111708
13814 43 24716
50046 78 213813
45957 7 147993
98964 31 157785
18307 21 201837
3771 80 84890
139405 30 190212
143277 26 161730
169535 28 191380
146617 23 162331
6908 49 52984
93695 22 104148
31142 91 35527
140465 85 246243
259 25 195890
46983 13 228705
71515 57 131255
32884 29 214984
27711 2 154228
67375 99 199388
22561 63 236621
56579 69 183699
35852 80 147094
28544 95 149983
58765 18 142448
6418 84 169607
115421 65 226445
18 37 124626
109320 31 241493
69773 97 82007
23865 47 82676
45562 15 158362
29703 3 105729
33963 76 122908
67220 49 107252
21102 15 114415
81188 47 111151
54603 6 159435
1803 77 208354
171820 7 196304
28802 26 248690
36328 32 144291
220809 9 226399
90010 14 153667
122252 10 172631
121072 97 220852
74584 71 234182
86783 66 197894
102450 93 226897
73023 25 219122
32155 23 228087
18772 16 192301
154081 82 183747
79013 71 245240
216177 45 236578
65013 70 189808
8223 68 158696
118009 34 178045
126235 87 154270
187439 84 218421
166707 6 208765
91124 60 136200
38032 55 87828
26563 74 211064
171428 80 237014
131154 71 209195
213677 71 226271
61739 98 229674
61466 80 173601
197158 35 202869
32756 14 89680
73474 7 178300
70184 70 176427
213289 70 215439
185460 49 206660
39139 78 71524
136298 54 171679
176123 60 185684
154537 20 197044
66829 28 248668
44422 57 219225
137202 37 185241
127936 45 150417
113610 82 144393
76219 71 155148
101347 70 239563
103167 13 142778
34104 83 150521
85161 86 120133
106793 94 236686
223026 100 242639
2263 23 55596
65830 9 179090
143228 12 242713
104865 14 107075
15191 97 87845
273 17 4095
80221 50 241938
22405 64 214513
