5000
22315 40 71350
97649 74 187165
87488 15 243752
95319 39 135257
140238 27 141436
14280 89 112482
85757 99 184634
112553 87 200542
147665 56 246869
10278 41 204649
88666 47 145284
151848 21 167363
5652 28 138577
116083 37 180145
140366 33 232025
139569 62 227871
165486 17 193549
20716 94 236023
5011 13 151233
90301 10 149565
31014 1 79936
183584 90 239184
5294 32 72289
66426 27 247942
49414 59 207020
7801 91 175898
39586 17 55232
18408 92 241060
44349 74 175112
60381 88 138062
154777 51 185839
168140 16 199950
24607 14 87769
25144 100 83024
172721 10 180513
18910 82 185773
6033 54 7443
125370 92 181783
106997 58 246725
77953 49 246752
52033 36 103618
38012 29 235096
30243 25 67777
168620 6 231106
52734 49 178201
61628 90 117355
51910 27 175227
5261 22 24549
113914 6 220620
173079 42 208536
17751 15 116326
28709 42 132437
30170 16 72140
45620 19 192584
50433 40 139022
137357 27 238665
36727 61 212475
170234 56 187943
10567 100 49277
50337 54 57017
44124 70 62355
17322 12 110915
55666 19 142401
25271 36 214151
42104 82 219191
199090 29 247649
45187 87 90685
191313 38 230985
114186 83 144728
120213 70 139501
92633 43 243466
145771 2 186780
101314 53 188471
25179 81 230175
43988 72 75183
27134 90 89380
115261 92 168711
200690 97 238508
67636 62 118346
125220 58 156413
11118 29 90204
203864 50 236901
43993 40 74861
15799 13 55939
55422 65 109893
232357 4 235263
15906 72 139742
144424 8 161129
36598 97 93369
9027 16 99461
68001 77 178537
11985 34 233624
34645 79 194840
125869 63 126289
56085 17 217105
14203 82 176454
115020 53 135160
43450 14 174469
38195 45 147413
41213 81 242499
21717 80 164902
35259 44 127341
26015 89 243354
10621 23 134604
106253 19 125088
43221 79 227163
225265 94 242438
32288 58 100831
21865 59 223131
129912 4 155861
95926 15 208208
13516 26 125840
147078 58 214757
41318 83 43771
88794 17 212431
64967 81 173160
1930 75 108176
17649 1 93553
80360 15 169973
237632 75 237870
97639 8 227156
15513 24 208416
156869 66 214801
27319 30 174900
97722 46 200675
235039 43 236888
32511 98 58425
51046 70 126686
19098 73 187517
37788 61 204079
47418 14 152649
145696 76 243489
740 66 39946
161009 86 168371
138067 54 235777
215130 35 227004
74695 46 84926
120311 74 121121
59616 17 77403
36566 18 42929
16858 15 116627
67519 58 124509
58622 39 225640
115870 21 162012
156160 82 228063
124932 64 155444
196156 46 223239
57433 58 173457
70149 75 151939
109589 2 138237
162761 6 237169
57635 78 213931
189027 26 241284
28160 67 37863
16776 22 129384
102472 11 148469
1887 92 51982
156056 96 241585
126560 17 162304
36184 79 161648
30501 86 224371
130401 46 171295
38525 76 237692
203144 75 231772
27101 49 40016
162389 79 242855
134422 27 158610
205188 25 219123
165133 86 204218
98485 91 171822
22960 28 247617
57237 4 227424
53436 33 73105
4993 1 65470
112181 77 145240
55139 12 175221
111106 40 196870
12119 48 241248
9016 69 10495
35347 72 108283
19040 68 178652
8456 15 25960
92827 94 211117
107760 30 150295
150376 66 246191
35027 14 169950
74450 63 119114
10616 97 100013
64289 16 109738
85333 44 191476
171155 22 213168
52602 56 114796
56825 31 231803
47167 94 249619
36768 72 67445
27281 47 216034
54165 89 142860
177 58 47491
177558 94 217832
13079 80 236015
67884 6 162299
136958 93 192933
44816 71 48828
92594 66 203099
70512 40 219414
19444 7 81579
66208 47 203993
141682 73 159474
210270 56 228385
3414 70 8085
8981 90 88268
78917 13 134464
81798 86 245359
50268 74 222219
33743 24 101972
12748 6 74613
143963 62 183411
60244 51 192375
137739 36 151288
6192 54 14405
122301 93 123761
158910 68 214728
97409 51 101334
195438 4 225628
151734 78 158868
6478 56 8418
68434 65 122600
586 52 159760
81523 66 161969
189172 18 244783
83900 22 126594
83294 59 147947
121097 78 142224
107899 17 227495
17235 31 199639
42332 87 67353
27421 7 72470
96417 93 141723
1458 86 221968
90023 72 219641
205112 2 227994
25564 51 63124
135872 93 244035
64921 33 78797
16383 2 159918
6831 41 22710
27303 44 177046
82867 12 203735
169591 12 179341
84825 13 112081
33647 49 201537
747 16 98980
59988 7 153357
20986 97 160306
117869 13 200736
140289 88 148560
152033 41 176260
137523 52 195269
156492 18 179203
170644 83 188912
65514 9 118265
124381 12 186695
95141 98 158059
83647 52 105540
133286 82 226422
1794 27 211138
67111 62 219495
43907 75 58145
154437 29 162553
86387 18 228357
114083 29 234744
843 78 219801
108474 88 109189
21570 97 59618
54984 92 210693
101153 83 161688
149796 42 221265
166841 77 174554
149194 40 183509
94431 53 206873
66617 65 161539
94485 27 95589
25290 21 81377
89221 99 102379
78647 5 153586
19644 38 189607
14847 47 238889
8292 7 139787
64058 14 153498
224549 74 228664
118338 19 179037
152428 12 246740
107236 88 169509
7198 54 74295
148923 55 169689
163692 65 208756
165770 93 218788
27335 81 245640
15500 21 47207
85085 84 245381
15703 33 183536
74160 93 143531
157890 85 230600
156003 90 211413
165001 9 224327
160801 62 241560
106372 24 241299
19138 87 148624
153011 34 176066
129942 61 178912
63915 34 212207
74369 85 142089
107516 95 177786
46240 44 99517
56329 46 148643
85720 100 172281
139890 22 154937
109684 83 206422
109750 94 214683
100449 53 155975
134684 70 179451
144669 32 144741
145177 78 168551
48075 66 55728
36769 63 237060
99565 69 212814
92203 8 119727
32739 64 198650
61496 29 101854
164062 77 245319
56263 45 161149
109368 24 177169
37622 58 171008
58595 51 59720
27438 11 149014
220964 24 248272
67367 52 121569
6452 26 238474
132619 91 192684
146775 7 200118
2650 57 187054
153375 56 189211
10566 27 64353
52282 15 182022
45831 63 111472
7168 54 239590
101133 29 164319
3927 34 33155
63181 56 169484
127599 92 136862
114478 79 205191
35085 31 247163
24510 42 77644
9118 41 11054
27432 86 144916
58504 55 150250
80970 73 198141
150268 30 232603
23593 50 199112
55551 49 182834
28352 76 161932
22938 47 153886
223999 23 244880
59118 40 200491
41908 64 82293
17680 83 113862
95454 72 158189
209922 92 242844
118848 71 219889
81088 11 166315
120454 28 225390
153989 56 233040
83333 10 193373
111550 50 164341
36207 62 81175
85172 38 205300
120284 16 216027
192960 21 214369
25522 86 155248
127779 86 224151
37450 69 38750
100803 57 150548
176043 58 209572
155433 67 177713
11634 77 102438
150195 85 235300
108973 57 183499
165231 50 207583
15711 24 130843
98792 10 120814
38171 89 116573
147775 51 181692
144301 10 243689
154058 46 194311
111314 62 175915
26673 18 68796
76191 68 173414
209393 23 218816
48853 43 87470
114726 85 127397
143980 87 235847
40494 59 209022
59053 82 201116
107843 58 232154
126540 35 191499
11016 4 53545
133687 35 195137
39356 38 165337
9621 35 13951
72422 68 195643
63525 87 180138
235828 39 239481
112991 60 127826
151712 73 151857
134631 65 182682
115359 65 219511
152600 11 176662
41302 53 199235
46391 94 70338
129734 53 168660
76305 98 217488
97389 32 125418
147813 55 177397
98409 22 175291
95138 31 141135
136063 13 214862
20630 18 70059
35262 67 163647
132553 28 228840
48804 39 76882
178170 39 239840
42786 46 95626
85217 23 145089
128214 76 242029
123083 23 200736
129380 57 168112
10467 9 214821
122544 71 127367
15972 15 246953
63169 11 151264
34102 38 132781
2261 48 231521
70244 51 205041
111639 73 216343
56102 78 119283
163132 98 210491
42911 66 189298
58066 36 108818
82587 82 83121
7964 46 21999
133834 26 168452
59417 60 140407
10016 67 114368
127714 88 134788
3613 48 113160
56813 11 194034
14004 38 176242
90993 53 238060
145757 34 185202
164454 56 244778
49671 69 58469
137889 99 205783
19055 80 42969
140641 14 231568
108445 7 187802
158553 72 164248
138337 58 197148
122144 75 215513
99760 85 169542
138660 41 196894
144325 31 204350
61991 26 73701
140140 54 177949
94961 7 243783
109098 28 131285
100987 92 107622
4900 92 65156
25330 50 228123
54512 94 211180
28728 12 68261
177367 2 249274
106670 93 224126
96278 84 218039
148760 53 198312
2342 87 119806
6697 39 35083
121286 79 199040
73955 51 163537
148050 55 191218
23711 80 216272
54617 32 244933
108632 35 227690
82438 41 140678
95662 48 137036
121556 13 154124
132007 19 133910
464 58 10886
97296 31 158070
39553 54 160779
128718 79 196185
5134 89 80352
138080 35 153158
4508 70 14400
150318 51 215300
97226 84 193586
38509 49 245751
153359 40 193033
161332 26 188197
9965 91 123639
40317 82 197178
30863 21 38581
158357 74 235702
134427 53 187955
25834 38 98568
175403 91 219122
194403 40 239302
26529 75 122419
94127 47 224736
204381 50 246549
1918 15 230075
6276 96 199811
20899 17 163913
123118 31 247354
134494 27 229074
119135 46 169846
122273 40 223886
153287 66 192218
92520 49 174458
191611 74 235797
103394 17 148499
105394 72 214325
30893 50 185045
28723 45 73340
76888 17 85638
62484 12 246132
31969 71 195554
129100 64 160324
70528 40 116839
145653 41 221458
19712 84 222290
16611 59 132388
123649 100 151250
45726 64 105533
199565 77 210083
151960 53 186837
53294 59 86852
8876 95 10546
37927 16 212609
19483 69 112037
48949 50 204741
164974 55 214182
37429 52 215823
99720 24 211610
7062 97 16850
213691 21 234209
76373 72 125572
13706 77 62154
139074 91 226702
26004 7 169211
118768 11 190772
221048 14 244635
40760 96 65161
169814 35 212069
3753 56 49040
139308 23 157791
147325 12 168736
152207 47 226058
131235 18 172875
212435 23 228564
132929 68 219140
13464 7 82215
8770 9 242141
51049 21 163783
192564 55 242875
72777 58 229799
25975 68 90102
83019 68 129199
202345 92 231176
84 98 101971
145418 29 225315
141372 91 230126
31413 44 87642
37945 84 191052
111513 71 187713
25323 84 50943
123175 2 178310
167080 67 203533
78368 39 245421
101751 81 110180
83280 22 117317
30748 41 92338
227942 62 241137
41375 73 46259
14282 75 243340
31690 14 63621
75248 1 206205
101845 20 238368
71598 37 245424
83606 55 104674
37026 63 212401
17980 82 238196
4223 82 146627
224351 55 227178
105235 50 175386
98848 61 123077
126500 62 199768
152861 30 163187
70485 81 240091
74000 29 97372
53365 18 226562
30125 5 45173
104981 72 164465
118688 59 155899
88469 79 133728
42883 42 163793
76674 71 247507
29945 60 171368
59721 22 221484
29763 29 60666
100460 33 143658
187309 73 207752
43093 6 159318
11027 44 43269
65231 88 208493
186991 35 214523
11120 45 13198
222214 92 233549
106178 80 236955
201971 38 230916
110423 11 175667
83850 36 164507
40377 76 96987
1455 52 194593
32130 95 218257
29667 65 31478
12886 31 39793
38070 47 225120
178019 42 185807
21097 49 97666
53514 49 239112
27728 39 241296
32487 62 68618
146397 46 231591
178716 58 226982
10152 43 207756
110460 75 139627
85302 35 113843
3298 7 204380
73353 66 147661
9449 57 22052
58128 80 117313
58255 25 58387
143637 56 201258
34302 30 41273
13691 94 86655
98572 70 123861
5109 55 160011
124464 4 227437
152107 93 201987
39914 51 58851
215999 8 243943
13776 55 214994
158528 91 190215
5321 60 137780
146731 66 161624
48536 72 226789
90968 15 229791
107577 96 213849
5331 15 144839
20085 65 23455
116620 65 153936
149374 96 166840
134937 60 194748
87713 71 194197
25020 15 131987
67576 99 88181
73176 38 98979
126539 87 156424
87816 80 88817
16686 62 83892
2476 78 29229
14893 56 215471
65198 40 235294
35859 77 119700
149580 18 245791
16046 73 74258
15780 42 54495
60355 19 184040
187890 23 200551
113483 84 129632
140048 29 243293
62576 80 153100
125577 39 210932
7194 82 16269
196995 71 206833
73221 33 203516
218362 82 232669
41769 50 152874
34311 53 147068
97973 99 246073
131718 22 214887
10044 28 119533
66012 81 160654
46492 50 85953
19921 91 91763
74838 48 142697
4513 39 105711
192705 98 211040
58835 16 113105
9974 7 186517
17543 30 99016
143289 2 167418
83356 37 96058
65213 77 77262
76378 10 91545
72650 22 177023
111626 80 232925
176505 3 248316
114659 54 166669
5135 36 249739
19880 55 175732
48600 2 94938
22095 17 42378
43680 59 240687
18645 20 44342
33563 3 77878
109181 27 132659
14027 89 163992
57139 3 206665
99095 46 249049
51053 6 107921
191597 15 206259
65002 53 245167
165173 56 172799
67666 56 90110
199085 85 222125
135902 20 185789
29091 16 48121
202632 14 247794
136498 61 188615
162063 28 228756
117626 45 185264
38469 91 40213
65512 99 173505
126897 92 221514
2050 76 153381
31455 84 86870
39270 52 166337
38123 18 124198
155847 54 177282
31382 14 203882
106848 7 220935
55916 45 180059
64757 31 94288
117110 98 194067
62015 73 131012
102226 28 233177
141478 36 245013
17562 1 244514
171007 91 207609
104756 67 233829
97726 69 119466
79034 43 187124
159945 9 173615
47958 64 75756
62933 65 102568
15511 3 218906
111666 84 161867
26873 35 60635
64285 45 152328
182666 42 205193
65423 61 185062
96077 22 155504
10004 94 17287
4943 78 81774
9039 21 62418
123786 98 141218
72212 73 144293
25480 63 171832
177977 36 208626
63982 24 194003
95352 32 112162
91421 17 95673
84490 41 160932
101698 11 248867
15144 81 53610
56900 25 227224
35257 66 102471
38020 21 104406
26138 4 64997
50539 10 196025
127707 85 210960
88112 17 242198
128058 53 135636
212521 11 244531
181275 26 189118
146642 24 151030
23361 93 132954
1371 37 185509
12050 42 211171
124109 12 160419
119450 40 155030
119017 6 249596
152883 38 249663
65717 87 86546
117475 89 227746
103170 12 175774
30798 43 210897
59666 99 194276
181613 70 196569
113309 92 172893
25849 73 178545
68509 21 72220
30144 46 124270
61316 95 163033
78170 2 133295
88192 42 90266
119208 1 191017
17532 65 139875
80800 73 213833
61944 78 233037
1836 48 217777
8758 73 183793
76552 22 86527
89404 50 243170
51126 83 162579
12912 68 114750
19096 55 176148
87949 68 105261
16724 18 34410
145786 26 201095
121903 47 132893
88 36 180597
42535 19 245579
6959 61 176994
119331 52 168831
186999 47 201292
162322 83 211115
62342 25 138986
8522 50 210304
58088 95 153656
35367 67 163757
13664 70 142890
24505 80 43251
19637 69 123130
32983 6 190188
110449 31 210309
96530 49 160912
36088 96 52381
101607 59 199486
26457 24 128214
96204 51 162427
228044 3 233119
39299 31 165295
65900 65 215960
116190 1 191208
7565 33 106998
79480 52 98481
31611 71 152125
16339 80 200285
79858 1 191357
29104 6 94213
57603 30 230006
143352 44 219753
141560 91 242311
86170 73 183499
36905 87 174278
95880 79 219426
157933 56 168555
136059 41 147249
49024 51 74897
8190 70 62397
9347 7 25438
73851 51 220310
160412 57 202867
219559 38 228620
179558 35 235442
71002 27 230211
168057 67 234123
42294 85 136571
29393 90 99966
7406 13 18032
83780 77 141377
94952 56 177241
79635 54 120083
84836 26 137654
88923 27 117762
155738 96 244078
19487 26 129758
125636 28 240986
698 60 73112
43806 33 115291
199012 82 249586
150414 17 244738
114825 99 228574
87877 72 216648
15741 59 199091
19078 4 139090
182731 80 219890
162842 77 170204
51254 82 85058
66000 95 97497
146228 86 183970
29232 15 174570
11668 39 18496
5247 43 22190
169928 39 205814
48206 60 89033
24876 53 184371
113970 23 184452
151347 84 189003
114628 12 185676
150838 12 189888
10379 97 45502
1880 81 195908
51080 94 166376
137373 47 249426
108700 17 132766
210134 76 223694
205930 50 217980
75864 84 220526
155847 35 210727
83354 61 235790
7954 38 18812
413 15 163014
190198 66 224088
177612 73 222435
42810 30 44878
109363 73 182269
25968 66 117007
150439 49 197400
30760 33 62176
42418 77 99610
9403 66 73325
45768 78 57617
3150 52 108063
106927 55 249900
2207 19 114820
114019 77 245660
1488 56 44265
85863 43 87611
69583 96 127248
18656 74 223827
139780 80 156742
16991 32 149726
158710 85 247309
139015 81 197199
102838 35 174742
28971 78 107654
103640 76 236991
36959 53 188270
25085 47 183679
13632 35 28922
96858 16 151478
98479 87 249197
18356 75 112079
90792 29 99641
78524 73 238935
143148 38 173292
143894 2 204527
113922 83 206983
136801 82 239332
216534 28 239789
57562 13 101449
66111 75 206433
111267 18 151569
32066 52 142442
149828 91 218784
140469 92 203684
122194 27 162132
101253 30 248621
128603 16 174735
180152 79 183918
33094 65 206252
74365 40 100666
72070 47 174383
199530 1 201386
87250 10 219006
166029 52 193777
152666 59 194468
57008 78 104992
152436 77 183024
48396 7 114180
79780 61 127569
227457 68 247589
38515 70 231237
105359 92 216880
44575 14 152138
217154 31 225135
160955 7 171055
211768 10 225419
187936 94 224829
177193 23 189899
27344 26 161018
196926 55 229406
43904 7 64517
156564 74 227807
141090 97 245757
140990 64 162467
65276 43 152779
56321 56 207155
48393 83 172203
61342 12 142256
69215 23 246702
143020 79 216212
92244 15 198496
49715 32 53088
129825 85 219603
17970 6 38669
248 22 205677
109023 79 224145
65973 55 67845
182312 3 223704
2339 10 195015
142998 54 185104
26872 96 169260
46222 36 83361
91229 79 225549
80463 1 176878
154716 63 197898
37144 35 174600
108188 45 120578
102647 7 199002
104708 29 210236
57351 54 248983
157328 16 178683
203624 46 207957
51654 36 101296
6461 100 244121
122323 53 127868
154756 91 223449
26699 9 242777
84235 85 162589
66328 49 68660
96565 20 161084
142483 88 167214
22626 7 33640
25700 9 189510
3015 12 218099
145090 47 191665
36015 80 45981
176678 36 208192
48401 99 238093
181648 67 212261
34364 89 126068
75153 59 155643
9271 61 126900
8861 23 68055
93839 69 227525
69744 78 232642
41195 86 58733
117011 78 168597
62399 96 188025
134025 9 222512
1190 42 162408
5832 15 239179
36386 22 66530
59693 2 66321
147278 91 164927
194208 84 197010
9142 21 197805
158181 13 221762
23563 75 155690
96734 27 204625
144909 13 212189
184707 12 219203
84002 76 168103
100668 13 122953
91304 50 229412
41055 62 117003
52333 17 239662
95536 50 141143
50017 17 181463
17818 71 205379
167435 16 194667
14152 61 246276
11256 65 178973
135464 39 146543
106977 97 206334
145301 17 175153
89977 49 217931
182092 60 233829
64182 40 125708
151659 68 181850
89581 69 187760
32546 44 233712
106839 40 149980
52490 44 146952
32173 29 132707
80910 59 93945
53598 17 217665
23357 89 157921
50932 49 105190
25256 21 138036
96078 64 198907
111615 98 147988
54535 12 93796
7792 82 23282
163978 74 183804
72721 25 91299
123411 39 221312
51744 58 183002
104943 50 242229
169331 96 202878
194440 21 246440
99320 65 112285
132537 37 235545
93699 17 156845
66575 66 124452
18987 4 108071
162154 88 215859
11309 16 87950
90191 26 121464
37754 14 133463
19931 31 228480
48628 7 132570
36202 3 182800
229159 25 249395
69574 60 70709
65862 38 170093
125282 52 209158
14154 57 232257
25573 65 230834
44752 19 107647
103167 95 173590
17861 71 62152
9694 63 133438
71144 67 161867
29542 47 163095
107088 24 234473
70776 5 74187
40770 67 114034
67153 94 201829
116348 58 137685
7703 73 78922
15298 14 106465
136323 39 190951
62176 22 103188
46894 79 124157
82480 78 129840
199963 8 241412
194490 8 220071
27483 28 193052
128040 27 218962
40409 18 74552
72507 87 207544
14396 16 186496
17665 81 163325
79351 94 102860
136172 60 199915
67419 11 128012
75348 90 96423
41896 91 67529
97384 52 174497
6511 11 110640
82362 81 90279
144220 100 195132
52683 83 60999
74206 80 144856
92018 80 199871
177982 23 245424
153390 57 201309
109595 38 158761
44326 29 231008
117373 55 164908
174423 66 180966
135968 6 178852
61032 58 220496
8768 34 229304
328 94 248878
79502 53 218516
25109 92 46107
56914 17 109647
104070 30 120921
53365 36 166594
20809 31 187247
110635 45 136115
103106 39 197484
153610 96 219164
21008 40 59945
54558 26 221811
91662 87 242789
46617 95 240748
197024 50 247261
201078 40 236286
137300 2 247689
74410 95 165627
118529 38 241372
26454 30 238492
39748 38 224649
27674 42 124283
9278 56 135605
88914 76 184615
10210 76 240511
67285 71 228603
110173 78 174858
21167 31 39884
1462 86 239127
83123 92 204083
124477 88 203798
106435 62 179975
33443 9 188073
138413 17 226801
194248 42 195278
26151 79 146408
2824 21 81369
37065 39 165767
3754 78 236143
18761 19 159691
98472 29 99134
117838 38 155518
123910 96 186626
87567 34 197697
161132 28 197045
100132 40 234337
56783 66 97806
117230 2 142622
60950 37 180520
101895 77 118211
118891 66 143635
84766 29 122029
145864 41 155544
153323 42 177303
108734 32 156144
182812 77 248441
57979 1 80416
1173 19 54251
29957 94 90627
95400 68 210681
148397 18 248993
81339 33 194455
12535 53 90571
157060 64 190458
110942 60 246316
186215 9 222089
32495 56 139671
73727 8 91867
1848 24 226473
145028 4 204800
23308 67 123746
154395 6 198654
25310 23 131147
52158 99 59533
50911 92 92689
21470 83 222133
4995 99 135860
88058 78 173484
122259 56 143332
152627 39 159202
5610 11 48476
224109 88 232343
179952 31 209723
43126 16 52574
216170 62 227321
101582 7 205197
15356 61 91868
5949 45 199863
194464 41 239401
85798 78 98843
90089 31 129378
19923 8 200417
33311 46 206121
41620 2 204154
2218 19 100869
159200 100 202583
170298 29 209161
6387 84 189863
61162 80 157290
68903 2 244788
156439 76 172129
131964 40 153756
186008 94 222950
175408 61 234747
60158 71 133512
118675 24 191228
166986 51 238729
106781 3 136878
39883 60 130820
100123 58 238922
22299 34 212294
55990 61 231476
15261 84 205710
45839 18 66045
157093 43 240582
44881 49 111242
213746 72 234363
9970 94 88925
30372 32 200832
17054 11 199355
107580 97 201283
28569 34 241453
36965 90 224137
20573 97 163076
78217 82 222876
50481 19 238186
152812 79 236228
83938 38 225892
71086 35 74807
32618 99 76389
8070 47 44193
6680 80 191811
36643 69 230102
144416 45 245862
34549 12 239485
103428 59 195881
90927 39 179699
23901 96 234528
220949 27 229980
212190 56 248762
150532 62 211996
163153 55 180855
149069 60 239106
72928 42 199944
63908 94 157940
161927 14 232768
52879 71 226533
119803 77 140864
88879 51 242152
73604 85 97065
63793 47 133388
132204 90 242407
22638 52 229515
107004 85 174509
17747 2 25614
149435 58 190579
72636 22 221902
99833 19 112831
28944 9 104608
115560 47 122482
6920 45 235411
48043 28 67171
163220 4 212470
77569 46 122380
36159 6 234957
152832 25 157974
84835 23 98019
49019 50 178729
158132 8 190980
16317 1 229113
71478 59 180493
56010 84 151473
2973 62 111146
1744 24 116853
40262 46 237620
3344 28 119495
75292 60 90121
18579 5 30794
196682 49 221203
87094 43 145663
44907 70 191008
61287 12 197229
156076 29 198775
25247 83 102982
171469 63 175185
110 23 36507
130363 54 199313
44201 17 228834
123174 99 242560
153598 84 177887
9383 33 241807
128345 82 156314
57052 45 186508
105214 1 137903
362 21 191428
55663 74 103139
73492 57 133624
82642 5 170703
210282 22 227702
68641 90 107759
6581 83 159044
175187 50 185169
80500 45 149561
88934 11 228410
58060 90 138571
186480 73 221141
101249 38 247045
121857 90 214665
118579 8 149851
74991 50 171271
55606 24 205920
205092 41 226732
123019 39 199483
130694 95 163365
14966 56 228877
35870 3 36267
119824 90 177316
25231 24 204287
101560 13 108125
2218 56 38809
11671 6 67262
94738 15 206298
119613 14 239702
176202 78 217553
131986 43 170312
5294 19 148683
25517 82 112746
67497 42 243086
149220 18 244143
129983 59 184962
87047 13 230364
103248 86 213133
120642 7 139728
116552 95 145153
101091 90 240048
78266 11 162462
179045 100 246492
66490 1 224483
114958 17 115527
3865 90 69180
26095 25 26728
95898 92 98596
70802 57 204563
133066 89 234351
34125 33 147116
151578 97 223958
24130 7 147952
25676 4 145533
140580 35 147133
101793 6 116007
161900 20 172731
111168 67 174991
141099 27 170753
90846 34 126541
174382 85 194610
87483 36 171001
153828 58 160133
39310 41 128641
52785 95 111939
95 7 162946
90564 39 122467
36178 16 222275
59334 41 89869
150969 63 203093
13116 12 29169
15425 37 208394
35964 34 228181
214874 77 244352
124464 100 166793
113196 59 116376
51706 74 136261
3010 75 97944
127180 75 130860
101637 16 193620
115926 23 172676
89094 67 200382
115154 48 223612
35847 28 236530
32141 14 131649
157067 12 175753
124129 88 191411
67187 10 230922
5110 75 57121
223798 53 227553
105965 54 127627
18157 23 107349
46156 90 214762
240606 28 240906
107141 6 241464
99148 74 232088
149526 28 168417
39296 38 176757
106364 70 207636
128755 75 226432
116200 85 153642
88555 22 139483
40068 68 161889
41951 21 102658
25164 15 80425
38878 7 84093
11245 27 80410
158697 40 244197
50333 11 132053
112241 64 242160
120922 51 188102
8680 32 66928
40408 65 240449
20130 40 171212
211466 23 217470
61347 94 242946
61943 63 237236
36466 57 46848
28815 17 221928
48983 85 195434
165835 57 200051
35231 80 122051
4715 9 184137
47939 54 101710
78107 84 84051
79764 38 196168
115817 89 200552
70305 86 206649
109818 58 183266
45865 60 139222
12524 42 171162
77715 2 128894
46424 2 93585
171253 35 184129
197475 7 207407
29470 95 139744
43566 1 122030
126803 14 172072
68873 84 210974
81956 54 243414
34829 23 97140
207411 36 245186
71372 33 190255
18422 96 216719
131124 27 195846
1317 90 54517
29195 42 85802
214358 77 232347
70243 61 105574
134815 54 148947
28620 52 157516
129932 55 134796
43105 48 144770
191512 26 227221
41808 12 128162
108326 60 199989
27967 78 211462
29897 2 212896
198373 7 229226
34924 84 144246
47427 81 114005
99653 29 135214
25850 8 113941
177646 37 195203
100493 38 128516
42191 92 104309
12450 3 87997
104676 7 229507
2736 87 186116
93796 64 191036
151648 68 208022
78187 5 235873
159326 6 209906
99675 40 122229
149393 77 233415
4576 66 142328
88381 8 97940
86116 32 186953
164523 4 230980
134369 95 239609
90325 43 116867
14815 29 159563
65776 74 98520
42950 55 76867
165114 62 238052
2692 68 76631
141734 25 244653
68099 3 73697
1053 10 216846
5256 1 192044
75453 56 223964
124260 68 247783
78968 24 106321
56592 57 158352
96942 69 200252
61068 4 204155
45702 77 100497
2774 100 184038
105193 1 189961
56408 34 181574
96369 5 224034
163173 69 207235
5709 39 155898
23634 82 206338
157463 87 201969
41216 43 240280
112534 35 128773
8452 74 98570
13541 97 77284
135296 34 217739
189092 74 208307
134212 39 240405
148434 62 176438
17027 13 230410
159836 82 160145
180391 42 220767
83541 55 236852
13044 23 177613
44234 79 67098
217351 35 231268
132642 45 232813
475 80 41300
30484 37 246746
58623 69 179606
49307 52 84994
17976 79 155083
229545 65 238958
144107 51 176255
139535 23 184799
58958 63 196885
123229 70 175772
126801 12 220015
123529 32 248132
181003 75 220010
93563 10 215963
127411 85 222774
40933 19 159785
197542 17 201111
137080 1 218811
73210 14 126156
51747 78 146058
121592 83 186051
211573 88 245427
133081 52 161571
16589 46 83084
92099 4 147978
47690 49 68992
129704 40 220660
58459 10 115143
53656 90 172527
46470 34 55781
29831 35 107027
30633 85 82192
71714 51 182285
146003 32 158640
121628 20 121827
61165 9 139853
124139 59 134619
426 79 67280
5448 66 87494
3523 92 142136
59588 79 112012
83098 77 237639
103277 20 148260
112129 3 228140
87910 56 132742
164484 59 223600
8877 56 18120
144263 50 197593
18782 27 27024
105841 27 186437
157952 76 161921
146957 81 172324
185814 38 232232
44431 83 166997
14156 76 144988
46979 33 146935
31673 94 128914
100143 3 116314
75735 9 129483
33221 14 103680
43369 92 118469
18576 11 142248
179991 86 204362
217905 60 245681
52014 31 238671
55260 47 83676
98637 92 131199
106950 86 209815
150990 86 185511
96163 70 187678
49228 86 202353
79657 79 175112
159535 12 177393
26067 36 197719
20814 46 234912
76066 37 247467
70555 89 164135
58866 32 96201
50062 89 134201
95448 65 246796
5886 67 100311
97830 55 165714
33104 1 175078
60746 93 233832
189191 31 241366
48148 23 189143
61540 38 157555
3667 48 107583
152668 95 182167
7268 79 66197
106438 65 118028
25816 99 154496
104223 81 220060
95850 87 180043
125553 67 145366
139605 90 199216
64898 13 158479
106220 21 210243
177134 9 234167
155825 85 183241
101475 40 222416
21590 74 195254
89623 83 144716
39856 37 165175
154345 35 233299
140190 90 181694
37402 96 173566
158618 45 196329
25777 13 66902
133454 39 206585
80658 38 112474
39993 91 66185
89601 75 94735
1163 80 156781
174880 39 247877
189558 58 229048
89152 24 197807
199934 72 247493
62133 65 91525
9483 97 185248
42541 80 186399
25479 72 190302
145474 99 232835
88262 44 116123
68656 46 165908
4771 52 146210
105700 94 147832
224933 34 248922
114863 61 160553
48092 34 74480
57152 5 109630
9029 14 225228
14846 41 203522
123218 84 124852
184032 45 194762
10668 63 39826
46161 97 87436
129227 84 224238
84743 91 127690
74529 22 96688
47062 89 88852
114554 23 138444
130648 91 199909
15226 46 229438
94521 38 114463
206490 26 218827
77460 33 107505
149215 97 178428
23417 29 240872
148332 94 182145
129659 100 222787
70522 25 118893
59156 31 212684
43116 15 222608
53905 4 132681
14759 40 225564
70371 9 120789
86772 13 244395
202233 46 220997
3459 86 205660
193404 34 239653
159393 80 245893
12609 43 64980
150882 15 193803
76512 74 80921
93110 42 230801
68947 36 220452
52985 61 63442
81489 99 121041
143862 35 168077
29948 87 68314
96582 14 177098
135813 30 166202
201442 40 236097
112305 64 148719
21527 99 57698
93961 48 125285
93582 76 189489
66741 47 100366
52955 24 211780
172815 74 187745
44046 98 228217
189352 63 229874
123772 84 226079
45864 5 196342
169000 62 243854
18440 37 22066
19966 10 218024
148236 35 182717
13343 13 146207
6321 97 246296
41664 25 189092
92504 46 147947
73163 81 104256
206687 40 206899
175706 20 244368
67582 39 94829
26612 5 180243
109002 40 117919
199859 87 215306
94652 70 241420
5516 46 92259
86984 98 172304
108164 69 246887
143315 57 223794
175732 82 229368
35021 48 106509
8707 17 248889
93997 66 247606
1687 15 52055
23826 79 91399
118734 34 123238
165087 80 187758
731 10 238362
57372 49 101680
100909 56 129294
12214 68 195649
86945 1 160281
168354 31 249296
54411 47 133609
111634 74 144310
151729 80 154058
115138 6 205928
18515 100 156378
103043 23 140548
113421 93 135658
13449 60 52046
187273 24 222584
170245 63 215005
24550 27 181629
164362 25 196046
61378 89 136657
8490 28 135423
2476 69 96941
98703 56 206183
35855 5 172460
1765 94 223069
107167 56 137558
53864 14 215568
82380 22 179175
60290 13 201049
9032 91 129461
131972 35 240423
88311 32 175239
116429 92 157700
82207 17 184813
84746 88 246615
53971 54 80849
45051 3 141382
7826 100 148338
26113 91 216750
92142 90 218787
19253 4 223526
40944 49 156160
204965 59 245884
191070 71 232813
109783 23 131297
91507 62 245461
52677 21 57057
187064 33 232176
174928 36 227678
149907 19 194141
32704 88 37842
65367 8 129826
146418 46 216882
22847 24 224649
10486 6 40108
4714 51 229994
95654 26 175270
69468 65 99864
223314 30 233334
55159 33 145839
38269 20 110403
17869 16 103341
7250 48 50062
96 1 248319
78246 69 118823
46076 51 138387
136762 30 152425
31311 5 191884
33886 53 47812
66408 1 206262
110235 80 203464
34545 13 60253
118964 85 168439
41595 19 215444
55074 89 123446
14510 46 182031
235556 33 247088
164315 64 186575
63498 63 147270
53809 90 221597
114952 9 170085
140564 33 247949
5948 57 54251
13930 48 76776
119522 43 219519
176291 47 214438
90470 23 227561
12338 59 130302
73626 91 102910
87442 20 218038
50545 19 215196
81821 97 201402
56489 52 149626
85423 42 236802
179939 54 210400
84132 4 136666
182164 71 197608
154827 36 155545
196990 43 240610
96386 47 221197
73335 52 115902
53816 38 71311
129314 36 235277
139592 26 141559
211160 38 223766
27281 99 161229
160796 33 241684
133520 32 142251
29804 22 197519
160139 60 161325
18855 11 82910
150499 94 186230
36077 12 64708
5308 81 25131
191021 3 213846
42473 5 194166
138085 6 155761
162273 3 226582
173473 4 211599
62140 77 108651
38219 17 186893
110632 10 169718
91925 83 160053
143474 64 193074
13564 91 90839
138269 44 183462
77548 33 182047
56396 69 137903
106089 77 239904
93077 67 102327
82035 69 96160
60447 53 106903
136056 2 141765
11892 58 135161
60215 63 127725
93643 12 143714
11722 36 127067
164862 75 208698
59960 35 130756
24801 100 50163
83515 58 248750
196350 8 241864
82661 63 189780
52626 12 207249
50928 70 135601
59464 57 220214
10428 77 78699
56227 70 150239
67638 29 71319
62183 84 152739
71752 44 202816
185839 31 199478
101748 17 154109
147870 62 235315
56013 11 234642
166065 60 176572
48510 38 143088
48128 75 125143
99346 52 235614
151454 83 246148
227724 9 247018
42147 84 138555
95712 34 142977
124754 80 137046
198247 40 222268
126335 43 207810
162644 60 184426
25552 76 53221
129084 48 213059
84111 99 180605
95268 46 239846
142712 54 249102
95976 33 107995
6793 1 23945
82912 10 125652
36508 2 62824
53535 53 61060
24970 65 131740
51404 17 157176
40985 69 191731
201069 11 221010
134876 47 219517
161806 65 234783
54242 23 219153
23688 63 168357
138737 67 221557
146345 48 227199
15883 18 231623
56647 76 225386
56616 83 127809
93967 43 228625
46412 59 86409
5134 82 76928
148515 96 176821
42621 11 57419
39985 11 56942
39407 35 169629
206326 93 246028
42483 48 53455
18112 38 86482
7882 61 111119
6376 44 41106
43892 27 238754
4128 68 213117
160689 81 246943
71406 27 118649
26782 62 150624
57379 44 157269
9706 5 59328
43208 35 169891
72984 62 206402
112543 68 130017
39897 23 191398
36331 27 161985
102717 94 242992
59296 54 119355
98283 81 219307
107453 11 134923
98622 21 238798
148089 58 158293
42343 1 182425
38798 91 94459
126016 18 228835
87462 3 212837
65375 27 216545
63641 39 157033
26436 65 219775
13232 99 63596
18572 83 128659
41594 22 77702
6067 82 60540
105015 5 118101
56533 56 148263
52973 8 162253
110661 100 184248
5446 80 156120
168980 11 197467
198747 7 230423
185255 87 198780
58577 67 208031
95730 52 216832
151063 16 201779
78234 17 153420
71321 43 172920
94574 82 186272
222568 42 245787
56700 31 204865
27044 19 98870
12785 55 216968
168986 75 183755
64434 31 231101
146927 80 193867
119673 76 139272
155592 75 240083
80847 43 123177
106892 9 132113
19383 26 103871
85349 90 226002
175187 17 199440
98757 20 239037
46119 57 184234
194723 21 214307
155516 40 159018
71589 1 83554
110640 45 226958
79002 88 187294
96053 38 134053
148764 22 244899
172295 77 229833
49529 28 81033
110648 44 146379
57316 96 95721
188599 15 197584
114525 26 249065
17723 15 229233
68257 85 99191
29278 20 52180
77786 45 111122
132307 54 199327
62943 76 79034
23868 29 43619
154919 70 236244
52976 36 181436
28064 45 77387
114 68 194025
98387 14 153145
120653 36 167060
68532 91 172120
96827 94 227090
20761 9 203116
207949 66 240906
32725 84 180948
143691 21 202561
66561 22 105074
141337 13 172974
81568 68 92234
10271 25 26501
143619 56 241281
152684 63 189566
34050 64 97098
78737 38 178582
136819 67 175576
205854 75 235054
51990 14 167308
174108 11 217808
9979 17 202881
71566 87 166452
45435 60 216070
218704 85 242207
16251 64 186554
208485 76 240610
99823 17 225562
98380 87 220594
101644 89 186149
30302 57 66541
123714 19 134803
119129 86 242652
40632 3 248586
27159 77 117999
43597 28 118086
92380 9 126033
38870 51 193631
101007 96 129911
131489 43 179341
93777 40 241795
7572 75 131671
51337 28 130953
64131 23 183205
35307 28 122246
3975 82 4160
70975 88 161452
14120 4 128665
223736 55 240334
16989 75 48847
69028 25 164344
96759 1 207065
140259 38 213551
69762 18 94303
130201 39 154536
656 86 26261
59126 35 110325
16128 78 152478
38645 44 229123
27915 50 183878
73653 22 247304
185138 86 233204
75572 52 148144
96814 50 216577
226720 87 247077
55237 92 97394
178621 98 205784
45386 100 153519
216495 99 216608
14018 79 220707
75717 28 243797
55564 65 61118
222452 18 234562
94132 53 198162
129187 90 193535
145667 94 169626
67455 24 137465
75283 53 115566
167169 96 187094
10400 73 184122
162080 100 179109
185313 22 240653
20103 30 174505
149097 61 201052
190910 86 235172
10512 28 190304
51275 94 78635
11213 84 202202
48452 9 132182
156806 69 208891
53213 70 107850
172252 18 244120
3260 38 87261
144639 47 246269
105318 34 149488
203086 33 231349
7924 96 246698
7586 30 205042
14876 49 232548
33525 45 232390
56195 28 122595
79956 96 150451
36181 79 195636
41579 60 62450
46123 48 234495
52991 41 80562
104761 80 238493
96576 78 158958
144315 8 202246
148871 67 173978
53889 100 192505
149459 97 211884
201648 69 228984
64426 66 120493
73612 21 107734
111604 45 144836
66325 26 77853
19491 51 158555
71347 64 222291
67633 56 222628
22402 28 62466
3721 31 101766
9121 42 25959
218461 26 244389
103806 76 166604
32657 76 187071
115217 16 225597
77213 37 219729
13776 34 28949
193119 6 204998
29072 77 45824
24874 78 206655
142875 80 163581
28444 38 162875
90878 29 189212
104493 39 237881
14613 2 39084
89065 19 179190
52197 64 149219
135193 22 154812
6940 46 234019
21147 23 103336
39739 35 94434
92640 66 112052
27924 64 67872
162321 81 211681
105801 38 126036
44264 3 205088
4508 96 201257
107746 72 185847
83615 37 176962
177774 2 233683
60906 31 212289
99147 23 235746
56856 11 123984
44658 99 224452
59949 82 158687
70436 71 219635
41396 61 171326
174890 46 223614
95862 76 138514
13214 84 18513
101 81 40509
40258 99 177449
149390 18 202022
97025 21 104341
45315 49 139897
153554 5 190575
163025 100 215209
38572 22 190620
174815 93 233741
205305 80 234382
212 50 222893
72741 9 127641
56532 83 111241
212016 24 212933
33773 89 92702
95191 19 185256
72008 68 79803
126204 57 129464
74290 66 180920
37295 15 177992
67260 63 175012
129296 7 176922
25967 45 108319
37014 27 145236
103954 47 163554
119956 19 133297
105278 18 140915
6547 92 153580
15439 34 49929
137607 15 234800
106554 65 223290
51292 8 224713
215089 54 215187
78224 77 243063
109028 43 118429
69468 26 189696
32889 37 141037
32743 79 146973
4430 55 230841
145063 52 190680
120192 12 170241
29186 86 209407
151454 64 209934
144178 86 163229
95527 98 199523
142091 38 169545
11686 30 126108
35582 21 207614
23212 70 128055
103221 49 133662
44956 27 83419
140264 47 183042
50032 8 63986
14142 98 61520
152595 27 212719
321 89 11657
27018 65 98089
69483 54 188262
13764 55 136181
137251 49 157814
39096 9 84583
153522 2 208649
49400 36 76346
9968 14 92316
217623 46 217707
24403 27 136084
16735 18 124073
14247 56 171677
22822 14 211082
3450 45 46663
23947 14 164425
41684 46 117500
20021 54 172440
143271 7 153833
84781 39 244736
28642 20 149715
28324 84 61563
74410 51 127872
89217 95 145479
153444 74 240179
62624 87 73037
95283 4 116019
152687 63 169818
94470 67 181974
95786 100 139256
80325 35 183239
178392 54 219495
173218 64 230359
82699 88 86180
26310 61 150788
21699 61 125939
57120 21 118231
102491 96 147133
7970 94 197205
118298 11 212455
66425 45 129717
107438 43 157238
94928 96 248704
56102 18 86837
142499 61 176549
115390 88 152507
211282 77 244782
199171 26 226142
77422 55 206629
28110 47 158603
71103 45 146376
36161 57 221614
101560 16 119627
20915 97 139252
58787 30 166520
116622 12 124730
22641 43 241932
55895 11 219074
197316 45 231444
103627 17 139165
83336 14 127106
26075 22 98018
50146 65 212777
210229 9 212769
74875 81 112934
20239 54 153683
211581 28 223671
217 65 119248
108060 23 216774
82625 6 135775
23726 95 232669
91707 60 197932
100576 67 244413
158931 78 173100
11966 15 53599
40859 18 48827
35277 63 99154
65984 78 213375
39365 96 166102
966 34 16556
129333 2 158849
42334 1 244542
144978 46 224643
172806 17 246958
10774 77 120708
58562 95 249624
123197 28 149752
1866 1 19922
14751 34 148286
165425 67 216101
87478 42 206350
105302 46 246088
215005 32 247772
73454 40 160528
82299 60 99286
1152 59 119872
12095 75 215560
129660 43 175629
214052 100 232564
66021 15 167634
74613 66 149095
23665 39 81042
68485 63 86421
66727 19 90814
33206 5 128160
68596 89 199989
205812 23 239688
180434 46 217638
20086 83 211016
28888 100 210362
29868 12 140282
41211 10 121197
8714 33 112041
115864 9 140708
10862 77 29753
138797 36 162494
5780 23 110156
100849 70 226497
20726 73 239075
37735 2 87010
78193 32 141280
98755 88 247581
90510 79 107777
140396 28 177485
16715 72 32198
239625 81 240217
201330 40 229926
102235 9 179637
34944 95 107192
75912 18 180070
79904 92 86174
11245 91 61163
45522 22 109442
19365 49 148224
75441 75 89149
3290 29 142685
2735 71 104428
88810 48 122878
2636 3 13796
136773 77 156503
124805 73 129347
85476 39 147933
70356 32 132622
40515 70 87815
172741 43 216397
104266 30 156641
133205 51 134187
73004 91 226880
33628 66 127915
58384 73 126238
147471 27 237914
18894 57 57501
70008 68 240213
106942 2 225430
34434 59 106624
103667 68 174271
158097 45 215655
82323 19 245742
108344 15 194015
118715 19 191391
39455 62 157258
232509 72 245292
33510 52 65797
114195 73 188661
34139 16 169128
159681 55 194191
89092 53 208426
46422 15 229091
79389 98 107569
33295 40 37950
130221 38 189608
74170 15 108609
70779 99 226817
66160 82 125377
171176 21 231841
155556 27 219013
32314 90 59381
1376 26 171031
63082 20 166810
24591 60 231065
168712 89 205172
140493 73 141913
95114 24 235727
105877 67 162986
93813 6 132030
161000 15 187175
220052 60 239791
48354 60 227081
29158 41 50153
174360 12 194886
46907 65 240470
91308 92 237505
118090 95 122572
102189 47 226153
29907 19 65252
121293 29 224400
208096 37 243596
109788 73 140156
188201 34 232323
35999 48 182927
44718 47 70154
182803 87 240795
65512 82 117097
79940 15 105620
73632 92 199849
89329 83 132654
36904 4 248125
99821 82 241246
108568 11 132327
137456 37 200274
12014 72 42050
178314 24 192359
86570 82 115016
6153 64 113168
143709 22 168149
11818 45 197091
153579 34 241168
148571 83 245589
28545 21 245838
13370 85 109989
101377 51 172261
44965 97 95645
141226 82 206593
87278 97 109804
40469 55 233230
158912 95 230261
49581 16 110960
89126 10 232116
151831 60 248967
115724 4 134742
40639 14 208201
33802 76 152866
135056 31 146763
8384 83 197117
189271 88 231843
6810 1 207185
3272 45 219484
75748 81 232358
26917 31 147886
154631 73 178503
8949 40 124277
36192 61 197403
64172 58 69121
26631 93 218754
87617 82 164697
91910 10 222288
75489 43 133706
84441 23 114099
102914 35 228774
204595 5 234210
66126 19 213420
27255 99 140775
50626 32 106583
35078 76 79091
208651 14 217742
2028 93 153063
46957 62 148616
216481 49 217195
70345 20 196808
166268 13 232676
39060 94 170781
200979 34 220840
144120 1 246934
27347 55 29443
37768 96 188077
160850 69 176274
65597 22 85820
135718 53 198737
122352 47 191602
116167 53 218874
2362 30 139577
61041 75 131773
90546 13 209831
48532 82 51273
108074 68 217956
39110 67 217995
171737 32 244988
71213 11 136671
182 21 219911
98304 57 197259
163902 21 180111
214842 55 240868
32971 22 237692
203300 41 210755
2620 87 65334
97731 15 164279
101592 45 236062
63599 8 156514
97402 20 192558
184363 44 220270
103752 48 120312
49199 75 118914
79957 29 211633
125313 14 172518
68511 71 91324
22156 66 69167
118995 88 200157
157097 17 182024
89767 66 162105
19871 82 119860
22448 78 211530
12602 48 187067
7084 80 81633
121195 28 130537
127232 66 184738
1749 23 153068
75073 84 214599
23986 65 67472
140488 4 211800
135386 18 158212
82243 85 174249
64821 39 141300
31756 63 171436
123967 53 233500
83452 26 224072
27543 50 229473
107684 6 157116
58712 69 149926
163753 85 183873
74642 29 126703
105726 23 171690
101874 40 193867
47973 4 105425
53065 11 77944
85686 60 126096
121080 71 180182
86645 74 90128
11402 93 160348
214251 2 241936
138445 89 224289
98570 32 105174
14145 99 157159
52418 59 207833
25953 55 67758
20259 40 84672
91303 42 234621
60336 18 168273
110363 46 217586
102294 25 239910
35606 20 88081
101287 33 205349
137691 28 245351
1134 55 156741
46017 55 184622
6214 70 9882
127158 46 162426
120960 60 130511
34208 73 248482
138195 100 150032
42466 98 44394
12703 76 22872
22499 68 201551
56893 33 122212
99121 70 149505
110261 54 227884
18788 67 92974
43755 54 157830
24466 81 207177
87539 30 117595
10779 52 240343
155115 60 194227
74937 60 120763
179912 72 215942
4633 78 187193
160022 38 211186
153742 7 248093
27651 96 229186
90108 41 107900
18644 96 22768
1530 11 240114
125160 12 134305
164658 84 167171
101126 68 187122
15401 65 54235
42588 99 89383
99117 54 214579
46120 41 130195
47303 37 67265
104011 31 117254
90663 88 97275
37979 65 248458
40069 20 141670
544 87 123527
126549 63 234651
155910 31 165173
121180 28 210249
31288 58 126845
98997 100 168853
3276 38 160520
146190 100 238198
58779 33 94114
4309 91 58875
180227 75 220633
117130 88 179216
55056 94 82339
134205 37 215857
201709 32 204413
53339 35 107459
95384 49 200325
38645 51 156820
20500 98 106232
32330 35 142581
1646 60 30412
34653 37 140867
90809 61 130905
42847 37 233107
125405 3 142441
29719 62 220427
19835 90 82437
47827 73 183726
62379 58 204239
16688 21 226231
150907 94 193203
70475 99 221873
114720 27 152622
222177 72 226619
58522 73 108832
89454 46 173675
12992 75 246003
134872 31 136664
14437 54 141103
4657 67 220323
87000 21 182680
50391 88 121515
33062 70 60005
88318 64 118605
56854 51 125533
162403 21 215350
34113 88 100541
168418 33 244886
88935 52 197678
107694 65 145272
21586 36 112735
42809 20 84927
60791 82 61544
37512 100 151234
201052 22 219871
56561 12 233788
45084 60 211648
81149 95 124392
207407 87 245910
43528 17 126305
67207 2 90951
25625 88 39084
61745 48 92414
72035 72 149916
33833 24 215302
159112 50 171063
176334 55 238207
110810 36 239767
18398 44 47196
101451 26 226884
23290 39 147760
6814 40 43160
172981 87 188464
7653 95 44210
73500 99 216502
77345 22 179176
175480 11 219417
123514 16 248192
16360 4 140805
142380 7 142957
136459 10 242837
28221 41 108173
90358 19 155291
28461 74 178868
7215 61 178580
208468 15 229051
39006 67 230112
115044 96 165532
95902 99 212374
86378 49 219868
1293 78 171759
58839 61 233493
2521 77 173290
44056 100 104192
192433 64 199421
101925 8 111429
10342 26 105473
7425 27 124838
94207 30 245994
1263 1 16791
50221 61 70494
110678 23 152535
193226 35 241095
52078 68 115106
143809 35 153810
40967 16 240623
64255 10 190463
106425 93 159873
45639 63 202480
196367 77 209985
120251 89 176864
30134 80 45782
45523 35 228625
141208 4 243629
32074 75 222999
66382 53 241977
133664 65 171371
54945 97 140347
71611 39 124728
44362 69 216374
51760 14 75171
109926 1 164273
124006 12 164382
200029 56 232060
208426 76 219039
39715 34 165948
37775 47 238721
27682 54 196616
19632 82 149017
149969 78 225651
118148 2 142887
37987 52 60611
100999 19 112726
48269 91 127357
112444 87 173113
63877 48 113065
14777 52 176839
131962 45 227212
137733 32 174535
5922 79 179975
53466 6 213052
46260 8 73986
17309 5 176088
66611 30 203752
53488 47 95557
112579 31 180806
37794 12 176137
31165 66 144045
89992 66 109115
3351 100 184421
49075 21 224149
110415 15 204866
27821 26 175511
82046 10 180847
10149 97 55189
176678 35 210326
200394 80 226454
47149 68 145525
25298 59 192631
100634 95 221166
48955 82 85312
40747 12 243493
40414 88 202972
118001 95 133671
110011 9 139023
1002 22 9656
4890 24 20134
77384 88 208707
20251 65 94208
166343 69 189177
76462 2 127255
81927 7 176328
42099 27 151551
32129 91 40064
26086 44 89116
213125 34 246981
153862 97 221193
31371 62 219155
74469 78 85603
24980 25 53474
131629 88 137913
99876 95 240932
67315 54 242015
22273 86 115935
119448 22 136104
130591 30 141106
136862 6 177173
12451 83 109561
18070 56 57702
57179 34 127311
108319 19 128297
17217 37 73675
55835 26 129774
74890 86 177599
201939 18 228015
113605 13 235609
64442 32 210386
2911 79 172091
126116 53 235273
156569 35 236916
215925 28 222547
66425 21 196399
61262 33 174148
86352 17 133627
166511 39 179031
217038 19 221780
19160 69 30297
1590 95 33551
44163 47 72504
96312 13 110874
188536 95 239734
81495 65 198712
66867 58 68633
144379 39 249133
58865 72 105323
11628 32 248202
56459 68 76787
5128 45 159456
104917 85 241625
29065 34 194340
140623 91 157870
110962 21 128236
157532 47 241945
167857 86 214075
28897 65 187925
53691 85 124462
103810 65 197233
142809 57 198030
38842 22 174226
62278 25 182618
146423 86 228562
129604 98 240048
114746 7 123944
39591 39 48206
36797 18 112536
5605 94 128377
114224 67 160044
119035 11 150844
93110 38 165535
114794 72 151940
81336 24 211497
21734 91 193095
16717 39 162160
42291 22 180250
106727 28 143694
21091 82 229846
102524 75 143784
88441 78 96762
19946 20 23575
5231 38 213900
44276 31 205800
17727 68 84590
11959 99 124410
25786 80 197909
27668 69 138380
14615 86 191593
42508 2 93191
23883 51 234288
64346 26 166115
125480 80 191293
12302 72 112126
154621 59 173869
175037 16 205787
76123 44 82095
77637 88 198366
176344 88 191013
38172 10 174216
178609 85 199712
196276 59 201044
69260 33 242826
35760 18 55799
33360 29 109358
111131 27 145171
103199 37 111755
8215 57 201594
14977 92 215072
50345 4 240730
20468 54 96492
102643 73 116805
38099 74 242689
172928 58 237278
89666 40 248553
6625 5 51360
71684 25 85890
124768 80 202704
121553 97 220599
6189 11 56699
34854 60 61596
89852 37 146348
72583 60 79351
59422 47 244261
209297 22 225051
185077 68 235645
68362 82 173665
223044 60 232626
146943 51 208542
96868 90 137302
77713 13 237065
11892 27 143436
16105 56 125745
35455 60 131906
102785 59 245436
29212 57 82153
90230 74 232208
82282 45 130842
43191 23 137815
2524 96 52332
43430 21 50304
93561 79 170701
111020 38 136924
25671 8 63143
120160 89 239466
17523 19 82285
127298 98 179602
107516 75 218871
63480 17 201939
44874 62 198416
123212 36 138398
21454 69 221833
10429 53 65142
77193 49 142801
91960 59 161870
100351 53 193456
170776 32 210628
771 40 64221
71517 27 122128
179146 8 205928
16069 70 39971
43560 2 58089
89201 10 122497
125234 27 227078
38393 47 122324
43945 22 213830
47686 21 152189
97305 34 230608
187375 2 242140
54905 42 189546
34411 67 69399
78450 100 164670
116553 60 220044
161654 9 208380
120835 13 140963
98371 94 177515
43457 18 129410
93542 98 183883
61860 63 238464
95519 87 215471
220026 43 226665
52654 45 128859
138098 37 221506
106000 1 223616
42435 6 168451
161221 81 162223
41752 100 199950
56626 66 120118
86951 11 190278
96649 18 211295
142078 19 178695
121969 41 152593
70246 94 80954
95605 78 240941
106855 37 107154
207467 75 245253
17107 27 122197
68848 70 237358
50134 41 199741
142102 91 231447
35551 41 109547
143902 66 211417
78283 87 128803
3585 2 191644
43873 8 146469
94410 9 240163
168852 99 241231
37299 14 208277
88402 90 90538
14736 82 213342
83228 46 91481
45474 91 98028
30396 43 70401
122511 73 211887
90527 89 236784
43558 8 96726
65558 39 99914
15362 11 75824
4491 35 162270
107413 84 114015
131581 7 145132
150488 31 231284
63269 98 103719
139785 14 153120
12099 52 36192
43512 92 104270
39496 28 245916
8427 76 216941
56731 41 135779
147703 38 198792
50428 11 133171
64048 100 165644
42062 1 109937
138920 54 224019
68848 11 87089
20318 56 79533
45691 81 128584
154242 89 229121
114789 95 243260
21260 91 166890
92574 57 145418
80827 11 221615
70432 41 161765
84804 75 183989
44114 73 95028
52660 40 89758
159534 43 174690
194614 70 231159
136593 53 188963
128319 73 151547
80648 26 247939
212966 24 219347
28425 28 237783
9227 96 82462
135775 44 137864
180787 19 185630
185618 32 230145
24297 31 242351
223408 12 224161
33608 54 132950
117909 35 156409
9743 73 95123
66842 64 141536
113551 13 211718
40626 96 212417
24140 83 164421
20450 2 212534
154538 67 212935
62066 68 127154
162036 65 173872
41825 70 244584
162253 88 242276
30127 25 101854
199477 34 214266
120691 4 146995
191689 100 229728
164891 90 188096
38250 26 138990
68932 5 140027
163111 48 206224
50662 52 82789
97998 33 218763
3608 86 190188
10411 34 180351
29729 71 226893
104349 49 201318
78614 85 241770
33394 97 56176
77703 5 93207
230496 90 246450
66499 81 162834
3042 29 214504
171950 68 175745
85410 74 125516
25516 87 206038
31075 52 139368
89744 11 210829
115693 83 201934
108784 69 153664
48302 53 135136
441 47 186750
68926 78 213739
6178 23 243746
81224 87 90365
27603 91 109703
26036 47 77200
143169 31 177829
13325 88 119600
46796 67 51695
176631 98 178443
6369 4 187582
185631 71 189830
122595 48 139029
4339 67 220172
95463 2 247787
41895 12 157115
16569 56 225657
154168 62 243793
97478 94 239709
112512 65 203881
91140 9 105533
59023 45 108843
173221 16 249843
35304 51 237791
91500 1 191330
4395 31 190489
50075 38 136054
49697 4 164779
55306 84 98564
23458 39 154820
24437 10 215017
145036 3 203769
43447 8 160387
105671 54 120915
115938 1 227370
74103 95 200188
28508 85 222451
40599 7 62579
95770 10 111111
18205 43 67841
54491 18 116623
203004 25 243107
31809 10 185942
161965 78 204781
43297 5 183087
173906 96 209468
217321 27 225007
128918 41 247867
47872 67 98835
13155 46 166863
48503 54 193913
116725 70 239142
124487 56 128790
117855 55 210015
13269 34 45658
170392 22 205578
186467 33 191194
158672 23 189638
87296 16 139794
61840 40 238752
50083 28 146067
89901 38 237129
78408 80 193610
106120 88 191699
59558 56 200871
231285 61 248315
11408 87 42262
44859 71 103096
34848 62 104975
85249 60 126328
101174 13 108371
201981 7 232635
2896 44 188993
169440 2 223239
72114 93 161580
86847 55 243678
25159 29 219263
80392 44 234132
121220 77 165891
66498 52 204236
103326 99 177959
63249 79 149777
49713 12 137422
125346 6 242482
66837 14 163488
67050 6 191791
193589 61 236351
2364 38 40826
67727 32 90251
1371 46 128383
174451 79 231214
121815 64 175549
41180 67 169964
13660 32 105818
13540 69 227120
47712 97 65271
77846 70 234627
86405 87 109067
104838 1 116333
170941 44 228318
229564 21 236207
53587 95 135403
99530 42 233284
222318 77 232643
12892 93 138688
21594 50 85920
136306 83 146540
123286 8 179645
120820 67 237507
148770 5 189414
124623 94 127485
36859 7 129858
61750 37 146064
47339 9 156703
156383 45 185032
60241 46 183456
114775 91 248469
77161 82 224674
56472 90 133476
137462 88 197731
156157 50 221486
133384 44 209520
83012 7 182575
147630 17 216697
29555 69 89397
195545 68 216247
56773 23 162238
84148 79 153184
129145 95 183450
89494 49 133824
32682 11 243951
60084 10 165380
55093 7 225787
57309 12 219141
9154 93 151425
45007 19 146701
73463 45 216525
34481 31 88979
22313 88 203702
82602 27 158976
56092 65 76624
28540 85 125568
54091 50 105444
99394 32 104275
107879 66 148569
53598 23 215906
84294 67 152037
10400 3 24235
72199 35 233907
71432 84 230788
224837 64 245674
107742 51 177286
144652 95 172956
34986 61 208327
109025 23 163867
98112 78 231401
108184 95 140039
237250 50 237830
58651 25 194702
200817 38 230317
6132 69 58104
116454 60 244913
96463 29 206565
133094 93 237361
191349 44 212531
10769 77 196279
2470 95 241092
50279 3 75820
49667 96 182189
53528 64 190569
96857 82 172550
102375 86 160068
152592 46 198533
71347 26 123205
41224 66 129212
132622 64 153689
56185 85 131421
53443 10 229164
4833 84 29700
44269 22 106908
94659 15 131324
121867 55 186239
32270 43 231769
11416 67 189771
668 14 77281
128803 70 241947
12147 96 197552
5751 16 50284
151569 100 158509
48723 21 196112
97590 45 174775
135409 100 220794
3419 97 163111
108200 42 180373
179407 41 191745
58852 29 192085
126483 3 205728
108306 46 248702
54809 8 164740
145439 17 160225
118531 66 130963
111135 65 115093
23828 74 245022
31443 32 73542
11658 55 244543
112419 26 175597
126295 94 172787
61594 29 121208
46745 52 248854
45416 73 137785
192085 38 246877
107151 4 176074
166280 24 208395
52105 95 91119
11246 8 125311
17049 58 180222
139896 69 187505
134722 46 197296
49408 96 249077
1863 89 131272
53358 13 107404
183186 2 218441
17255 41 185069
112228 57 133903
61730 69 104445
201641 52 247447
81481 89 143099
14632 64 133555
175160 86 191887
12993 99 231030
1648 28 7056
72429 35 78042
166451 55 187401
154194 29 197992
80485 81 172969
46574 53 239120
150708 50 229996
155333 14 242922
141065 20 205157
39319 73 198337
1220 70 232342
90545 25 128591
74825 63 93149
42320 33 177687
72870 45 184323
18019 49 160792
6417 90 65945
28891 4 220239
36892 73 118692
197550 62 213997
99452 82 237323
26874 56 98989
72547 8 219677
172255 32 230878
13978 9 39287
62228 44 241558
44614 90 189195
77226 47 84242
65921 67 161029
38008 5 232499
73277 56 123941
131774 47 135895
104969 19 107980
10803 91 178686
170445 12 220896
39512 5 68436
47678 90 191849
212600 76 232993
19672 46 218276
7348 18 160195
93392 50 206947
77190 77 188229
158690 38 234180
169486 81 214175
108523 48 153170
53545 39 118292
28828 10 44803
171949 70 220540
213858 7 230573
49896 42 132379
98867 15 196074
96814 54 162532
63498 57 213608
182344 10 231716
136842 13 176525
15213 10 213303
83747 85 214999
94800 87 237652
53806 58 133005
15188 49 201079
10265 50 111569
25179 32 179170
1483 33 178263
28876 42 234570
32758 59 36179
9464 76 196920
204687 99 222932
6059 82 242610
49721 46 209495
47789 57 241202
36764 2 110024
44208 16 173647
120840 86 127224
141417 85 231840
43067 74 109395
190189 83 226612
25282 33 63661
75469 85 233872
26525 79 136602
82304 8 236762
130505 27 136767
80628 73 194734
174145 27 181258
79701 59 246843
87223 87 97544
99377 9 190813
114438 62 123982
82255 64 237625
122769 100 181655
185877 86 228607
133306 1 249856
52865 46 217751
70808 80 153544
130814 9 176905
112276 28 136563
11530 77 30531
6186 14 24578
221311 67 245215
110081 15 190372
23917 80 42704
188745 36 232682
39754 62 176316
75275 23 96341
110443 61 132180
64903 36 140128
51215 98 187080
31984 70 143635
139789 37 211084
75415 4 244227
120080 95 151422
59294 30 157950
203376 15 237858
56759 50 106625
19237 69 210058
129145 82 216437
37635 3 136147
13158 10 157420
87004 95 175367
72547 68 115459
48964 97 183113
84897 32 90276
47107 27 186279
69028 59 121426
11956 47 154109
6396 80 90595
46047 42 196129
229832 14 245885
37112 38 233655
90377 65 243787
75616 35 142649
63823 66 215626
31078 50 39156
51376 15 220473
155753 52 179449
6563 68 168963
229596 62 245405
47377 71 155499
20258 86 242502
38214 81 144527
241045 3 246485
174277 77 211905
45934 69 229132
71234 4 73610
137657 56 174215
23308 93 110724
98431 41 151782
188592 32 236002
71850 34 108864
92808 50 132957
75286 63 202326
118946 56 238066
138606 12 145501
48918 31 178436
62432 92 164638
147509 87 208865
44225 96 175307
158773 85 167852
47942 97 66837
42459 40 104536
18916 7 33648
64720 40 80196
104781 30 199607
143079 63 185539
7101 93 64785
2074 44 159749
13546 54 101716
89127 70 142353
68259 31 137958
129752 87 179112
5123 91 135576
55563 79 111597
82191 70 158292
61431 14 190698
56503 66 68065
44449 39 207875
35869 66 241761
56747 6 77350
22715 65 27860
165716 40 228414
64775 48 191199
224652 16 244292
145114 95 186916
79565 14 118251
81153 87 224867
103727 62 172719
186100 28 204646
113820 81 135318
198495 1 217485
210428 80 233196
99795 67 187524
132089 20 239527
115105 39 121058
208927 10 227565
94233 73 168684
47500 30 240081
1402 48 30901
21285 38 235012
71780 40 192721
60010 64 134511
100534 93 122012
2667 90 86974
124665 81 180872
61169 55 133779
90051 80 202687
220097 48 226276
2084 43 55460
38517 80 207423
52972 55 246843
59951 82 165445
3765 67 5772
70446 85 125339
63606 49 146046
26454 12 174735
97357 65 166486
197764 59 227171
70948 22 130020
32287 89 98087
111172 94 207608
118444 53 217220
4468 42 175436
88478 83 115746
91866 96 151494
53453 3 127977
9707 33 37537
188711 79 245955
182898 16 218284
201317 28 210013
432 4 126724
39150 94 163331
53325 19 162289
99647 33 237270
88405 32 127437
3119 13 171621
157213 78 242245
16969 84 149044
135587 77 223120
49684 61 125911
108113 41 173144
157050 79 236414
12106 40 124487
40972 30 58055
119094 42 195617
1282 90 88987
16666 84 224685
2914 60 248150
68062 51 104428
99095 79 236298
25938 66 155673
14137 60 100179
161389 5 173208
62063 62 201686
62418 48 237247
9606 74 134707
163297 88 175125
35263 75 148196
23878 4 110719
220156 17 222209
45073 34 56583
56882 77 57625
167917 99 219237
104822 71 158805
156881 14 190645
200041 94 201523
52277 26 216705
94612 62 239717
172698 33 228779
75698 89 188995
148572 44 212452
104157 5 243704
123301 30 124717
17329 75 202291
52711 64 244694
103437 17 191629
35814 18 53480
30708 81 115888
116545 47 164209
31345 89 164538
1641 22 97010
72049 76 91911
222107 54 239328
184906 72 220373
76025 29 222472
14773 12 231795
17110 46 76332
14929 73 183984
140687 6 206485
10938 76 243911
127873 4 173747
39164 16 48315
186308 94 198264
239157 20 249432
59794 99 181563
151314 75 229367
163800 71 178896
12548 28 106143
16762 70 165071
158527 49 203262
56847 85 136980
20202 3 126142
146919 59 182907
145185 71 189983
16296 53 187269
130613 1 181156
3644 54 21632
107800 57 163188
73634 44 219639
165268 92 209860
56718 52 103344
47727 58 217478
14620 12 189199
60420 35 182697
149483 20 163301
120346 40 153468
37227 8 175308
50383 90 192372
65479 80 212537
153361 51 207275
190701 93 245326
89465 46 103504
39177 90 63658
190997 13 236405
54194 28 179228
3792 14 174544
214656 28 234473
85974 39 169587
4242 25 31351
57779 73 90742
83501 58 202318
2144 33 93442
1604 61 200751
56415 27 70312
50933 77 216867
5494 11 44850
38293 76 236374
125099 93 127627
21852 16 69553
149144 84 233882
147131 5 190655
151725 50 176787
128925 32 135856
54889 98 106554
117487 57 171571
89982 6 211010
15213 2 214813
2931 67 23605
7475 60 142563
190668 43 218571
150608 16 216636
38356 1 249497
123112 40 197674
37320 64 65461
96726 9 168870
1853 50 164341
63725 31 128310
29065 38 41938
167142 5 222604
65114 27 189819
193578 4 219761
129755 71 217760
189365 100 195086
85635 85 157497
7637 18 109967
6751 65 229468
161978 54 246408
139283 24 223095
22175 65 158496
152922 100 206308
3699 50 155847
160200 6 181399
10385 98 215139
190508 59 207242
116664 57 119295
84192 93 177928
4438 7 194012
91375 70 174614
6188 66 60232
30654 61 59426
14453 38 149918
66895 27 100394
31398 1 241885
144083 39 227575
158823 2 227276
6442 99 109251
95665 34 153013
5939 79 78093
121218 99 140552
131756 51 223447
34733 7 212131
67084 52 110264
111475 92 223704
197647 48 210152
176062 45 240411
4148 32 70565
220659 100 237191
3295 95 173383
97156 49 191202
82723 82 205239
164759 76 190395
46049 58 196360
48512 100 70610
23618 16 176465
47996 26 82089
81686 45 153644
140260 61 147698
80947 15 109952
11423 89 24433
146509 27 213988
174661 18 176795
84580 63 146654
149217 78 175818
217635 65 244015
191536 59 202486
32584 6 155230
77609 48 87151
200999 36 234948
76916 57 137375
8947 18 81024
165073 81 222290
71733 96 128226
107118 66 225713
49122 20 81947
61225 35 120543
94612 91 126766
71906 83 132477
210646 8 228616
7724 45 49786
61807 32 193531
156203 40 232273
57778 5 65504
79479 78 238448
70542 85 194384
104319 30 236767
1930 82 130556
89405 78 176016
126068 31 213689
168430 44 228568
109750 37 208687
220470 35 223573
68847 18 218802
140095 39 158321
85078 51 133811
98987 32 249326
51902 92 129927
211820 50 244062
142666 90 165835
77067 99 199017
215314 90 226443
11641 95 28306
42019 68 51734
82395 66 175961
186203 10 235919
79854 92 190759
227731 97 234353
115817 39 238931
39059 71 76612
26721 58 131486
150431 78 219937
61162 2 205600
20784 44 105822
88218 70 116570
103994 62 245575
34493 21 65885
18204 5 201927
16203 91 62199
83141 80 216044
120257 67 157208
162440 25 245753
109518 79 234006
37548 80 134143
163683 52 189941
179557 15 246740
129580 29 142744
70826 91 170345
42466 7 235155
2799 6 24384
95734 64 209550
134819 26 158622
20833 54 93998
29163 100 41909
11881 4 195985
110245 80 156280
120470 2 191090
91220 30 243645
15647 80 241938
31055 73 98175
156831 55 189201
168294 71 231081
61163 52 124549
58724 87 132130
54739 19 163168
81865 85 182739
12276 70 75506
20104 37 72136
75111 74 217153
55062 78 73248
23254 99 131749
49203 11 179303
15641 6 100125
16644 70 151752
39703 93 146906
102984 12 122714
113122 29 140864
125018 5 215671
118877 9 195363
191880 89 212911
157871 89 161267
93566 68 131084
88322 99 241127
81221 45 201871
75948 56 219023
30473 65 181628
69776 51 232576
61924 97 99264
27091 14 100128
237934 33 239626
31569 34 159382
29549 75 103328
160352 36 231868
222286 11 238673
38252 67 91651
16831 51 163806
103650 2 113143
93954 89 210971
1983 96 17288
8591 83 185670
92993 24 162590
43032 13 126732
121625 41 195984
33346 62 139153
34490 78 82021
51183 15 143926
18285 9 106628
126220 7 242580
150322 9 237071
168035 11 217671
77218 51 173700
23279 42 92614
19243 46 195763
17427 50 59832
46891 4 81595
2054 94 146505
79901 51 248155
23598 37 240167
37322 14 123214
41979 48 134721
62794 82 144148
4962 25 121846
97147 40 195319
119847 100 195940
81040 27 89344
98659 76 128998
21155 93 136041
80687 22 155390
11045 8 48391
66516 28 102319
56721 18 76164
78881 8 214021
57457 42 65250
20187 20 158492
188673 42 224976
46626 11 222454
216298 76 230836
56448 67 123132
136928 3 237886
61029 53 89424
112974 14 246414
26279 48 74664
75210 14 90148
138218 44 192077
171608 60 202702
40194 1 80514
11811 74 244877
17222 59 232376
3726 93 19242
13846 84 174065
74467 42 163358
96540 75 249840
59969 35 152163
227860 68 240935
2224 59 19153
141371 89 170964
115752 16 131528
130165 81 156419
90559 35 140859
5750 38 6756
158769 65 162341
112064 95 152912
67540 12 224052
93056 41 174610
153051 3 166631
14260 10 119797
106131 23 173106
30986 100 234106
19587 81 51246
85634 22 91704
60187 25 61155
66785 39 192499
1515 73 164051
159278 47 202604
22199 37 222958
12783 95 214145
128712 50 223898
128680 46 203999
179546 73 216951
31982 24 181231
162313 61 231543
153087 36 194415
107856 41 184740
82199 28 195692
218666 97 229858
145919 21 242876
53203 93 247041
28054 12 63187
67428 32 175432
95448 40 169861
79631 55 177007
48235 53 86325
41280 70 118995
67516 40 249412
42740 26 170372
69021 88 104248
51621 80 215098
100201 28 190456
148284 20 245012
63051 82 217149
84936 90 146934
118819 59 226095
167911 64 248032
101654 59 244578
104485 54 160385
8425 59 137703
81159 47 205607
102556 63 245115
18537 77 111957
114494 47 120510
114067 68 207151
47487 78 223999
180709 15 189263
28771 58 34414
141029 82 220613
24163 57 119798
144455 35 160974
133953 12 164987
22131 48 95790
43755 23 188610
21706 12 54878
101837 36 211097
103239 1 118049
33198 89 243548
165256 25 214207
101256 83 124999
160328 17 243519
92111 41 207742
14314 18 210183
125848 1 224481
29380 13 190184
65007 64 65347
9625 32 24084
156779 39 168924
103987 66 178151
121413 8 214915
7536 15 222355
565 2 232678
173092 81 243126
173769 65 218490
148913 9 183157
101848 51 115735
69078 2 98450
31327 17 230511
100770 51 141926
74899 1 107800
40474 28 207634
96564 47 175630
162720 86 182289
41196 59 232866
117971 96 246347
67197 27 114131
22421 80 244833
85007 13 100817
125416 39 226369
45548 62 47923
57399 10 186574
101346 75 190706
114253 28 204823
115119 14 166876
117112 9 182182
11642 49 43510
25615 73 68593
31393 5 151771
143907 6 189142
85353 57 245597
54797 88 222799
118013 49 148633
8386 20 16955
41879 90 242317
48720 94 121167
60980 32 86862
105579 29 182761
134456 93 174702
45256 85 150168
82048 16 223986
29512 57 222371
33498 59 51918
16487 86 105883
51822 86 203633
12329 19 202662
204912 62 224955
212686 83 238571
135538 30 181211
122541 16 243120
160659 56 209184
47786 4 130522
21853 22 85277
104346 48 184883
79742 23 221072
61941 90 75369
67918 52 144186
6855 14 114872
138106 57 153866
6097 27 12797
117231 53 165935
49506 13 173883
139873 89 158357
17174 72 92949
33409 94 63038
67661 2 242481
47200 57 113572
69151 57 221685
191194 25 209124
180381 36 206848
165087 23 185572
111346 52 119660
83405 9 249555
25485 86 227918
71707 89 185238
93339 17 94958
15176 33 148477
166592 23 195798
42270 67 143079
18761 87 218618
14695 9 224051
94091 4 248759
105267 21 162371
116080 71 209251
71511 1 242723
1071 80 123746
32100 67 186608
51448 9 157666
84999 44 228550
23490 96 164841
38729 34 90322
182118 9 213833
98558 28 213208
161413 84 212209
82918 68 86666
5635 89 82362
113180 21 140007
2017 64 18234
7340 49 131331
129747 54 153764
86921 53 111985
28609 40 244759
37504 88 222840
75431 48 147117
208480 10 240464
176261 72 180499
106310 20 192561
83437 9 116250
29540 95 186711
45400 39 165673
5682 71 227997
79177 94 248517
69281 43 214262
148614 1 180952
25486 5 163980
118488 63 121330
28752 45 202226
24729 6 182119
128067 64 202480
98822 91 126627
170144 53 171680
50750 82 88682
154120 11 200516
81328 7 187140
123084 37 139265
152514 4 211972
531 15 100054
32907 69 160576
21606 82 26466
66137 92 80761
17158 36 196346
105405 99 180409
121880 27 171520
42766 54 76428
20157 45 224701
50472 76 223639
87639 10 158249
55711 74 139483
152459 65 246876
22119 73 210382
151253 22 214300
82609 95 115926
81626 46 136449
55936 79 161461
48415 94 228471
38996 18 140028
53697 95 233600
68101 7 178813
34930 29 120135
157666 41 191693
130001 64 169026
29122 65 154879
145125 84 241656
18799 41 27559
73822 69 105424
13305 27 230612
8936 36 214796
78187 36 146332
4794 48 54464
41220 4 85478
44457 82 90426
32739 85 106507
86259 13 190012
138232 31 238904
51379 49 125122
119096 7 182806
222098 1 228247
99522 20 109123
42254 71 56902
166783 74 204755
93636 85 98181
17347 12 161654
27481 93 226464
24246 47 59029
8027 14 41597
178368 37 226805
115567 100 249041
31299 52 41934
27280 1 35603
82181 90 165827
178756 66 232765
163698 36 222681
16670 41 107887
156430 1 171062
38479 65 240604
41420 22 65908
127853 31 147440
69418 91 183797
122558 63 135784
15144 64 134813
161311 48 170762
41262 80 55185
181498 13 212332
72827 43 167518
77382 39 92818
20483 65 169318
36069 22 211480
2631 75 197134
245555 43 246392
41660 28 230714
109438 17 112351
210497 71 244879
32991 83 183733
43186 74 137273
137792 83 240231
103310 52 229518
21585 6 214771
98961 81 206346
171147 1 207381
25691 39 145223
4920 87 66710
178716 13 198523
172890 73 195574
109291 25 176832
239739 10 246318
95526 58 110226
113369 29 128642
37564 20 81970
120724 77 171262
50126 88 139430
29740 9 116823
140482 81 202529
91859 46 214727
3872 21 181666
105119 12 243303
89042 16 231412
77564 91 203416
56972 68 70473
75112 34 240154
85652 92 115573
244333 19 247606
137179 5 156187
14689 84 221577
73490 8 160967
116337 55 236440
36628 23 201422
168333 74 212021
91325 69 225674
36922 71 72115
23256 55 124329
31815 45 244200
972 30 130951
84379 56 184839
85924 13 213038
138104 58 175119
6235 79 11828
123939 69 135296
217510 13 243538
161104 99 210700
38742 62 125443
111414 64 131962
92307 65 92527
58795 86 232077
26605 27 205503
6291 30 35014
221661 50 225627
175627 35 185289
30181 35 91259
67429 5 67629
92736 66 213408
95640 73 125903
45023 70 56804
89941 95 233502
93885 37 153757
51474 39 173342
33483 9 39778
50121 98 117820
32698 65 245365
2036 28 3023
50183 50 123078
1741 85 54732
35047 75 168933
5491 68 191092
79646 5 212401
112793 48 211509
27442 38 165039
25711 80 215614
32658 6 195051
125645 31 188519
160941 100 216329
54798 56 135784
66492 70 223788
915 62 244901
28034 37 59322
8837 16 243111
174392 11 242432
40005 96 217342
201653 79 249262
14633 82 128107
127154 43 146609
231699 9 239150
23094 69 162327
65521 29 171814
1255 29 233045
122229 90 157193
228929 71 249151
54914 16 126107
98302 87 108361
6345 69 140743
107149 65 211151
101563 20 153206
125995 65 203156
111653 14 160441
189724 99 230839
166235 46 167969
57018 42 225700
132032 65 170825
1694 42 237260
19043 8 222807
44689 24 158770
63407 45 119592
6618 87 47339
70816 34 100414
21450 77 80512
53477 80 126215
77549 33 92596
8802 89 146070
76884 17 215864
87283 38 164329
33304 79 36478
35724 20 217735
146827 16 233469
197756 95 247751
87379 75 220581
10019 13 25263
208148 1 225421
26456 63 32182
5868 86 77410
103282 1 202056
193768 71 226338
144953 12 233737
83522 68 90063
26525 18 247253
110406 28 244426
50331 16 228805
38565 84 65487
85603 83 195536
47544 85 181571
20576 90 131711
23485 14 52139
68915 21 152472
179747 58 228178
53823 96 174543
33512 42 60064
118459 49 194228
11619 93 85135
80703 77 239610
99554 33 151808
13455 84 110304
35827 17 87310
55448 30 127630
107036 92 115141
178550 29 228282
38042 44 104797
101867 71 115825
132164 41 199182
8357 48 154599
9168 54 224952
113394 66 220227
193340 63 249101
176689 27 191805
15995 98 150065
17970 1 62839
62609 60 130931
162217 60 186887
105685 71 138409
27051 89 174715
60099 15 62882
21757 38 169155
58466 99 134570
2266 23 11990
32860 53 128631
196940 2 241685
28915 52 123482
9906 9 102318
65916 34 116487
82135 82 189869
92318 18 238567
143946 86 183812
2254 33 225345
69896 95 140129
63137 72 227453
60248 10 123023
49541 8 225456
59179 38 175753
49942 80 249788
12555 31 43701
3410 95 196124
221527 98 222792
32643 96 151860
12088 81 128296
98239 20 100703
126456 6 177148
234508 18 240672
29572 64 99696
89170 19 192551
150024 27 152149
151734 90 176324
171905 31 204551
59489 75 246418
4610 42 132449
57832 3 181424
50181 4 102319
181663 51 205539
170999 46 223661
82601 78 115917
83452 40 135291
92046 52 197489
130405 76 173923
835 6 198702
156791 32 243864
130328 21 201962
65267 100 112843
68119 88 85744
88671 10 99806
68690 32 180917
17712 78 113588
194122 15 234766
123325 32 134791
80284 68 117700
152068 2 202195
82997 95 224543
82996 4 108650
59897 46 95950
46164 70 79357
25197 94 239284
13270 94 96962
33405 31 46066
23800 77 220017
4050 31 108587
24806 28 221386
93137 76 134095
180174 91 209468
144953 13 149172
40261 50 229900
5366 48 184223
110784 13 244878
33384 49 202706
6843 4 176064
53490 15 143411
28381 71 233900
147479 12 225932
48349 26 136832
157391 89 169687
215462 50 218459
99364 17 182819
41860 86 43076
143387 43 214897
210669 7 243440
10384 39 172413
53517 6 193715
30304 38 54573
67995 37 219751
63146 93 216008
152170 71 177106
33203 28 199996
70271 16 111218
57020 35 232999
202277 34 237590
69929 65 105750
147954 53 227619
182298 26 231671
28630 10 108334
115611 92 164081
215783 50 237668
123390 61 169787
179669 17 208255
172226 22 245234
63049 22 171793
151341 100 201893
48971 77 193952
56174 24 169105
19144 78 195962
108194 76 221691
162153 27 223451
7538 23 220401
56000 75 130299
138436 40 170759
120187 8 162308
42957 40 224005
15429 57 76773
151074 39 203557
70188 2 70621
109846 73 173681
92328 78 164152
82032 77 115335
60876 72 177975
34289 68 175532
10450 82 128346
28757 4 191380
81353 3 232580
111475 81 235935
160809 80 194572
187093 88 239107
57102 28 172473
195923 89 237351
92619 8 109253
110948 83 188354
20307 75 247677
174947 59 247889
154469 64 210547
111107 65 169167
115693 43 200997
170578 34 181526
91513 71 196212
84144 14 229823
114983 25 248478
27456 74 113842
161020 11 184503
35641 82 68975
41477 28 176341
86664 68 206782
5244 98 146541
37932 71 108548
101044 64 138184
13600 8 98460
51905 85 111938
76016 82 86979
143680 28 160479
15949 25 196977
135851 71 144846
114844 45 142226
4168 45 75523
203356 41 208032
108990 28 181734
154759 8 189450
9043 17 176967
102185 6 215666
78386 64 172494
118650 70 136180
49395 24 61439
12617 61 141914
153899 41 238303
98377 48 107332
79437 54 85194
199739 65 238240
124010 37 209865
177754 24 178115
69796 100 91533
182891 17 237684
23782 54 247788
86297 67 151554
59057 30 184101
161592 13 240596
25216 10 71212
148489 97 246105
26602 43 178576
155261 45 244252
8179 80 48763
136473 4 243895
119839 16 187936
25016 21 27140
76466 19 92982
54950 38 135716
141260 84 197005
70292 88 159891
27811 39 87530
85174 38 215566
43235 67 221496
49947 62 227159
86084 14 140177
11429 88 62247
11884 6 175258
18640 61 113116
195599 25 214657
131417 51 148787
31353 81 42436
67515 10 123255
90269 100 137671
236844 36 238531
25555 54 149474
130402 78 156458
137244 6 223275
114644 75 191941
11642 55 65515
11854 79 87420
122444 58 186653
167329 28 167799
26087 85 175634
4192 42 92498
93125 100 146301
184645 32 220191
125898 4 145305
167573 14 169735
210983 20 248656
4138 38 72801
33977 87 123258
89414 26 102355
162959 30 178687
123059 47 155021
112433 61 222216
75147 59 129852
11298 82 117327
5738 1 107441
97612 95 120933
75481 7 179331
25553 54 72859
98473 36 114015
152367 46 233338
199478 99 218426
102796 19 226301
17379 23 76440
222339 71 247017
132285 22 155852
11682 42 44078
141962 98 158060
141533 23 155689
62497 17 243134
74943 35 129743
7475 98 160342
24066 68 76489
58064 32 242533
195510 25 215430
125164 71 150996
17366 3 232486
55404 58 57502
16760 74 130687
26823 91 196687
23951 79 100589
44326 18 115111
53774 46 105476
121821 26 181937
33937 99 186488
41160 22 241660
118660 26 181275
55702 98 222252
89353 39 104442
156123 2 167286
56623 86 243303
53396 32 190297
96219 20 239448
27713 27 63440
111809 38 182956
53668 22 130300
170305 56 202606
118781 33 166352
9701 94 246871
99453 56 165766
26794 42 85611
10541 49 213369
150695 52 180094
78278 17 85000
62471 29 91981
164482 46 219038
72583 33 155755
18608 5 150884
101379 78 212381
86528 96 193847
160307 10 193919
62444 30 192029
93053 81 200614
104866 62 143826
51585 72 144667
23520 79 164846
132765 16 140042
16382 67 159964
48766 16 67593
50879 83 171397
28882 80 165439
60550 99 176388
40974 60 54622
67298 77 206421
70011 27 208390
116462 77 213247
28854 96 128671
19874 74 138564
94978 80 143515
36916 94 96518
75764 13 159106
3153 85 244423
92230 31 106649
148004 100 153179
107399 47 203466
22337 25 233970
19011 5 30280
220762 7 231115
171364 48 219075
28753 92 195404
6087 35 208605
117352 34 235577
128249 2 189134
35259 79 231840
122219 37 157389
160185 24 173309
29927 82 119675
122682 69 140991
26601 19 91038
37365 42 249816
27503 41 120263
5060 33 40115
20385 23 158375
43694 51 224507
52928 76 246999
119847 30 235235
50396 89 193840
17257 95 228853
231021 50 237881
73180 6 154538
142860 50 217124
212530 70 214120
48682 8 190250
3494 43 140899
77694 38 117976
94718 56 166615
52037 78 102165
59992 40 218378
12157 1 194795
40209 53 224175
157094 23 204333
77164 45 94754
189901 59 212871
89996 75 216179
13218 60 65255
24061 98 78518
19738 30 101167
151351 12 188789
53497 74 96302
100554 31 244408
31443 94 159096
107870 28 205096
46479 40 234587
178940 31 184072
24368 91 148976
38330 42 188749
72592 77 152440
158404 49 227301
47614 89 239458
105285 24 214866
138244 89 190963
32457 92 142030
132140 36 150854
220594 25 229613
59612 83 73859
4566 100 224154
900 72 26293
96384 59 245896
116377 69 201336
19038 73 233132
23752 30 205199
130360 81 132362
32079 77 120551
102796 58 193595
138300 84 158241
7113 98 183850
123147 8 203134
52554 53 97844
16472 39 172323
49960 59 100780
7221 97 120868
128267 34 217209
135388 85 198342
142225 93 194396
148344 70 232936
188609 90 202801
81838 31 158146
73492 7 204355
37843 32 138790
144045 11 180230
134192 36 185639
71574 22 221777
40170 41 220928
201292 73 210665
125551 87 199315
205099 89 240808
78388 19 231226
95809 68 245838
67329 15 131516
154319 19 156624
105179 64 232289
43983 19 240201
15112 77 135753
140169 92 163177
170222 64 208747
1687 39 28790
177424 8 195614
74822 65 182379
94818 39 220967
120406 10 233650
191935 52 202333
186110 78 229359
129157 58 197028
35884 71 72852
87098 4 92216
161676 22 201745
106857 51 125175
127000 77 185210
41717 29 80113
214526 18 218506
63836 76 183076
66530 12 150614
58401 80 100459
151490 63 229463
128844 71 248570
204271 30 219551
16009 50 196455
113815 53 130581
41325 80 93020
172214 53 232250
130496 19 243009
84835 46 179243
110283 64 123245
155424 81 213984
70972 17 213104
38286 95 235059
60641 93 141027
166378 72 228144
22284 65 185727
137013 1 158185
192034 40 228761
6185 66 235526
9952 1 187011
149093 86 185340
87622 87 224468
5741 90 139292
156885 88 224657
9366 42 29765
25314 41 243832
45561 79 64443
41824 5 140641
117659 35 228767
144906 26 226899
95514 77 100187
49195 74 230309
194831 80 236316
20429 13 24887
172710 75 199325
23404 90 126692
51058 81 120715
89908 69 243794
184407 80 212755
203600 71 204535
91031 56 142225
135520 20 242427
205469 36 227323
72282 80 184765
87096 29 201032
137541 23 159316
38349 10 173371
91052 44 116482
160594 51 246762
143874 61 215589
150727 75 171763
172643 77 204205
78551 32 212627
70208 3 104090
4356 10 223289
64658 6 223958
12084 68 163183
95587 50 106702
141150 35 151812
137720 77 139008
197477 34 205452
54935 11 100780
62497 99 84143
136681 91 183822
13139 52 42734
44017 29 238534
75876 4 157970
52801 1 247560
46636 32 193747
19558 75 101837
159446 24 217711
127999 50 188773
109989 69 158118
51584 56 212842
65391 98 109234
25304 33 55943
141603 95 148778
53165 41 94156
28915 85 65773
105787 43 163930
121084 24 149063
60247 28 139911
546 49 152363
141138 3 215721
97974 58 229654
9673 38 136624
65447 54 177305
95496 91 246010
60126 44 65241
145008 72 167896
57696 52 116755
90065 37 227519
109532 32 202483
20438 100 205785
37211 49 84093
184623 93 203728
28636 61 210675
195171 76 198333
5062 88 120894
181000 27 227933
114940 100 172246
98314 88 213832
83286 98 229307
59009 16 216531
28119 27 140309
5215 88 192094
44411 4 223641
40825 66 107672
42426 70 52736
93992 5 107652
153674 76 206489
107306 49 141092
135733 40 182969
119738 70 181700
48877 95 141502
43349 50 116113
102539 80 118523
27444 97 186224
84307 60 208039
175413 2 245126
43507 63 108693
12129 78 130786
62532 10 235010
71528 93 144672
58247 86 152675
172801 20 182597
162580 48 249928
57315 42 89938
33302 32 142817
92229 19 175437
130885 96 148578
97749 39 158846
75267 82 202652
22155 36 161251
64932 27 183731
174140 7 191292
191837 74 225720
89388 34 235667
32430 95 220416
100023 44 237480
34085 8 245686
141934 73 187381
83997 3 98891
69246 31 225395
41366 68 245883
30419 3 85642
22856 90 217493
79077 67 212298
223484 26 225262
71198 41 187778
116139 80 215562
134783 14 240885
104450 7 185112
11341 36 66139
62700 55 194042
83039 27 163626
197287 97 225044
71935 25 228574
197292 14 198616
36446 99 190191
40236 56 42071
99333 46 242859
170766 41 186414
98191 41 236799
150130 34 189125
129777 12 183456
10210 12 225178
447 40 5979
70029 80 126584
152954 9 182384
67099 43 115804
100644 70 174929
56337 59 153774
