5000
69250 93 246083
116338 48 181569
181 51 166193
79481 44 244623
34674 93 84333
71916 76 174199
149918 76 205287
119702 64 138354
119697 82 232516
157451 79 247880
107424 56 154432
46947 38 161345
46810 50 93859
15410 91 206528
64752 74 79329
167121 64 182331
30575 38 171736
65877 43 106536
180559 74 231460
147811 97 157950
150772 1 225461
94212 41 171912
79809 26 162199
165714 13 199110
211684 3 239257
48836 7 205132
148606 44 228534
117163 64 187609
104677 71 168702
25277 45 219800
133261 51 202112
26880 79 245736
33702 82 81266
46983 51 137332
146025 62 197774
82858 97 90914
74652 92 139664
12983 97 234901
18038 63 217207
169486 97 191348
15272 87 113575
171806 78 184025
29022 26 201955
44464 39 82133
63709 51 116029
211912 4 234023
114301 17 230321
52914 81 154225
104613 96 209753
18243 53 139044
87431 18 178933
44324 38 201631
166503 44 170069
72965 99 223039
13196 20 116630
52888 45 231347
121354 11 224249
124229 47 211579
60859 96 247702
65813 1 161077
115355 77 233236
99990 77 149633
20752 79 170311
69445 98 216311
145605 22 184448
55244 64 188187
132575 59 166285
96039 83 122440
26064 12 72341
45312 41 207465
88404 81 244275
4637 52 68063
13832 29 121627
40420 56 194839
169852 35 198218
188435 10 220403
110854 42 145168
133035 62 164327
125882 37 191701
36304 10 222571
101710 13 226741
27669 38 37031
65839 83 153707
32251 68 58197
78795 14 85290
167157 26 218755
28654 52 238073
129736 67 154277
73356 95 99756
23359 23 183520
120483 6 190923
3697 49 168534
155786 63 196627
136320 34 138479
14335 42 225359
55401 94 107697
88928 58 109258
65658 58 193197
2891 66 204190
186503 68 231916
40004 40 101907
14069 26 194000
163826 10 240488
89440 27 106945
38147 96 122009
210142 25 225848
13189 25 204502
57207 42 202843
86312 71 154752
14914 75 149579
124891 38 229348
64757 99 67338
151260 98 176309
108819 14 237006
124096 54 225946
95038 42 242350
88851 70 139577
3654 73 163887
88944 68 229244
179749 83 193986
44155 96 167021
160696 29 166836
19481 51 206738
31538 44 65417
44103 31 74399
124190 44 236582
152669 46 181590
46594 51 237707
204993 85 222413
128654 63 148070
43242 56 209289
45650 19 82958
24665 9 205640
16152 60 132583
152087 40 219003
8267 52 156355
6542 92 99097
103779 68 186126
21528 64 71112
80365 50 182111
91326 20 221850
44965 85 111675
56187 41 173164
125150 73 212966
218410 9 223015
114246 35 181087
47774 29 103735
5940 80 145521
3889 56 6639
197201 1 248154
212656 29 241918
26253 52 160916
73877 8 81387
134182 3 160374
41082 10 248999
178301 78 208129
131601 29 209818
198578 83 219067
141894 46 199231
131416 93 168100
108308 68 177692
72742 13 200752
23033 33 69638
108222 99 169834
131119 41 219984
4937 32 117627
141246 92 218463
81517 15 157226
108224 19 128033
95484 76 191795
22676 25 177306
78129 89 189430
77201 66 200884
27723 49 217229
166834 19 239286
131154 20 186909
121116 14 145333
20499 86 219187
7295 60 195039
191101 55 243504
105147 35 129615
125116 22 182104
9599 76 88195
43891 7 58948
84224 32 159167
108095 33 188997
217372 14 238418
63445 68 126185
93555 67 99578
143852 82 171021
137655 60 140466
184866 3 218545
38503 95 122570
117447 81 247823
56370 96 242995
4192 30 72793
13343 30 216501
42277 79 85019
32460 15 232766
156886 74 197183
106358 4 147682
18629 52 42658
65723 72 72522
142966 4 238340
180935 99 247461
52654 73 78103
135537 5 175563
34138 83 50445
96323 65 181582
144646 52 244034
46146 81 59412
832 76 178125
138905 16 139181
45498 19 210561
166730 26 183316
25244 100 96218
19947 55 32107
183103 17 215151
19828 82 58701
121005 80 152294
112348 71 207599
176817 6 249553
93451 53 160254
48797 98 80064
33986 85 163943
141620 32 195885
18471 88 187793
178965 30 231147
108284 54 181088
1946 68 133198
103362 11 242040
75562 52 208204
12014 18 177922
61774 14 191394
170325 62 248306
14426 21 211337
148133 75 175802
81294 32 117742
113323 35 134885
45417 91 170466
103312 34 138002
30855 78 63752
132272 98 200237
24655 63 36633
115525 90 184016
3037 84 190822
51030 84 197627
90851 80 227439
120610 13 210775
90530 73 145202
135672 87 195715
60904 41 96962
6200 93 129770
75313 78 165650
30507 68 170822
184734 69 248730
96553 2 139939
194005 70 230592
30532 6 99491
42086 84 237365
7739 23 197527
28991 34 53227
27293 35 105991
90226 58 188963
31939 71 168350
15780 26 161836
39680 4 196713
90484 8 191156
105468 33 219868
14699 81 165056
167305 31 242936
16832 47 174929
29460 42 173593
55869 95 244379
80571 86 142958
92735 49 124995
44593 86 137472
46142 47 182351
137294 19 165032
93861 93 234338
74086 8 160826
115332 22 175640
123260 37 228631
137259 80 201199
9081 88 13555
198571 46 230764
86499 57 158239
120028 43 211786
147556 30 230193
38001 61 97602
121150 67 194474
22691 14 235465
65623 89 154500
100157 15 217259
126310 8 192275
34224 89 159408
76102 72 139004
70087 90 80051
6630 68 243423
12954 73 84759
100593 11 116467
169902 90 210197
52797 91 154111
49503 62 123441
200935 4 249163
126831 31 162467
63719 48 158427
150517 34 170679
11331 81 73476
26258 25 131479
48844 98 154708
203270 74 227447
137332 19 242429
117703 71 214507
24865 9 185706
15171 35 217261
121613 23 159527
44415 59 199413
38654 50 70543
25302 12 31021
23198 93 107886
62175 61 148295
164941 40 170148
108080 69 149824
20130 35 36661
179638 10 213022
73642 20 144077
107272 24 212417
118818 53 214909
77257 54 211506
4900 37 99621
174086 44 186918
154119 3 177859
144474 25 197965
195389 43 202279
1291 90 88649
144717 96 211918
23519 64 243273
113474 60 135497
15247 64 65022
67015 65 109916
142509 55 147415
30613 91 240858
55162 98 176264
8879 86 167506
57344 69 76237
36887 16 210793
91894 78 139151
17027 87 158346
92650 59 98272
224049 6 238736
78245 68 144996
89787 19 150377
7787 31 105015
59830 69 108741
29914 43 240329
125039 38 196746
60800 45 232231
191329 73 239613
97856 68 122765
208999 31 236499
61531 71 246028
29565 22 117212
107270 31 240426
62356 43 248852
183853 37 224573
92279 95 105380
120031 5 187666
119351 44 226793
89188 74 239206
16910 49 239935
119710 13 208751
159886 73 164764
26818 49 181312
26241 80 220765
201935 62 233496
108344 95 139023
24102 47 246047
10575 12 235540
117273 7 145052
6053 39 79999
144008 19 173321
117869 1 232589
65414 18 226465
145911 89 246208
14114 86 173709
84994 87 202880
3451 63 64542
116416 31 122142
22741 72 203579
165085 38 206513
40584 8 72008
29339 53 114298
40134 18 168453
8205 1 188029
86288 33 95838
129273 61 242634
18751 40 20694
102571 21 171368
76202 77 124571
34732 48 41537
3806 39 148111
95426 59 144124
151448 15 216162
178554 50 215463
96563 73 98272
80522 29 211793
114231 23 204224
57573 76 241379
214321 95 241468
190515 38 229073
20236 8 81923
26350 44 160912
125586 67 129162
145715 53 190117
232762 16 246672
97579 97 167293
76787 29 83805
37798 92 136545
115645 90 221529
23847 97 221390
2664 87 13996
88066 29 127693
84789 16 101816
30939 5 205981
145577 77 234462
106316 72 169533
185410 62 237120
54679 51 144984
68963 76 242476
168393 14 177888
26215 35 229603
113030 40 135331
203234 14 229631
56076 63 127621
3277 74 149597
218975 80 235156
114949 38 210329
42989 15 99590
10283 34 166260
64400 98 76878
133499 82 168015
115040 99 176353
150630 61 190493
66256 11 141574
767 62 157858
24837 11 113994
40202 100 43925
134300 82 220639
40252 65 193035
10499 82 103563
57531 6 207446
5632 57 216789
38336 38 177972
2958 55 49874
118321 5 173692
39738 25 137189
8585 35 231807
135777 17 211418
113103 53 147831
46043 100 153092
143345 56 199764
95938 58 180679
107598 11 141972
47817 75 120582
116013 96 223291
68637 91 103549
117098 97 211686
56680 25 158218
118022 15 175016
156731 37 166628
116308 41 120243
10999 81 195773
26384 39 147691
5748 8 72915
57633 24 155230
123597 79 141705
136992 84 216072
46374 87 184294
115704 33 185037
40383 4 88969
72798 55 119678
3223 26 239448
179668 6 194956
163384 56 185404
132864 61 212062
122758 14 227458
44520 41 110607
78352 28 182363
18457 30 227779
84642 84 237705
34260 64 201838
26280 36 186539
81492 45 177208
62343 38 155741
73426 34 91304
54078 27 98782
62758 50 109786
139216 24 233773
29342 84 190555
54819 11 199228
105561 100 238679
161176 77 244366
165014 28 206465
143076 92 239398
179357 61 245574
62155 84 122279
62122 83 123182
27951 98 182110
76369 37 243869
131310 98 199160
158713 2 198665
24929 16 151401
140169 11 209217
33792 63 94833
181684 26 227679
57874 93 224985
19036 57 185080
38006 54 130881
50779 4 51227
58735 8 225010
156761 53 185651
107939 17 235964
11400 20 159284
31482 80 217253
102950 16 144804
61408 45 126908
21081 39 125294
68025 58 207264
66215 50 193098
41377 13 116982
173710 72 207172
110258 7 229301
26858 7 222320
56085 51 135538
23812 4 95661
99223 92 120075
103252 71 162288
55166 40 206039
24867 92 236256
92077 73 125135
22630 47 124341
38053 2 170706
85029 78 111211
90306 56 100070
219821 51 233451
46397 48 121101
7064 87 88562
81548 91 193680
72526 97 240382
47775 71 72232
69047 8 140555
60961 21 154744
53908 21 174535
65915 75 145887
28628 64 152571
39386 21 119863
99946 53 241547
113927 3 163712
132126 66 153585
115483 3 233743
3763 19 142288
32945 97 129446
69157 81 81874
131905 71 236111
62888 65 100448
82385 14 181601
143009 48 181833
65935 2 142184
52063 58 218572
51861 29 94845
24924 19 105391
95471 92 106043
121495 4 184701
1340 69 48741
24183 33 165467
130122 64 202996
122577 60 215422
55662 65 111720
39349 100 96528
69439 31 127398
14599 46 133885
7270 35 201458
23583 50 164510
105090 5 148383
22055 46 245218
152288 89 237964
49548 49 197375
99187 68 135771
125326 96 155790
181039 39 206167
64885 86 217083
67011 4 246950
27690 65 130173
54813 90 111803
161807 75 186449
25622 5 89498
105646 56 139398
40510 24 152602
187209 87 244086
92941 28 238651
232935 74 233144
122842 29 212174
2230 24 220455
79496 36 137868
72614 46 244609
72560 56 111181
36110 94 179588
131187 96 192439
43356 74 244848
13539 82 150428
112702 99 201933
183446 68 213828
178980 48 207072
64976 54 195140
68477 23 126841
2738 60 189054
132045 86 132633
96602 88 133091
132574 97 201327
139967 46 167609
42635 66 126356
157475 89 210779
150700 69 201132
179862 80 199716
108837 20 245334
64811 71 106115
47134 81 151050
38231 64 41781
65939 48 234447
120876 76 232411
2338 50 145242
118076 80 238660
77929 19 140715
92764 80 147259
31949 89 150770
62626 10 168274
49269 62 235779
91673 99 172514
167769 30 233029
58307 45 191324
57824 79 97692
23868 76 25361
51351 65 213838
70766 21 92360
81816 8 196332
179949 21 230304
21840 27 100756
98673 44 219742
84457 96 182674
6622 83 61625
124477 16 232715
138333 17 194135
49039 79 150575
32107 68 158745
48070 94 150181
202441 15 235923
89935 41 247662
4161 98 58875
66717 23 135781
36474 23 134722
45466 79 142092
34054 52 232840
63090 71 179644
18795 23 65975
169020 44 222893
150960 32 207480
5017 9 35312
11174 21 133688
78302 51 177411
99351 97 241923
79456 10 129576
76828 12 121999
109389 25 141235
210960 31 226566
150118 15 223482
146024 42 239207
151641 16 212765
4566 46 206864
101147 30 158111
37293 52 183319
165301 10 184683
50596 78 90642
150717 1 228992
14138 41 230312
107380 32 208081
83467 87 166188
128767 7 174192
3349 70 52283
33404 89 217230
199911 70 236936
3194 1 36541
77914 69 83409
32474 41 94402
35562 60 239671
73848 65 157897
44636 15 246285
60299 39 120653
23492 84 62593
83758 44 144026
238525 4 242347
108275 9 154809
60112 98 198307
38522 61 85895
15842 24 115266
152817 64 247377
113958 11 177817
85907 5 150588
162540 32 221931
7386 54 63642
16576 3 238401
40082 31 156816
99293 38 157986
24123 100 137956
34595 44 62270
73509 21 249286
30194 31 240414
24156 97 178160
123871 75 128678
76393 27 158125
105141 8 159889
41801 13 211381
132059 34 205494
24221 76 115360
107168 10 236640
49183 88 62643
28336 26 203987
4064 19 24091
91055 17 156744
86123 35 186727
1986 55 206132
241 24 125023
36858 4 165275
54926 33 131284
91378 39 238713
217081 3 240990
56371 4 98146
135676 39 147848
31206 37 57692
7152 28 61447
81773 37 221320
167661 12 182561
93537 81 104584
173093 38 224791
37558 70 103937
130340 15 242416
90980 25 178789
5027 19 147765
27706 44 195333
43678 88 77165
89909 83 233443
24462 56 209410
59022 90 166827
114267 59 203133
94278 90 118008
27560 70 184000
136265 67 204486
113689 41 171380
10637 77 72146
30930 67 83749
164433 12 225688
55429 6 156717
71697 97 180875
57371 14 110761
72263 51 222408
867 24 168762
99816 34 133301
114649 36 200550
38982 31 106160
12072 43 142267
49976 42 243063
179553 28 222898
54015 75 183412
213830 45 229207
35816 4 81993
55132 78 207362
104019 12 162742
30124 49 148177
134344 15 209387
71396 47 232036
100157 17 119620
697 47 115315
49514 16 106648
47350 52 157325
34943 38 228548
56306 26 194786
102373 41 118720
75380 49 139535
45824 16 138585
10129 90 79929
161198 56 235232
100099 52 111015
18986 79 119161
108893 38 189597
26618 36 66633
28434 34 179778
8876 67 149802
12774 72 121809
139449 54 208606
114943 76 215870
37721 39 46376
88604 88 231763
101128 89 210410
118828 27 195903
51719 31 92500
140021 25 149301
9028 91 200937
155149 38 161572
118837 63 134806
28610 37 249335
29860 48 242336
29407 59 152404
137231 58 179202
108409 18 193494
147569 68 190127
38442 35 245801
37241 72 46187
35380 91 193434
89119 22 102372
147350 85 240137
28441 56 97922
165689 91 207444
82283 54 153676
29700 91 63167
129025 73 159719
128175 63 184559
34834 48 68286
121476 22 219482
91391 53 211326
83668 96 149040
219143 20 240312
45691 84 135267
36984 30 230463
100613 78 234241
18778 53 227002
4919 61 232066
13286 1 42821
165311 71 248556
96907 33 130598
74719 39 244165
54342 55 82401
66858 91 165080
53416 29 185782
120294 16 206587
131889 65 232116
133632 25 149255
10293 98 208971
47327 92 204790
101547 100 230975
69677 46 227758
10185 1 84586
47866 30 122061
2399 82 70040
133158 36 144764
21528 63 139553
122656 98 179870
25079 82 199702
73765 77 167963
59669 15 60744
3255 69 54950
438 23 239381
96933 76 118627
28394 18 189879
33257 42 104462
131576 57 198541
1786 6 143999
137320 9 211780
9118 99 249802
47202 39 148123
187474 86 204353
59477 26 130121
150454 6 244442
62502 4 89744
40099 82 57131
178176 50 186666
41054 58 192391
90271 64 159158
39440 31 98193
8911 20 150640
140804 52 153376
74174 8 110019
152981 28 225620
70058 53 166356
10500 23 189467
2413 12 222022
128071 97 134127
130387 43 149117
203523 90 215617
136158 18 248426
25000 1 191223
158884 23 168448
31669 73 79985
8637 57 155871
51952 1 231519
212532 15 239584
53285 70 205960
129408 82 238356
73749 74 135154
57410 83 146558
57686 38 163137
83634 38 148583
61029 35 160145
43707 4 105029
145620 51 214731
155297 73 247116
150333 77 228033
57486 85 168977
196161 24 199371
46986 16 106623
91785 60 238955
129775 58 158024
124159 25 154150
56592 99 132006
62290 79 220647
6184 62 187366
6728 35 11007
21739 92 114183
1061 92 34766
5339 16 64749
8928 75 214485
87659 45 125348
22255 33 120483
127021 50 159769
168231 81 245969
23199 85 221718
25540 36 150898
71527 28 127855
55060 91 89557
129409 83 171014
32341 3 98901
3170 92 40895
45829 90 105266
129815 42 130883
46564 5 164452
63616 12 153719
26457 69 215382
52096 34 79913
26940 46 140830
83290 89 156374
82079 21 195142
80500 59 195050
32228 24 173801
186430 21 248239
122369 9 238261
21559 55 193557
77852 74 170815
75806 13 137963
46966 6 248218
162633 98 195410
116866 60 127489
105128 9 137363
90328 15 240559
56340 43 104537
74799 66 235454
45497 70 239929
44324 77 63989
137963 16 200823
97366 5 101205
16884 59 178062
53374 34 119425
42117 46 230589
82381 4 208827
90109 43 138135
2585 61 57324
2724 97 249047
22426 5 182264
216770 79 241664
38275 90 186981
10492 42 233218
12321 35 215612
35645 37 107838
194709 24 247704
95107 11 167054
53587 64 72156
18578 36 222006
180379 16 198726
16805 26 96968
138140 46 202705
46342 18 121956
132145 86 169029
63261 98 95164
76587 43 116126
18106 35 104410
228070 62 236887
114613 43 127673
161308 12 236519
137572 7 242456
13221 16 59633
121412 71 162654
2077 88 118537
89052 63 217580
7091 89 190049
50455 51 170661
95025 3 196862
79394 38 80620
29728 74 227813
52153 69 91031
160480 56 182952
2345 20 218235
114887 13 207757
102051 42 136968
123710 46 142012
56099 52 232392
30351 19 234184
14049 2 56157
63914 98 223495
23371 22 127897
76262 63 83599
84542 84 195990
111724 83 112253
221137 7 223866
75523 41 137130
11065 35 173597
25246 3 143728
105003 63 221628
214559 4 222537
12899 46 217802
426 51 27537
30236 69 66015
196687 6 217280
69053 48 236078
102514 78 157315
46485 48 83139
159363 91 244806
24510 18 169496
142113 53 221451
49817 93 129510
60045 38 127501
104754 84 247723
90408 50 173182
152631 41 234414
3174 60 149885
63124 71 198952
194990 99 234596
9098 82 244719
22321 42 43190
108704 17 206656
119773 27 191854
49148 89 209856
110746 20 164317
149052 28 182777
37533 79 159311
156359 7 178539
26155 12 133953
131459 81 178785
220940 81 248524
138116 32 168461
155805 100 163179
61915 34 235037
214237 48 245417
42507 31 214182
144055 2 232101
34158 3 204558
133388 68 245686
67566 87 163314
17510 14 143794
82598 76 245639
344 87 205355
36509 14 61176
174503 23 218806
131054 82 245373
197532 3 220606
231376 6 238967
160830 38 208113
156756 92 199557
153303 66 202761
73473 5 83038
24520 77 190066
16598 45 30252
10001 26 178716
12571 2 246254
10120 34 196518
177710 73 212601
56853 62 65975
20995 79 236258
52212 69 70527
132488 78 159681
18003 75 157504
36242 16 81618
90786 94 111043
79445 32 191118
47720 95 89493
117276 37 160737
89945 10 241720
46429 47 179962
109629 25 164454
86952 30 98235
21803 15 179505
61686 9 120662
145800 58 174579
35370 75 119048
11937 68 180594
133483 100 179914
127176 100 246960
127725 35 192130
21084 1 191495
79486 99 163900
98854 53 115371
84080 2 118596
64238 49 197224
88727 86 121535
35605 31 179146
90787 74 231131
44384 64 222521
140322 28 186786
75864 83 154156
115505 95 174988
136335 30 157010
129077 94 174417
205504 68 244462
133378 86 215633
140123 53 163309
20648 96 129257
55810 31 239609
33584 84 87464
20994 35 161367
79256 68 210748
166959 74 201634
5090 45 87586
72280 19 115863
152474 17 161866
30622 1 68475
106173 98 231354
141551 61 157147
146817 43 153972
147299 33 235012
130133 38 141100
95238 20 231847
66479 89 235467
76493 99 139976
21155 50 27441
157111 82 180844
202254 73 241419
24850 10 201224
79133 77 204121
17879 56 82503
135288 88 214846
74470 58 199695
52319 74 238042
100807 97 182936
11845 19 183763
80663 36 210239
99459 71 179378
38477 70 248117
91868 95 193206
112381 62 151902
11910 54 51169
136519 91 237267
60741 46 90766
146119 38 200135
82794 69 118370
9341 54 248273
152825 83 154598
102803 89 198168
97954 27 174429
47237 10 170977
127474 73 168466
49332 83 221745
52627 77 134900
227223 19 228801
145391 99 207332
184203 75 219256
158130 76 217771
155699 24 194207
177715 78 219055
104419 32 223532
92581 4 141029
94225 26 153154
243357 23 247074
106179 79 152886
62307 85 88860
40361 79 233226
103714 34 143479
28096 86 63872
49200 74 177233
49609 37 143574
164672 83 180137
22997 69 190426
49016 71 217994
56018 99 194629
36435 3 160017
119073 42 149422
105743 20 242665
23016 40 32836
174409 7 240730
164164 91 215462
111389 29 197141
17380 58 121477
26136 89 157710
69915 23 78263
157328 39 190477
5967 90 11778
151034 88 236881
82767 66 165830
203008 9 234701
58258 23 220031
124477 12 136918
56201 88 174326
19053 52 249175
61751 84 223141
135252 12 241451
154259 87 243803
9864 89 235725
38079 45 202392
54654 63 135643
103928 1 176899
110658 64 201685
141444 28 214557
101225 78 199383
107906 14 249899
77403 38 228034
184378 57 240435
3604 77 241012
8084 48 184590
216411 62 235525
31167 52 135408
1833 1 222317
189486 49 215825
40337 9 100728
103403 99 206141
40126 47 249761
19419 1 243263
15157 6 189024
115814 49 165453
88735 98 149983
25032 22 172670
8018 81 158925
56217 10 100033
190734 93 213529
27773 63 222753
19309 4 94820
79992 59 97115
67500 88 219143
32578 75 39950
83397 100 93156
25078 86 122802
115057 24 245746
139337 23 170426
34438 24 138023
58615 57 189579
38069 84 247671
68269 2 96624
112944 15 154100
25689 59 214869
179930 18 199485
200400 100 203384
11018 39 102378
78341 79 157269
29255 57 184908
141332 76 182331
69887 64 190150
26358 50 152844
36719 74 198840
190599 67 228622
37824 4 113155
7687 93 74937
140978 35 184156
7702 95 104460
46245 60 68227
82678 13 99307
58844 31 158172
89662 94 214687
74014 31 133280
193823 40 209712
21045 93 25405
38321 76 84140
84651 68 226125
43377 64 61425
213945 93 221595
82419 29 150216
176206 85 216111
33091 6 84038
6135 47 234675
15953 99 181586
39176 96 185149
142055 81 243668
71586 20 216888
11687 38 212439
177474 5 211423
27558 8 136104
22032 35 101714
71387 36 111480
54471 65 164981
83032 20 167193
29197 70 102834
143137 66 233668
16846 33 190352
86843 28 88210
108441 47 111986
22047 67 54968
101699 53 107297
68671 75 158249
157118 73 227085
144914 18 245187
127390 5 134796
75419 63 164986
38852 71 213887
87308 73 150655
114093 96 116788
149588 4 208962
14742 37 56845
76999 72 219119
6553 4 91641
163877 61 185822
220094 54 220875
22528 40 140478
96807 61 181807
29513 16 201434
23165 54 70191
178067 76 223598
64044 62 236766
117999 75 149074
20231 26 104708
116903 39 180126
173103 63 201757
101637 42 135265
23324 93 36671
96830 12 193508
14888 61 108213
40982 4 89763
192079 55 193366
182044 50 187409
14550 22 93985
65851 96 106609
148842 38 168067
87905 37 144379
220213 68 243621
87097 65 139801
190228 64 192355
110047 37 113011
135793 73 238304
187222 86 219124
43101 60 64249
71993 6 74700
15455 68 57734
66322 84 71026
208589 61 233708
20247 24 210496
26358 58 204172
1249 74 147786
73433 36 98490
22515 55 56631
146861 14 246917
128855 76 238866
56892 68 78695
126069 55 239490
29008 82 142814
31238 18 151060
119714 59 189405
141276 3 190935
10710 24 55532
81638 94 146196
180647 79 188898
177113 66 203700
33703 80 81241
66803 31 137008
46648 32 105397
132246 93 246621
47453 3 193282
31509 92 232873
60089 75 190800
57468 50 239947
140105 32 188270
42103 16 123794
181195 14 248376
20103 61 205025
98716 21 100435
6304 9 206840
130163 94 194327
71049 50 128709
142499 98 235705
109639 75 248656
10504 76 108914
89084 56 208572
110020 45 242403
166250 95 207152
108083 31 184777
80987 76 215009
25642 40 175669
112412 67 244701
44717 91 231013
137709 29 229738
62798 9 129393
34259 31 78398
127572 54 231497
140194 68 217361
223724 41 243505
175427 96 192919
117539 65 186945
18023 62 94989
174333 80 249341
130233 97 231926
21815 74 135373
136467 96 183909
170341 7 242267
130092 26 214244
75707 64 107319
2908 24 113665
162055 26 229746
47121 91 171390
18467 92 25851
53105 10 165898
2240 16 152744
105621 17 228050
47362 91 59867
223928 19 225335
4830 15 73098
111283 94 168326
48113 17 118125
16027 54 43377
17349 46 205084
13821 35 16777
11120 97 164768
174203 92 198378
57130 49 143246
237634 83 238508
110290 74 157880
196530 32 228308
3243 49 160819
94748 95 131738
2884 58 145416
35884 99 209807
32624 15 121052
67711 72 146921
12123 97 247644
81561 77 101651
156569 33 172139
4826 96 10908
82244 64 97008
52717 88 245544
87955 87 115688
188661 45 241773
71853 70 247920
116296 100 182289
84166 96 181779
7620 29 97867
15288 42 104392
117892 85 129195
125634 20 209746
66081 55 163032
114065 90 231756
130977 20 244651
27096 72 214506
37060 50 99688
47282 17 153642
41744 33 60071
31100 95 249419
113088 100 206641
107810 13 164595
144452 37 164525
17758 36 223930
108576 61 246714
50371 62 209065
150212 42 155018
30014 25 88806
111387 85 187416
191813 99 238620
48123 41 222553
181712 17 201564
15585 5 106782
181030 34 198615
11410 54 14534
22949 33 28920
139757 38 199377
68252 28 98878
94107 26 188623
59273 10 80402
173354 28 183492
92914 89 194332
165860 62 206456
125134 4 128861
8721 39 156294
183505 9 221003
144247 70 176089
148316 73 149014
43912 72 138568
58355 77 125376
120087 29 167674
26702 31 40356
6199 13 36403
95128 35 99143
31956 32 83998
50640 81 168972
41566 20 197771
93529 89 224750
136065 41 222172
63228 92 116937
13493 21 133822
21748 62 174781
52777 37 234530
55902 62 110092
54315 55 212605
207397 14 246856
33017 26 56001
45141 1 228688
36905 63 228552
34274 66 112616
178086 38 211333
66351 8 136832
12254 57 178438
10747 22 131101
180657 42 239145
59104 10 121790
38392 4 121100
42116 39 138169
182527 75 224070
70755 89 106425
139065 78 228684
3829 73 19266
116900 3 229166
139965 39 216249
128253 10 130285
96352 88 237697
98676 71 149384
149750 33 205294
21951 7 124981
14795 31 100331
27036 59 50311
81729 43 92983
21636 31 125421
75341 28 184410
47964 31 131547
44090 6 67779
146167 41 245171
166822 93 195230
154014 62 174939
144504 75 217685
66007 12 171229
90323 88 164560
111791 6 163708
24927 100 244676
99994 12 183437
65636 38 66531
127438 73 187878
153279 72 215338
208505 25 221304
10399 42 222942
90802 25 208847
130434 5 134699
178391 84 248416
844 87 138886
163990 65 167444
54701 34 124275
57566 77 220536
32600 5 231799
166108 79 191503
66077 34 97823
59332 29 143662
184534 68 200671
37362 2 40362
43450 37 107433
1505 4 118259
116325 47 210132
119495 3 135020
156843 68 247840
217861 59 248293
90227 57 180028
9831 75 20822
144119 29 245314
88374 17 242657
65071 41 160242
8759 19 97308
141877 10 154820
10301 56 84704
18549 55 138255
86066 37 201164
52353 4 141901
123382 74 136603
131238 4 182044
71106 39 77600
200126 66 214267
144982 62 205828
10019 14 211964
35479 15 97563
131197 82 229217
8166 87 24395
185852 17 220682
181711 7 222907
70374 8 99011
16675 51 86320
120546 12 209199
159803 61 163369
92742 4 141674
12959 61 181691
72042 21 215581
176043 96 245536
22472 29 196684
23002 57 202033
8169 81 83487
108502 35 146821
20279 7 170396
9662 6 99372
25284 99 145543
6031 74 172085
97779 32 223711
13219 96 84342
120866 95 160440
32552 45 188491
101221 70 139369
30959 5 129923
114919 40 231060
147268 34 237593
71332 4 140493
10027 3 89113
49561 73 161327
64450 79 180594
74187 13 186673
50540 41 98871
133137 7 172776
93947 42 137031
56320 74 138395
71140 48 192060
70602 4 229983
78981 41 91415
1899 2 183247
105315 54 118751
24510 68 206855
237896 58 241569
31389 78 173584
119459 35 214025
3012 8 64137
91163 69 194294
200228 65 203178
170346 70 174701
63168 24 162010
129612 89 143771
30019 8 158049
51027 19 162383
57167 72 182726
110738 16 182534
7881 95 175348
26231 93 209865
101943 75 105559
143083 77 236268
147222 3 219686
22866 55 72639
105582 78 129152
35745 13 91854
95408 16 139949
25657 32 202746
90261 5 146780
59281 97 156212
32170 66 44990
166349 72 216987
52313 95 83363
154437 48 215734
51507 86 202637
189423 10 202202
92431 44 204325
19487 47 223681
73634 64 244455
70159 99 173477
27167 68 49547
7503 79 50193
142649 90 214910
126249 81 176354
2423 50 131931
6680 14 238809
28162 10 216031
29345 54 224633
3015 65 125498
21643 10 74617
89704 40 146858
63205 58 204748
34386 26 51075
68361 63 93445
25567 81 40774
117255 100 206404
36263 64 92245
165646 78 214257
90103 38 145217
115686 92 115835
9563 31 202425
55277 41 67692
181251 34 188714
58013 47 238303
93758 11 179280
229428 74 243445
160932 54 244897
226619 83 249793
724 10 92723
25874 28 218312
103953 71 107702
99910 21 166328
176620 29 213265
110204 58 211114
31104 33 125959
94101 50 114283
40631 49 96052
33085 77 167649
148511 44 179772
22611 89 89327
229624 11 237174
97016 95 201038
200004 51 232223
121579 75 196106
61233 64 222470
48300 27 180664
136023 68 142064
19087 22 22876
63281 48 113893
3418 72 18145
44172 55 135933
221733 1 245876
99344 18 239588
27451 83 97311
63265 54 172874
25686 50 37413
132592 3 226966
166298 26 214079
6928 30 126820
111667 44 204593
102207 68 150020
84777 97 198993
50208 21 194562
8622 50 198703
122685 50 175517
175331 27 199425
37002 42 124705
31994 88 88165
76633 81 235940
83320 70 153610
192153 11 200533
174610 4 186129
69178 92 138937
158924 35 169745
139762 73 204530
167320 94 223504
84216 55 194913
53273 84 201470
92807 22 208335
32037 96 113527
187498 48 191047
170741 50 189845
31289 91 112976
145644 34 194024
103871 63 109811
115376 54 181532
185287 27 240726
88524 85 95139
25328 12 80954
29523 42 166793
36636 29 106665
107229 18 222645
62337 15 82994
67422 18 150817
147097 34 149758
109937 14 180863
150431 79 212099
184839 93 207817
27263 65 180392
199222 13 214966
152839 5 184802
190717 57 239412
78738 25 151399
16851 67 59945
39100 81 78790
24447 71 108521
82568 48 110043
92875 68 238520
206683 20 246627
146381 36 203613
113839 8 139811
55731 42 125600
27053 88 100697
64701 1 181336
24479 18 180789
119090 99 184839
116159 59 182786
58586 55 113957
132895 54 246226
124598 32 230814
120065 33 122159
33513 51 187626
31522 33 147777
30000 74 192507
53987 5 177133
70485 50 197038
223345 14 248480
31440 30 243840
8597 33 175195
95363 93 115990
79527 29 143927
24938 78 191805
55865 53 210149
6465 25 87799
96390 90 185123
81382 96 148034
82706 8 122824
17397 33 94345
181788 32 226606
88913 30 149342
80090 30 135372
50240 11 141586
41050 34 234513
655 69 229965
7460 65 146318
104051 40 199619
83004 53 116518
50001 97 219854
72201 80 130149
19278 45 245754
34439 72 215735
131311 69 167595
83208 10 188878
43647 64 46811
73755 90 94992
174347 1 241176
51674 67 190413
36987 5 211110
70790 90 192328
40423 9 232228
101218 58 247856
191898 30 244004
63098 27 241745
137743 99 175536
12714 84 38359
25061 89 231075
167527 69 244169
179083 23 204515
51593 38 175145
8223 22 123128
54638 51 80330
85403 93 118247
116536 100 187427
130708 31 197534
6115 95 133733
23165 93 202691
67168 31 205547
157424 54 173281
30529 17 179509
90221 64 97746
51809 71 153481
93992 100 104488
14611 76 170374
104586 99 191801
114027 3 247408
82006 56 198308
118780 91 212240
126916 89 168101
51811 5 202959
77803 84 102726
69613 52 118436
86657 8 212514
71385 18 161713
22061 6 158776
71901 96 224890
167700 90 182238
150855 97 229521
18502 74 249510
13555 66 48176
108437 83 220821
86319 67 167881
146364 21 202921
95597 37 167182
9750 64 202321
67865 30 119666
843 19 46476
30271 30 51270
22834 72 37084
232533 80 235151
121429 20 219306
13818 82 85823
66404 29 184086
141947 18 185986
81809 15 194351
9257 56 42131
9261 16 180475
122492 72 217314
14684 16 61533
26915 33 224996
6875 72 103383
7725 1 91856
35940 57 151238
52766 29 127015
121925 77 142829
45061 13 68435
53131 31 172414
52203 90 123557
87356 30 111532
69772 63 134370
118454 29 143940
54513 13 181957
215120 17 243407
71279 10 120376
27132 82 246464
81565 40 161561
209676 10 210104
39830 42 89916
4754 98 82792
41755 98 56977
45338 92 190175
17223 56 210908
2673 94 243141
75239 41 234336
125448 22 198375
110090 13 147460
148896 20 229193
50504 96 193022
43636 70 230506
30292 39 158808
36763 75 213757
44061 83 207005
31580 76 115369
105544 100 207561
109712 89 239807
49809 76 200253
71705 11 162762
74988 81 201054
64706 62 126834
31558 45 78182
70302 15 240939
84445 67 169658
162251 7 247593
91917 54 203763
66275 78 211865
133825 91 158859
188021 11 240050
5772 66 141989
163719 20 192649
96726 39 139162
31050 89 52686
9367 59 183964
114956 62 215724
99428 44 156435
149276 20 155887
85780 90 217342
24929 30 83272
87391 85 157848
3479 93 176028
34860 3 190616
217096 88 219247
137965 15 168858
106862 36 233318
30529 45 47165
82402 32 173882
61471 97 119775
44815 51 222417
37661 25 148034
21496 98 86531
51428 80 117223
87564 59 126520
44860 27 164840
106500 66 180131
92900 15 224294
36327 38 245286
140078 17 177334
36484 55 117007
96039 57 181919
209476 9 226155
87132 92 216731
40781 6 60361
198506 53 240362
90575 67 236373
13830 22 182717
137661 30 173814
32108 84 229712
64724 38 164277
110093 20 146865
179042 53 179770
49036 33 162578
142058 1 205319
14835 65 248451
232274 37 240259
204074 66 226066
74948 57 226384
124321 13 180055
181078 22 247346
53245 36 97635
15796 84 142379
2310 97 110212
45512 37 84542
147995 58 190699
26511 31 147099
193668 25 196104
9521 46 240827
105287 42 147739
125522 70 237561
21972 48 83509
59137 40 104920
43881 67 226255
32098 92 139701
59482 27 65949
5163 20 28783
47336 57 248702
38158 91 230201
126363 48 222791
109737 86 172515
27163 71 74316
73007 4 172667
51969 2 238581
173889 95 212128
197948 36 205979
162696 25 228623
32647 32 241895
143578 2 230349
72368 9 233333
108886 16 190437
189258 28 223193
13184 28 183152
54088 53 248969
136834 24 136991
95849 15 190415
32516 40 211317
36183 72 65553
74650 30 216368
3444 4 195915
122089 100 180269
129706 14 153304
60268 44 239048
94118 14 101391
47179 60 172802
17168 9 158822
66436 28 91221
12357 59 47909
153908 52 219270
60672 77 210416
15263 67 182739
89434 90 90658
83149 35 196734
148765 15 162245
4935 65 132489
71302 58 147410
6520 60 219308
7367 95 207013
75798 33 132457
93321 85 170237
149917 26 229753
812 32 138660
109123 3 114665
163387 85 242227
3280 29 81831
23404 64 30073
88101 30 211753
13796 20 130578
147659 68 248756
207120 17 230812
113589 75 118277
62156 90 156834
72912 19 223231
139294 84 249699
6327 67 126471
37916 92 167539
61329 48 212831
176052 58 203290
185896 55 220214
78060 70 103164
28798 63 91328
76976 16 194625
68737 17 166843
127518 45 159827
61834 63 196046
8437 57 206533
90700 70 111929
142136 69 197574
82983 72 116977
78162 89 229155
22676 55 83133
4757 7 188330
4498 32 91531
18125 73 212840
32611 27 116628
185206 77 219909
3949 98 70259
74854 80 80302
37893 27 177000
12062 98 168674
11025 33 102329
89022 36 214317
33053 62 185900
80984 3 102996
118898 100 199765
26577 65 211299
28638 94 121553
75688 41 240884
144957 48 201098
27219 56 53908
51323 7 168753
150282 92 240812
16683 63 211137
78303 31 147782
62790 16 247914
56688 9 221058
25273 95 207148
104640 82 171557
31369 99 150566
55023 9 64328
33812 77 142854
9260 24 220388
3393 50 175873
29541 10 76358
89860 6 237803
120142 36 171888
164312 39 177822
28316 18 249098
81736 10 129471
67974 81 176824
41110 72 208978
130991 96 155970
82918 58 108400
16437 12 219087
145312 10 169061
896 67 241365
181431 26 219866
56646 28 217760
205749 99 248039
117123 94 217488
180783 29 210170
22807 7 39888
196345 19 203380
85990 89 237860
155389 51 224804
27826 77 148260
10038 4 224337
49212 38 61475
70894 83 224503
11180 97 208215
79932 75 101020
86223 42 146167
107237 69 248386
112307 67 162358
59245 20 196807
134529 91 158473
204467 38 249473
16691 14 151241
212402 30 221899
149310 34 197336
117112 22 139993
111409 2 139862
62355 65 141807
129429 94 219681
27544 7 59912
184736 16 214434
16195 100 94271
5928 89 31514
63653 99 163199
197878 97 239871
85436 85 214359
51148 1 224645
109790 11 128552
15094 99 205682
98893 8 247361
4964 19 183961
69292 68 118494
27839 96 37391
189505 21 218039
95958 15 143282
104718 26 162636
119712 65 247299
131342 9 151565
61021 68 91101
155021 19 229329
69080 40 247451
149136 91 216177
1911 78 48357
70815 71 180018
98704 9 149282
11330 100 69514
150734 31 247213
181339 94 234381
131727 63 233296
74641 57 121617
114369 7 174546
47654 59 74747
10259 25 187831
27577 15 238747
12620 6 146430
28956 18 103144
30107 31 36595
36983 43 227656
47116 79 240184
120684 12 134126
129745 35 226773
97252 13 206275
5347 11 20696
118593 33 206120
169617 91 171149
79260 15 96209
19240 81 115488
70948 44 126626
193539 15 217346
93449 32 165467
61624 75 150827
160897 1 189306
119199 61 151040
18397 9 147358
103989 81 220332
118493 60 193436
224164 89 227574
39881 44 99111
100339 93 239305
43057 77 171350
64508 86 102135
204271 54 239256
153963 47 188811
163362 95 182068
13040 9 125864
41287 23 99179
83590 78 212818
62135 68 105861
27500 80 247758
71886 51 185582
108001 93 219873
8723 75 54587
62193 91 108959
89423 72 143300
20457 95 55607
177213 31 238233
35020 91 226126
70304 3 168836
111700 26 228184
55975 60 247941
19371 69 108062
10443 17 159144
136282 61 196247
107373 12 236870
153289 14 235211
50140 29 216413
66004 74 205321
98612 59 155012
119223 25 174646
147605 29 223647
22095 36 244558
163303 62 236474
57357 84 229181
19959 19 26261
75215 62 218568
179831 98 222366
90651 47 175455
172139 57 177714
14631 62 128802
37021 24 83158
114662 22 166678
94764 67 130258
65308 99 98304
117149 2 132142
36501 82 115357
119829 60 239856
97256 25 165465
132104 52 144211
170608 37 245912
25960 12 59736
19771 76 141267
66632 74 174896
7369 71 200603
4731 43 13017
5479 94 95895
111463 4 218985
3059 41 27110
242337 80 246937
48278 4 152689
15149 39 201995
114090 42 196993
73040 63 207458
139091 90 176367
117380 2 192433
71546 41 168958
55302 15 175619
53579 97 146292
116844 34 223551
90495 74 180765
48118 20 188722
94620 97 155651
93510 53 185822
14455 63 109720
118051 1 125757
76503 1 230934
173307 62 197983
66854 49 179648
29685 12 165561
168235 63 239759
16242 56 186965
3430 38 200884
77063 16 124294
52228 81 151187
46764 61 236068
63435 100 246119
29418 76 200774
149734 41 166594
207733 8 230176
100897 36 174654
167484 38 189766
79153 12 218458
73209 15 102406
83498 46 211511
127936 39 165771
97859 36 133673
186334 57 231917
33441 90 214323
75161 9 178126
63454 49 183098
45030 65 154311
88704 23 159642
47285 90 145032
50664 91 67542
76336 40 206798
102224 20 220173
164451 43 171831
136906 98 211358
109303 10 157558
48588 95 67214
79687 4 140735
89242 46 115567
51973 46 95729
98652 85 119522
76589 46 248285
77674 85 92189
15003 34 95750
3257 57 17895
85416 93 110232
26435 54 223433
32915 99 167831
18594 9 94938
45757 66 76856
42111 70 95542
113399 71 199794
12752 34 136595
120813 78 186769
113030 49 226318
114992 29 181781
53503 52 164792
5938 3 181139
181515 25 187271
63923 61 111632
9799 13 246957
12829 56 51336
118583 46 142840
9500 16 203573
121423 3 193900
115237 94 152392
161216 92 246100
38676 99 92429
162206 77 235584
88078 27 118495
48281 75 157777
103175 37 204890
47137 79 123006
78319 66 210122
123428 62 208482
28606 60 243314
115873 26 141692
11039 86 190616
67247 37 99160
165556 6 210454
91494 29 144283
101831 33 216825
11368 36 83768
111672 23 130272
114085 12 157749
89850 99 248502
74504 74 157422
75001 77 188958
38983 45 95549
54506 16 206957
140885 25 194574
4494 93 148080
68657 71 234314
4706 6 232399
5180 43 27903
118431 80 124140
76771 23 84192
190981 39 209322
97864 77 114843
7278 3 194889
130221 96 232911
128935 50 197959
59404 88 242751
87384 16 107360
23706 8 77432
126529 31 152300
85246 36 221148
24539 62 192374
26150 63 136253
103388 50 169248
10087 75 101311
68408 23 102968
105290 37 201418
41884 93 79735
57725 100 186412
236143 24 244610
79968 39 110806
137628 28 206850
111613 3 160237
64773 48 243004
42444 79 172808
93725 35 163611
113784 96 213209
27718 79 90578
57054 15 200698
89884 91 186743
156746 42 216741
50655 45 225091
56498 32 247572
43506 79 117139
8301 25 17265
122724 75 157280
213143 26 229598
8514 97 120098
4985 3 80044
100377 37 233407
115833 74 128341
96393 59 243653
158543 6 196109
136916 17 152651
160809 99 199443
19478 17 227569
155757 87 223839
26697 26 126898
82496 25 86411
13694 26 54770
76319 64 159525
112635 50 242246
168649 90 182982
36524 13 76188
143062 97 168869
137684 54 229245
59780 46 222226
12064 80 53914
301 9 891
93823 1 133468
95139 68 151041
75361 34 121655
129860 100 186059
114249 76 124823
44949 68 90473
32073 57 170644
5156 45 104861
111786 74 238998
127729 7 163270
75910 57 197524
162987 78 231839
30372 56 207744
31918 82 169548
74623 52 124562
110426 27 248072
165779 8 177177
158168 82 186464
11718 92 106421
24822 66 99648
57560 46 201657
29696 55 46143
66233 87 102163
197153 63 238395
72895 27 153588
15017 1 39130
43958 78 169830
54355 30 105874
160500 83 239155
164268 88 171326
53418 67 53847
83501 80 223761
146019 25 162615
178567 83 199932
52909 7 217190
115624 75 170150
77192 26 109683
63090 36 213422
27767 19 40240
82765 75 246052
77397 40 129628
97906 73 189257
60167 65 141418
17401 37 110630
5946 31 212824
47309 55 143031
70459 94 188263
37691 4 95108
113057 60 120504
73360 15 186002
75568 50 171248
122338 26 215360
48268 91 151511
10694 21 160303
54695 9 57919
68933 39 249966
87684 61 168488
80070 1 134193
127775 11 203588
61757 33 112487
38210 2 156170
118308 52 184476
130496 58 181136
55101 44 178632
140703 8 237909
1177 33 187817
96272 92 235852
5780 91 48263
20094 11 27718
45360 3 106063
93383 96 232632
30919 21 234145
7991 91 240309
223504 100 228315
87733 21 232132
80013 13 142072
128879 32 129087
97369 55 228894
184244 62 201521
148665 32 199474
16355 62 104747
129272 85 131342
27466 78 172031
13520 31 41623
220932 45 248296
128174 3 165431
127357 24 215194
114462 54 220047
26353 99 220556
164062 100 228081
4414 2 26279
180855 75 203501
123883 91 176877
18674 9 32266
38473 55 43143
54568 57 237031
24651 36 50452
64817 20 141826
40846 6 200959
76460 72 194913
81087 23 237061
85011 69 180161
61542 92 152113
167789 29 224611
23063 62 249765
49393 98 182247
24632 72 99296
167009 70 180813
11875 58 77468
102228 40 168121
847 79 222970
71027 23 202381
66445 15 120206
80061 52 140308
14859 33 166840
139998 56 182224
100165 42 196960
129856 11 173001
87747 17 238592
77820 59 126766
177779 68 198022
175769 86 230989
26826 31 170558
87652 46 118183
91740 99 133033
155603 15 182392
14531 12 66466
172293 54 245809
28663 64 198117
17612 90 111720
156214 78 233759
175358 29 240371
31924 86 79671
51300 55 64909
10026 5 101764
147623 89 215091
75788 90 115322
57204 35 109536
180322 75 207761
12460 39 102020
44262 16 66215
18857 26 88544
148177 33 208186
10962 67 158292
105378 58 152516
201634 86 213853
148318 82 226451
46413 11 212201
8965 54 77371
137735 85 173236
82776 13 235890
13629 54 88413
42517 85 52319
97776 70 160247
59874 38 185760
179219 93 225319
88786 40 149653
156593 20 170679
113371 10 201364
78183 56 176389
139535 42 173255
45768 93 69848
117628 51 181321
113362 28 114670
162714 98 165325
13260 58 90933
170359 4 244454
148899 27 194653
96567 36 97090
12895 38 57484
125187 82 231898
106664 27 185719
83235 18 167514
89178 8 237581
11600 86 165946
109901 64 181007
113642 70 196447
72384 91 78941
94979 93 147279
166245 10 207130
115715 67 225745
61401 22 99768
91384 90 161764
105751 10 172589
119012 52 123664
28822 45 246195
67251 86 192557
21269 81 79676
116973 3 223044
121306 89 158707
215176 60 220147
37282 4 175025
62083 64 171294
65576 18 66095
29591 68 208814
52518 73 110084
47795 4 188840
15454 51 173240
97937 29 230364
124403 39 227578
30933 92 87641
11125 52 102386
46105 87 219963
126249 100 246523
46244 65 60060
88312 55 233308
2165 68 153930
20344 86 185229
11142 58 170384
20720 1 243918
59878 44 174648
162682 89 171772
5383 13 245913
224351 92 248205
94379 18 95806
101847 96 248499
1170 9 205125
5805 24 123078
119824 83 229425
135794 3 178967
208467 71 235457
135720 40 234235
145584 33 241481
115316 5 235183
102947 94 116794
17835 17 82034
21166 38 234417
113891 97 203235
155326 12 193537
4696 9 13646
165009 22 226148
131183 51 235529
161529 82 236716
97988 28 164956
119998 89 222607
78207 2 156588
95388 39 204608
66199 82 243168
33330 83 40818
149157 21 238733
181743 5 223518
82539 3 206393
159123 50 244269
107818 86 168237
107880 2 168176
49599 27 198336
48721 80 159417
81224 5 102627
63449 49 142220
98359 78 123226
156433 45 194346
66434 50 83932
105527 56 124490
123905 78 213856
148389 55 188339
165400 86 218189
3051 45 249308
49611 7 58835
180942 75 228176
72430 1 108735
8755 66 161196
49580 27 176282
2645 67 30966
108202 55 118430
90936 5 233635
66974 64 115483
81601 58 245004
4482 12 165741
153056 7 198828
115072 12 194940
6396 32 219941
163259 83 224024
214353 83 216441
7608 92 245300
110043 49 130182
26179 14 232370
23101 58 234529
40344 39 148219
81431 69 151564
226225 46 227972
56429 44 196906
7856 75 245128
16216 19 47897
37932 52 118947
132662 81 228788
65576 30 238754
38646 68 81068
4424 37 57956
8724 4 130800
122057 47 241417
27221 98 105957
374 39 16483
196938 42 243223
11859 29 152874
68373 70 167854
129990 28 146472
119276 69 198437
21887 5 174619
87652 50 160393
36030 22 70226
114143 55 203661
177089 1 197009
44974 59 137444
201382 62 209596
64217 19 169890
78235 91 167208
61119 63 184464
125401 65 162068
26702 31 86355
7184 20 146269
129531 51 190511
105991 91 196255
29162 62 88703
40 59 112203
88723 33 150489
30853 47 82507
72022 9 107425
55331 44 69203
79855 79 136408
138251 55 218488
9577 19 171880
45649 9 199296
135074 74 235378
112642 91 234754
144174 10 185740
10124 9 230811
120963 43 187448
124139 27 208192
44203 86 76205
16063 47 117222
21074 94 216934
39615 68 206196
130444 27 148753
77655 92 244532
17294 47 34103
23511 58 121579
21224 56 109773
1705 44 134695
70487 87 220909
116107 18 123412
105834 61 211999
67646 99 77012
21058 53 110230
52837 15 203967
164622 14 221745
19093 75 145151
4645 63 97104
177116 26 187491
100506 68 108936
121171 24 153044
15464 57 39732
33064 2 155096
41039 31 166647
4255 84 224589
106946 50 162094
83587 32 161356
12340 96 167674
54458 62 103837
209040 78 229912
65057 86 111197
92090 72 243988
4589 38 99692
13316 53 83287
8366 9 108190
34377 63 73522
119784 62 175228
161474 85 245389
172329 54 213645
195723 69 232615
46357 67 153728
82174 75 207138
139065 85 249253
146065 34 207440
79635 61 176783
196437 87 226963
154669 35 223235
33386 39 82314
27979 1 214433
132987 98 238165
115295 46 170469
118996 97 138436
44017 13 200207
45915 5 120670
44996 64 89140
187904 75 193146
165029 84 213348
55066 96 59846
175270 16 235040
77268 21 135943
168543 81 226595
56591 37 77861
38095 72 222907
109065 79 118270
57177 50 243164
181231 86 248388
3012 62 122471
76373 35 164107
37629 34 202999
36564 53 38513
3271 7 146092
50079 65 237466
119932 79 136329
5985 30 231748
38974 84 234622
163095 7 228002
138572 30 154017
214191 57 227312
125625 75 195313
82085 35 149973
58749 62 216970
55140 99 140825
135382 35 195629
192365 46 219502
7984 55 235028
40970 77 76154
89506 14 200708
66707 41 160470
191849 78 241182
108512 48 141722
49631 86 201008
62416 28 155511
18934 32 235870
55972 38 216267
34415 11 249120
62436 41 232418
226652 67 230591
27235 20 81220
138399 29 189509
166742 90 249700
60982 99 190770
191340 80 221196
51350 85 161338
24424 3 167124
50392 1 119159
23593 8 92979
40005 53 110376
25263 23 197601
78430 73 145878
19695 88 102422
150638 5 244204
42678 71 239072
178885 100 206246
648 54 96629
47332 35 102051
36643 39 237461
114883 11 117181
2855 3 9441
164478 97 220470
98849 19 158340
24307 56 121407
153220 86 164017
13372 17 152565
143503 76 198433
30970 77 35998
41229 20 119064
55818 52 190403
32318 100 150644
126545 94 202107
49052 77 199696
32735 51 43370
151171 23 221759
49130 43 138874
173125 19 235697
49537 95 122149
182806 30 183157
152503 39 219032
197975 33 211023
12269 42 249484
5821 89 126251
71465 97 196669
202050 30 204326
155579 2 176951
33559 19 200266
122659 21 198116
54873 64 201020
21422 56 185914
206762 68 225429
111654 76 187678
182217 44 188308
37053 31 220214
27197 10 67986
150211 8 234653
158169 27 178757
51102 70 62694
67573 13 99029
43387 32 75604
39239 24 90349
94590 81 140584
90500 20 140055
7380 31 84943
3028 32 69600
38707 81 121711
51179 16 228747
114248 85 243326
12385 22 172146
32382 12 193576
95428 17 188199
60692 26 61577
78327 57 173033
3210 40 201058
76673 54 112971
104669 11 142055
27193 70 38367
96853 47 141422
11805 64 219939
179849 14 220316
5668 74 30995
1953 51 127320
28895 98 224782
116507 45 244534
95938 35 159059
127348 66 181088
40674 78 79579
113889 32 168788
3799 84 186966
94733 7 97322
8603 91 124030
179410 98 244352
45564 75 170283
619 19 156838
144696 92 165566
44511 88 165188
109887 46 212843
5929 46 36892
9168 16 88101
112684 40 118158
95407 75 156795
69784 26 118937
14098 20 211028
104099 77 168969
96025 76 202981
32411 91 108176
37024 4 48629
39850 87 234837
50653 53 92339
41216 65 135927
3464 56 103733
167053 80 195397
82373 75 160331
78490 60 152383
39820 1 98273
154536 73 221676
97473 59 243352
159104 41 226358
114554 79 221229
152257 18 186167
19586 57 148296
31084 45 128329
83653 12 209526
3651 61 226011
54199 31 204513
80939 72 173387
215116 71 215516
114354 58 189814
32171 41 33265
66998 14 141150
119918 2 180031
2363 68 220307
175531 22 214487
32995 36 179845
17965 31 193923
27552 7 184740
213700 73 228042
225268 60 232163
1228 27 234611
56361 25 176943
47076 5 99413
142591 62 142694
10747 74 47077
90030 56 142751
183812 20 236500
6232 75 168250
63022 16 118502
178161 79 217413
11732 67 12952
109703 34 123863
244337 20 249953
8438 47 153806
70982 47 90880
83475 90 178887
43192 58 120542
197921 32 249869
91664 40 213469
220724 13 242301
1677 100 91879
93743 91 133747
112632 51 238677
12335 16 141608
467 64 188644
89855 13 230016
175603 95 209889
116795 98 201055
100652 17 108059
11696 18 74032
40236 71 59298
120863 80 135553
54747 57 216442
23970 44 204877
154376 61 159820
106414 16 240600
91020 57 211522
115150 35 239887
119354 22 213905
104294 84 217100
83296 27 181072
45659 64 214027
105567 42 223978
5696 36 10002
26143 26 81944
8224 45 21425
101420 37 236918
30423 90 238923
187071 25 225340
18142 12 25707
172836 21 176159
84066 68 111605
95555 38 196892
7184 60 72155
141493 49 244943
5695 14 157266
30141 58 202258
91374 28 226383
83172 12 143960
32405 97 138189
102111 55 180915
170909 58 208814
6131 67 74055
202663 48 247753
24415 73 218925
17709 7 55131
86238 13 164146
2685 59 68061
183272 23 220126
31281 24 141842
60984 85 192386
154919 28 220089
116082 87 147589
77546 24 109763
147301 70 173339
227802 42 227844
118742 32 183465
41605 13 154843
211863 90 246804
168947 91 242588
75195 36 178302
175222 8 184133
33031 68 152293
11236 65 193928
16688 60 29433
51684 81 53387
1951 97 11868
1845 56 29198
85332 28 206532
15625 28 133030
174527 59 178915
131845 32 211817
95288 78 239651
3854 99 43503
31316 23 128388
76729 9 217974
147102 44 150029
138164 95 233327
88538 96 202423
153272 60 222340
113204 54 247897
219332 71 221484
78119 3 193592
153439 66 231320
18681 49 64142
8429 28 148846
103149 19 201632
98099 100 163574
30585 72 247184
46387 56 163642
120134 85 140307
126168 97 243600
212821 20 247190
150068 45 169075
41550 83 185500
105400 65 149045
222298 68 241165
47053 28 110081
26045 76 209976
26270 43 98954
37142 75 226748
55798 21 82987
217064 28 231377
76453 64 118381
47064 69 195268
22621 41 243678
78322 32 207112
175904 1 196014
45830 46 243924
93652 19 233646
27845 16 165203
93572 60 174779
95723 38 198550
130354 58 136383
20569 32 152339
163271 99 222571
189804 20 192535
39760 52 53878
85000 5 199265
82035 54 159271
64355 11 233802
166944 18 196146
74770 93 240151
82198 88 231868
121972 75 185464
43322 2 64300
85721 80 145785
116065 91 171317
33822 63 249853
55056 26 204627
72009 52 74334
60617 35 156009
120389 25 189957
66396 27 95493
28487 12 35397
109081 78 188625
192119 36 195194
101668 36 249841
192861 11 231525
92025 29 237764
233032 63 238553
91571 63 187183
58072 48 240461
86215 10 172670
24716 5 80337
55967 89 161253
183371 93 225111
49120 62 188109
31355 25 186534
192684 71 227238
90568 57 175007
119552 58 211342
24676 30 244246
151412 61 170537
7428 35 65452
47585 29 124593
31163 32 74030
7659 81 65015
98415 16 209815
44295 36 203746
20767 21 186250
184246 70 233740
85028 24 104126
38936 40 152916
50685 80 167147
105270 89 164847
94586 13 176616
83555 32 198385
187028 100 225211
19840 65 199730
119156 29 239265
180565 39 223629
12117 73 179654
65677 45 145946
38443 1 207605
22399 3 86825
211560 61 228522
114689 5 231659
179634 38 244849
127715 98 238450
72872 4 212909
191273 85 231666
38823 29 118862
5693 58 210122
36677 27 112788
110904 23 144468
120638 26 124859
161826 19 183052
85073 43 200284
60627 3 213147
17378 90 84428
65027 5 89302
26181 59 244812
6470 1 110617
3375 90 60423
20019 65 128479
32614 76 141078
205661 62 246487
57996 100 170961
73176 73 111699
22999 42 37703
85181 24 105605
21597 63 55742
91674 17 228553
4058 50 124148
22725 3 26810
11964 74 137058
67033 1 135357
133617 32 198697
34105 35 112086
113737 14 128645
135749 61 234712
142159 70 186198
34415 13 216581
201974 50 217268
39970 42 66256
7205 21 127906
144615 97 178351
57807 49 121015
53795 81 155377
88584 9 106786
97573 8 241504
33124 73 159602
29738 78 122462
14016 15 215687
116891 83 126816
83406 9 207456
81278 46 97050
43784 33 212519
140331 82 197430
148511 16 177576
103158 16 156263
59862 17 195541
94100 77 242936
43615 2 64739
114023 9 186280
20159 76 206872
2718 73 201865
87287 83 238760
14393 43 195564
122165 45 220748
189569 53 200982
110660 19 115894
207513 52 231995
85030 79 217017
100242 68 197120
79811 6 181521
6916 21 9941
5613 36 133622
7658 94 249045
141986 55 186184
159029 71 168148
140811 29 210058
17364 11 30741
196053 57 241608
137462 79 183470
72811 8 230829
52408 56 151777
26844 11 67382
7178 20 11493
4941 90 107503
183334 24 188764
54635 92 82975
215957 69 228383
110409 38 198634
27561 24 128452
39500 95 127994
176291 79 205257
29171 81 48862
88870 13 227105
178794 83 180181
64011 8 197593
4140 16 227184
149368 85 180667
20010 8 183403
4071 2 117216
5847 69 37262
119936 52 198383
188680 30 244455
83400 33 118553
2300 19 220612
231954 81 245862
17687 71 161238
17482 32 192445
112881 75 246881
117695 47 232849
132029 11 175469
14342 45 186754
37172 52 52501
167060 28 181837
35086 68 195716
32938 2 90772
26751 67 92841
5894 90 223900
141523 58 194306
67469 81 151659
110502 80 122013
159745 7 193539
18955 92 175558
160646 81 194746
63509 6 185032
55689 59 108260
20902 77 37480
4966 22 86043
75335 50 242747
88520 53 185768
124410 60 170007
89386 4 164184
45463 44 191517
16926 70 211776
185322 97 196887
67271 67 168785
33359 6 201661
89822 95 222081
120735 38 140604
145236 27 173873
175024 13 224118
3382 1 43959
23461 15 193437
110145 89 184068
18284 31 125108
121828 43 177839
88754 64 226071
177407 55 223652
8720 47 187141
15716 81 35453
149114 51 168736
175330 72 196639
164882 16 173351
17684 37 231617
35332 21 167270
76091 85 82432
127212 96 170953
11444 59 150676
191913 40 233764
90765 75 113427
159783 89 177356
70184 93 191114
8150 43 228752
137340 48 206745
63106 38 243639
61418 4 196319
81134 3 166214
5188 58 240262
221394 37 230549
57230 88 150600
25987 15 145848
177022 14 201629
112278 75 112551
124097 98 161342
70490 30 79258
69726 3 80853
130395 21 179844
5219 99 222192
163843 88 173873
138078 93 142184
10515 21 172013
49137 86 220434
92352 16 124116
11501 58 205336
24227 38 36923
169511 27 188343
238312 18 243992
90529 19 127479
196052 59 196665
229432 19 244345
86872 77 116907
45815 32 117407
49547 97 239141
65730 49 221284
43622 10 101674
22624 10 47107
16986 50 53106
29928 43 159372
87507 21 102318
32398 14 218702
91551 17 186368
16329 99 210974
114933 99 188565
113592 92 188903
13880 69 173169
68171 17 172682
4565 7 21250
98098 99 156562
123244 84 170809
97100 34 108204
92878 2 128388
68568 21 152187
15811 85 143891
7803 84 146848
63270 90 158395
26646 58 57631
106648 30 223225
88376 85 189676
63916 17 124557
94097 63 245758
44044 22 135811
28609 46 220047
2364 14 200057
5928 97 170655
114280 78 140739
55779 84 233644
63784 45 171855
215345 29 225028
122681 65 222292
144563 1 235311
18401 31 146374
51603 11 174272
5186 28 129109
102537 30 244754
32495 46 78922
128032 63 159932
9007 34 213356
7401 1 106094
79578 92 177979
202227 95 232513
10450 40 74187
73643 23 197723
155678 74 156839
26992 44 190649
97386 99 214544
50253 67 194059
123189 65 124781
45211 84 81345
235869 31 242908
76694 43 131957
125352 55 157664
11787 97 17301
140999 46 141758
119510 21 165886
126118 57 190609
130537 27 232029
107905 37 149693
107796 22 234185
69537 89 119334
71601 54 211405
135909 91 182784
1342 26 55593
54539 66 209073
41559 23 210321
210256 11 219614
83544 1 201209
46447 34 121598
5134 96 90793
124505 47 168294
13849 64 86584
190406 3 245072
32679 27 201660
33530 20 54340
22696 82 162788
218434 79 229133
94530 71 102425
201786 40 223715
116225 52 232486
56893 100 246801
46936 69 85058
55280 36 120715
185840 52 213870
46249 7 59134
84873 53 203875
40688 78 51168
135024 64 137970
16642 84 105251
32783 27 230503
90322 47 203401
49884 58 242141
177293 25 196202
42245 46 184910
835 15 61716
93762 48 229541
87696 5 109700
139733 87 247658
22835 25 214069
121915 83 131502
50276 54 75884
58747 23 99707
9399 66 46787
81512 99 97736
44642 41 244127
14556 7 193484
82510 83 178269
1580 90 77664
12369 16 190937
67686 80 156972
69670 18 231408
19584 27 61709
102297 81 204308
58059 5 246228
14390 11 195170
56833 3 203926
54873 4 214833
119974 55 244344
107539 69 235184
164811 62 170201
103354 28 105992
152619 59 163439
77782 48 213243
167907 85 186800
194716 91 242950
52636 76 53963
38159 48 66469
143520 55 191484
171576 56 242677
143500 6 226592
12860 22 56125
121294 41 174421
43862 61 88252
159341 28 214353
125526 20 180023
33719 59 207400
221104 61 221750
2147 72 188665
162178 57 241047
45067 18 87804
184110 56 229237
8253 4 201015
98019 99 141348
157503 46 207044
21109 40 223331
60971 93 112838
103736 97 206315
81605 19 226511
56759 44 112777
210376 26 240503
159200 61 197597
16846 92 59767
129021 37 187091
139113 95 211431
9112 53 210302
92176 20 94686
8147 57 23441
22732 83 58426
32022 46 99628
171384 35 201424
10786 22 177859
28758 66 96891
2003 86 239373
25609 66 161582
18051 29 188727
75272 62 102776
176646 18 239985
42236 78 247121
21878 82 154440
35632 13 131321
77962 29 235713
46361 80 93692
53332 54 103792
5972 94 242688
58900 72 217780
36090 12 75659
15483 97 134724
93579 92 137163
80730 22 83175
167317 39 179682
6789 92 217033
152141 60 240875
3298 60 88483
201093 17 245584
138800 1 180209
71207 78 185150
19068 27 114523
54088 92 211100
28343 55 104873
177882 93 186773
116030 86 183803
81719 60 169230
50561 20 126611
144206 3 176441
83855 4 107382
111027 30 222034
49641 25 234892
21493 53 167361
24772 27 146086
64413 31 105441
135317 17 213210
17875 47 208815
27458 43 122130
93181 7 99849
55630 42 80673
142306 71 211819
4500 57 28974
44702 92 178152
67298 81 228863
36442 1 46944
57893 44 67125
138494 65 196706
67653 7 176351
18199 18 79367
58424 72 81099
97924 91 223192
50194 21 194171
174622 41 214040
59719 22 196572
187020 2 206579
8338 99 90960
80658 25 95382
65066 37 76082
44681 90 140242
78879 78 112007
20797 30 204169
103374 90 208797
97863 44 125215
54925 75 56893
32236 72 95606
75250 38 101750
118074 78 247693
43230 83 54395
19509 70 206324
63665 43 200604
137498 17 198159
17714 66 57620
69987 73 221956
22608 100 68937
38342 39 73886
55005 59 114021
21418 30 97784
31471 94 240031
4736 23 244343
211701 15 235108
122838 82 206923
39529 70 118686
72664 3 75893
39215 77 70126
87335 95 218696
17336 19 212995
113416 15 142423
123798 75 154265
50666 23 176894
40126 33 58032
35944 40 147381
110433 99 232659
88145 51 243315
23765 82 80464
123370 22 205862
64102 44 249118
179528 54 195132
65552 19 172366
74146 17 74646
69498 36 234877
238068 20 240567
92261 73 229708
76742 94 151646
66370 80 100750
534 75 128626
89 56 136239
213171 27 229486
124419 30 178923
85970 68 224075
19110 70 91121
129468 53 161909
8340 96 54509
15306 53 83522
179625 54 241117
178229 1 245964
7085 26 199941
145308 77 200503
105252 71 150752
31252 21 124387
120634 26 238992
47539 24 167310
14130 78 148704
31520 93 80114
173423 72 179635
80774 52 238826
170744 16 174823
30270 46 165964
5289 40 187061
123390 61 194665
139353 9 192305
49988 73 207394
214539 71 242780
157733 54 219238
15309 64 42966
91818 79 141183
4491 44 97940
50683 59 106906
75460 27 130689
96184 62 232541
17514 58 249130
101788 72 181554
147455 24 171931
5171 98 35517
91571 65 186486
126455 32 234820
44309 23 235854
119160 51 248721
79070 34 136994
43424 12 234385
99505 3 137161
34813 48 34977
113627 20 141973
158266 65 194836
109521 30 246308
65858 70 247044
69086 32 225224
19105 66 82959
25133 57 122915
97431 22 134951
58299 46 195436
149432 14 173384
10536 91 217313
4595 15 156690
41512 72 76563
37695 49 143193
77612 15 213997
166558 98 229806
224165 93 248982
131017 99 241961
72506 12 199179
122431 75 240844
17463 11 157067
42733 74 68868
98428 54 222150
101566 100 182777
154628 60 232081
37927 55 247376
43229 62 94110
197553 17 211362
40283 42 141593
46682 13 167612
49664 44 187947
22657 30 88591
140923 70 188145
27998 78 132446
67810 24 237220
1940 75 38154
183782 89 184480
65674 77 131458
18973 40 187061
195121 77 203811
126981 70 156182
29032 87 165462
112536 12 217088
168609 95 230817
38185 18 184115
26748 95 168508
157509 79 167663
93820 19 107884
20043 63 27621
88049 63 130686
48420 59 63953
131570 15 235237
93841 48 174596
202559 59 210384
52484 30 166587
45081 46 129166
15878 89 183115
44245 81 239858
68462 96 69900
29096 42 203938
65787 12 128215
139247 86 210842
231765 70 242945
63180 59 65780
23234 18 139126
165618 71 207010
16530 90 192295
100409 42 165285
90689 81 132281
81729 77 103132
19641 37 190889
41788 73 170951
29960 1 151780
154957 92 178112
111948 23 121993
118480 18 186129
3339 50 196398
108537 71 144203
64408 48 229238
215325 31 233883
62932 36 178581
31620 79 130927
111569 59 123721
3139 80 101986
82138 71 174701
163717 51 200131
131222 28 214689
213220 18 244310
32174 68 248059
750 65 158811
35827 24 85936
33776 8 134317
5085 76 45615
20045 41 52179
216653 70 227477
29049 16 189554
39 5 63627
73893 7 139157
166724 10 205137
98376 70 156541
61759 10 75110
14115 2 242396
121805 92 214749
27265 67 164832
114258 7 122632
12637 63 116477
135856 42 199870
118820 3 190439
51865 82 77789
54025 64 226383
64414 56 164583
121 87 2112
10006 85 64881
123124 100 186550
15756 20 155333
35642 13 240360
56117 2 196179
130473 28 182134
17928 95 173013
174887 77 184040
30096 74 217615
141962 64 196096
37211 43 163974
104001 77 246401
95397 82 227712
28471 79 171073
181561 20 183787
5639 67 81055
217547 94 220593
195516 74 199802
178836 94 208857
14049 15 188480
5774 89 154024
165187 67 169599
75024 35 91518
37835 64 137427
227402 74 230259
24855 57 183737
40721 44 107173
28632 79 192662
162580 85 249282
230837 79 237672
175369 2 232249
88563 25 139753
3074 63 56061
81006 49 130295
95498 13 181329
168093 82 195870
139862 19 196312
2478 41 72076
99397 64 211281
100399 40 226313
97899 15 211676
217561 96 240221
117936 41 223649
106757 9 176842
56829 17 99641
48812 56 158001
105485 10 200147
18904 79 245775
80455 25 83705
8409 26 14323
137636 31 196273
34211 1 48518
90291 70 111060
77795 29 171345
22312 71 169751
62974 18 206528
120769 41 150971
83598 75 236290
82073 63 179948
143987 23 185990
72181 75 139681
137694 5 162523
143305 29 233952
11627 53 117559
139801 27 235404
117529 35 153509
80496 37 94418
13999 92 209707
2655 17 17883
8910 43 99201
135162 44 203672
23645 56 91438
25060 99 52185
71697 42 198123
62868 48 175277
7142 18 173939
155789 81 239824
19146 62 149258
33192 4 149618
139037 99 165768
61501 8 70502
85612 85 97798
25537 24 153179
189134 8 195117
8101 68 82542
61957 15 119836
191654 8 207009
420 92 132310
94708 93 171068
61407 85 90657
172454 69 227259
115190 3 181029
136030 48 211653
26181 13 41352
142783 99 240823
67346 81 211756
180260 1 212007
94782 46 157427
50947 5 120223
84854 69 237938
73453 4 177385
21904 21 195921
63620 65 64162
120729 10 217178
45240 46 158695
6050 68 176578
81765 40 110212
156682 73 202893
156163 96 219338
47328 74 218058
33176 24 219351
56612 92 207539
123009 26 172719
224365 69 235387
34003 2 150083
83820 55 111821
19848 45 170094
207847 30 219986
27277 91 35532
8100 29 151643
23269 46 49580
34310 85 51317
8040 54 23110
224545 45 236362
11403 34 189490
241594 9 242400
160693 80 248613
61051 49 144734
205417 13 231612
9693 4 148494
76039 100 224727
193069 60 242339
123308 18 162444
66520 53 134114
42730 56 207355
96745 56 171386
54865 66 144821
32643 86 99179
8112 61 187215
1577 34 173400
3463 35 149882
145885 74 231468
157468 67 198472
43120 63 236842
18351 49 190481
87581 75 222103
60398 59 196494
190927 90 237404
56985 32 183820
61303 72 131972
102281 21 154710
30853 23 54527
28816 43 95274
91338 60 189814
99479 32 185793
19113 69 96116
171732 8 231413
75632 18 89091
79365 92 168351
173265 100 234074
50847 90 139704
107873 40 168246
14937 94 28396
11984 38 39193
146018 1 174600
59186 44 191381
34987 94 203285
42902 70 226193
147202 18 160537
124406 40 198607
123487 31 177236
69937 39 209259
51532 58 71640
100168 92 209783
155515 68 165924
28586 87 144839
46993 38 181230
11851 25 141675
191215 19 229796
53832 20 164982
16551 1 224719
148737 46 229591
59848 22 162329
137424 67 248410
62340 69 179736
142940 55 201325
110853 51 121730
61013 44 203761
9860 6 54724
15074 21 32385
134470 84 237331
40265 70 96416
122880 92 171706
87981 46 121351
5916 45 136800
682 43 54148
40911 99 203988
158053 71 232403
17202 55 233601
13700 82 198654
64568 38 146915
105237 29 175222
157347 42 164981
110988 7 190348
110737 41 118104
189420 57 202964
100962 30 127708
177353 9 216041
25169 41 195927
55212 3 175834
91305 7 207392
119747 25 168454
152961 22 240065
145877 86 244543
36434 73 75404
86148 16 205436
6190 45 77337
74649 73 129548
48127 34 245416
92611 80 108473
14614 67 133294
177518 48 228183
12197 84 169434
145058 28 206512
69438 90 85994
30137 88 35517
40628 78 109648
2673 62 134749
160308 28 162833
41529 63 205143
29011 86 223255
83729 70 246622
7916 29 10075
34773 7 60963
9891 24 10641
47433 31 239038
195385 38 219179
9560 96 242138
51540 67 245568
4886 2 28238
4511 60 217234
44276 94 182087
76544 71 151451
128219 24 210812
75846 71 179023
96058 63 117701
238821 8 244887
150931 28 171101
3734 36 246143
40169 50 232122
95417 3 225633
108026 48 196560
74245 21 119405
51171 43 161587
40385 27 66414
64297 89 211092
32497 98 173431
144263 54 230122
100512 35 122225
79646 89 124744
52714 21 195779
1831 56 170279
69503 18 99640
74894 42 152965
8026 15 197574
64163 1 159531
198211 82 207256
20623 7 210675
83946 39 188636
131347 78 219466
220020 84 233861
147646 75 237795
47929 98 225006
167263 20 203580
161302 24 182134
76972 76 173739
104978 63 228577
87709 41 221954
76776 17 126267
189408 77 205125
86148 13 117613
157911 16 199038
39914 71 46911
100033 97 148212
25685 44 247831
22493 93 234906
1536 30 189001
47224 9 87380
82612 56 144602
85863 14 130268
78266 57 159110
107424 64 126608
29059 99 84536
8855 53 191107
93971 38 211257
26610 86 241354
63635 3 230380
43188 77 157459
18719 45 229019
154346 12 213840
4099 70 85334
150324 73 172931
19985 52 81336
61229 81 235841
84820 52 149678
74503 89 147652
1501 49 33533
4238 29 51020
125621 62 148206
135465 53 157375
108041 63 211541
11425 2 101017
69757 88 235848
16703 54 217167
66716 32 227168
50794 37 112655
4157 20 194108
85386 51 102587
137744 98 180247
90269 89 151224
29211 66 132788
146011 60 234190
38713 62 106135
34313 36 233894
155341 100 247335
113379 26 202373
21951 58 183356
31225 65 175126
90054 49 249173
160272 52 202710
81026 15 228364
190074 48 196074
61141 36 126646
47030 17 175606
140840 61 195306
115517 17 163188
2497 19 151714
106860 82 173847
42031 79 200903
126483 84 211245
133724 46 210582
77074 81 158757
175775 98 193002
117886 1 244991
105338 23 212478
157455 71 191852
173589 17 187651
48857 72 204121
4389 16 140673
70426 82 239526
26513 59 112969
36541 18 165952
98643 89 159832
106220 71 189289
59195 73 159690
86065 37 135329
125953 64 148603
51787 76 166331
92502 92 133788
25082 8 229773
74496 14 127455
68603 8 75362
6285 24 45874
201132 48 230584
65007 8 100062
66934 34 227949
47763 27 142814
2086 51 68297
109430 37 198853
196966 63 226862
9492 48 187491
207278 19 232666
26671 38 61497
62201 11 248568
102396 78 163929
35849 95 171214
33673 77 223490
14231 8 126190
110031 78 245523
20857 74 136476
26162 41 200451
10441 93 235036
193400 60 239607
225230 6 244171
105336 72 152216
158174 4 241880
171581 25 227511
148627 49 208193
37773 61 54297
52716 57 241322
13101 44 59354
95785 84 201632
7231 19 144363
122203 38 214184
107758 71 218557
123235 38 188510
66940 72 220732
43514 37 205617
111860 66 207598
109855 27 223568
10679 49 225369
467 49 111168
100804 48 132484
26295 46 29122
227457 48 233724
63468 95 148629
207256 4 227737
192032 70 217912
43385 28 227640
33371 1 166492
45896 65 160760
19985 36 229554
34369 99 229548
1826 4 36956
2751 47 79881
131245 94 202085
8668 54 43899
5543 1 166671
165487 68 241001
105261 59 158117
118706 23 239549
133733 79 193006
151073 97 188405
104106 2 171116
238525 5 248468
44421 93 215305
28890 7 82757
45606 15 93075
504 56 193253
51559 64 165871
19038 7 29016
26021 5 184746
121949 69 237603
14219 32 221306
205836 75 230047
104956 3 182105
27291 98 175939
149239 46 155598
84950 84 159754
96695 26 249198
2148 92 245600
133510 96 181440
128562 42 192387
47338 20 66781
44339 71 48429
69346 66 185928
148126 14 149474
55356 85 230936
76097 79 123920
24241 50 170678
212946 82 213254
129359 63 181374
61405 10 187461
58171 95 177067
143485 31 227724
23954 16 102503
31375 23 96143
39915 13 211239
200069 38 225779
44652 68 184692
163589 97 241594
54179 5 173626
101048 99 158091
159215 87 248532
102603 43 240586
50840 80 116114
57597 67 111229
15112 82 179097
117560 75 249337
140282 4 198240
50324 11 103890
110470 69 239964
152648 49 212205
48125 68 244623
1812 57 107972
115615 47 226531
36651 94 105887
34620 62 199312
79659 67 109484
173300 32 181127
27384 68 241467
114726 25 150735
66113 10 88633
37576 34 221490
109937 9 156724
184528 91 207721
179385 56 220875
90235 21 241015
18631 47 82278
54235 23 128121
142553 38 201461
212790 70 232668
66808 8 128348
151463 85 160183
210185 90 238573
97925 68 230069
72214 83 156027
16490 60 169024
7436 12 53428
4581 19 172318
137337 58 186584
57465 95 147337
119202 7 177478
93491 90 193424
9715 61 72262
104912 69 145880
112666 86 120062
86263 26 226127
193400 84 236234
52256 87 245019
21819 19 246466
74921 96 134255
65575 24 234948
42666 21 138785
73806 21 249241
169326 72 177739
58529 89 143030
14721 44 69962
28079 98 130331
167703 61 249990
115068 78 138725
127870 13 153253
76270 80 195373
69916 56 108748
88306 31 176622
59189 33 192472
13531 31 127695
208203 95 245394
962 8 6454
72989 51 227877
122638 22 244584
193409 14 200317
84824 98 176737
84855 14 97627
174661 37 217808
81135 3 209409
42305 46 209600
33391 36 46663
26601 38 60903
45044 2 138683
114964 39 122175
137693 76 196201
19859 38 23497
20540 38 172920
86989 35 116563
80134 26 163821
244474 9 246343
138089 49 227184
114466 15 147915
9727 70 249390
34449 48 46669
97162 43 169360
50282 39 131529
44651 71 177784
127749 25 193606
35153 59 217047
53053 37 133869
21114 45 76238
71360 96 244515
18715 33 165642
76513 71 142384
151213 42 214970
171206 47 242755
169159 45 215809
48668 39 50384
37478 46 194475
186123 85 246826
55678 72 191131
40902 2 211831
127913 69 205533
187605 67 237502
7774 12 116142
115988 58 132185
96216 94 184176
150372 37 157874
14619 28 237523
75528 76 111368
119462 66 147446
76545 48 201255
49002 48 163901
97755 28 132924
7823 45 134745
122460 75 241238
13783 10 207242
76848 36 95479
99689 99 194788
98149 95 219469
12632 69 173030
43266 79 175467
53576 85 225768
37622 5 82914
81137 29 245032
110805 51 174625
117336 21 213511
69589 77 163521
184067 53 235509
161091 68 242261
4497 22 46390
215739 4 231339
185862 71 239597
34831 2 89346
95497 38 202277
73904 48 108041
100890 43 222044
86132 90 249063
79635 92 184121
16943 34 175171
182454 19 216879
105636 68 225950
212045 59 249468
1701 1 36624
234323 13 234824
72648 65 208582
219326 64 238902
103933 16 119253
50197 54 157320
87236 33 92235
32712 85 60055
122802 65 240720
63916 51 139588
63496 63 63962
23496 91 191819
30441 36 240798
231559 43 238358
102533 76 241450
193460 58 215602
28178 14 129091
145356 55 169416
91543 98 239269
147378 3 244636
137052 46 151710
41599 34 124805
6113 37 241894
104871 25 238614
45728 91 77420
11836 37 31230
162468 5 186339
198888 44 201857
91115 96 106653
35286 80 83993
61507 24 205976
173768 61 197873
103165 95 121333
177887 36 226131
71304 11 170209
137684 26 241195
65114 13 131215
80598 35 246703
86993 8 209679
11909 11 116897
114728 97 207853
55553 43 246989
35861 72 44006
18994 73 95947
50298 74 114227
97795 60 175046
118615 35 223946
74099 100 190159
117214 54 242470
175194 20 193312
101232 24 197377
80627 92 90812
75860 55 126015
70191 4 110695
125434 96 210350
57706 16 205027
122431 68 170248
78613 23 131446
175050 12 211096
129794 64 168024
23717 69 27382
45510 29 171863
144449 82 241701
206444 88 245638
151903 23 230795
29717 57 224037
69385 46 236902
138463 29 195394
18682 59 116393
89174 6 199343
32526 4 72365
14365 99 111059
2540 8 180334
88333 88 189963
165696 12 180268
19306 67 184019
19594 32 167948
11562 46 249289
9887 14 201376
193600 42 201165
45010 49 142036
50604 25 121411
100114 98 191190
234660 56 245944
10717 34 59751
9920 59 173222
153064 2 196464
9545 16 76243
49512 68 109654
5325 87 237839
56836 81 182585
216104 76 221340
71659 14 107111
18357 57 63703
23899 61 99986
166139 28 210574
174934 81 193855
96341 75 132107
141920 93 159592
74163 28 174060
3621 35 150102
105745 1 237317
61763 84 187462
7801 3 78467
161560 75 242369
109822 52 113174
143518 32 201475
3570 46 12550
200589 1 229222
107775 66 150485
149953 87 222207
186828 69 191735
8432 84 25036
30790 17 56247
36566 21 72116
41420 39 242169
28654 48 224655
328 88 184028
102718 53 202371
35439 97 179197
8540 85 103183
7686 5 182344
108345 33 142912
63108 44 229297
35152 30 48764
14 63 106686
6740 47 231469
18500 50 157438
85381 56 100275
69224 94 125304
198792 41 203470
123853 99 213700
14647 10 234184
227829 20 248804
63500 23 117616
104205 47 240982
139005 56 176410
113345 47 240326
140673 30 230836
3099 12 42335
1450 1 175179
65390 86 95102
85456 13 108104
190668 53 203342
34430 30 46422
61220 79 232140
41490 45 245771
85962 15 191515
64303 41 240027
120254 89 205311
71286 5 165160
12538 19 33620
118137 57 220033
104754 40 164969
210512 43 229299
158148 20 237841
76542 49 222627
142719 28 208748
28039 98 246732
116970 24 137096
144747 75 223206
121126 40 220552
167104 90 197545
136633 31 245023
10693 34 95145
2208 11 37975
44702 8 235965
78373 4 247056
102101 89 160823
189821 88 242379
106268 95 123924
79750 74 220884
65066 51 203783
123202 83 136325
168365 12 240133
133505 39 158508
102826 34 187906
183448 64 232640
120501 73 123368
11227 86 208110
141747 80 173537
171725 23 248377
165045 37 168732
65041 63 103371
163441 5 231476
230541 76 243501
74025 34 227388
48991 46 238403
17007 20 48036
122271 63 208852
91140 85 141934
2039 10 48062
82528 35 230004
33981 46 146788
65609 46 135757
31865 19 32982
56753 81 59537
210282 78 243607
148745 95 170965
92208 9 239976
52879 94 221380
188510 93 220227
174229 53 174728
85743 100 166734
2342 86 29912
64925 80 90419
73859 71 128478
149525 41 239808
98479 87 228868
79821 20 189444
154610 63 247975
13562 7 117911
182664 34 230360
34771 78 48761
16170 28 128056
12180 6 118267
233480 95 234415
91182 55 231098
140402 46 185653
160273 62 175725
32421 39 126862
194195 37 210740
214801 53 241761
446 30 4421
82399 26 99072
11643 31 222525
47475 16 204571
110822 52 175233
20161 61 26877
110627 33 117827
101897 1 144216
59775 39 189467
9610 88 170447
6311 69 40690
120192 28 223026
164507 33 239330
47103 69 211163
68455 22 220259
45996 26 248734
15806 49 38413
41953 11 83081
37223 92 196830
174599 35 202370
112053 51 159785
216695 7 223915
93959 46 213720
124306 26 182988
54435 79 121448
3206 29 179881
113204 6 147020
27216 49 145626
2348 54 223865
89111 17 185470
80191 60 242318
37872 8 69587
4256 7 93730
79369 70 80460
23467 18 105767
37722 84 186804
159843 94 207823
101927 63 246544
34056 69 199970
74373 9 110918
5673 8 14986
59250 40 64891
47578 24 233440
119042 97 133859
67746 49 155514
137147 50 175791
95035 16 144525
192520 82 249557
8706 99 69863
169032 1 195635
6868 97 77773
121953 93 185634
231331 100 241177
171403 1 198673
48578 18 239309
2393 56 62476
86663 58 99643
87122 97 98334
178044 67 184156
116840 92 156885
43977 88 78069
30773 67 78206
67343 58 97932
45711 41 65965
30112 46 62286
5329 50 124414
150838 34 217140
2297 1 185971
116164 72 195153
228798 68 238705
98519 19 103786
88615 22 124430
113510 90 140422
114207 9 140980
62838 17 118001
94459 17 133344
83436 44 88191
75239 14 155496
218900 79 244992
56473 32 136002
29082 58 146577
104458 8 249399
85642 92 208516
70124 31 236521
104786 95 218927
162671 83 188700
121337 21 204925
25138 50 191867
76039 31 218721
85238 96 203536
56553 50 217550
39376 56 105726
100622 50 170219
13460 48 245084
196782 88 214036
8214 31 168892
12711 82 174108
38674 30 72951
22852 42 209983
59917 83 226559
168302 25 231465
30211 54 199833
114080 77 156218
125251 33 202964
72997 13 180212
54032 93 68894
141967 26 211690
32275 20 208973
127189 42 142826
180186 25 182241
120177 10 247382
968 22 5930
33966 41 191785
100507 53 248593
77897 29 91555
88377 98 213509
121352 93 135664
88721 13 113752
60606 70 218800
49098 81 91692
130930 85 204462
212436 78 229091
125560 99 226947
166224 62 237474
38416 61 203112
7060 51 174840
110856 1 204430
83083 48 196811
83762 72 245844
104500 58 203117
155851 3 171145
28027 28 244750
77762 91 94178
95415 99 248656
33983 40 46445
728 97 4717
113221 16 167958
173969 59 203511
105318 56 229442
330 53 133202
61672 98 155006
24701 44 52427
204143 36 204513
137274 18 154453
198411 47 247259
66413 7 100723
200105 15 200673
73131 28 240340
50071 93 166184
111318 20 164043
40020 67 229659
108635 55 197876
12980 21 58975
43670 22 110028
170026 98 193711
208968 12 219177
64727 60 210784
17025 9 69178
121334 9 225766
157721 28 207430
94748 18 128771
124024 64 173449
10619 84 27438
7843 7 48101
72893 92 152430
13054 4 64237
219879 2 230897
85636 23 206760
72367 39 192543
208290 38 246118
70527 72 138963
120035 13 225706
45350 43 249575
93623 7 124662
82527 42 97789
140950 26 172714
110330 10 238412
2075 96 87671
1013 37 13359
41451 61 95877
139297 65 161947
198362 69 202321
2025 76 135629
14943 67 243948
153329 23 197421
63819 69 114797
22154 14 198021
183701 56 221040
16524 31 102456
81336 28 217076
135259 73 229442
21427 100 107460
9265 49 19667
75470 23 145805
1879 44 169993
45157 61 239710
13931 38 175296
15675 46 164755
60746 54 247812
42296 22 186194
37460 66 233197
21577 44 60142
119836 30 124524
32669 30 145552
22598 23 224960
19710 14 59153
132794 44 191743
72452 26 144892
94747 71 232337
65702 9 124340
195226 50 242883
130173 29 195859
136846 68 176696
29600 72 231647
127083 85 158958
7963 48 35722
70118 39 120804
19807 42 52352
66088 18 243353
121930 83 195011
116323 60 128292
118959 5 148432
7832 51 93228
90958 54 194981
156885 10 223522
6213 20 129187
114497 11 224986
111723 38 136604
127489 53 164711
42911 100 215821
126889 60 225075
13970 64 115526
22658 1 225511
39404 61 95298
15933 16 220431
24183 48 109694
73032 98 109955
42505 20 65608
22456 25 42867
91106 69 99923
115853 80 217479
33694 27 60001
63868 99 134711
207635 20 243508
59096 80 113037
49832 83 140609
18112 77 239311
2697 49 18818
75470 42 138758
35938 62 62934
29633 34 237708
175789 9 183286
34758 9 203943
3111 38 89951
207220 56 235074
83783 78 131653
177852 97 194648
192309 49 229886
148507 9 235228
75744 98 219685
86538 63 120203
32339 82 183932
56058 65 151218
47933 16 136803
100137 84 153895
18527 80 151906
51735 15 161106
90173 23 209984
71208 52 150754
119858 2 169498
147368 6 226793
1281 86 55348
1523 24 178446
139825 82 196481
226683 53 238003
161283 95 239524
24855 57 35009
116609 26 119151
158311 46 213288
203660 8 231827
104586 21 214743
106985 70 245358
48777 22 99745
66315 63 234272
60496 26 69670
30597 53 67357
205411 72 217375
13046 90 166998
155464 7 224868
11819 74 113240
133188 81 213043
62103 85 214818
20821 80 74987
110713 17 130556
60801 13 171905
75902 74 191883
151780 6 204505
98835 12 225047
104140 22 233592
107925 68 118989
39628 96 167744
428 80 117341
81075 87 239097
26095 66 239119
64328 21 227373
93150 56 149709
8952 54 67503
78835 84 157516
8591 55 214316
49801 6 85668
52922 78 175480
168349 16 219587
26141 18 56647
99642 33 195611
39367 98 240968
10971 72 31866
23058 53 153499
129006 88 185392
42362 10 218542
64922 66 115049
18823 49 194803
30306 24 63340
128115 25 187787
17417 34 124139
125636 96 177021
107013 53 194958
65749 95 223852
65657 65 210574
37738 18 164755
80031 49 238890
95012 62 131637
37266 63 192775
22060 14 178152
24928 78 145315
90857 73 145067
10446 96 184458
107677 81 148744
27664 93 150596
21445 71 236952
92014 15 242461
105291 83 246788
68592 31 115794
84445 47 141303
3326 28 39395
59953 54 82610
244 29 225981
67130 46 102866
37111 89 104938
195375 27 229441
26307 79 33758
128102 13 223273
1625 68 99843
38020 51 184433
25139 37 55709
17671 34 174366
46400 26 217781
8498 66 227149
151415 4 227266
37473 59 214523
67419 40 148612
56569 50 113643
13895 48 50279
