5000
93092 4 101288
178041 86 219289
12367 18 225441
185793 35 219284
15262 79 188166
152884 10 183164
170274 13 222352
34434 98 95767
60180 28 83480
216488 63 230220
12244 85 172857
170795 66 191294
33170 10 42251
80023 71 224963
10503 100 238139
153314 74 196492
164370 36 214761
27835 35 182127
97448 96 217720
189879 45 234007
202313 21 228785
233823 90 234008
13807 9 103272
46532 68 176697
161222 10 173888
82817 22 159644
40323 1 102679
105429 75 164376
136074 51 215672
13754 52 82364
75136 25 86666
47168 26 54451
168965 87 213828
90407 74 160903
43937 14 207200
161260 5 195689
61455 91 126491
124930 17 230420
45631 31 69783
8373 6 22025
21143 28 101562
164488 36 170309
80687 69 139131
135476 52 196574
117390 85 135475
79879 96 180655
21016 44 76443
171687 46 244761
90851 86 150712
163381 88 226210
20048 45 228146
11336 53 163017
11031 45 147929
10196 56 38606
94583 75 249212
58261 51 219249
72025 97 228754
11722 8 216504
756 28 157694
55323 37 152447
120139 61 182112
16193 49 147273
13180 75 198168
44263 90 237184
42449 45 100766
11178 63 242605
17014 67 133739
183395 46 194880
42923 36 110472
56055 67 126883
80379 98 232800
36762 68 224909
60277 86 115339
103001 23 165324
132914 71 182789
40653 29 135988
116133 74 205614
34711 57 106211
43 27 73437
30636 31 146988
100709 40 227485
93284 60 248580
115266 14 221789
9673 83 81226
10486 11 160075
5699 78 94107
24485 38 67866
35690 74 38259
84704 53 147416
241080 51 241244
32890 100 219020
27205 92 108946
264 27 187074
148475 80 198081
60153 27 75375
90313 87 94577
46151 61 223432
74291 30 139779
247601 14 249713
140318 22 203519
124125 14 249594
183691 49 224546
93775 11 217830
162916 19 206975
45421 44 150537
35428 59 38872
25742 5 28289
158395 46 209048
47978 4 145980
111370 42 245131
145251 47 204385
95035 49 241842
9320 91 196914
54847 60 147152
60563 82 120136
102175 49 199166
140716 16 155998
71563 4 152932
88580 45 179240
76611 63 77911
102481 75 131476
2375 40 107610
32466 94 73563
110626 67 214773
41834 47 122239
84225 44 89400
74025 28 155595
3312 59 86418
180249 93 192721
36412 56 241156
130124 39 188935
70576 18 80693
232042 3 244406
54023 43 179872
187508 87 208703
28354 64 213471
17140 4 191734
25546 65 31500
62084 59 192410
25138 92 152551
1706 46 21573
37257 21 157242
116403 47 141024
46795 48 141188
102805 81 232740
53418 93 66952
49628 62 153637
61667 87 133115
24502 35 67527
59419 89 193819
54441 30 176000
54094 34 244448
103216 57 220662
146651 22 226961
360 87 110816
9206 35 108955
137739 65 204521
64803 9 104929
119757 85 157901
161990 71 175993
174546 100 178620
47942 59 174219
5791 98 115088
26381 33 179493
52690 20 237866
123471 16 229055
12639 58 129907
148493 4 160098
134446 94 232139
43461 3 192974
20138 15 56740
65845 10 188263
111649 69 180589
111352 80 242632
64830 55 70824
73755 87 93930
133997 64 206729
67798 62 69616
207704 33 244293
37322 83 245898
82559 32 211892
27999 66 40434
206046 59 227862
62527 62 93422
3794 54 132379
66767 38 70356
149317 24 197297
2946 80 128981
25345 86 237431
160877 62 241089
56981 30 184325
129640 20 173253
79227 85 99162
91273 63 197434
42303 18 79502
125667 84 202379
35376 78 76845
51835 97 193869
65661 38 80036
113652 66 157018
93539 14 247756
41449 13 158778
4270 84 103094
112218 43 202884
37338 70 170481
134869 89 241779
43147 99 192130
14569 78 248289
60722 86 173575
92441 88 241259
39450 61 212926
11207 79 241146
18186 76 96928
112010 12 114885
44722 9 78059
149187 47 152444
96864 56 190072
68579 29 71409
13960 28 57638
134756 45 161789
204913 51 205798
160490 7 209799
184716 93 232262
77139 25 133410
161751 37 230101
60396 99 125396
36115 6 204717
16635 89 139047
222667 42 233648
116335 68 239904
23984 44 33473
57785 57 147990
493 60 225805
172983 12 231488
15728 80 154175
15208 5 245842
71198 30 118150
22683 18 44268
13189 62 192438
127504 55 141865
72021 59 133119
6769 46 175049
22973 83 248512
78800 54 245303
70223 92 121913
111732 77 195953
10933 12 204188
1327 20 35053
47027 32 107687
142976 83 221302
124993 64 211191
16788 84 29313
195995 96 249283
181850 10 239952
183060 38 217083
152222 7 212341
85470 5 128648
85690 3 199986
30719 99 148342
196865 62 242579
75223 55 206638
29139 23 39684
154289 29 184048
122353 8 185207
5120 74 88788
31916 24 120320
123138 20 149968
29816 31 106036
8811 76 107561
126888 67 130771
67936 81 239317
131310 47 165871
5596 84 20812
58108 37 136484
26088 33 235327
14043 3 152384
117440 4 185385
2751 55 48008
122817 85 159915
30995 59 112302
160546 95 178492
92822 11 135337
79367 48 232787
134526 70 233109
112303 78 166121
238716 15 247411
9000 75 82831
5510 9 176411
29723 38 182084
73875 10 171321
222660 83 234738
98329 18 125387
156960 3 222805
22900 72 110122
20013 78 55086
46760 39 74917
61399 19 174577
56870 75 160902
71247 16 237192
142006 92 195347
88382 13 175568
34112 99 60355
34604 8 61672
18948 3 141100
113063 98 226384
174737 55 201952
59148 92 212820
82831 16 120116
160823 39 168607
40861 34 47289
128907 8 169009
136394 79 176988
187904 66 193979
186936 31 211683
14930 3 207172
68926 13 207368
114462 27 242489
35758 28 206242
92911 85 182738
42852 12 185256
90684 41 184358
93203 90 156335
82848 28 153524
60652 73 127482
46666 79 190077
56777 83 126893
37661 64 92230
16366 3 19055
231128 23 241148
107654 95 123510
123557 18 232156
86217 87 91230
7930 95 202351
109613 15 137121
61268 100 71280
160564 96 186269
197735 30 242901
195062 1 249016
148171 80 181968
79198 51 118546
350 27 213367
201084 44 229184
9849 3 194502
188941 84 189426
10253 60 135184
12698 71 160201
51447 77 74042
138088 68 147141
11965 46 119577
21855 87 101653
157727 67 189939
140477 89 231695
119407 37 207822
157594 99 190472
53058 59 156146
162836 47 213333
20191 53 112259
121902 96 149843
176465 34 239316
230193 73 233560
151184 91 175323
75066 27 230512
86598 42 181440
13622 33 64021
177456 46 235010
8978 50 17226
100589 52 177939
33351 46 153644
68635 67 100195
94090 4 236647
136154 3 220389
169915 35 213351
32796 71 125286
141242 98 179715
78423 87 214712
36909 46 176770
86224 43 149567
164251 37 237389
24465 68 78137
34081 60 97557
23920 28 116213
101434 48 144896
58382 33 69932
39722 92 136035
63487 5 150624
241390 28 244009
136105 30 203452
192408 60 249371
14878 35 191392
19162 13 174416
86318 13 128444
151382 15 236392
190099 35 237361
25492 13 222883
167241 40 235302
69566 100 103926
64154 2 84547
156296 99 219836
72993 77 157546
160619 62 232245
54269 2 160212
61582 76 87967
128306 50 192747
153194 100 228409
147247 7 182341
111612 64 178666
123495 99 180587
56180 72 184143
42268 78 71190
75608 72 209592
85504 16 145531
98951 2 105978
43832 61 193402
67176 72 167927
117779 77 179529
53666 62 124916
32002 74 114021
209084 55 245620
50601 82 159365
3982 94 78215
49226 77 235650
232346 24 233496
446 92 107421
109455 89 217812
2183 23 166921
59823 25 245256
168709 5 244448
13540 11 27074
65169 68 217225
81192 4 179181
139418 26 215569
43300 51 202832
98587 37 153696
44297 15 78826
213398 60 230200
81206 32 202202
220153 59 244788
72115 53 217724
163132 66 236993
27708 5 192057
86405 25 204073
125750 40 213392
182764 12 238224
63549 63 140393
90198 4 224644
4501 29 78185
162317 84 246881
64638 85 156169
63383 36 173702
113739 91 151298
95485 31 230638
210953 95 224273
8339 88 85241
89553 78 187695
46505 69 213529
129584 69 220631
8319 16 91775
9803 8 13263
51036 85 116598
136897 57 182248
5709 84 189562
57984 64 249495
77268 65 221882
134857 56 159250
30744 35 83069
50419 40 242744
60478 23 208675
12293 26 197945
135194 36 148833
33645 3 203637
70783 57 238657
19767 11 110690
116825 11 183010
163304 70 190482
185380 68 198310
195097 94 232200
68774 98 91206
8979 59 170561
36984 23 84160
75639 33 108622
149952 19 240115
108288 59 243434
58583 81 150620
23353 19 45881
18025 11 45131
145256 57 187304
51420 1 210824
5868 36 247862
202512 39 225801
71181 82 99409
261 72 20121
21552 43 194626
223302 20 247435
6416 54 201561
58323 21 109651
30932 53 125514
125757 44 205682
112571 78 152639
61598 46 154928
196507 38 210444
4294 30 248301
47887 32 112525
65584 54 196231
38392 64 86354
93277 91 212124
170815 72 192068
43693 55 216756
142152 70 247318
1374 42 25850
5715 88 86257
144844 34 163047
122530 81 155788
27885 71 86026
168119 87 178622
17112 34 228976
2132 9 124260
61007 19 196738
77393 6 154605
52738 72 72676
84 29 133470
98878 59 173192
42690 99 207463
70976 55 187721
18764 80 163551
58928 69 233417
88827 22 101304
3413 86 246722
81952 33 160031
186459 30 193162
230589 61 249887
20236 14 155662
132202 84 140248
107709 36 184392
131877 31 159653
20437 6 115426
41171 89 140167
66576 66 137241
29414 48 144226
205850 24 232676
81897 48 144991
153329 81 239058
113812 95 138358
168584 64 240088
35276 80 168931
78321 68 216172
124042 84 183474
33708 47 107598
124588 62 149984
36662 85 82037
100984 45 152435
184048 2 227383
52066 53 187291
96039 21 243646
74953 14 136927
3008 47 57970
180444 33 243548
78325 31 164089
558 87 233560
34163 29 215717
79420 96 123412
9195 99 171777
20364 76 191311
14730 40 29996
46043 70 83454
47502 33 92969
71095 90 122123
31832 16 204566
197718 45 204757
118899 90 181295
31992 9 174643
132979 70 157858
4319 95 181477
53653 48 153719
64361 29 241543
63044 48 119746
85923 13 91992
205242 67 240589
119157 57 174536
25531 5 218563
42382 10 46917
14944 2 166416
17089 1 223281
214140 49 237707
73582 43 153613
56379 30 103693
55147 12 124246
1222 32 179913
222683 63 224736
5520 9 47483
170865 3 193564
20796 100 172612
157831 93 240361
174894 85 193713
70279 37 146057
3773 38 58765
132139 2 196898
5739 16 211936
59902 88 87103
85204 22 101682
185341 40 246953
92705 65 175569
176996 26 193562
113933 48 129556
15254 62 88727
40773 91 124702
24907 9 229642
233348 75 237817
80499 46 246486
151141 18 155072
98134 76 189790
179122 66 228550
48855 80 126497
1918 42 40418
244 3 4024
34525 91 134406
60544 25 182991
87087 29 175711
62024 24 216020
23900 99 180987
50559 47 99482
148858 96 185928
86879 38 136979
48303 33 103280
76414 96 207464
18780 40 81368
65982 37 78947
50216 88 72627
73759 1 166165
169163 44 243450
72407 41 74071
76071 56 90173
112407 41 146697
75686 56 219626
232329 18 243370
16716 58 31236
782 13 201621
60787 62 65256
7316 41 67670
195018 57 210480
187946 84 195882
149623 94 240185
29453 98 82436
92415 95 140591
786 65 28457
213606 30 248883
84947 45 106793
173939 54 198218
97920 34 198132
32322 15 154740
151060 40 180567
42406 47 193342
72676 78 161909
130964 86 178833
6835 54 216932
56319 58 107733
37657 4 76559
143151 32 153294
34343 72 101295
186455 68 198768
61375 33 238909
240609 75 244631
107186 50 238556
10658 62 205041
99467 31 232371
10460 86 187160
131883 3 202359
96913 44 137392
45224 25 81553
60361 6 183079
80486 87 229436
93207 15 101327
49955 69 173113
61000 30 80193
147815 68 177108
121057 51 196991
29293 67 85607
106312 93 114619
25042 88 173161
230540 68 238071
125467 15 227278
55090 46 64569
16857 78 90899
196633 100 228395
93069 58 147983
84874 34 209159
41256 80 207320
5110 30 143029
216122 96 218790
97175 72 213985
46933 36 185967
8912 46 116712
3549 32 87935
223244 56 239215
117868 1 157958
115150 56 234412
42520 59 202055
1866 7 103894
195033 78 225607
68553 76 163885
90689 74 175563
16176 70 157917
28526 71 200061
9146 33 242507
184614 19 203504
13847 67 173270
36340 91 113577
78364 59 222724
80253 94 196248
88486 90 223815
99856 15 188185
1384 4 129559
42928 55 96920
150511 49 176522
47078 23 72518
108419 8 231802
129752 7 238851
13984 18 207592
64759 86 97559
49686 41 116868
66114 39 77460
36337 14 106219
8655 8 118981
22964 21 173518
140708 62 232507
18314 51 134627
97296 5 123876
96129 79 181256
148634 5 189095
36764 44 185190
22738 11 231321
71577 92 196907
105258 26 190523
91095 3 237942
105789 94 235704
111528 48 241968
38786 18 165977
32019 14 133179
181695 54 248505
182622 8 237638
43929 57 151699
170229 81 221044
58044 25 132389
167251 21 201796
47456 73 82713
48950 26 188832
163291 7 170954
17540 73 99507
138703 64 229365
198335 43 219334
170980 20 213859
108405 92 169829
81279 71 216607
31830 93 215046
20497 34 90193
2234 65 247212
119896 13 184897
76107 92 239194
187963 31 235546
214324 73 231390
169658 66 193354
98277 5 185511
222330 79 238132
88356 35 212074
119765 33 244193
68909 22 75780
69865 59 234634
22408 78 233040
43357 57 190508
18015 42 128300
11350 27 232922
66394 70 132350
15745 74 180172
66484 72 192894
167072 6 232326
138810 18 140603
114285 84 134859
183143 57 196712
32279 97 115409
199435 82 249243
112379 97 204997
91509 20 105230
139254 80 239564
235444 95 241708
14496 27 123046
6449 40 181110
2624 18 165174
160408 75 190985
67521 72 177276
50746 59 197079
19392 13 155371
32445 56 74189
2862 20 196853
10625 89 225617
71772 67 83872
64426 97 200884
143798 64 249453
46906 96 97836
43808 36 107632
18325 9 131502
23891 25 97155
77903 96 220887
117121 34 145776
154568 10 175029
43788 98 148933
46421 16 232655
84997 10 170818
136085 73 195881
51651 5 180377
46384 78 209226
165847 43 188136
212785 21 225423
138272 15 222391
72141 20 238886
170881 35 185412
94005 60 120955
173532 27 226019
87669 84 104760
166755 62 219763
89525 52 129682
151367 75 210637
16094 95 46439
94503 33 205939
99648 36 131133
47382 38 228500
32994 91 75777
63694 67 74129
190358 89 209269
2810 14 9892
149777 18 199981
51714 18 122603
57431 46 76284
102622 59 204421
75822 1 161642
19288 98 30127
126024 44 139762
133164 95 215315
144674 61 154662
15080 54 85448
64542 78 92516
69315 43 159623
30758 3 108422
200656 59 226757
34746 9 136747
61404 50 62782
165002 17 183425
116605 24 119927
104721 96 208820
45831 12 158564
93837 31 155813
49331 85 136309
9136 15 246534
59581 16 126686
144483 26 185844
111636 81 236539
138235 3 146395
134535 74 240620
24545 31 41134
175422 67 225375
115505 81 226150
39419 30 75679
25458 85 177104
113810 67 183209
46377 36 144904
76926 94 234849
70405 87 105455
70996 76 228861
34087 97 47506
130031 34 176817
41107 32 156579
25786 39 218967
30759 97 47045
2627 34 3672
28799 48 172069
40592 64 110719
49645 4 246628
18468 26 131428
68373 26 183864
113458 67 188534
144778 99 241871
208042 73 237202
36561 82 149436
51704 90 221115
61896 10 89737
28008 39 211485
65449 33 107867
92240 75 174696
1296 86 200508
34820 29 67520
80349 38 168320
38989 8 127086
113104 2 186362
70180 70 220495
68666 1 241741
123637 29 234677
201740 25 226502
28471 87 226690
139971 11 144203
61089 30 81158
138921 41 242596
33507 23 237261
148807 3 163336
96077 5 152152
192334 48 247888
4457 62 173794
148980 93 156574
182268 33 222288
85118 26 131683
63020 18 125484
122657 51 246069
67738 17 81411
184994 3 198702
124470 44 238301
365 33 138547
148184 54 206253
1763 26 223337
154360 56 183701
28708 93 55808
58284 89 75165
97865 58 231923
39114 40 95180
165845 64 188165
69749 32 239440
11486 19 203210
186331 9 201430
109376 67 205856
83112 33 164582
37893 75 95682
153734 25 215710
3325 98 93444
9511 29 228584
137783 5 246835
21708 99 222189
225874 62 232481
25664 8 94253
118301 25 219719
146713 4 235904
178980 23 214109
69003 37 82804
179589 56 208274
15345 72 136120
3213 86 180925
109515 12 220944
123732 60 244768
37312 5 211025
27742 4 188194
37656 77 118804
20200 12 26700
149360 1 230112
114588 18 212453
9277 86 44549
161257 42 218695
195021 20 245152
151247 82 185126
26695 51 248164
42464 20 42799
6877 93 76342
55083 98 144822
206386 27 209053
224400 36 225566
190268 36 246385
197588 59 207703
69452 37 225620
122937 3 173643
114318 21 211360
28206 53 206455
47833 25 50182
60784 9 223364
65950 27 172519
73337 84 185740
4222 42 207556
159259 48 196143
6976 48 29343
195797 92 209387
12538 78 123619
123911 70 219713
93428 42 210467
100987 4 102948
137629 9 169820
114479 33 242879
32831 82 61545
60593 51 211514
26215 10 82759
5515 27 200426
23386 26 238165
68663 59 125721
188828 50 206274
27017 79 140053
107425 9 219684
137027 58 221792
12777 78 92162
113042 88 170518
749 31 199099
65336 63 173003
195589 55 222764
89498 77 123784
119458 83 163253
34068 76 114056
183077 49 204992
7080 50 229919
68589 41 86129
82870 64 191305
139051 21 233685
95961 27 239722
26417 34 118548
9110 4 237780
23537 9 167276
176297 2 226395
204182 53 204981
128802 38 148278
109975 53 178681
40213 2 191120
15069 57 108934
13370 45 122397
154292 59 227255
154613 17 195771
25351 27 39568
23436 18 161706
155095 20 218790
33878 4 196770
109291 34 131958
60617 13 184499
14818 57 182701
51549 17 134225
48609 94 104655
175132 53 193186
114399 19 190258
200004 96 244339
140356 12 222499
172938 61 174282
114912 49 200828
28530 39 50557
217892 5 246514
162469 49 249290
147197 22 156956
67735 58 240737
20784 6 46801
50091 28 230319
36171 56 38662
6452 34 70166
134068 82 188863
94134 40 219649
128715 58 130733
30032 80 164420
69060 60 195391
52908 98 139967
2830 8 190361
66244 76 72723
26243 89 247176
22483 84 139472
124065 91 208749
89255 68 216277
126617 90 247182
20139 22 84643
41163 52 227606
95713 80 216910
162502 100 169558
236818 2 238302
69031 19 155005
15214 65 99713
105676 28 182591
64332 6 182378
176711 23 236862
14867 68 110337
161174 22 181304
179789 33 201976
121827 73 182402
8048 52 57959
15839 70 203684
92288 86 164479
72664 88 208653
46855 72 231144
4135 78 66724
6800 31 18515
95588 73 110664
53016 24 139711
203082 35 214585
21777 26 172083
47448 61 138549
144460 19 235859
203070 81 215289
22209 21 162607
140755 58 163024
42710 9 205405
90583 19 215939
210957 54 231335
148822 70 247654
41096 97 49709
134950 43 185140
74267 18 132568
6918 99 129015
78002 45 151841
29124 34 179281
38428 63 241870
173487 94 231508
26936 16 117321
186563 12 209119
54532 95 203501
150666 7 191213
44635 15 46493
136694 60 244924
116827 80 190840
138636 41 243884
118863 40 203684
152058 36 211354
29754 48 143539
187238 84 188228
195499 73 243121
103456 69 188607
112218 35 195972
57355 15 222985
2276 45 45145
72236 23 129124
6972 72 146807
42220 86 197054
20062 71 31448
24708 63 147842
97850 92 162116
10343 39 214496
29551 38 237516
177987 60 213541
35243 79 105088
136004 28 182695
167635 24 227779
147383 9 149090
17539 90 144177
94019 76 174226
194351 32 236908
114258 53 133853
135292 59 136573
101605 37 146563
57819 33 155786
228792 34 229413
59368 96 127404
7736 20 40151
148784 29 172755
54174 41 150256
113954 56 179124
63211 11 161182
146424 27 153736
4612 100 23060
99684 16 120694
196646 91 202840
15841 89 46975
175959 23 201706
47252 68 146996
8295 52 144001
60543 4 150195
100921 40 164013
47218 77 114812
70634 97 233883
14604 91 49519
129749 84 202815
168813 18 234090
46472 17 225403
18512 30 42211
176913 48 182007
137801 99 197694
17166 85 203330
3894 15 209777
31148 68 203748
17860 64 163855
131220 76 188393
18454 18 212198
180538 55 206000
159730 25 238838
49905 87 52743
105112 24 234806
31635 11 65278
52550 55 193053
124230 73 160392
9459 43 85883
155878 97 229256
34175 81 129647
84912 33 203917
14429 55 64970
42397 53 210990
146618 18 223596
51117 39 155714
152643 16 242610
143488 18 218177
94447 1 95929
37109 52 218428
83794 75 238471
135406 93 141748
63559 85 161921
36348 78 135654
67857 27 90833
129820 85 134891
85864 65 154903
47834 47 107856
48222 47 157358
86368 63 163250
79818 5 210566
890 8 235591
1006 22 83775
236796 15 238130
88270 99 104922
75348 44 127630
106176 1 116736
213335 68 218929
58206 84 243015
57565 14 186856
224440 10 242404
85788 14 160204
14479 87 194584
127710 98 205743
108164 100 247064
47084 95 200039
5201 48 149285
102501 98 181475
103807 88 106216
34030 94 231875
176476 6 218047
62763 13 86990
195902 17 196964
168526 83 217628
61912 60 240785
6406 42 35125
25889 80 179977
59733 100 199004
57818 60 124333
153893 53 194213
42537 20 238232
41795 71 125070
51022 43 95752
2583 45 156012
84831 60 103698
43018 48 71816
79136 56 132691
94311 93 149010
31921 6 211652
52663 88 170855
54732 46 81452
53530 50 241962
29293 55 58199
135411 3 232278
90339 65 140544
63378 32 74324
25883 41 171549
17049 39 247799
107272 89 197126
213838 68 236180
188774 30 246431
143201 35 165439
97226 61 151876
7426 67 204049
93021 89 176228
31637 2 112341
2504 78 105698
35285 90 105482
45529 34 196717
116801 59 186895
186835 78 237997
154486 75 185694
8705 19 229088
38880 60 71823
55688 58 150620
1282 17 133237
129955 42 235778
129312 70 170581
213105 64 233321
101942 39 168893
28561 89 170119
101653 16 232778
59813 24 158472
135482 84 224551
21001 65 220235
11713 86 111791
55389 91 58520
58065 12 65977
50163 77 157144
135358 68 157877
152933 65 174963
101344 96 109334
67019 9 161145
136102 82 247787
109560 43 206097
40546 89 105241
71617 1 237676
202719 99 239222
66006 57 89083
68305 93 200989
83970 46 212013
32240 16 249377
94146 28 215843
28290 48 64104
148244 90 228642
38643 54 135385
126197 59 151237
60494 10 100531
124793 78 185824
114848 28 198763
55514 99 74028
18644 76 202526
236572 10 249146
180021 43 246597
110943 1 186334
2278 17 204982
111355 30 190199
39043 28 131523
41912 47 51684
140024 31 191728
47919 21 194953
145620 96 168774
678 1 105544
206749 93 230332
97276 71 113994
151132 91 163852
123404 30 161736
25463 17 152903
30134 73 178938
26485 46 87173
199404 97 222158
85795 91 118050
45067 37 86888
1944 79 95243
84598 54 131082
153700 51 214587
145490 8 236310
86311 85 141869
45439 15 53242
49572 87 239020
23985 1 201017
65787 21 244143
73252 92 117473
59831 60 212362
130555 75 203925
219356 35 244694
107743 44 193437
77245 30 160757
26537 2 118286
70830 6 72586
84177 63 177238
78573 95 176023
62999 88 83171
55533 57 199426
220529 13 221421
72998 18 104345
95832 14 128183
38712 67 218237
51145 99 175744
124165 98 207890
506 20 171614
119375 68 222846
8327 95 231415
78747 56 101836
7287 47 101346
152681 87 223658
123990 82 172315
23659 69 239860
31901 99 145196
303 35 77506
46187 57 225203
37717 98 132664
185023 12 228231
40818 72 215072
82655 86 216400
30841 39 32299
17065 42 77376
24110 86 39547
170253 93 192114
159704 78 163995
127067 70 236676
159461 81 190982
207673 92 231926
122853 92 193445
131919 5 142517
22121 86 153851
58981 55 209159
144714 31 209411
195084 72 217575
70176 38 99482
139932 64 186986
31558 95 89986
126619 1 195825
28923 40 159820
55742 52 90508
65357 39 177322
119994 15 214556
94754 10 238815
167859 6 218522
152117 17 156885
112674 62 239581
130034 73 206211
99583 8 244168
2765 80 124075
27853 9 48462
13569 63 83397
54548 33 160301
31578 51 48633
139357 44 248509
49389 10 109991
44380 76 72758
10769 63 217649
11728 90 29206
13892 13 23050
33293 6 237879
141002 80 163158
218194 72 227899
39432 19 56848
48851 74 247937
61717 14 99188
75393 7 88613
16232 14 38485
89666 39 155171
128825 93 245523
5764 4 26925
58407 27 90130
10035 7 185991
104550 30 174801
194230 38 229742
47047 49 180149
90248 31 141627
1671 92 203824
24432 42 230838
80612 32 159407
479 91 37432
115094 60 137039
50588 55 193726
137517 74 220629
90394 25 126261
8933 42 23090
172461 10 246509
111634 1 136670
72809 75 247804
5998 12 231342
76511 52 177065
16124 55 135360
29705 11 52748
3227 74 97241
48310 53 118397
60998 33 65857
23050 73 167417
79341 5 165106
97756 69 201871
106939 56 130103
176695 10 247950
110739 50 197852
81320 70 141704
10912 18 26690
113867 97 244479
216967 62 241832
81788 10 148676
152965 70 192562
16772 80 82631
60138 30 93058
123138 2 132470
145632 54 241528
89762 86 92466
19139 73 118745
9441 25 114425
78293 44 80027
14367 24 72339
50350 32 94990
115959 62 134487
200129 73 227287
112419 59 143578
93946 43 110980
18554 80 214462
9974 46 115005
48469 68 247709
137487 64 183214
11257 25 169455
17918 49 63339
13513 5 27120
188314 64 240884
63563 78 223132
77062 49 88334
114991 76 227190
208256 50 240352
80548 77 236744
51414 71 78473
170709 63 184030
43990 85 68409
198236 34 242631
49971 15 135128
122189 87 135660
115518 89 154763
46494 11 200208
156550 72 231923
102688 65 210527
119831 91 124846
66050 76 81995
183352 78 193678
217601 91 231452
155502 91 174761
100573 20 200123
1107 24 198257
189402 86 210947
172292 57 201844
63059 58 64881
13706 25 246024
163465 73 227695
110370 19 238845
3181 69 19730
20199 40 55319
1719 8 211428
138234 15 189546
164423 12 230933
122847 10 203358
71523 5 118034
45778 72 146951
124892 67 138002
65304 14 194387
57578 3 183504
56369 22 224585
215956 4 221465
15016 88 208753
43620 6 208523
34511 73 210710
196103 47 227043
120033 69 229961
6464 81 171161
74492 89 202199
102582 1 242919
2172 33 224487
145368 97 243086
2636 56 64156
81291 9 139884
63859 93 97190
36821 41 117374
148044 62 196665
85599 55 102805
133605 17 156785
72166 5 199324
186233 50 216396
10241 91 246195
57425 73 206029
72995 24 91335
124320 18 209101
173707 33 212566
74606 19 75717
53203 70 73695
49296 62 154687
55135 58 233665
220589 29 230143
32443 40 144928
222470 42 239278
2896 97 87482
29553 20 63881
30597 76 165111
26596 61 41916
56644 42 146954
85075 40 243953
137146 71 213654
206252 34 209132
156568 64 224283
64400 71 131277
47970 32 197070
84133 40 173709
2696 34 16678
172113 32 244032
36963 75 239041
96934 10 212911
28382 60 197224
89112 83 95186
42893 26 136262
7900 39 169235
150311 8 158743
63713 69 145502
16953 44 47732
56955 71 223995
25489 67 25618
29848 8 44732
45529 2 86389
65319 58 226606
22735 70 71051
45489 39 165327
85499 81 146842
59688 20 173661
1026 70 60555
89999 74 235362
216690 24 243317
172185 21 208310
13377 100 100332
117352 66 164180
112117 8 129581
55302 80 159714
33160 80 109920
4837 92 223328
28523 50 190653
80604 65 214723
76993 42 124096
180219 93 244159
41131 2 58979
122458 40 247023
64434 37 71173
63820 60 232584
30123 41 119576
74030 95 100614
30823 1 81524
161573 47 217126
13441 74 70274
52643 20 75732
87765 8 236011
106279 92 224788
53286 37 65337
63056 6 72398
3122 77 156776
85687 76 127133
24043 22 123558
155154 79 201357
114722 44 129682
65152 46 100095
103141 6 121908
76746 99 111898
171867 94 202715
51069 43 146122
204287 28 215105
75925 28 237613
140047 25 194831
81605 13 151668
57032 76 91405
148970 84 241762
39992 44 164567
109991 30 158350
75885 64 227947
186626 60 242311
51846 30 155092
81920 55 138903
16426 59 42100
82446 57 220933
91382 7 233086
165388 19 210930
149362 35 229500
140238 67 166387
172627 94 206642
220898 90 241864
197515 28 223027
124270 93 183101
102156 58 194860
30731 91 90564
18657 56 236689
165892 61 247403
70598 11 154313
68161 21 172441
64416 63 184894
40725 54 97185
142787 63 199586
52027 94 120692
192748 67 233570
21616 29 49503
21784 79 27626
83681 69 230180
18473 23 203097
45022 74 172435
29942 55 140485
43806 59 248259
96381 25 198785
111199 91 178208
90821 52 229589
125716 77 211832
82907 67 136352
4734 11 123572
79009 37 172162
5970 93 245111
137219 10 203212
56103 44 150996
199643 85 233566
37990 37 41009
9442 98 170173
88367 12 185673
123565 39 162767
180581 46 201643
186513 31 213223
155996 92 161341
53756 87 103341
133160 21 205765
62138 3 74465
22445 50 249151
69820 7 187369
70182 71 70760
48347 87 155025
71404 34 79872
20266 96 130091
58506 15 222951
233224 91 246163
90481 8 146418
69736 98 181106
149959 32 185293
27788 41 142365
175723 76 188464
46750 81 176375
157766 42 159596
20149 79 79669
93653 55 182303
45033 12 237844
97546 98 195062
71291 68 177683
123668 67 174283
133759 41 211441
73124 16 248904
75755 20 181022
7009 43 236407
106637 19 168527
79852 23 216280
145790 47 159515
19377 72 111192
87609 53 135583
42611 30 89926
189297 20 229907
26365 23 34587
122677 88 148537
90252 51 123249
1711 30 37750
42991 64 113572
22482 49 89407
34561 23 179355
66397 22 99184
18933 4 205479
116621 47 203179
2627 68 72634
30811 47 177660
81652 86 242551
32874 95 118707
69041 90 108019
84325 41 92465
191188 92 238190
26924 28 138469
79009 53 89429
57098 11 80440
117533 51 198138
36668 62 44716
30034 54 202645
81006 33 224062
37930 95 129999
10844 80 71535
41507 97 179281
29478 99 204562
145852 75 173683
145902 48 195353
130453 20 174209
124579 10 127016
42379 62 214643
8446 46 180786
60029 54 240495
15933 37 233692
169485 63 227253
39888 31 135307
86229 72 171583
143944 45 237355
135013 46 238412
43026 86 74532
158549 77 173851
6687 40 166405
64959 48 220846
63074 36 216380
47387 11 80054
13335 55 229680
173088 29 218108
31383 23 96350
107983 55 145550
179917 37 225613
37345 67 166570
56756 67 247704
131942 49 236442
10097 99 109661
12277 8 151875
29169 4 184368
116935 68 183058
70564 52 175195
128289 7 167593
34251 19 43122
46823 41 82055
106873 18 195634
110221 99 159135
99205 41 179230
135037 36 225231
60745 7 159732
44902 95 135255
157582 86 161145
96720 32 98704
162044 16 218590
27171 93 100765
183719 66 188116
195835 24 243096
213686 52 243826
123276 37 162093
101976 9 208697
158897 16 220692
114322 36 230934
140576 91 152364
158745 46 181892
139261 34 174863
10893 53 168697
114568 80 230312
116572 96 241504
20583 65 239981
63073 54 155438
4659 37 75428
55994 69 83429
96494 19 230424
109305 47 220089
99258 53 133779
78631 70 199867
15728 72 94103
32499 98 95884
76567 46 246770
126349 9 165294
63245 82 128548
151746 42 193191
201847 49 234796
128658 31 155986
64902 57 176575
109862 56 184890
114926 45 187198
136888 38 209952
55046 52 76425
4508 71 151178
5610 6 240881
79594 35 146552
4183 91 146423
11620 80 241302
240503 48 243068
139146 19 203627
3927 24 160450
106317 36 153852
9185 68 205252
79902 94 239313
153197 100 221517
21651 14 211925
129965 73 220207
185936 19 216452
50105 45 207300
60939 60 219464
157720 22 212222
235144 42 244961
128742 55 178560
112595 33 218871
187448 36 213586
6000 55 156262
12161 56 204595
98223 52 132005
148470 94 156953
170172 29 171995
63823 40 247041
208031 99 214929
45170 97 218215
207714 28 248666
155091 2 182165
64709 59 125427
1755 65 184584
77776 27 184110
29337 97 152758
102383 60 116869
7851 72 145188
58410 9 117879
105905 22 185160
6724 65 113981
81367 59 175346
169301 61 221870
201639 58 243010
160895 13 205937
51441 88 165303
159113 28 232224
26767 23 224361
16319 16 144821
67020 85 187164
138164 44 143630
106198 13 240404
97703 53 238714
70877 75 172639
20164 9 107277
62222 17 128756
65835 12 226526
128853 22 236615
4699 75 173344
52152 88 246175
6295 23 131388
43153 8 51935
45944 45 132504
149738 72 245054
30683 7 210109
79742 63 156108
23288 33 249435
7229 44 23946
184369 65 239649
151350 44 234563
25000 27 207097
119895 45 172535
156228 62 229529
98074 92 211255
30695 100 243527
53092 79 203122
32616 57 138863
84667 9 241904
55726 43 164395
99195 59 111454
41411 88 97578
69335 41 77757
101974 14 228420
9790 16 116065
36673 35 225797
28983 83 137522
74473 3 156193
6754 53 182437
189042 3 204302
83919 55 133783
190235 74 207795
37024 83 156105
6763 90 223716
15542 97 146021
13171 57 67911
15368 29 184025
40534 2 114064
20014 94 133183
80492 5 158972
34013 57 117576
59772 25 99397
168155 22 172503
111145 49 237414
90458 72 105269
172738 76 201180
52518 91 86830
11171 57 237231
200485 69 225610
56946 63 181457
58977 95 155880
75742 62 229103
98126 22 201647
49615 48 154574
65499 27 219951
18969 13 226809
53576 3 201879
128233 71 169962
6132 17 113513
48809 9 185879
87022 58 117971
76415 77 176201
120332 19 195172
7246 90 88655
138218 44 234443
130469 44 210765
202566 88 235026
136636 59 241597
36565 73 142487
1588 71 22098
14865 44 183304
69209 74 80344
43474 25 140834
216586 90 244577
41950 53 127634
107711 64 108615
68423 53 123841
138073 73 213685
25805 42 208377
130528 38 204522
9732 82 78002
205671 87 213689
5067 48 213891
165226 45 237030
198272 74 205742
42380 27 203043
74424 98 97046
33016 62 185913
48867 59 130456
183243 49 193553
178056 92 233833
27624 97 216241
116469 14 147130
109910 74 193056
46634 100 192693
54043 47 127267
115269 8 242887
88832 75 95549
72983 16 155536
10085 43 119057
137394 22 221674
23104 94 243667
96062 82 128021
22749 85 177690
165196 40 229031
62080 94 236905
2943 28 59584
146816 16 215807
122469 33 241993
29802 6 231857
168359 87 217819
13109 5 101667
164208 82 238738
23051 15 105738
54848 95 157880
112193 90 147669
88659 85 223319
91914 31 108436
78436 53 231252
86467 83 141056
73057 14 163015
134273 15 206716
66736 60 228212
70852 38 188520
99200 34 125476
32815 74 83344
54698 25 234230
31431 11 38428
33574 10 45898
5674 14 102368
114234 1 196603
124364 45 223581
15542 22 76528
15662 32 202801
70981 48 131012
116018 9 212435
52408 32 68711
162167 22 170630
46379 87 173063
198595 64 212129
133879 52 142758
222967 31 232196
162388 31 199182
156189 86 227312
215454 81 226007
74968 16 112759
45256 78 221180
146061 47 150153
90071 44 200889
132819 40 215865
93212 86 238699
137353 19 209524
199476 19 202341
64182 39 132765
57313 81 134477
133701 80 230629
100343 89 184921
120665 97 199718
36342 5 89940
132704 2 183589
89759 5 90781
46473 49 81543
11017 97 201187
138488 33 218288
91229 20 119520
109469 51 207159
17525 23 47583
27763 79 90908
213137 18 243852
72062 74 209963
64197 12 184689
69600 32 124192
1421 26 235263
137747 27 231636
193477 27 234510
165082 72 169406
179944 25 214127
90572 66 102730
122296 98 150606
12434 59 183473
99248 13 140939
2343 70 63988
54651 32 170724
10499 31 52953
29698 23 145190
11786 39 66156
21914 35 150361
11990 16 19485
53903 33 125954
22709 78 200074
23392 65 214376
36389 77 118200
128085 59 233167
77046 16 117357
145059 78 232323
84746 42 245418
39786 99 171243
223318 57 224387
15288 12 228991
34159 43 42627
23399 40 187898
89939 1 116166
159795 9 174976
31306 3 177518
76931 96 122398
144337 95 163893
51270 94 68964
67799 8 176172
185745 25 246707
213211 49 246282
31732 79 145072
66359 41 151019
87120 52 161370
116647 71 188491
54926 44 165208
157232 49 195338
196227 46 240671
34781 42 207473
607 51 63036
9991 64 157240
209309 67 225617
81942 96 157656
91385 78 120924
65493 82 139095
121692 84 160709
192620 7 235114
108085 16 247620
37982 47 89892
92663 53 226358
59889 88 116218
46027 2 168812
34449 93 76658
80732 13 173103
22980 25 147129
53142 37 135927
101072 77 242914
83030 27 127427
90491 26 116524
199810 38 200128
430 37 114168
8876 97 111402
97302 48 220044
26834 45 135853
169 92 60972
31650 87 78906
24907 84 238219
3686 61 211412
84000 68 189044
29906 25 91654
37238 40 94155
5963 85 155723
175624 74 184437
121960 20 151172
104838 32 142023
9879 41 163581
13465 35 83876
48964 98 58743
155706 4 243165
147175 28 232220
11752 62 91795
196497 77 227951
95879 48 156891
175751 29 248101
47892 32 110330
12010 37 145430
116203 43 204032
87460 93 95355
66866 63 187136
67535 63 123050
37620 10 152102
90128 3 149811
73425 69 124285
219427 3 227900
90329 60 201822
105217 7 131406
60331 28 228657
31613 35 62139
81059 73 178111
88913 30 221541
102164 78 193693
31214 55 229080
78156 49 159364
189871 15 201749
137449 91 241304
26643 4 243751
29920 37 236974
213752 93 224190
140667 82 201485
131010 5 221889
65638 31 97293
54850 12 226084
136210 31 237767
1028 58 67261
58247 40 217525
39799 15 41741
71429 84 134639
157727 1 159377
37792 68 82243
42809 60 183461
58875 41 157267
29771 65 62112
22301 85 123057
33344 47 249094
116536 16 118382
102727 41 143054
73 18 80260
78033 22 78248
136240 42 149240
60151 58 157377
113740 38 173924
130691 2 204108
68947 96 209054
73217 95 192529
175355 69 228516
82116 5 94586
112974 31 149795
86500 40 176576
13666 89 176223
101470 16 228078
191481 58 228979
194780 46 195258
158419 38 215749
32190 43 77595
80858 43 238999
143200 65 164131
76947 80 218953
95146 5 101423
151288 85 230377
232958 85 238579
195657 72 241051
158440 31 205901
6270 43 153004
80942 87 103258
88877 88 209444
109210 93 143795
21387 92 238507
204232 14 248146
90184 56 127186
240136 19 244310
83096 76 233858
14044 17 153754
81265 63 204037
124797 93 158598
31340 60 78077
151676 50 167303
182049 9 217024
51769 61 113774
92126 90 195826
243205 8 247902
50557 91 182348
172450 22 186065
14973 26 236052
72128 31 90533
36218 90 208374
124492 31 165608
163685 77 164670
136693 69 212337
106450 53 207645
124271 13 139347
8542 14 87821
88880 43 140585
7233 93 95192
110867 4 165216
22767 68 39403
151512 9 217727
81643 51 178528
75687 60 143509
47387 62 120505
44543 90 206603
74817 20 240743
75630 63 76379
70108 91 124550
20156 86 244597
152514 68 157240
10596 15 18193
237477 35 241250
129745 33 172946
49740 50 183104
27426 29 138934
128842 45 146067
46609 41 118336
54880 43 179799
130289 25 232191
53766 93 197474
173914 66 238863
49679 62 194133
51581 77 219276
130121 71 195151
105594 62 195307
46000 4 198472
130795 47 141111
38663 99 180304
92677 96 215997
81701 87 116142
100777 25 129688
82158 24 183594
51328 22 106746
93698 68 152685
104706 7 156938
109682 60 207700
28618 48 160262
30049 5 174563
113246 39 194131
95828 96 225984
125376 1 137561
78387 54 148622
42185 14 61384
21152 52 145713
42915 74 48777
143666 5 150886
4785 32 11822
101213 77 218928
106656 82 119673
68847 38 217397
147736 5 216595
77132 89 114493
61535 97 107371
74212 22 165973
4375 61 123908
83530 98 241445
236689 42 241755
15614 43 219763
197790 85 244398
227723 72 249614
40078 37 171176
134431 37 193789
94586 91 171068
27565 32 79491
188352 76 242866
79724 24 242837
124393 82 202042
76430 100 92554
166390 2 179006
115768 45 201498
101145 31 202806
59021 90 247711
120436 14 190206
32556 81 87026
66044 1 125717
133956 14 197848
8133 94 127080
1020 5 67730
80516 33 100521
124979 6 235511
72621 78 108740
159639 69 235351
9048 3 76289
29523 95 211262
68279 35 175091
104996 47 125391
97436 81 107669
70779 86 169368
151322 73 228940
73868 98 103304
99434 43 155318
97762 28 224612
73 91 162233
10951 91 175938
153210 45 241867
7450 60 72161
110959 26 137200
52957 74 153490
5567 74 155656
133412 50 178096
181561 93 186670
39111 39 74207
128293 17 169794
30787 30 105474
109620 26 168206
90606 45 239476
186579 8 216102
88696 92 156395
84142 98 185633
9658 69 156639
72023 21 115998
67841 99 115911
158078 59 222841
153184 66 181233
92998 36 139534
90484 48 218303
3666 35 130966
110518 55 184904
134931 15 153624
97610 63 245686
8389 62 229418
9509 54 25215
37042 14 143115
21209 32 235067
11516 35 115818
16407 5 161800
87151 5 198022
144174 93 175799
181008 90 238997
65610 8 207692
156882 51 165128
185416 37 242717
18420 32 95063
125177 74 136329
22650 71 189714
144763 72 164569
101813 93 162696
52283 38 95839
146913 1 204655
1268 33 205346
105616 99 111455
12009 21 88995
6086 64 139096
120435 73 138153
82124 84 204861
136899 68 236441
48679 72 147740
4927 4 74416
57896 32 234567
151871 33 174890
160534 31 189668
87832 58 190285
125809 82 153032
3531 52 193141
93554 17 128509
92760 33 218214
52897 71 174279
6684 90 206097
220475 55 244611
5070 3 47070
19723 89 119787
77306 48 84171
131146 63 229879
118610 75 156576
1778 5 212826
125610 75 179499
35622 4 167773
197955 67 225354
20780 39 229448
56279 63 104875
136138 90 210190
9495 38 216209
162500 9 241463
38678 15 208953
8730 90 51405
193770 23 214567
130470 51 160526
55441 96 247802
247030 61 249785
55797 23 57998
18498 100 193181
127524 14 154682
83584 66 148752
87860 23 137408
14515 22 156165
1693 79 161297
47869 55 141431
72616 38 109239
82535 34 146743
104248 100 195779
105012 88 213285
73285 40 74267
55574 30 167128
73349 43 163874
48015 19 139295
35466 7 245958
97506 42 228355
11393 25 203312
181393 56 190581
46105 32 130141
66704 89 242924
137573 96 229846
80134 92 232585
101089 54 219019
175039 45 211161
161026 74 202841
2983 21 33400
65147 69 141190
20957 21 36791
61410 92 222239
170697 92 222051
22186 54 53453
70913 55 126860
69364 80 186605
225400 50 232456
7517 72 142311
173603 2 226192
75632 6 157074
97879 49 209924
74684 38 141930
96312 43 223794
30841 50 58874
1194 53 167347
55698 91 242098
43292 62 215490
17385 81 178448
57523 28 154703
49451 23 193173
235852 12 247223
87761 17 171396
68204 95 243989
38884 94 57765
208660 63 219163
119848 2 121249
93992 14 198036
6892 66 123696
215134 45 239052
15256 72 191063
21535 20 180069
112083 16 113645
59365 56 221933
5782 39 226722
42480 77 80687
130739 26 202500
31893 17 62058
16025 40 65817
149067 81 235232
179186 5 204227
86031 5 124161
101454 22 243933
55225 20 186566
157227 36 172926
55875 35 213700
12102 65 152171
6785 12 55778
52153 31 56524
31760 31 191666
166540 62 183245
39706 85 157178
27431 63 187567
94443 79 113193
68391 32 206890
98224 32 199880
26185 65 146855
36434 18 82701
235306 61 244957
207891 53 222277
14067 66 233678
80291 39 174392
96827 53 188451
93127 43 241007
129835 14 175802
23821 60 228364
232992 57 236694
29770 86 81831
59546 67 73843
50 10 31751
53100 46 69643
22227 51 104128
178398 72 224697
105127 60 112968
177206 12 233483
116018 34 154726
181062 6 191221
157934 4 237367
62385 14 191620
150415 9 217597
70884 98 151553
25661 98 85396
170546 92 191387
78294 46 219788
56084 40 217296
185477 100 207404
65342 44 84656
35313 53 224660
138944 60 239683
181321 34 207108
15960 88 105945
24478 11 222909
116198 94 175010
93123 85 121389
28154 39 165047
108991 60 147130
68110 87 237527
9264 71 242825
93773 29 215319
2238 30 191069
146909 95 196208
141318 4 194139
64827 24 92737
4462 1 142015
103833 41 143106
2046 31 109345
54702 1 184895
63528 81 205473
83011 9 207832
59801 41 106505
120351 67 242656
111118 79 161722
154925 93 232431
49348 29 124250
123297 80 200284
11204 76 76431
205425 81 231965
60297 26 240795
51157 23 220383
52673 16 236321
12404 58 128809
17145 2 163494
167723 46 186309
47973 14 104748
172611 59 178789
56943 87 166147
123676 7 172710
53199 8 161868
86410 8 111004
29842 76 84499
11644 35 129264
172335 15 245359
55938 41 239325
162018 66 175204
65373 15 223777
74940 34 228321
4191 10 4252
148134 54 215780
29722 22 88717
65396 26 82493
43336 100 99011
90339 4 188042
45062 19 118302
202633 37 228793
92891 73 192988
28976 8 147470
27306 64 54017
67374 23 244901
12879 36 204402
183905 6 186777
56874 36 157638
84714 73 220720
32534 4 213639
70336 96 204089
121986 43 212878
102668 28 140698
82976 63 91471
22356 67 96855
3016 52 211964
228891 20 244557
87576 35 133488
22214 7 113215
63591 52 155443
17049 71 66448
89174 64 191265
30112 53 41394
143935 19 194255
28035 93 48409
36428 71 86795
86822 44 188453
190856 21 225947
164430 59 213136
222196 7 239929
50213 22 185455
185372 65 230538
50817 73 182992
84106 2 85151
115510 68 153317
75459 69 150502
60515 70 190581
10109 5 102628
146585 21 242392
67801 25 205310
3807 36 39819
178861 8 187522
121040 23 184641
206316 3 229101
40417 98 166788
22287 72 130587
170344 31 204459
19126 92 179983
895 17 17517
146879 11 224132
28301 86 70264
50980 82 197411
48595 83 213832
2464 82 52021
44738 86 249561
74110 88 125421
55397 65 139618
2289 47 35860
128242 30 248735
10375 82 139889
18163 58 233267
150617 60 187141
93950 36 164343
73937 69 237338
111098 13 219865
75428 97 228613
108040 94 140439
68900 39 110458
87828 19 229700
4627 15 34481
80027 11 142599
4287 45 113133
36379 17 203107
114834 4 169517
146023 80 241106
45546 10 91827
169133 60 199883
15362 76 48312
67748 13 230640
20189 74 191721
138765 41 216126
69741 34 186020
47516 96 129096
35168 100 42267
33612 31 214293
58179 46 186070
8093 73 34712
176324 66 188886
12876 62 176913
39202 47 216054
88416 35 114954
77445 76 113082
74643 71 152868
119026 79 163215
161120 35 179824
5246 74 38870
6805 35 160738
136113 17 226518
127323 72 182416
90537 12 173164
57167 59 166425
19031 83 119907
171404 95 204998
25057 18 105191
95088 52 171866
23761 58 95605
218582 68 248609
122905 72 161176
66122 35 178346
46552 69 145264
157543 75 214431
42293 19 51822
22470 84 89143
73804 10 121162
155868 56 211881
32457 33 142488
55892 55 67683
38921 66 140964
152766 16 159363
72678 33 80989
3130 49 235303
163886 64 199360
23902 22 160150
12800 41 130157
40845 39 101919
127452 21 139471
172728 25 203656
121830 14 210558
198991 6 233463
25404 25 140149
142582 12 245220
145776 5 246926
62834 7 203040
128252 21 211731
114698 51 248174
90569 67 125486
60004 4 219881
20180 80 79097
115120 67 219064
21138 14 151151
88472 35 245439
8121 68 90945
18970 26 185355
42947 51 219351
89530 29 112216
29401 61 197074
70144 81 230924
192348 41 230198
122681 67 245119
39472 44 163685
67166 34 159754
150731 59 228925
68493 76 239104
121506 84 175632
71485 11 130813
109814 26 209211
32627 4 218846
7996 75 233148
44933 27 121921
71156 54 156573
8031 31 36397
37586 21 205607
208595 40 235204
83460 41 191209
66415 3 187664
36522 54 191573
57456 1 124358
27877 33 122938
204444 14 239395
9553 10 52020
10132 74 74379
238491 70 240672
114991 29 220768
13974 82 226317
177802 58 210806
47786 10 236759
87515 47 99246
119108 1 240352
188492 3 243554
64587 12 121492
55003 66 101569
201970 26 228911
75414 15 79910
38559 3 209201
174121 21 229955
191555 36 248200
110627 15 203464
127968 47 213380
107805 9 111673
41477 55 176695
128711 2 219697
89134 25 113429
109060 82 126430
74846 73 240762
113454 35 239795
120469 38 232346
17024 50 103012
93050 18 187885
4356 76 23628
149392 23 157452
11908 33 237961
55347 51 211892
54854 51 222321
81852 35 168624
96685 79 179798
103926 32 135124
67773 22 200894
138314 59 181803
2434 73 121207
47620 58 195871
26272 75 52729
14055 85 111937
37139 41 71724
69373 59 176680
5198 39 63410
46701 45 176134
13061 93 211552
22949 41 65165
206207 38 235232
55794 37 102905
72775 10 190512
124347 94 203226
24232 85 169934
40029 46 153187
89553 54 179597
29791 73 164012
47868 41 53081
58987 70 222272
132935 26 185192
33868 23 163896
207811 100 231435
110561 27 157220
89100 81 98815
165249 30 217483
16756 53 63719
157095 12 245654
160139 39 242413
49928 24 76571
101701 57 114877
47723 52 124352
21611 52 81990
98890 2 145351
47543 84 106639
54641 60 61779
17841 92 93710
173050 50 215533
142915 91 190735
8045 79 22757
5863 28 166138
38377 10 214979
11096 27 88106
93090 16 170008
13066 53 14953
53550 23 61125
54476 42 83040
220539 74 241440
91920 19 159501
155222 66 193569
45410 66 76134
14911 35 56178
38317 19 121026
61311 57 62968
73292 33 83618
115949 50 163101
61704 72 209142
12043 99 241823
94035 86 237627
52865 20 91528
145781 49 205050
58003 40 64373
57240 69 98264
2849 37 121282
85930 73 116905
203130 34 233619
12530 36 104113
6057 22 10990
12023 46 230786
177846 50 247853
63657 100 235122
187813 67 236720
74426 64 148044
134207 46 215037
72757 41 197704
86487 8 200205
100010 74 162315
79320 79 127019
7166 94 56936
199141 23 206609
103475 63 130395
71546 93 131859
222746 92 243543
204025 61 233757
174975 10 186029
110508 13 120521
112847 89 177056
7099 82 59807
79933 18 167656
12878 50 101552
85073 9 183483
47506 89 209027
120176 5 214565
6614 76 28275
64893 63 116331
182419 4 226460
118076 11 135785
16128 36 218754
98827 90 103186
8011 31 167426
12707 39 77890
89348 8 238898
114504 33 184237
124387 36 131200
83225 71 105858
76234 69 79079
105651 15 114052
19521 81 214791
137768 59 197243
61919 94 214713
213384 12 225499
96080 30 102821
124898 33 165844
140528 57 159437
70215 59 89572
158767 43 199864
44459 52 216350
174001 80 194649
96926 80 123506
157542 8 188120
89218 35 217258
49478 74 146806
113555 66 214450
135536 38 231933
13057 98 155077
26888 46 147805
57641 20 202852
46803 51 230686
197756 21 229524
48479 8 209051
152810 7 203374
165244 29 224935
53344 60 166231
45405 38 118978
136467 26 186376
75676 91 234156
5532 99 142399
77528 52 148974
1590 78 11889
122203 10 128994
38846 17 161760
45435 69 99590
96312 42 180065
29455 83 170595
76736 70 181628
17534 18 51492
7750 87 43811
69439 64 108672
3553 62 160336
12067 36 247993
24748 36 90607
204174 79 205305
53513 68 234640
104010 11 194599
62512 68 213002
95489 27 248724
67233 96 219433
32504 76 51562
19109 66 134334
30500 59 189389
42816 41 153475
15576 4 115781
239054 46 247544
60555 43 235139
126492 93 181907
44202 34 221481
93224 72 213856
104492 89 234523
46988 36 150272
104532 24 184981
71197 49 211973
51099 15 219668
155724 70 199093
84317 20 147052
81363 37 207350
181976 40 208250
141696 14 172742
228964 37 235208
200479 12 213133
81639 66 90107
100170 45 137555
189395 62 230503
29403 90 88445
3592 52 140985
113848 24 143689
58951 12 208582
63003 90 189476
10719 93 80301
7106 71 50421
44430 4 218090
124202 51 137687
26512 71 49393
37981 81 86013
15571 68 228856
159466 48 200143
66772 56 216784
4609 1 50802
79105 8 89679
116053 29 222506
62784 24 80286
121710 11 167892
13531 79 119118
136744 87 237229
160470 44 177756
126071 91 208993
73534 55 159864
122768 8 176902
6279 23 55100
50506 42 200571
62974 55 81304
160190 96 181543
61883 17 91465
111890 89 162645
93642 6 182972
204020 39 235672
188560 38 216800
9095 7 21202
153663 46 228944
23465 88 122513
161207 63 190863
71882 70 209841
40177 54 181459
91782 24 96495
22744 51 103596
33427 42 165237
143625 26 219824
5753 66 180517
41846 35 123096
120928 52 175753
127616 7 165513
169437 84 212123
101239 1 146000
98935 67 127069
95384 63 142793
10126 92 49046
54174 5 195058
9347 60 188739
138502 87 180550
12922 53 151611
39727 93 94534
35175 75 229658
215760 35 241716
51004 30 114967
129137 20 139794
134618 99 176166
13821 82 125075
85680 20 249220
13036 22 138288
8770 12 50922
132169 94 176667
166120 12 226056
49391 45 95150
39201 9 160410
124891 45 207228
163093 41 197667
119199 42 229620
65314 22 121388
33883 63 118066
108324 75 151032
61878 84 179038
25937 74 53062
57064 55 146332
5194 65 120427
77317 39 225943
124552 64 239732
114044 31 145995
530 47 21062
91473 30 178541
34407 88 65824
47576 7 181370
53071 1 148380
195974 44 245932
23610 44 116550
67435 71 136067
121042 84 221253
160706 51 234873
33656 26 36066
11176 49 64583
8073 9 126935
227181 58 234539
19829 83 61684
40865 51 198780
169823 7 190288
27991 97 70726
22828 16 222477
60689 2 127074
115879 80 242024
80418 6 127947
23589 70 244721
7233 72 240152
32094 26 103930
65060 1 159422
3490 51 42495
76682 57 168583
24884 46 215088
6060 78 27727
77799 88 204337
19220 25 156685
89732 5 96656
46633 66 167600
61391 50 123323
60736 25 244750
122688 6 199998
61148 96 107267
86579 35 205884
171781 27 249745
21378 87 244861
71217 86 95205
52345 47 74064
140439 95 200536
30752 44 138924
1193 53 214911
181727 34 230681
8564 64 23820
100646 57 208668
21562 74 157893
20216 4 214961
138973 2 141178
39342 74 230909
148883 85 227267
7668 69 102265
10698 12 100028
56484 53 245016
143731 66 221752
115850 87 242567
1407 78 28476
112467 53 119507
127956 91 241335
13424 73 121441
174342 68 212768
172368 64 229842
62985 34 102349
2871 47 9023
160756 39 175017
107968 75 137709
197313 70 215759
129497 28 200921
46998 24 136606
74929 14 97718
82056 41 229783
18337 69 161339
103314 39 194787
19573 76 184291
110245 65 136919
18438 15 234538
5628 33 218637
201921 45 202335
43273 62 140328
75014 54 105038
50369 47 202213
7652 17 156728
50202 26 219402
91264 15 148869
29713 15 235118
11814 49 107493
43100 57 56238
40366 2 125074
11051 34 247892
53018 7 137070
123939 45 154460
39415 28 238215
29179 81 125109
81682 22 162279
118997 98 181818
229177 97 240600
20524 66 163949
150816 82 179505
92375 95 103236
43750 1 153593
182309 29 201034
74765 60 164703
35844 11 56909
27163 30 220900
2994 55 130090
31444 46 83479
22692 39 78853
62782 77 91567
64994 92 115416
31353 56 56967
141917 23 237643
92304 24 174075
33474 70 238694
36688 25 169391
64933 34 71494
112571 28 209734
207272 49 238769
41709 99 87182
1599 10 193641
46110 71 124271
119482 32 241622
45927 22 89311
157292 58 176381
174043 60 234182
22478 61 241659
17887 11 27270
31437 58 63480
187001 76 230742
11484 1 194880
26560 67 57070
69924 97 152695
41606 17 62279
10070 11 178408
43410 28 66352
12972 32 155876
123725 72 134593
76108 13 235370
44652 68 206707
96262 64 232093
106330 9 196624
142700 91 199508
97516 14 230605
99846 71 156779
206594 98 243049
126301 98 208321
41836 34 81749
65096 47 105160
27136 82 51857
53324 83 143327
108295 85 195471
90002 80 129404
52540 49 93539
74545 71 249838
122913 22 172157
67232 73 134476
127066 30 232641
59154 22 103582
43132 97 213394
18168 60 136836
116935 37 214442
114989 12 160829
29842 33 243969
50060 83 125122
142002 86 217951
192492 6 249211
111456 35 234866
30249 12 55803
73619 53 192687
148209 97 164807
55506 12 222549
63367 12 88316
77827 7 154708
175446 21 229942
97507 89 224541
3168 68 136866
152331 40 245661
44476 48 91599
136315 76 179189
66906 45 105086
70163 14 131262
80585 19 237897
114384 20 210127
19346 79 199004
20382 67 175573
175406 18 210262
121649 92 243646
28011 78 195006
33487 32 130000
19251 74 163150
5968 17 119812
82786 12 211565
72765 89 75946
113412 61 248614
39543 67 200655
119377 4 218726
136117 91 184636
2494 82 245014
182316 50 193678
170551 12 195458
227592 39 238283
129228 40 237610
74858 24 182276
9011 67 133303
34752 49 186802
65043 35 91018
86058 7 122200
16388 83 213683
19164 35 151674
30314 67 192758
24271 80 113682
84860 44 212588
34973 27 161787
98596 65 166620
100878 73 238310
157447 30 242098
170356 48 241936
153393 28 233982
4897 57 185708
55355 36 167496
25022 6 51286
46970 43 196280
66457 51 239074
158042 61 235778
46777 87 200770
203537 89 245977
3423 61 28378
10945 88 138707
37301 45 210830
31174 37 41644
89462 12 96635
146850 11 169141
106292 82 110910
63243 78 195498
20814 87 212803
42197 8 201237
199579 16 242056
112409 34 173628
212688 72 213268
96085 23 97950
58806 39 161801
164959 35 198483
19652 7 94132
135567 28 188600
100252 62 158638
80081 3 99746
59750 49 138999
29132 65 243724
20514 61 212642
34153 72 236992
118637 24 231342
90823 88 239012
69880 53 80527
153044 98 176121
171287 38 243367
24119 86 207371
169390 12 177399
8056 59 209924
25670 10 74691
127110 39 200383
129504 20 203329
88215 78 159541
7864 17 160687
64007 6 105799
2310 92 200711
96493 99 122286
13514 65 168245
174817 37 222585
45319 59 211861
156287 52 203217
1434 32 49967
40701 39 67739
96230 68 150061
16139 42 76404
148879 69 199261
12005 51 155953
8016 65 79885
20651 44 149148
86377 96 103756
34055 47 87689
209907 95 246162
19327 39 134969
102420 51 123643
160963 14 183805
26966 78 114078
56237 10 84110
6774 61 90360
152984 89 167035
52487 65 141967
79221 12 125209
197318 46 226138
132251 21 183396
77303 3 199216
34909 29 199580
93574 82 147988
206341 62 233456
120977 75 190515
29884 2 47992
26623 50 176087
3000 58 127453
23455 13 73588
19763 73 93000
194885 37 232394
95183 5 249482
15645 26 61615
17360 32 105444
139971 14 216392
201990 15 210448
72295 32 226017
12922 42 180070
96590 54 135179
65827 6 73989
230858 9 242761
115033 2 163348
33531 66 150809
146797 89 147109
37234 57 192903
62114 64 190406
69197 96 242621
69843 44 243674
88456 2 154453
14989 83 191332
192457 18 236059
1512 48 142974
2981 86 190068
11719 9 231089
14423 21 182786
133637 62 233831
52606 39 183138
85016 81 153015
129177 37 162774
2495 7 81886
45405 4 213057
107534 3 240492
63940 37 100124
15722 83 94335
145083 75 184958
174486 16 186074
71803 73 158653
104191 72 215088
153588 57 167247
45943 5 189946
126897 55 128122
177052 32 178598
21164 65 244647
113780 37 243443
29294 64 84125
48161 12 179358
71371 20 173011
159177 30 226617
161447 17 174214
15765 93 223155
123321 35 188894
936 71 149551
139205 24 167395
160029 90 184614
2706 27 109437
28846 73 48749
13901 78 91153
25513 66 195391
145228 84 209911
59370 6 90277
156356 87 165550
3989 4 10162
37347 59 189858
3172 37 190489
64 41 182380
189903 46 242571
56614 1 159742
35517 40 200265
113822 15 195954
22348 86 41562
86439 21 194360
102625 9 124164
227724 42 242126
75686 40 110932
8868 61 90386
131744 54 168170
82318 90 125431
9941 89 39628
71229 68 72943
170977 99 234013
198738 39 230334
58410 48 237055
74051 42 120068
27379 7 70140
99637 33 117801
184280 90 247261
17554 32 220022
161633 88 248197
232074 42 248431
40958 57 52292
109304 18 199337
6603 55 178327
172677 74 186914
43630 24 211023
9081 58 150895
103627 70 236887
108357 29 200073
194611 57 198205
106258 41 249563
56341 16 109571
58543 42 212112
167747 40 204086
62875 55 201054
43415 10 140675
6792 65 50618
15062 81 85614
161872 47 227607
33164 32 110216
125681 83 158094
61006 60 207183
94062 81 145001
124275 70 164011
37135 42 130313
144615 67 207153
37365 6 52633
221066 38 236631
238465 40 238507
3459 62 19303
105243 92 105622
84471 99 194880
67000 79 244766
14519 70 67441
66384 100 205463
227478 63 229632
14966 8 77828
24162 71 44522
136737 9 178913
68127 84 88304
196755 10 245612
34932 74 222690
67507 55 122579
141745 21 147740
25490 15 191955
222905 75 224356
38136 84 238804
115721 77 122784
56694 51 223605
77465 94 203990
24754 89 234471
146696 85 174474
104232 48 173859
172089 2 207779
43592 68 50747
138445 52 146636
128393 5 229153
92177 83 210548
61315 62 232842
113352 10 199046
40337 93 66565
200699 51 245342
158060 93 185419
54672 96 149176
192158 33 242795
89023 30 227585
42335 16 91407
106315 13 144669
75790 49 96265
64554 48 188171
157548 31 245014
187875 99 206014
45630 45 69839
8033 41 149913
54642 26 63138
42996 44 202510
100845 94 158572
90958 75 189828
84536 30 234143
150545 100 165373
157153 33 177740
72869 57 237414
156230 41 160528
28179 37 149718
67573 20 249381
102489 12 217081
90940 49 243321
188312 80 232409
25490 17 203894
112211 75 190327
11728 51 52117
30934 19 141338
56596 58 162979
73405 49 95417
106496 36 219723
8420 31 146810
116152 94 171416
55363 53 234062
92921 59 151449
142481 37 248300
8236 49 215250
75574 58 201692
146543 6 220430
119731 75 237865
6888 13 77453
23181 31 231263
1776 12 103328
84819 4 98000
71507 100 85371
79172 59 186446
35891 1 180029
82192 94 150710
1296 61 161692
105884 28 111224
116058 33 202011
33770 16 185742
39887 58 67193
2362 71 238382
53253 90 228531
36742 23 157485
145046 34 208965
40571 87 67084
9325 38 218431
29354 33 122555
109209 30 114070
109895 69 122552
62048 24 138499
53308 68 191472
66384 27 200134
64836 21 189716
131816 86 232783
37305 70 200030
40180 23 100067
27213 98 152966
160850 54 184591
7670 89 192297
90492 33 170243
123786 45 167033
30989 15 114470
31669 99 34424
2460 87 144149
82746 35 178114
122596 12 171585
906 7 35117
125898 87 195270
70810 25 100032
54444 8 229242
107985 4 176863
137373 6 221009
77505 87 235963
53255 11 145165
42501 65 83320
17760 63 246406
126927 16 140618
51782 80 232273
13622 23 156986
149638 21 212041
184374 75 226440
50517 83 159910
6499 62 189497
2735 3 142849
122562 50 220083
205149 78 205997
229016 73 246544
112254 65 128105
77041 99 179042
142723 27 228718
20066 99 94044
67264 14 96833
29508 77 94488
45460 11 134340
14699 59 92295
75696 3 207355
179810 43 205608
9222 37 104290
29430 97 172267
42276 89 179363
14585 47 227448
192843 25 206167
101945 74 213027
140573 77 246924
7361 54 125449
46312 45 52178
178629 60 192709
129119 43 228127
24184 33 149693
165051 69 185300
68226 85 89864
7546 39 35229
97935 10 111644
143238 83 160700
213398 9 246095
23446 92 87666
88565 59 202815
64755 8 222372
57647 80 163970
30943 32 50502
69711 97 129264
129913 43 239038
68350 71 148419
40405 14 95282
81860 5 93135
145428 52 181608
78040 54 184915
9819 73 84440
170615 37 234996
71012 83 87991
83098 84 100850
133039 31 151736
90941 3 242390
111383 14 162252
89113 38 182683
73758 7 183813
85059 3 135490
134010 56 241413
109272 97 153498
45316 19 112985
85902 88 110230
117451 9 242155
15435 55 180467
55652 24 83957
83760 88 157446
45981 29 72887
64891 15 235140
121436 99 195097
123164 98 144534
74052 33 104450
96051 58 105789
156115 20 179538
4170 41 142415
78315 50 108585
52659 71 92208
163332 84 243551
7395 75 243812
14940 19 15070
64059 7 249405
60427 59 71612
50079 72 239392
141097 92 153034
42402 68 159923
151485 44 165924
4493 19 142994
75018 1 168436
158849 44 219750
98467 69 171165
127752 93 205450
7549 91 228403
122666 29 214753
180444 59 214392
168686 52 200176
194374 63 236129
61556 18 142283
87725 57 158841
126983 94 231194
80028 38 121974
85082 34 149086
62261 98 109592
9608 99 13909
141440 14 153845
156904 13 162031
20709 56 239684
57550 40 187790
11649 27 102242
223323 40 244904
10368 37 42757
120820 33 166901
132996 71 174476
14434 100 99207
36542 100 123395
108060 16 217221
178535 79 178846
22948 80 24750
125689 19 200802
64994 61 235581
225191 50 228776
155540 3 189265
64114 93 236256
213387 56 226309
43662 48 246255
26521 17 107077
178671 42 182808
76131 52 113426
70101 10 172752
54972 83 247392
31021 30 52823
201727 67 203352
97389 76 155543
1178 29 221768
111914 53 243023
87912 70 215186
93613 41 136538
162473 65 188723
41104 79 108177
6583 31 70078
104395 27 146443
8559 10 106729
6491 88 177350
53747 28 156860
75975 14 228502
121049 27 222693
76020 10 80853
43206 40 244679
135972 21 158798
70041 53 183183
41391 48 85438
65561 83 128975
19822 34 42559
27763 36 29295
73967 18 182413
83159 56 197714
132803 14 249666
75542 31 95614
133523 66 197481
62255 38 170927
102713 4 148377
28438 41 237502
79599 54 123475
46127 85 111732
211594 92 245499
108506 6 232421
36897 77 142707
5806 39 202268
98058 81 131522
122395 59 197373
62866 74 87681
18825 33 79824
12693 81 238437
70707 64 141551
57551 78 132617
64522 34 224451
31215 59 208424
165782 64 228951
81744 24 208581
18444 88 223699
83085 69 164201
134423 80 223706
17893 66 157102
36128 76 203187
15680 56 31881
67612 21 235047
165719 80 229672
87111 73 199473
82807 12 121867
71674 43 85316
27030 19 244146
151206 35 190151
31382 76 174674
118972 94 151003
152000 30 175258
155484 78 223247
149069 65 231487
101400 23 193529
101070 10 190574
15457 27 234799
103358 13 111461
30512 10 205132
204953 10 237688
18510 46 168900
101169 8 209632
32500 20 236072
157425 18 195886
208343 42 236787
206876 53 240534
23599 14 47112
189477 70 191514
73551 43 170018
55320 82 170436
163015 89 236494
40454 69 194890
84333 80 230856
13109 65 126909
6504 66 111199
34115 8 181351
140368 81 163441
62908 27 168434
118665 28 121453
7027 73 59398
122219 82 205147
70913 96 153498
109316 43 226093
11304 10 219002
2139 73 206195
38630 64 156162
47797 38 52252
101387 65 120997
30496 56 116353
147895 59 165264
56578 89 204001
214251 56 230142
39548 11 134682
118554 13 131527
1606 57 59427
173864 17 189359
86913 35 238552
194648 95 231762
88919 13 164828
18105 18 59269
202068 45 214507
47642 48 197823
11129 63 113393
29293 58 179259
11487 67 205361
186025 100 207424
83999 79 184999
94547 77 99307
27397 70 115057
26834 92 82130
64198 13 83184
125488 44 127140
129823 52 237525
121774 22 198062
24878 81 205775
7291 89 76837
25191 82 106704
212063 21 230586
106427 56 249947
177896 22 219662
128776 38 136151
91130 40 104542
98469 79 198107
65636 48 186904
63981 30 171263
29594 74 229204
13319 51 231524
130736 84 136080
10491 8 248149
135340 35 155430
138149 43 214942
5241 19 88636
12248 83 194888
169895 6 239444
21692 75 169790
42956 13 189981
30721 91 222167
11780 24 89351
26661 55 151629
165951 76 219582
15408 56 99133
115148 13 139893
64375 82 146117
102827 13 127101
19281 58 220052
49103 39 103841
34339 35 219186
5722 76 131332
37426 92 105268
10839 70 43148
7667 79 170502
44666 16 221703
22297 19 177295
26440 71 109598
189087 85 249527
87549 65 152770
99378 1 211701
110332 94 136549
88114 54 194057
17961 61 127371
151527 44 155326
107244 99 114953
22925 55 188955
136366 90 242544
38173 44 91697
62219 54 104400
90137 80 105067
189338 47 231439
53637 13 79523
18487 24 141397
164978 44 171509
74121 78 91370
72574 3 237244
92332 53 110872
49320 89 166790
29913 70 114401
138828 91 139407
13015 85 22319
234305 74 244296
31147 16 225747
56574 90 133067
93414 30 244603
151102 9 228562
136120 48 231622
132126 39 210607
49899 17 152238
44268 34 135642
78054 50 107820
51153 16 75814
48424 20 117909
16445 70 224103
57710 38 101085
11774 50 210570
85830 62 93531
93926 8 238460
133127 37 206126
11715 87 209370
103959 25 194127
38320 94 168043
2010 29 68331
99446 67 177494
35874 62 218549
194394 22 216979
77393 70 134099
225258 58 231859
15535 71 39666
17645 5 87667
85806 1 88891
68966 95 199932
19277 54 37291
142106 95 190824
36970 83 120982
41111 26 213741
171314 3 189370
75265 30 174024
55064 98 216670
42873 43 158274
91002 53 115600
116474 29 118828
55382 17 139876
134935 31 164413
81090 69 107630
158394 92 208542
101199 86 108073
108475 16 200818
122025 79 135943
20606 84 214594
62447 19 170501
44338 7 114137
50939 87 247873
73372 84 229881
131860 34 141817
60534 85 165960
80696 1 221880
140455 94 240464
139235 75 201220
41430 17 168431
88247 52 236702
124799 45 162639
72015 91 150537
95552 54 240529
109527 48 211455
152795 97 213895
47931 61 243683
42393 94 97826
19240 42 192153
84396 77 152617
20235 5 179410
117973 87 152093
30819 75 245726
164915 16 203968
43428 54 132597
210884 63 225674
17777 89 65955
94617 94 112423
128021 9 205777
144396 82 249013
28872 78 122405
60827 62 196752
51237 20 125077
69392 74 248980
178419 48 222010
25452 78 204619
66167 31 223259
93293 45 145482
183119 82 203668
51121 28 238181
13556 75 20702
55988 78 106531
178081 88 222043
30282 74 198528
38042 43 66012
34712 71 56659
9169 59 190160
139254 75 242729
139877 58 189288
31108 23 247482
191195 79 235601
61402 53 100711
17459 30 194858
17939 17 136807
217230 65 229827
171156 100 241821
37093 24 139902
10585 62 152923
48686 96 177711
70220 66 154152
49120 77 206325
119941 57 199102
149465 8 202242
61150 47 230963
128580 97 247598
92242 74 184681
207758 16 222581
116847 12 198484
28725 20 133737
77135 12 209695
6078 37 231073
104221 93 149139
27413 34 39067
136771 95 246531
18898 95 162837
105551 59 159775
24010 84 193110
29835 38 96071
200444 94 205872
76542 8 101536
76337 32 128183
81270 64 109438
61467 46 212309
57670 29 161983
189303 51 242905
146918 65 249593
19843 98 75577
7682 35 46540
47829 24 228634
101325 3 134028
44532 71 59439
140997 51 187952
114301 89 240241
24358 45 228970
52761 11 71095
131981 77 147650
41720 61 242486
36906 55 195738
213798 33 234675
52656 44 59473
54714 55 117582
16008 40 187216
133313 43 162546
44980 90 180681
40261 45 187118
80867 79 210681
105667 78 190226
11749 29 103486
96989 90 118288
243650 49 245462
28316 24 50926
150661 15 160650
17200 52 161483
92232 43 110544
23051 51 108725
55746 29 242926
2940 13 195874
95280 81 185815
224405 41 242118
14137 77 214182
125441 88 232889
138885 53 189580
26091 100 159171
111307 29 151221
62879 100 90647
90438 61 138846
170770 59 247563
29204 62 210719
36024 8 134569
64968 98 170450
104469 1 222134
13747 75 28534
167007 48 189138
8181 91 193559
93201 44 191537
39821 31 154323
183995 6 234549
27752 55 209378
213859 60 222668
71415 57 228899
47071 37 199987
138670 41 179491
137603 86 141913
156674 42 194910
66609 23 201761
53581 24 208698
189563 15 214278
4734 57 127195
117460 21 218323
193880 35 212648
71477 34 119030
74803 2 183777
191381 32 218648
105685 43 150182
37856 93 166947
145576 23 205872
57356 42 234244
28158 64 227903
11019 48 121048
15427 19 221106
96950 90 110034
116519 97 126621
95519 81 173407
83948 46 172712
5153 33 207478
106667 21 194461
27680 30 244236
98871 87 234250
72368 94 212952
43475 36 178272
72536 17 73054
150243 11 214258
63579 66 147601
3756 95 131355
51974 37 248002
29885 89 179249
54576 99 180247
66724 70 212199
76128 81 87800
51241 65 133649
65298 28 241732
59022 17 163319
1686 39 86524
119519 12 168681
95518 49 245516
178576 77 228917
83681 63 169119
69446 11 99109
99838 87 240002
102583 16 183613
133172 75 214075
129472 64 205966
93570 61 122283
49167 11 80403
203911 39 243031
29255 79 80003
217086 5 246341
87924 83 99272
6417 59 173462
43377 13 47747
58667 39 181314
150145 22 167757
103419 89 230705
27115 11 127388
159806 44 249619
74691 19 224010
28822 23 109396
27194 18 128174
11134 34 141135
139256 87 162465
148740 93 203118
47238 78 167975
10391 84 71800
29630 51 42098
77260 40 160145
100531 97 112031
7614 84 156828
222783 57 242135
125787 80 237279
75796 63 98583
78849 2 155420
173060 76 211006
41315 45 188503
169419 71 189618
6536 89 86359
61821 34 158198
77900 72 86536
30139 1 67226
59016 26 193561
6210 90 164268
21068 11 101040
149421 72 190895
170424 22 214631
75527 44 208709
162725 39 162939
5054 75 95569
63811 81 145349
61649 90 148770
81726 49 198358
80915 78 178220
96484 48 189493
169950 38 224067
6630 75 236261
20202 53 28670
90555 84 170438
15746 8 185799
2398 11 16488
172249 86 218942
132629 81 159355
57970 2 227317
195219 36 220781
49855 7 120822
209 84 247502
159476 96 201154
120116 53 173439
108798 48 173604
169843 54 218459
130290 68 197128
108681 11 171346
52418 27 60042
74623 25 166095
218065 48 240865
206881 93 232551
75952 60 174872
141998 21 159061
202891 18 222804
61093 75 149718
38377 10 54270
222382 85 249416
8082 50 169744
153219 69 157151
50841 58 166595
159614 5 243758
100793 42 249997
205253 33 247946
23346 54 58411
57402 69 115539
218769 45 237169
34455 54 37974
65013 12 166283
79759 83 206868
67467 4 90419
9729 7 20940
110932 53 185774
44630 84 98487
59372 13 137048
173133 10 202938
13554 35 132724
203835 71 219727
13284 89 161485
33276 14 155391
196455 29 227901
135578 4 208937
105892 66 106997
48168 42 92558
101378 55 167604
18947 72 26706
148014 14 200283
28629 2 206206
52199 18 85465
10790 50 122247
176544 69 193552
161042 75 200966
129842 15 212290
27018 78 140538
66019 80 244764
33570 46 81275
57609 60 177228
48185 73 233765
55211 74 246840
15338 3 154177
131087 31 140263
123349 32 142762
60998 67 239827
22436 12 109827
38004 89 69037
107278 33 237688
21549 8 110552
23684 49 74564
199173 36 217983
215155 86 229058
74393 38 133811
138336 17 166778
38653 62 230736
16343 5 26975
45726 77 189557
110771 77 132676
1787 91 93468
116623 87 187380
159189 27 231336
57046 13 198721
13431 58 213431
127351 45 138783
143095 38 178823
2239 18 206221
44092 71 208338
147058 16 180351
218092 74 235625
32432 87 163667
151449 15 197973
14327 89 112367
14796 5 44075
74324 92 176235
49500 63 66941
200816 93 233735
63192 51 86176
112186 13 118291
107539 27 120380
130317 66 161129
28031 10 170953
61107 20 144832
190982 32 208048
103241 56 208914
71238 4 136227
22193 17 102703
74511 64 135920
106644 22 239511
20039 70 134540
9396 27 13198
141748 93 159241
46290 88 169267
31267 48 147800
54359 73 163463
36822 15 59182
227028 55 235017
66389 27 128550
90882 72 243262
21625 89 22091
2516 68 216602
22346 39 102225
11598 66 69054
55599 33 87990
47078 67 97188
56669 96 93100
1704 60 232411
122640 19 241016
172487 26 223088
193149 99 227768
11779 44 22642
84321 72 125385
86336 16 210772
219398 82 234283
13527 69 158897
52291 19 61717
226848 60 227244
194710 74 220719
46502 71 65552
74061 52 103175
70524 49 129679
47248 27 239780
162931 21 172658
217635 44 220428
177306 77 234321
149528 95 167316
5331 4 88244
225471 59 238875
14334 22 124372
12592 16 162406
150040 49 207296
45289 7 204664
37936 73 180200
47905 47 122248
33895 15 66627
183309 46 216605
62557 9 74971
39147 63 196247
108072 96 111904
70852 77 124596
48701 17 161350
17173 39 171605
37581 94 237656
28366 78 50715
87989 39 243149
27022 81 59965
1239 54 95488
17173 18 29081
4494 84 226535
112175 58 236200
7237 31 26287
60673 12 243493
29266 7 42558
150503 29 228632
16445 60 29085
99239 14 216068
72215 23 202063
48846 21 182878
73351 46 133679
88358 83 223589
71741 77 205910
76754 33 84843
146792 39 240230
42420 57 97135
36032 90 162320
72036 33 86228
90988 90 187262
163914 91 192606
105106 74 174956
26664 84 169875
80366 87 148828
125904 92 204125
86825 26 115336
13120 1 157479
30443 59 206189
11723 49 128656
25501 4 126717
19234 50 135446
101894 28 172406
19582 85 86335
83520 85 229087
196711 76 238564
90772 22 242225
80504 94 162671
23546 23 69611
51299 58 180987
14699 49 153928
16341 71 212841
131412 51 185989
140909 31 203013
147641 87 208419
138041 5 164161
12533 24 86957
73250 48 162158
69216 70 168389
27573 35 163327
13295 91 170601
1509 99 33470
18659 30 188559
102866 8 207919
98107 3 180332
131535 17 217036
179991 44 241669
79870 16 89714
78908 41 233378
124579 35 171942
45796 96 169124
8167 13 165208
14972 28 218995
11172 3 211537
681 77 34353
35270 15 210582
7495 10 233824
57628 49 192651
114794 50 217446
98907 31 220282
129463 61 208740
26947 40 176079
94519 50 243671
1649 100 42183
83710 22 99802
89911 62 185885
61689 69 153564
35770 47 247904
55229 46 109542
71266 80 107250
219820 37 238618
199643 17 226144
60312 60 115095
227242 14 233836
177386 14 244732
82674 32 218010
17881 87 54390
19594 28 215435
70623 3 70959
79180 46 237544
76755 37 79895
14979 3 151015
17030 70 117363
166446 26 229464
78022 89 81623
84322 39 235428
61194 15 145139
123808 13 144513
12600 58 185889
49103 44 211827
168732 35 193132
33411 63 73335
27420 47 244123
81498 89 145935
38144 83 157621
91080 39 146276
2354 58 21130
50265 23 149803
27084 73 71187
62598 42 204069
29572 57 68656
166741 33 241543
45354 57 204830
26436 36 233203
20490 79 196593
53015 7 119615
14218 35 201553
33766 37 128580
38610 18 40470
97529 7 233832
3569 9 141931
140515 28 200179
168 38 169326
125224 67 194974
96279 2 155881
100902 31 224182
12987 31 155982
74209 70 107880
84191 86 127082
8014 56 149822
100 71 131594
58526 39 157386
69713 49 164512
73767 17 75489
48038 45 83950
3147 9 5543
109420 91 202859
71248 43 168622
159669 14 182508
94561 49 166869
30508 21 60136
30825 30 196049
53372 55 203363
25592 18 220463
49669 78 183909
40500 56 42116
146455 90 210988
46946 98 53457
196943 9 216368
88157 11 88314
999 69 6056
104116 92 249219
133025 2 174068
130176 11 158342
75782 74 123049
168104 11 240971
152331 18 223802
71200 16 233165
127379 38 184815
76298 60 235160
202882 46 225099
204483 97 215433
157170 71 161038
35609 63 60859
88336 22 238385
210320 22 218556
198717 29 213899
18033 20 233382
118191 34 133034
104125 87 208857
97452 53 107855
106747 7 190643
2834 43 102199
8823 79 117579
136797 95 236756
100607 4 195792
82455 51 97807
57053 62 201004
80012 44 239601
56600 65 61899
21106 25 129534
5034 41 16882
61008 22 166433
28821 67 202709
62679 26 122812
6242 78 121326
199608 4 238973
203062 71 210699
98329 71 123815
12206 63 168034
30421 86 101893
64792 22 233986
86845 74 140301
7518 25 236740
16564 71 177305
120749 82 233784
113031 68 115393
130596 68 202501
84555 48 187527
202152 76 230367
6783 24 212841
169168 68 249967
18739 45 225712
134705 63 145578
125500 30 246611
65586 13 235352
108858 48 124690
94340 60 172127
212446 57 230383
94813 37 128896
6425 40 245504
23078 23 241544
201383 42 234720
182696 93 208424
131088 93 190994
61073 5 237861
49127 31 185822
163738 60 229651
49396 99 190302
22907 42 248943
15974 71 101267
17385 87 52235
208902 72 210063
49625 46 120391
35600 31 131887
41768 80 81928
90932 93 214155
34447 15 207563
114284 27 232377
185524 44 200116
41823 94 57787
62595 63 99062
20406 19 156542
20086 93 204344
58331 31 155805
163481 56 211476
86252 84 193996
4325 64 85844
169900 53 232772
187193 94 218116
39522 93 132944
92961 55 107122
109734 8 202318
8286 14 240490
77956 77 79629
47596 18 208323
1627 52 84710
893 69 152544
54671 19 208419
97380 82 178292
32300 31 51547
216393 19 219723
111982 64 233892
164853 11 208380
29681 70 123149
125480 70 142973
83162 52 228836
35030 45 78763
135734 97 236823
109917 95 239839
92786 97 154926
103581 28 188106
96321 57 233366
64705 47 152070
202815 46 237567
143845 32 198561
15050 96 54268
71966 59 116591
37997 57 193623
108107 6 219937
102141 3 217206
166715 14 198813
90478 75 223074
38266 37 127892
139331 72 232583
119783 72 240634
27091 4 86357
913 96 38399
29564 76 68292
97011 22 110320
86210 33 157211
126256 51 193741
67629 37 179279
16129 77 213004
54769 80 59912
61178 16 207014
60324 70 91844
131727 48 195729
69132 77 131585
66692 12 228638
56632 74 181207
182167 82 198616
156609 76 163693
104899 94 236035
94899 89 192787
59102 88 82649
140977 65 202564
191365 37 249097
165431 36 202097
152674 34 194780
105353 50 135576
21553 69 243202
65405 90 160641
151569 20 158738
138763 26 175319
1506 71 29120
26697 79 185690
76868 89 121870
27766 78 225061
154798 46 206136
98933 63 101085
127350 16 134040
6870 61 221902
229552 21 242823
165992 41 186212
191227 73 217090
198386 8 236960
95112 95 141021
7499 31 66406
56287 18 245972
94338 41 162028
139814 8 230116
51630 6 215072
16742 18 175623
61747 73 176284
56755 38 124368
25663 80 231483
126055 88 212128
89176 12 111272
172587 8 246618
4716 60 238813
49766 88 178732
128644 32 139928
28454 52 32906
47400 71 221881
27536 68 43102
110133 24 165369
94412 58 95726
81686 2 185715
99307 18 244931
9238 69 31319
68175 76 167274
195677 66 246113
143320 46 178390
79304 35 119651
15392 66 238869
172714 19 187973
90899 40 103636
205450 92 237215
57171 98 182856
140543 42 206042
125898 15 189836
137258 2 166769
72082 79 235323
48194 92 76257
3666 27 194983
177293 88 196618
68849 74 92394
129121 17 203938
32649 29 121306
195608 89 219180
16041 99 164620
36885 10 106323
72719 2 122004
186512 27 189483
54913 82 201620
44439 48 242557
93576 36 126672
31943 53 144819
57160 24 109004
142276 71 249944
195646 53 221578
68134 17 178524
80438 57 134820
126047 37 140586
14536 41 108968
92802 82 95893
19479 34 94388
146484 81 146688
29088 72 243068
213507 43 227233
200781 100 202408
151101 92 244607
176488 58 188010
127257 34 236341
111025 90 235095
123400 55 124279
171386 60 184543
10816 78 49361
4345 93 99608
198787 43 216616
214707 70 225972
22466 87 91126
107858 28 139222
174884 76 209773
29627 60 188996
76265 56 205251
196650 49 239850
99935 95 103480
94256 63 154206
125076 91 142126
37809 21 176181
49850 92 232638
35304 61 157556
94706 57 105654
4295 56 4813
115556 54 222323
33337 83 214001
66085 56 194160
212067 57 223159
88704 63 217434
143349 51 200008
128062 84 134288
89249 80 166315
62196 75 173745
224301 99 230064
34145 20 134399
58083 51 241562
67225 24 225700
217770 53 241382
112686 39 235494
23578 63 245868
89952 18 98408
27400 14 31354
134179 33 246200
54244 6 133591
192509 75 234497
31937 34 78151
45759 32 106587
140697 9 152504
168664 94 207342
34672 61 200832
92715 96 171293
78314 41 114949
48683 89 220110
208091 67 213960
57557 83 248719
78895 59 145336
73778 27 166672
49133 54 139778
121785 26 147054
155426 58 226040
79637 53 221691
21391 39 77990
85892 41 101776
11743 55 193394
29561 55 83648
19716 69 187299
125154 76 221257
75656 32 117610
32426 35 188455
21390 96 65284
56152 77 191146
25910 59 149092
15308 73 130273
158896 27 208101
212441 82 245112
107238 95 145507
18972 72 152631
125543 45 188355
15796 53 238728
123232 97 245440
96433 67 124046
169801 10 201920
5583 99 200820
37454 70 113847
41057 20 141936
169136 78 217192
124367 48 245095
49900 39 246844
184338 87 192598
99163 64 169062
4504 98 125358
17843 33 232999
11679 22 94138
59700 44 137045
44688 74 195321
131701 58 185434
198627 14 248371
217360 79 234438
5734 16 221949
164334 81 204746
8793 94 90458
17242 40 112058
1311 46 58892
137565 90 193914
98988 77 182484
40744 59 119426
54153 18 208528
149169 87 217606
105584 31 210576
127732 61 201866
143286 85 173696
59193 59 130677
37734 73 215350
45821 64 135703
148364 53 230847
128971 61 176809
24557 31 192905
32116 20 60279
18410 82 227718
81930 58 187568
5440 3 78720
105226 69 209960
48173 53 161697
7063 70 85225
124301 18 170996
121631 63 217705
1123 69 100294
136777 21 199998
168417 31 178572
56041 67 222340
24755 75 198232
19033 16 130475
12743 48 172335
173556 1 219937
86819 89 129340
31712 4 120586
83455 79 218720
185983 95 213099
109641 51 133428
130108 19 143157
11226 38 127078
78418 89 241994
8076 55 202838
146069 72 164205
62296 87 136870
75182 55 230088
69525 54 215168
103647 41 138710
15779 91 137451
153372 72 196020
90337 52 130705
25179 42 30556
67617 60 149067
52018 25 122696
197071 31 239942
127026 78 156397
64738 23 85901
14096 7 164767
60487 31 247840
19657 49 179270
64602 26 242357
148926 64 200145
85073 100 118196
69486 99 171262
2880 31 92084
60019 89 163319
2498 98 230238
53243 54 211156
45326 50 221233
210584 50 246269
136047 7 166804
161813 54 222545
145481 74 191680
167856 39 233950
50895 19 51116
57853 38 71001
160977 11 171258
30527 43 221914
95147 28 158316
168804 45 212142
199520 2 248309
49806 62 153839
133785 68 178766
156279 53 247114
163366 1 176743
87267 38 234999
82366 82 183145
23302 31 155914
95165 74 199142
139372 70 195424
24373 12 88363
192408 64 234038
9950 95 175152
66789 44 139052
84010 5 209198
47492 5 92072
48303 74 91309
157495 39 242499
115713 69 168252
174276 83 218446
144686 41 248745
39044 52 249841
69729 93 177824
27087 74 157083
155889 57 186107
109966 88 191114
21744 46 65218
176161 12 210171
44152 97 93606
65293 74 150535
166277 26 229496
57346 18 162543
100688 53 238614
161163 91 219009
144175 83 213393
154261 46 172439
58016 91 198299
24276 99 129619
30801 82 199175
106221 47 184705
73989 4 110917
99510 65 170971
4567 2 227929
9354 55 67349
93723 24 110063
64055 74 209356
52822 85 81749
142004 95 220119
33439 4 97955
59487 63 211274
165765 6 176296
68740 15 131304
65216 90 186038
