5000
110926 36 185715
98453 92 167120
28236 9 74699
227611 40 236947
66598 17 68972
180362 27 231823
27063 60 63933
46804 29 120604
5787 13 229023
183869 38 207105
96722 62 178161
83591 54 176007
115824 6 133082
65802 91 152783
222063 93 233436
122879 47 191925
26758 69 174797
44250 94 81013
222662 42 240788
76326 34 200447
179019 87 208238
56637 69 163397
116301 61 195312
30373 11 128348
110345 42 111723
64618 63 139095
128364 100 131266
12568 96 133908
38018 6 87031
66143 77 134449
81879 89 152704
170549 77 228047
113237 76 161919
85290 33 229653
38209 51 211010
14252 38 170793
73407 91 73549
111484 27 182406
54 81 25021
158814 35 169124
82989 23 202382
47106 19 249686
71314 24 81773
201895 4 203605
48103 98 203605
172082 14 247175
37869 2 77406
131414 76 231012
26026 37 26817
34342 90 236953
14735 44 39792
190563 43 224686
67770 30 170709
157122 59 191854
2835 47 9167
44136 2 134016
29155 37 200558
30393 29 128965
27018 98 98058
16530 89 52675
197476 29 226504
142143 4 211286
77260 2 148050
172793 18 235477
36966 76 192593
119054 20 154484
36498 78 186433
93545 23 122716
157768 19 208147
47543 87 154553
130360 65 248124
16395 84 180595
95860 48 104223
54927 62 135163
38202 76 247814
25278 55 77584
81113 68 150716
110368 43 118938
142968 81 183288
160052 20 168866
52225 19 215591
213014 24 225285
52262 63 74178
74060 3 228632
145125 38 175859
24691 4 26850
149081 44 214846
45597 85 183891
160487 45 196914
98682 1 195525
23558 27 59705
234503 65 243960
4608 71 8461
105189 44 177007
137590 29 247515
40715 79 70681
82769 46 126548
107779 51 138009
73100 14 101365
185225 78 210881
95950 48 103259
13105 73 198406
141075 72 194374
59724 64 219140
56600 11 205672
107311 64 211990
59334 56 222234
162964 83 212768
59700 48 171874
145425 32 225953
29469 88 100796
222567 15 247831
91850 67 204500
23407 14 245679
10835 4 105141
87534 1 245941
29882 52 98266
95244 79 169253
31281 26 233183
49092 51 126567
12080 85 43909
113924 83 200677
95078 27 230313
144132 80 207955
44552 86 97509
54348 8 214731
52228 23 236179
194501 23 206380
36322 44 233273
122044 26 128091
71081 17 159049
65942 37 249778
66776 35 225116
129656 65 230419
5115 58 33514
79225 94 91446
42558 60 182188
52437 51 186699
83881 83 146562
142503 4 146596
49287 10 240162
194054 1 212242
154120 51 202890
97209 53 109912
97012 50 239943
60187 50 149780
71508 69 148198
2393 42 240350
8277 62 96628
154648 45 156929
9726 87 107203
82859 95 209867
151254 9 155660
160094 100 234266
151164 18 237630
135580 8 138583
170971 86 186706
203443 63 209422
137450 68 171818
144023 26 245886
11564 66 129168
57716 24 106640
70584 58 230950
3676 92 194079
81557 87 237217
54465 18 197597
217244 69 247425
86410 91 199639
11536 66 14643
15001 94 45981
28157 13 188997
99995 63 128722
109897 21 162255
82038 41 163402
3048 17 59111
83678 1 245692
142305 57 187101
86776 31 102750
26981 30 164305
133540 74 213641
170726 15 196016
71981 40 201877
59101 50 131129
181253 52 199553
123661 89 245521
4782 98 47184
133859 53 156631
159649 26 193424
97944 44 125525
52794 41 53736
10530 93 112235
92217 68 146704
2085 31 74536
195777 91 236823
51477 82 202466
34366 17 160806
42223 78 118254
72616 45 241031
119235 28 240093
113471 6 160533
4066 61 18233
115004 34 166629
152405 76 231916
107923 21 115645
177716 61 227025
3895 25 186477
134059 52 246046
120907 30 133336
114238 27 156563
24663 28 143942
177801 34 243391
65131 87 97046
104242 8 244331
13665 85 142751
136775 7 144129
47350 50 228691
128997 61 151910
19121 30 115476
71080 13 248542
115961 25 201661
45074 29 187944
33203 56 49499
110743 79 187302
210674 58 237581
26828 16 37478
106121 13 125596
69612 86 145077
4010 90 165093
1168 36 221434
66359 70 86866
41953 83 134513
176979 28 190403
16444 58 231019
151846 52 189553
45500 28 143600
99187 56 128224
19901 61 55129
152340 70 241805
66761 15 191242
2286 88 3811
148872 81 156570
99270 23 203952
59610 66 142194
49450 31 89459
137311 13 153118
146895 9 188478
56483 79 152887
121862 55 220287
31402 37 152359
41308 76 114958
57016 80 182280
170257 15 204506
133434 76 234853
11710 70 58414
86101 33 203907
185515 66 227008
28035 44 96073
2235 59 105933
120000 84 176725
23433 51 245346
68192 8 94414
17975 43 189053
27137 96 206816
46745 8 71865
87791 55 224696
74038 11 240337
129203 67 148513
29566 62 207852
112386 96 117687
40840 50 138548
6020 10 18186
28341 77 64982
120179 2 212034
69563 81 199121
161664 78 179944
68772 49 233780
156371 58 236200
5644 36 70480
161198 43 171798
103646 81 127857
65898 95 237994
177055 93 220712
119676 58 226625
99879 57 215886
67909 70 142723
167375 51 189245
66554 60 80859
9970 7 68179
167300 79 212269
31491 97 36917
129006 4 235731
127096 15 168389
61663 97 66699
173243 60 183375
112454 17 233395
45742 30 244318
173802 7 208375
12796 44 40320
66746 97 247367
7417 7 86200
230488 23 240924
95703 80 175917
146497 62 178707
145351 90 179158
169541 97 205898
153572 63 198862
161935 78 176963
115146 9 186774
49877 25 108888
174107 49 240587
70529 92 248065
58050 77 72158
33682 52 55958
131904 66 249408
10654 81 159568
95247 83 236360
22386 69 99691
88128 28 96154
122031 29 134857
22045 48 136200
45998 31 198355
51467 10 125602
18343 33 168830
109259 48 152707
212676 43 241630
71689 67 230320
74274 50 126596
174901 80 180070
100098 31 216673
67916 78 186570
164737 48 203745
98413 19 144578
43647 82 121685
107254 55 175911
60593 65 213554
56439 49 127030
141298 95 151604
92832 23 96720
158287 76 160630
43656 21 104411
177305 44 203555
90005 82 124739
37010 20 48300
70132 10 184494
190156 46 202491
55473 31 89203
142600 15 152224
18064 31 58507
5217 80 172527
190992 13 240964
48804 22 50682
48265 93 126072
16754 45 212913
191444 44 198618
34215 57 213968
207950 7 241173
209685 27 236268
12096 29 216472
77892 27 201164
13776 27 169547
31073 49 239586
73887 67 113491
87280 74 89092
3779 62 57971
113201 22 128098
220244 79 232307
14678 3 85405
39451 1 43115
60816 79 121339
66754 83 234573
33464 36 41072
78046 95 175408
107584 70 158204
30014 9 137688
90061 57 159146
13798 32 43371
78916 75 122851
69062 11 104552
90574 79 208553
16111 51 199981
99867 47 138551
7279 93 192959
125623 37 159117
61200 23 180330
14616 50 132131
21294 75 118496
31976 90 66284
47172 58 157362
124010 10 165469
129090 39 196901
152041 60 237018
168008 9 193994
106236 51 144153
136567 98 147732
150736 77 213624
32824 39 186006
69223 38 210414
77997 5 228921
105659 17 234133
17324 77 217571
58268 32 225081
51645 17 123202
59067 90 138666
93505 3 165846
30585 51 208545
162798 82 197944
151211 66 223035
142132 86 248710
31480 13 34307
110006 35 225898
127314 93 127533
13787 80 73998
100409 60 246842
122075 57 185353
22064 51 156807
77973 93 246047
50063 60 62633
198349 20 229073
32072 6 61538
10425 36 199698
135000 84 165266
121816 31 140122
30022 20 108312
168814 59 186984
39571 100 218301
1005 36 94157
122095 8 173604
31909 100 155781
98301 59 163389
148407 43 157684
45733 65 57778
85719 54 141921
348 18 175735
2450 53 32404
27168 48 38623
158407 19 202796
78033 49 198798
18379 95 46814
193918 41 213984
137308 17 208539
10973 69 21282
60680 85 89137
168461 15 192053
90137 47 174039
32883 29 223909
40344 4 218242
14480 89 114460
61925 50 196785
225697 35 237865
93788 15 105597
159584 78 174115
15683 100 158894
5044 39 237935
47977 53 108032
190889 7 247362
66968 93 191776
124216 93 155983
53559 69 110793
64400 66 188268
12949 48 80719
15606 19 201360
11119 5 183540
40678 97 138542
164401 57 244605
4614 93 171176
11497 29 99448
87862 9 152119
17673 29 209614
167456 96 241602
165818 55 175043
26088 70 136959
237870 34 249772
101265 46 140993
42457 53 49177
144092 28 194240
13385 43 176975
129270 24 196793
85146 73 114354
10072 68 114133
158136 85 165243
92450 38 238589
43505 43 99416
102630 98 129900
8425 26 119091
10989 3 71672
117770 90 175776
99991 99 201936
62741 2 178399
81752 40 128439
134543 49 194256
44945 84 221376
79435 22 249044
70832 44 121241
57362 94 79517
4264 17 154665
196229 97 204543
42034 41 213851
86693 70 228286
135374 68 178808
131792 51 247442
13695 83 198216
66301 74 82061
9874 12 130718
194190 5 195927
57092 15 189949
83978 4 217269
84784 97 158223
92579 86 211518
50682 50 167888
102329 15 179312
88385 27 134939
10683 80 239666
61059 82 161919
66503 18 98145
95084 21 230955
12520 62 220383
54255 18 147069
20493 43 117398
106589 88 194826
1461 13 59956
181330 53 225361
79547 5 130585
67536 34 158292
43013 22 140902
125978 9 241239
89859 61 169387
32796 26 49985
202014 96 244515
85366 87 237561
150955 5 238926
180083 82 226904
9250 73 58470
38674 59 149095
148416 40 155587
58611 38 219345
123813 76 127724
123308 3 206121
142611 1 248799
196605 79 245287
13904 61 246750
85660 61 99157
34411 90 138298
101372 100 134079
85330 87 123828
153237 98 196249
87298 77 155296
12598 47 28508
1899 97 46864
177484 74 209551
80499 5 138448
124202 30 236232
23539 13 63716
65504 8 179262
30264 35 216192
157220 68 199997
58270 17 116723
67168 63 122793
171212 21 192933
19938 46 72791
188231 18 202869
190430 14 241437
65447 24 67924
45813 85 103956
6501 30 233333
36313 12 79168
94428 80 212204
220871 88 231063
94231 27 144896
190752 13 199435
134949 74 166657
88793 67 225488
122587 46 239105
92429 6 164965
8364 5 170997
43883 82 73272
121158 28 122233
184256 34 227996
10294 74 63841
86031 70 230825
4382 27 215544
105341 6 180749
56478 77 217778
14908 20 208530
59272 12 144767
127361 64 202739
97523 87 215400
78578 55 157339
29134 3 109592
131938 5 166497
49595 25 200913
147605 39 222991
29043 39 197551
159386 4 195998
174372 30 235007
7262 51 189186
46701 46 136235
14456 5 200089
33230 51 110618
32758 85 65262
9817 83 205550
150438 82 207314
73062 11 241845
11577 17 211235
177655 95 247807
68263 69 152359
69816 92 162850
136914 4 184397
211197 94 212625
72104 16 112280
55321 71 230837
3109 82 227351
45795 62 132914
3126 73 145445
45553 54 226173
54891 14 120380
138328 84 235636
75611 7 146978
157282 25 168583
131310 73 210381
68459 29 177867
24365 61 88104
7112 82 171082
77255 57 145769
166327 15 219126
50015 43 104588
1480 20 181679
9343 96 128527
22106 14 239455
19160 74 72548
211783 4 247354
97926 29 239131
18459 4 75806
62788 89 82518
59435 19 137264
200003 83 239888
41324 22 75641
194345 72 211013
31294 47 167834
155060 90 219763
34658 24 178393
77769 14 232958
124420 52 249067
94119 96 165196
150129 35 192949
23088 59 212295
156083 42 246775
73516 21 79930
64679 93 130658
125229 96 192882
59115 35 81254
111802 74 150507
46838 95 109007
18584 5 56984
74162 21 159272
1226 14 23310
126475 71 220000
103851 96 184172
91040 61 232500
10869 69 247425
168175 100 222148
133980 54 244854
26099 17 135926
16917 92 30482
9744 14 193653
13860 7 78722
75496 66 227320
172910 8 233384
100853 72 192828
158135 36 246835
28370 34 214479
217518 92 217628
119871 53 214258
157364 78 169316
48572 31 70474
142444 28 161499
103993 79 212655
153135 4 163765
212180 29 246304
81411 79 81975
14986 79 24879
6506 95 25377
102367 3 196887
912 52 147357
163476 25 167173
70608 7 199845
95011 40 125937
52426 29 139287
15601 19 192470
65669 32 95222
108671 72 226222
200037 81 239523
7687 40 192895
155994 52 178618
3398 55 164549
62674 35 194875
199947 36 213704
76675 42 214766
172940 89 242174
51701 10 109310
27533 53 180017
4254 67 187036
55836 5 215532
44083 63 129003
99142 81 240367
116217 57 220183
39813 57 79731
19249 99 203671
185951 46 228206
44459 39 99370
19038 66 57652
221323 44 243543
32391 4 173502
22939 10 137862
106614 50 170243
81045 65 212788
33172 95 216619
37779 20 44103
185789 14 237287
149286 62 229992
184880 3 244335
36927 54 58584
42891 99 248388
201142 57 202137
113050 26 171704
161773 9 192248
134209 95 179169
127631 91 152400
45297 97 69061
18523 33 30956
49860 74 50227
52857 100 228807
5449 88 237769
63507 3 139312
119833 65 127930
21759 4 246446
9110 16 71658
8466 39 186296
109280 43 248919
61223 92 191875
83679 87 143770
135479 43 201454
15744 18 185297
27399 52 90337
120163 92 191363
90996 61 197514
142773 35 176450
7176 57 220936
92817 37 156113
11301 97 103991
89854 30 232352
73356 85 157996
151845 39 182635
88203 78 127175
55787 76 157062
78134 23 182977
125986 72 204837
178046 7 247936
20334 35 116255
85085 34 203140
101474 70 137064
167274 75 206357
85202 12 237979
131439 15 174077
38923 45 51873
3130 76 33217
73613 75 108781
18396 53 227628
115028 64 242208
64340 24 126136
88901 100 246904
46507 74 207380
165967 37 238223
68789 76 105386
74279 15 147259
142030 37 199446
40441 85 185137
128703 79 128783
157976 94 221376
73449 75 216019
24622 3 219782
29481 67 89943
31231 36 194640
53035 55 228187
127459 54 172961
24275 29 88402
63297 8 103472
151507 1 205912
133727 17 238467
74553 53 98174
47449 11 240681
93379 84 166268
100489 5 175384
49516 94 215584
44468 19 75216
60062 27 239582
193816 73 224303
202170 74 232460
152513 44 222552
138791 78 166130
64765 79 215753
18868 32 87813
162423 82 163202
33575 9 115772
30687 13 243569
27844 83 231910
67183 1 189363
85786 83 118159
45164 7 140617
6361 25 32235
67982 12 107528
63406 89 168218
142865 59 243211
219649 92 222357
229738 54 236758
132630 54 233736
171378 96 239786
94419 2 181866
54800 81 232364
79460 12 232716
142245 26 182512
109597 99 229703
108365 48 191079
45915 32 51990
153327 48 189341
48239 54 203892
43363 71 201840
85805 73 244649
140845 80 229959
136266 99 233077
88770 51 206167
32578 15 100241
142725 99 215261
93531 82 235963
20919 17 124496
98088 100 182022
79530 51 175247
24835 8 202117
132264 39 166658
118389 89 225924
181418 45 209446
20838 49 152541
7490 95 144085
37167 3 38916
44802 74 112266
75289 61 162207
57332 20 243334
21597 4 69305
32836 6 148297
24182 38 85319
141141 62 226243
108395 26 234657
57801 8 189178
16879 71 81973
30611 52 32076
191784 15 222706
13023 1 217461
89906 59 148567
145520 82 237085
23774 54 166669
50852 58 127547
49192 86 191557
191951 87 236713
19460 78 149894
149433 64 197124
47737 50 80608
82842 44 144482
167507 67 184656
35871 79 83157
160696 62 169449
16330 50 98945
213121 59 231456
48739 12 92080
104856 85 125036
48137 33 82294
11743 85 23567
27775 100 91328
221427 54 224015
141889 27 231655
176553 2 180588
188053 36 243669
109431 25 196611
3184 100 200184
115240 77 180797
3937 89 65800
196273 31 200838
43064 38 103349
59325 9 106800
104334 25 247533
149723 4 230312
127 72 45099
164472 16 241073
180866 9 188467
161889 62 186495
228632 85 236820
104645 25 208511
26980 88 148633
114725 100 175055
174830 27 230413
68362 1 208266
2563 26 9196
14166 90 196588
4411 53 16007
94577 90 228116
16546 15 156798
65910 78 131688
103617 36 132220
111207 99 207666
61923 86 151408
80811 30 126538
188436 40 217557
32886 86 236888
132771 7 160628
32225 69 125264
48805 69 100497
63900 8 68713
112665 80 207650
24509 42 74390
13117 39 44977
63005 52 121183
61729 83 207043
180146 51 218834
121053 85 226268
119616 73 128487
26771 54 121022
46920 68 198375
75020 68 193691
50948 97 218160
37555 46 99650
152076 90 157507
180392 92 220440
73633 93 209692
102684 6 236712
4029 1 18142
34318 67 71729
107174 25 169882
8718 16 49132
133022 60 190558
42780 74 128481
30420 35 72720
86827 45 210875
87313 39 223115
55046 75 204324
207287 79 230153
74479 46 134362
74934 82 94939
75189 17 118910
42279 68 231668
140807 27 180699
27980 26 135828
23253 72 84932
7663 29 8029
51567 30 152515
22782 43 217696
16838 26 86301
16320 52 136240
182904 68 208652
79337 92 192228
90154 39 195331
19366 56 71285
43167 4 145406
11340 70 88044
61616 40 142042
13238 6 178241
182598 27 183221
35566 88 68589
5103 94 190409
42008 99 198674
19105 85 125866
1140 88 148327
11026 94 64966
140635 61 184865
42174 70 105491
38914 10 132841
40214 43 177907
14292 31 207200
11563 75 194303
28061 75 232029
89422 41 199764
13304 23 139493
67618 5 112381
81752 70 242046
47539 65 77842
77456 8 149242
85948 51 210985
22674 82 225717
4019 58 51190
69304 47 169681
102012 42 219285
177818 30 199729
168392 18 200813
17598 98 169079
60313 73 65511
186782 8 214112
189833 10 247671
82366 49 97352
33845 58 122288
116443 13 139906
195435 69 202448
88780 32 152321
215483 76 218104
89191 28 229264
51208 61 240945
123999 22 180388
152329 33 184234
53822 49 96696
61305 84 105160
851 41 164225
220418 56 240041
31403 73 72433
46226 85 207455
139971 44 230642
112855 9 166438
123665 60 243954
115116 17 152575
190 9 57119
27133 26 48111
24491 32 30972
34626 97 64165
151789 3 249198
37290 10 152145
65524 79 178401
136549 76 191544
113579 85 223670
48724 87 98209
50473 27 246150
94560 16 194312
30294 81 229229
183786 88 195946
51703 28 171196
142512 32 217874
58115 44 155359
42941 49 65286
122648 55 204031
175847 59 230156
230492 2 236994
68099 92 147374
25115 67 156047
101974 31 170295
108045 23 192008
53349 27 130413
193953 24 229885
177649 49 192016
82947 23 224337
17560 18 184419
78586 98 222282
15014 69 204223
61814 54 186945
66311 39 105962
61831 40 71875
118132 4 138205
138334 4 214054
164405 21 233399
130272 38 218446
79923 40 172526
141750 11 190409
21636 97 204709
178490 74 228700
33613 28 240833
55528 2 80270
12425 53 46190
143962 69 187506
26236 53 81353
129549 5 235584
13662 45 57979
76471 13 128250
119618 11 168930
72541 61 141090
26723 82 69595
86666 50 173641
65185 100 80029
152594 77 179528
184755 97 186211
98245 39 186753
197240 58 228543
61062 39 199599
54328 13 247205
74092 84 79297
57720 89 126787
132633 48 219973
24714 17 175777
76111 43 142892
30228 12 152777
7218 88 27977
176361 91 221163
116706 93 241477
10107 5 125287
9956 52 163980
114089 38 140516
91044 13 126174
62184 95 91737
44217 4 169968
134923 35 154895
81252 15 89181
268 74 163679
100474 25 215239
32246 56 104580
2305 38 106631
56141 79 108249
74971 77 249182
105156 65 168916
117638 56 215850
83169 93 236053
161478 94 196990
137582 17 221628
98537 73 190600
4537 28 121770
160529 21 228317
216201 37 239261
12317 86 120008
15898 73 42999
8708 64 141346
45075 78 123736
2280 14 75191
172437 89 239298
6462 75 145937
57037 84 178001
15393 82 41932
24103 80 73478
187873 3 222906
37974 59 92797
24828 85 201052
75033 24 128258
102304 71 112262
234578 61 243368
152341 34 197249
39328 88 161067
26822 3 236038
17598 24 94424
43215 39 61575
128671 77 133304
207425 80 225311
48360 42 100636
161648 65 217575
34071 37 181517
78527 90 224163
46860 76 157853
27746 100 150517
81222 42 210278
159301 24 170763
104778 60 140640
86906 45 109911
68098 61 134096
91771 64 167853
15017 59 135738
38010 93 246148
121591 46 150205
6526 76 150208
10157 96 180131
114073 40 124987
109818 100 158221
2736 57 42624
77401 95 166492
28266 77 181097
2375 5 90278
43108 19 224243
50365 7 230948
104165 37 121321
96628 77 212899
164540 93 172932
63447 50 117745
59511 11 125405
24504 84 105742
109451 58 236742
6720 13 133931
159450 66 212813
94788 32 107511
106492 72 155493
39237 69 105013
122727 23 181480
9386 15 144260
8663 76 29356
172457 24 194687
115375 1 181599
41130 33 152927
217301 8 242481
12167 32 120818
167221 76 191080
35966 70 67204
5364 31 180650
29530 96 52461
71184 18 227608
60928 18 94263
50010 12 83508
28703 64 89544
165263 70 217448
153642 9 210146
34504 44 119105
142881 26 166118
75493 68 223460
215230 97 238792
64256 47 209966
138616 97 211092
48260 19 194346
230435 40 231643
92362 37 224817
94971 59 161749
63166 5 247978
32631 74 71757
199194 6 230286
60487 90 128269
220627 76 242846
146997 77 166116
143473 5 207099
203138 73 221876
56145 15 154981
172925 34 244701
36244 91 102293
54639 85 207600
96606 80 184309
73700 27 144126
13758 18 37775
207306 85 219032
16395 10 125207
132118 62 190185
138472 80 188425
155864 37 180461
133964 55 155190
72343 10 95989
115467 8 152615
44322 4 143420
128628 21 201324
112262 5 130228
59828 37 154654
139147 35 233893
135844 4 209859
21891 4 167181
108778 52 141717
44426 45 60072
38945 69 133040
41914 68 184894
15878 99 190454
44324 5 109165
63137 53 244285
142675 81 246377
63120 6 107450
60061 90 80834
24922 68 95104
165109 42 247232
23576 24 233156
138327 2 212958
29325 79 161321
148696 23 213704
39221 76 52875
150030 28 235649
50190 98 84317
17144 65 108308
97128 49 219503
214032 36 216052
116619 14 246500
92897 91 136764
12840 5 52062
8330 17 13089
62733 9 125146
15688 11 86165
71307 44 220765
39612 54 160907
44951 79 186626
46923 67 166802
110433 68 249637
32746 40 194063
162227 25 179550
13589 39 199703
127427 1 154987
88388 69 180166
188801 89 237412
194159 93 232057
103178 16 185246
76569 32 105685
23075 21 126658
15731 19 118584
41385 30 41420
55127 20 210453
126031 84 179508
38611 6 228156
134913 30 144671
183362 22 249234
19648 83 74027
130656 48 184148
162413 80 212343
35081 93 79558
38521 28 158931
169691 96 247850
140127 5 226842
10238 48 63607
45311 5 217660
98869 86 190716
41993 95 142389
126078 89 142075
28126 19 154438
76891 23 186503
11874 93 195950
87682 92 220792
56556 79 58307
100534 15 139916
129288 92 204507
113419 80 123206
106967 23 134873
97261 25 184650
31565 84 177490
19974 79 101689
12779 93 130668
30001 1 30993
33460 91 54995
27832 68 61287
12884 9 209982
59982 65 137975
37026 64 237404
54665 42 180182
133719 12 146075
156677 77 163514
61554 43 203154
227454 56 229988
51791 99 176943
85511 79 135895
35580 76 201012
73916 12 192506
185263 24 230954
40259 83 235779
47449 74 212326
172053 7 209391
38480 79 198411
48424 87 200038
97099 36 231319
56325 82 230872
167367 62 232736
76501 60 167081
60382 64 232366
9522 10 58046
13074 94 227135
5903 47 46583
130899 43 209884
65236 17 140781
123282 95 201947
10971 46 193273
69414 76 160964
221115 7 242441
52876 53 63015
108966 28 205616
96399 27 156274
85290 92 179407
207719 57 248417
143088 62 219583
9866 99 105924
119914 1 123951
25916 57 150608
35523 22 138108
163070 69 199560
47333 5 95364
187175 8 211724
23957 84 144805
64180 69 147513
57009 6 247616
192735 21 224587
106002 31 175788
57515 41 72273
24070 40 234007
42461 100 56541
178555 27 206986
29999 56 63634
125063 94 242201
113996 72 133634
104693 3 181400
182798 78 236162
2272 32 203715
3246 16 150304
38553 30 102655
133776 51 150395
42593 67 120102
49854 66 139147
129376 78 229303
48845 73 198382
213139 95 246092
116923 94 118059
34715 94 149810
188378 51 188592
85557 65 198916
57849 78 107221
78800 64 246635
127544 36 218848
3028 58 31960
61363 15 127890
104759 9 135636
3683 72 171817
132434 71 161323
34092 86 247188
59182 30 182101
24428 21 70770
41849 38 210928
193419 14 234971
67115 10 233667
54891 98 234424
115923 37 232635
33501 30 153240
56464 17 200534
196322 4 197123
91401 12 169305
65840 10 211225
216038 70 228537
71054 64 107142
140730 48 148239
29642 99 37855
49076 79 109997
8877 79 158760
51902 3 192372
9394 79 67178
82074 32 242264
103394 91 107882
21921 48 66226
108190 56 232054
64907 50 122416
112089 33 159526
135552 81 144379
39340 34 86061
47918 18 207230
76730 39 188824
148529 95 230102
25354 17 37703
159826 78 160789
5939 85 237834
116625 85 219932
144600 59 209087
182607 65 214402
91281 77 124110
36087 1 130143
30565 52 121052
100154 74 172886
43012 72 157311
85081 29 104840
33909 92 163065
22520 97 211637
92795 46 93350
43708 75 75150
13877 95 89761
26348 25 60106
132855 35 187949
208073 65 245187
87725 47 131183
70375 41 136283
112501 18 202936
66915 39 93631
193176 40 239214
11433 2 128288
38116 78 113223
36884 97 186020
73133 24 216776
50105 96 136860
18866 99 209006
103492 33 192127
13013 95 16144
1250 64 34071
20173 66 87994
56559 36 146597
222056 63 237357
106970 85 114500
76590 67 238101
42190 91 244807
40674 77 138048
30217 1 94779
88550 81 95503
48525 94 205754
202978 54 215179
79674 14 197216
237091 28 239123
177026 13 211200
35853 53 108940
7668 3 237419
47452 84 167929
23603 19 142445
24082 3 70335
161496 12 171488
103493 95 144896
18139 35 65805
31451 4 141212
56343 94 127321
34977 96 39660
64689 81 170746
47988 41 97214
123653 2 198253
51386 92 195294
22683 1 83813
48592 46 94033
43309 43 218066
67747 17 160881
129205 87 133942
48385 78 108718
25790 5 164739
54062 86 159001
152599 72 161323
17104 17 185778
105688 72 217560
80161 30 234455
182051 17 206711
90469 4 103018
6202 21 59385
135018 15 233510
133926 25 198707
87283 30 145217
41720 77 227403
44628 67 161471
8537 15 209172
81134 61 211307
120580 45 150729
57138 51 115088
158985 84 208150
24130 13 182438
15389 84 95889
64604 29 72521
188591 45 248632
14787 70 109711
107725 87 135873
132433 80 224720
110010 68 224029
56112 55 66416
138776 38 151315
82380 98 119405
13415 22 153923
36760 47 150387
81224 2 106250
34121 3 93597
25764 76 180874
141823 7 149832
20617 27 185862
153637 13 170777
61271 72 226054
8730 58 178711
99290 39 215291
3815 53 69901
3489 97 51347
43243 4 206787
6671 2 111654
11251 57 44047
92253 93 124679
229100 36 243240
149023 19 249221
106128 88 133011
121422 64 190448
162389 97 200604
68912 52 187553
102816 55 233716
127578 11 222178
20688 53 237603
85461 23 161463
33279 81 166798
25060 35 144786
46654 29 199587
105380 94 160856
82660 60 148959
157418 68 234730
170539 56 239818
50452 15 119147
134885 60 223249
45551 8 53126
103676 11 232121
144368 1 162915
3763 15 123322
58430 30 76495
55955 49 189667
101316 65 186340
62388 37 100995
51119 66 201986
75060 11 215182
48734 57 115521
23123 55 39975
101092 30 111042
151794 19 190074
103796 69 189628
6664 25 186348
190734 72 242456
134379 37 139463
105903 73 108764
70761 21 99229
35341 4 229086
94447 16 234175
39348 98 69260
75606 53 168004
109177 96 243066
62265 70 220248
36974 75 180986
14473 47 156281
11329 59 143382
13645 98 205474
21022 49 95822
45364 26 162559
126922 94 147477
70730 29 155439
142235 72 215570
29901 93 203834
114972 27 249563
37373 87 162273
45256 9 126976
3383 61 29819
47266 61 53350
5391 70 36030
37229 35 69781
116358 36 188869
30180 92 245331
184791 72 244255
191656 48 211581
9343 25 78364
67479 54 214866
16129 33 148581
111178 86 234482
188896 45 231733
178744 88 214680
55775 17 201995
12660 2 153973
75809 53 167180
203673 87 237531
76744 2 166648
4087 95 31306
181557 67 232851
19832 88 159603
156637 97 215138
49722 80 144974
118172 67 170792
20677 63 131681
178821 19 195031
42407 14 45567
1786 69 169658
219107 53 241112
50001 47 243629
36479 20 179108
22356 65 209203
42594 98 121971
36646 56 241061
15657 52 121743
42489 21 222998
97906 58 129133
108947 17 191629
32920 24 173952
13331 66 85642
54683 56 83813
151118 77 193606
15543 71 243604
81104 1 229998
65145 66 104443
20780 40 114155
139649 98 168967
146331 61 197901
29511 78 212122
69448 95 103598
88964 18 201278
228396 35 229689
102675 84 196974
126388 1 190786
128065 35 224108
94997 23 201689
76167 68 104413
34606 77 62788
66834 92 179187
83777 22 160334
66069 28 93650
160976 52 221206
52548 73 236000
5280 51 54254
20801 22 192151
37630 48 104752
128029 42 204974
13190 27 123993
106142 35 161882
65067 58 145945
29463 96 176267
41888 10 135950
56133 14 208408
120095 70 132240
39490 77 245274
94919 55 144147
89718 75 213182
141858 90 224493
17838 9 187655
138340 24 144725
99091 2 172963
55901 5 163881
180005 16 194802
174221 13 218333
13857 22 51129
94480 98 140640
47661 47 237687
209909 70 218996
52368 58 118482
136656 92 152267
146887 63 222705
1410 38 204725
100325 97 200576
20888 17 176636
135183 75 173495
179034 81 205190
108487 7 134317
194085 17 244699
146803 87 151863
47502 55 165522
164217 45 178692
180665 75 233606
190420 88 194666
18653 74 26958
72848 63 236770
121147 98 180080
157349 67 244146
78826 73 151442
31143 36 177089
10964 62 67973
1920 93 191990
77326 70 121866
89585 85 181290
205439 6 239799
64758 27 173686
96347 7 221083
60344 34 77972
106636 15 224450
161515 47 216901
102695 26 139830
13393 74 169927
112874 16 196028
239699 58 249955
1716 31 205122
56513 85 239497
26611 49 159928
52259 54 215757
127267 24 239767
211470 17 219504
170007 83 179339
64000 59 220100
114261 4 241817
61352 10 72078
79562 61 86317
31642 31 226209
36172 25 182369
164517 26 235584
140805 53 220491
64851 51 90705
36765 52 196740
39288 34 233228
137674 84 185587
149930 87 201231
47305 36 81778
45357 36 194908
204936 76 237662
9208 29 18511
124604 65 137710
127775 44 143651
29104 47 182609
19449 89 223740
56740 98 76691
3876 51 221060
46696 29 117081
109608 6 156960
60517 54 148030
30422 53 35363
4532 29 222542
110311 87 193468
104981 29 132290
91003 4 102220
46909 85 214210
96682 38 245555
207799 74 220168
17270 100 175505
450 49 7122
28311 24 39496
11530 21 186868
66142 42 168013
21821 33 183430
53173 20 69277
105491 35 113486
188693 43 237543
76863 22 243606
28575 12 45599
23163 34 84262
78811 95 190329
127230 24 190346
38455 45 121836
106732 2 204277
110969 97 230625
106094 43 112339
138007 3 216916
73152 2 193414
118309 41 197213
74011 14 109746
11408 77 207291
185 14 188765
2848 19 29663
90933 66 232492
36830 4 188360
57385 64 222313
70611 30 115226
137529 73 218895
169559 43 182686
167275 98 244555
129062 25 209067
80243 55 177395
146228 72 227928
10336 26 137412
4610 15 219845
102363 11 154329
170272 25 204758
97986 69 191487
475 82 221193
3345 50 239021
26811 18 95255
59765 95 62368
41707 51 61312
198659 80 223489
79231 7 119829
86954 68 103109
11427 95 126147
52443 4 84226
27392 84 174868
123405 11 166385
2260 29 199662
16664 97 175842
137710 18 160814
21708 49 66695
21086 9 106506
5054 56 110662
17185 16 23808
190485 84 249502
43571 83 80425
22581 35 170484
117469 70 142164
82127 96 154062
23333 53 111207
10869 61 186624
170096 56 224138
21747 27 98807
42504 50 152113
32229 4 212572
2673 64 83806
67117 72 233347
27158 78 188276
125921 87 237491
3437 6 194444
137220 45 237673
69156 84 142346
27394 5 57016
54047 82 118382
49088 92 130455
120001 45 167769
158780 54 234891
113205 84 136857
19170 66 242502
53360 47 79582
7833 39 108172
7325 62 183011
36611 46 143167
186711 30 229521
18117 28 25859
69919 21 106092
176624 18 177264
102803 48 146746
190741 70 235995
78675 42 114012
43131 23 245563
61046 45 176877
90092 43 166069
98098 15 215021
28623 69 142546
33402 47 209941
52218 98 180092
106111 71 129883
47419 21 154134
33079 49 145782
6513 3 34769
133247 22 249520
86909 42 214752
120747 86 248938
66063 86 193801
53671 36 209243
43907 62 173438
36645 23 199397
9324 92 20440
15027 1 220867
37739 6 119533
52980 74 215125
167815 30 229566
100492 31 146007
160938 59 161786
157928 42 195275
63553 38 243356
152521 68 155494
38442 80 66886
111964 97 226168
174666 58 213780
45930 96 217958
97092 97 242985
132647 55 176500
48384 94 99801
80540 90 192131
158120 13 177371
5392 44 220853
7374 46 13840
8373 9 229836
148657 42 235210
41663 96 78206
134254 15 217472
91350 11 154260
52427 20 209056
28366 40 64736
20539 29 120055
7177 21 91867
119496 100 249539
121633 30 203978
131029 52 238603
122149 11 204990
77088 96 121019
173514 13 213496
54181 17 108539
129622 81 191177
119818 8 199835
24267 43 225473
49990 46 125246
99214 41 106964
81130 2 141092
82078 67 117118
74483 89 222856
109102 46 132143
106561 15 136688
83572 91 153901
159403 62 219205
29879 68 34948
90646 94 136638
225638 97 228181
39384 2 161592
109032 36 144790
127039 91 243408
84370 21 124803
77881 84 193235
106358 97 173882
7374 64 63774
71185 98 80323
82873 11 153913
4017 2 36323
195359 63 215681
56144 49 216754
48225 21 165975
115834 98 235969
42503 52 134609
161001 99 161460
23810 23 156282
8486 11 243269
4460 37 8128
13067 93 199932
168637 23 213769
53139 13 249140
36929 45 239406
184489 93 216996
49945 39 231029
38730 68 146466
122979 51 162212
129512 16 144120
118748 52 198836
43334 45 134567
109379 80 187597
30701 27 192487
193448 71 229484
13923 94 213218
8985 5 152779
64637 89 82746
173172 6 230064
168322 30 221527
6372 73 52687
125269 37 163066
14645 61 58067
47607 91 193685
39690 78 53951
113718 46 170483
25018 2 200415
153065 3 161672
114687 69 223704
15247 100 169344
205350 89 246443
80398 49 87431
53758 33 59042
52877 22 165053
121856 33 172876
36826 19 181902
144537 91 213410
194677 49 242336
4425 66 107729
30491 54 76932
68519 85 122072
2703 63 63044
73591 62 156908
36 24 219622
175976 93 228473
23775 64 95393
189432 95 212326
182156 59 200107
38386 56 60854
90948 60 139196
23347 39 62154
140830 65 232570
38475 81 149060
15160 20 214661
65919 67 81146
127943 52 131850
163113 92 195713
207444 62 214284
136732 80 177653
19133 19 169067
96429 21 182583
131304 67 248534
61166 34 87563
161062 25 211139
115989 40 153791
108525 100 239455
224806 45 238668
30247 13 56415
138912 4 194520
201288 32 240868
82810 12 166761
71630 42 227829
119979 37 215428
24087 94 249199
115418 95 165292
42903 12 66157
24596 97 124422
32559 16 227675
115173 63 197294
54094 89 121514
93319 55 157827
42025 71 104641
17131 59 39274
128921 51 135591
72894 85 76303
70254 82 129544
38723 10 196302
18538 22 57741
162958 11 180325
83951 51 170629
10738 62 68764
7836 73 113260
163516 3 172009
239536 38 246559
7804 23 109339
36947 46 131140
17709 41 79291
30787 8 110606
161611 45 170538
9652 4 64478
60503 32 193325
61586 96 89106
95759 4 138542
73226 22 119399
94715 56 165565
86308 23 184684
118056 15 161639
96343 34 164160
128019 13 152208
3628 25 111674
157109 64 234616
13510 62 34366
26624 52 85387
41549 3 235604
2381 28 4773
34708 34 41810
63908 64 195143
123864 59 245842
41756 34 241936
131679 60 147008
28343 31 210704
77283 86 112805
54124 28 90416
224738 44 234048
46644 45 87675
84339 64 95084
82635 53 113178
36005 96 110163
136186 4 195539
73383 38 121289
10453 75 246157
193358 48 203374
14472 96 109766
16114 15 242262
25280 81 40082
77164 64 129885
102207 43 123102
178152 39 227869
14453 59 226489
126891 91 135287
23871 61 214163
71477 91 124995
151829 9 246945
25493 37 25769
27575 22 114853
109900 40 232475
219072 95 241648
74013 54 152739
67145 29 94260
6451 5 146345
110750 30 191219
35028 60 89243
47059 31 104811
11526 60 102267
110914 6 243441
150260 67 174978
62865 88 117268
115254 8 179159
31552 60 40826
117880 19 202899
15658 64 140278
88157 7 148178
66410 57 201362
90914 36 163596
94225 7 245693
33983 12 131853
147383 59 248738
155229 75 186629
104908 78 171003
91002 49 100475
20893 26 239384
112889 76 145618
154858 10 243130
79912 70 92835
109678 60 222133
14560 17 51569
4450 40 72945
117371 12 215869
124681 60 248614
100409 70 134317
111596 70 245131
19176 71 182208
67950 41 150376
170303 10 220081
12190 78 35463
15098 50 232074
152499 36 158268
95197 95 209996
84576 48 193574
136648 16 163656
193910 18 237500
37979 25 88072
195985 94 232377
167374 14 178850
151991 44 219294
141127 31 178406
132703 78 214592
121591 19 170607
54384 69 100303
133035 17 158258
120370 26 189825
156807 100 222607
11588 98 71186
105905 35 218126
56397 99 143999
54920 53 71663
158947 59 206793
50241 52 167720
101108 30 183978
12586 35 20708
120075 99 180453
13101 3 227651
86482 83 229340
74384 16 216424
33352 89 215804
93807 33 230412
49489 52 117085
78166 69 203688
153311 56 236757
71540 13 130686
112662 31 237162
24232 77 123269
24219 100 59075
87868 32 145485
86698 12 125016
113814 40 141296
190480 28 198038
156541 69 193007
45685 47 165363
76954 98 127417
27657 98 97828
67038 15 74245
56699 4 214654
143316 17 172254
141375 98 199521
26412 6 197752
49251 95 206320
142786 72 162710
89603 15 191232
72910 71 83255
7349 5 242164
133763 98 227341
159435 30 170018
159944 54 222605
50464 2 160039
52308 4 182396
51260 34 125235
47495 42 219689
131490 76 140552
10519 90 239553
3426 94 52453
96449 86 127219
8457 69 150305
202424 63 233097
28337 80 209344
4697 74 97541
96173 39 142815
78570 66 148856
32630 7 107777
107164 14 210373
456 26 4027
127031 56 130354
50205 27 52269
108111 95 226510
77550 22 122394
40210 56 60079
80816 4 127434
140966 77 184079
38445 57 232173
9647 44 62510
31055 99 139989
34911 49 204256
7873 5 202382
49864 93 74059
32775 63 95277
180779 89 209406
129088 31 222349
106672 91 235464
182482 18 189348
137650 50 230849
72423 67 220840
124815 59 140528
119944 75 176783
31698 1 47694
81134 83 137474
52879 55 152668
48870 95 173643
111113 60 224666
44473 2 134591
48552 13 73906
45890 79 205773
40757 1 231732
174584 12 232575
128839 53 218590
179596 7 211223
171758 8 188329
1837 42 208509
171292 9 185388
16958 56 140209
86383 10 239886
75516 27 85309
136411 76 149096
40947 44 67357
167908 50 232503
105915 55 200151
42916 18 216248
119660 78 214115
9917 20 79550
139744 29 225733
170945 78 228812
113748 13 136033
52772 14 103247
216249 20 228024
3046 88 55767
71380 3 158402
112036 15 244585
183942 50 238425
4781 27 111663
28174 62 203533
25221 96 157048
119869 75 222302
88632 97 174795
71221 65 135816
14655 4 122991
22325 94 184022
4470 3 78882
148459 72 190692
79261 15 205169
137288 58 176704
98197 59 183625
92979 78 120311
10114 19 122011
138027 10 203429
23016 90 91503
42923 19 208996
25874 88 235800
198548 11 214264
210864 89 217031
146091 84 240261
32084 59 225228
198455 93 238068
131188 95 145812
105719 90 195607
79224 40 146172
2925 28 156587
93872 32 120406
110977 27 248122
48798 35 224260
53862 47 138818
127581 12 144221
21928 96 208951
225860 56 238637
24448 86 43865
110953 19 156221
34536 56 73613
136376 42 200617
5851 63 208489
4970 48 125707
119246 64 131834
55138 48 171405
8909 18 63959
113416 13 214872
212776 77 222971
7612 36 206374
56834 49 94073
11364 21 180195
4646 92 9881
209238 62 215003
7856 97 56439
108553 27 209072
105584 44 154761
123853 7 168992
208619 39 218911
176150 96 236634
2829 90 74312
214787 46 235863
4152 5 33242
169855 9 176097
146460 70 149126
159642 21 196023
10312 2 20695
764 28 231204
81154 21 139434
20955 73 77510
82343 31 111174
19605 81 121676
32406 11 196977
57767 20 245462
50758 79 181584
83332 34 156497
48505 83 80402
49619 85 73303
160263 77 245830
145899 64 156351
25513 97 212036
179366 10 222159
152369 70 156093
27599 80 166595
198402 19 201973
140649 78 195697
149097 84 208901
32326 33 179508
34358 93 228957
176965 53 191833
97633 38 143166
12757 60 17805
12422 11 82926
114242 85 203566
67897 45 74757
112887 45 173159
62714 78 209579
210915 18 237041
49791 7 237871
67433 5 163649
70769 49 72737
163526 81 247728
53713 9 111248
27859 27 181323
92556 18 209789
245990 15 249478
189205 54 233284
57817 66 230730
150475 18 179331
72875 25 217477
147270 89 166073
102686 15 175008
77478 99 216585
37124 16 91739
93086 21 177300
120446 82 147675
181462 77 205585
219249 91 244977
4934 51 192367
186601 25 191718
211093 85 246768
116035 77 231728
130017 39 133414
114373 86 234945
209149 57 235346
194951 96 223115
103877 12 195976
77995 22 172240
29258 27 204340
126312 1 208589
138051 56 158968
77375 53 232591
32145 75 99947
42826 67 170860
81434 38 152583
143609 100 147419
75456 55 198772
96428 57 112220
177894 97 243091
79480 93 221394
61460 26 146873
143775 37 194480
71639 58 90151
45272 42 152404
131647 46 189908
40436 30 121462
80661 99 241777
20552 88 155311
54238 98 75105
5702 65 134192
201638 98 233833
17300 52 62590
223598 7 224357
81518 77 198182
36789 33 223458
105982 8 130348
5146 47 15194
48975 63 90291
21644 13 82940
64060 39 116964
40897 86 91218
33458 29 53150
104439 6 127780
214230 5 239428
72043 37 162323
120956 40 204006
40207 64 73956
85016 61 168764
15297 82 169612
126534 66 205222
124643 43 128810
2599 42 202352
156796 91 172905
72237 68 211978
17418 74 37540
117344 11 130673
70914 60 129188
196704 100 241871
45958 29 223935
198449 99 221406
198919 35 236874
79724 54 156055
15875 27 90724
12413 5 201211
113319 38 172260
146605 66 161348
124270 90 128296
39479 21 126975
13411 62 86320
69626 32 104966
19319 9 210354
22600 7 62848
188244 54 207720
5585 76 35273
1906 5 95406
96675 15 134703
143818 27 233811
18019 80 62143
42692 37 240827
195658 41 207727
74468 15 115201
64453 96 191574
132341 49 247271
72301 1 138471
152725 89 205432
48296 22 204819
173229 68 240141
27028 68 203589
37052 9 206686
98361 51 201257
87888 40 113157
84545 14 122259
35003 26 40409
37255 95 182545
162042 65 175899
20929 71 204056
124533 22 127648
66485 90 110906
102323 1 156873
48996 75 148686
23285 7 39388
24304 5 217018
58382 99 121801
26492 92 117540
25785 60 110506
31363 74 219624
193514 66 202155
34067 54 35709
135124 33 216607
61909 52 80421
56203 89 153531
9650 12 216483
81970 43 202220
91755 81 162910
159535 64 239453
12 38 14301
16712 97 225927
148843 8 232507
213 54 165346
86886 37 163932
10361 43 107000
109696 59 147499
63212 2 121675
180503 99 204100
163708 9 226294
18375 82 195808
81163 68 142084
50140 90 103493
120767 44 134064
122822 58 217750
26031 16 163721
144967 12 184965
40170 39 169818
88837 89 126455
69957 57 93157
34553 58 78375
181053 57 241388
207685 94 216972
10996 45 156563
32116 14 174573
125673 75 147519
136272 48 166433
69036 64 175543
41559 81 66819
95838 95 174210
69335 72 107996
44678 59 146906
145983 15 218657
142664 98 201151
63626 98 102028
106259 24 148162
30935 97 232291
8595 31 69038
117025 58 170602
18864 13 148931
183064 82 195145
87178 53 147689
5797 69 103707
28006 34 206622
155544 22 168795
41022 86 76789
61744 82 122022
101033 91 130567
128097 7 165511
103960 29 191906
40454 45 61724
12003 18 131749
44956 88 217761
6700 54 8860
53955 61 199829
84748 20 170713
15968 43 96399
68045 10 231552
91636 29 248556
103142 11 217159
39247 84 99800
116812 79 249661
95881 99 169478
8978 26 185617
40710 45 109299
90969 6 134667
156192 8 226165
62953 46 181359
91204 8 110606
48026 17 153158
13133 51 127146
11481 9 55845
23424 48 181771
16167 21 126631
107026 29 157589
194290 16 208860
102387 44 232781
143377 64 220267
88816 6 247047
4205 79 182819
484 26 145742
87958 37 142636
147083 74 182374
170743 72 183935
155106 57 188850
112502 49 162721
1767 35 187034
53933 21 169938
170976 100 183334
68943 2 213369
47727 33 69302
18491 26 102138
64816 13 116223
176019 21 210428
238286 59 243670
6697 71 171226
13380 24 37469
167196 71 234129
208609 17 221272
32447 85 42245
131690 64 223722
79041 62 97472
8855 89 99484
15802 51 85104
13136 13 76899
68094 72 90674
17496 5 56516
136006 75 151417
125515 98 198200
72271 94 91125
190033 70 226207
96402 68 180745
44823 23 84223
201081 20 217912
101139 3 145183
97422 11 189688
68817 27 217788
41571 63 91784
170278 49 234192
191170 59 214581
100140 63 150843
61251 49 111955
138667 89 244416
170545 54 241855
149696 1 228234
68307 12 126128
32859 9 95284
173402 87 214153
98693 35 159673
90887 80 198763
10733 4 68066
105948 93 131671
13718 68 38695
60917 83 127898
165867 15 174753
1956 86 219940
169888 61 232695
82193 32 244473
10192 30 167614
116948 33 229619
217813 87 244103
174716 80 186172
70298 6 171109
9436 13 173955
50905 37 208017
14200 93 206705
50588 34 91288
106443 80 181567
25510 78 119311
167017 26 235992
32574 44 41132
134671 3 247465
128520 81 186122
183864 76 226642
52865 23 119998
81769 12 192492
122204 36 210245
106936 63 232522
16509 76 195471
11085 25 36520
13256 32 227134
63744 67 79310
46368 26 74677
136297 89 210437
55549 45 90189
40285 46 97720
55438 66 153350
29726 32 199487
52880 98 71357
23117 70 32598
28149 86 48587
24657 24 192005
41126 58 172793
139808 65 205824
9366 72 91794
61867 62 125630
77678 75 150215
154838 98 240066
189442 66 243982
84109 5 107238
160424 89 201882
10342 13 126104
21920 32 51480
78534 53 216161
4848 89 136585
60596 1 129466
61249 95 222218
193666 80 218565
2961 7 54265
41083 74 170946
15627 71 223406
28173 94 231944
111872 46 210298
171719 34 171966
130539 48 152744
58167 70 86491
107408 93 221199
127342 29 211580
160330 29 233695
12022 47 42507
68306 20 170559
241289 11 242592
49293 17 103745
161769 63 235910
165761 86 221832
205784 93 217077
54211 26 184552
38505 10 221992
191178 42 245475
81403 3 150844
34990 34 100169
188075 42 229299
6353 4 110670
44248 50 86486
56915 52 152113
7065 64 78784
1377 8 5113
1683 36 102733
148379 89 159535
9011 69 84702
17724 2 53437
56779 75 176079
73742 17 195754
67735 66 232701
160330 23 215520
75848 42 215895
58498 34 78450
159235 39 178439
192257 24 224942
108807 100 191847
93587 82 129907
23203 33 46961
17193 41 25358
123347 17 213116
60805 3 182038
43150 30 118233
58733 63 152975
35707 73 123224
6078 28 209026
46348 81 244044
2470 75 213518
138481 52 232212
66669 22 163735
105679 22 178717
157268 45 168504
110389 46 208738
78897 8 163836
29555 54 214631
76232 44 220945
48750 13 140793
78452 97 216355
83493 59 108895
106469 92 118445
112405 48 141823
47535 45 231010
105282 95 221977
25959 93 67672
51291 76 138653
88884 51 233336
155538 17 198808
44253 73 67230
177961 34 227198
53159 34 69573
13098 11 167425
3984 10 134053
61032 74 158842
82542 39 167877
186743 3 219691
13399 21 216287
3083 34 143775
69485 21 200152
34491 89 169382
35243 27 201551
2777 50 180570
33473 78 98818
26637 17 189615
1387 53 136272
194421 84 231537
54389 33 180570
15665 21 208660
39873 82 171456
49420 51 190154
29777 63 201104
22875 94 75913
164710 21 197628
182026 86 221894
70677 97 170880
112967 3 154986
12967 41 96990
31540 14 121723
74781 59 248205
53870 99 143262
124622 59 232019
15050 16 46752
76684 17 241846
76871 44 201354
18833 98 244623
136573 5 211371
172884 57 208287
104230 46 229286
73066 34 148978
60372 54 82138
129900 33 233927
209171 22 245709
7520 49 126487
12765 40 19553
35172 12 143866
25051 95 156085
55033 69 86116
60239 53 91779
32210 89 55197
52771 79 70441
128992 44 230614
55789 21 103373
101179 40 246430
42369 36 45720
51949 77 203884
83731 29 103944
107710 39 189291
58704 96 75584
84714 23 115565
47036 33 124327
44075 88 67704
116023 77 211520
1226 33 31450
59805 64 107363
94263 53 120504
155355 31 163682
12300 46 97103
201378 87 207530
138139 79 169431
22136 75 181636
2291 10 190294
40457 32 140146
21630 37 62563
83222 16 93535
44676 6 127126
13695 100 88034
111468 52 237077
105316 60 223246
150863 9 180930
154818 49 222773
66716 80 197408
70210 29 70377
215414 51 216705
71993 95 100203
72583 44 73209
185781 86 228461
6867 18 13583
118479 21 243811
33233 80 113812
218411 64 221356
14047 48 134287
4294 31 182067
198610 66 249667
140277 27 162671
65204 73 201377
118776 77 177989
126220 75 129951
14454 41 140129
37622 84 155925
100476 46 111117
113833 80 231135
112848 4 202555
215638 70 228246
8101 38 13934
34842 89 91852
36512 74 127481
14495 17 162178
159490 49 161886
38237 57 187685
130987 14 169487
81649 71 141041
27459 16 95582
20075 95 131429
85729 22 149563
161721 58 194392
34054 99 49210
96115 1 197832
90899 74 115742
47290 18 134634
72269 73 200254
85754 63 222859
104605 21 176871
145608 33 215570
34684 3 242410
103350 27 126566
115896 94 138237
25014 23 83670
91762 85 138743
64347 33 72771
22741 76 175474
12567 12 68531
44434 100 64339
12254 47 133158
154141 47 214391
118254 28 160304
142135 86 176884
14503 53 145960
132021 25 195331
4053 39 169959
78513 45 142787
74494 34 168090
127647 28 169688
109892 7 207972
53353 98 198047
27253 86 248030
26760 80 210555
149319 80 228215
229849 61 236282
42220 26 127530
23934 58 52358
44481 58 106194
81720 40 166488
114588 100 183546
27784 45 201714
104099 97 156623
167821 40 210451
16809 89 212870
83890 19 178212
93015 23 212966
135052 16 244699
123357 40 147497
83715 60 103467
41005 90 135909
15694 1 120252
48597 33 53604
97653 68 125411
71873 1 135534
30230 27 55827
128019 46 213446
80280 84 185637
45633 6 192844
23032 12 23268
47100 64 63009
69186 93 90481
166831 68 235041
157142 89 225105
107361 67 136031
18505 66 62443
19350 74 241281
96894 83 213810
91875 25 136198
156937 69 159161
20900 83 157122
123972 36 201232
39100 52 183330
181806 88 244667
78813 27 83209
3250 34 209954
102974 51 165849
6382 77 202853
173033 34 177690
100802 44 216703
78226 27 224422
181894 94 204124
20165 55 187466
62961 69 99926
170313 64 199087
111633 82 242984
22136 44 232225
32512 35 126123
5514 14 21422
78252 60 83376
40540 95 190486
44692 65 177807
25808 87 49613
5708 7 247660
20040 44 197252
13720 18 146663
1338 24 96965
111879 20 230339
125634 17 138265
166313 90 197312
34225 44 241898
97096 6 105316
36337 40 230943
84055 8 235749
56376 85 171324
97641 93 137638
162310 55 193624
136979 74 220829
77632 30 134817
27694 39 166173
166326 32 232995
3368 12 79417
27794 47 211812
158748 38 179236
63129 12 82796
98813 25 134189
146193 38 181227
100677 72 114735
109707 86 187427
147423 81 166428
26545 67 150512
40293 8 196233
150711 35 177563
71093 4 129584
62035 13 130245
27860 89 221228
56099 48 99684
115102 76 236072
6726 81 160763
33768 59 162985
78747 24 124736
58952 89 247540
9222 3 111160
186447 34 225583
212320 37 222644
126150 93 185516
30508 90 169257
192170 52 200454
26644 12 138290
3297 37 23741
42733 92 226621
57172 58 123935
224197 35 239194
74730 14 232067
31486 13 89577
185258 15 216963
103311 28 228119
162597 91 168969
100145 3 224531
43690 92 231476
71507 4 161026
24070 33 148224
140382 51 181747
66739 62 227690
70204 21 153852
232600 68 242856
20536 55 31057
92723 38 168419
92438 26 161796
93092 80 221422
33576 47 209379
17848 34 139826
36425 85 98642
7069 35 249803
148712 24 204698
220671 43 225297
211863 59 232523
18795 16 53349
182432 60 214802
30157 86 127944
75220 25 106357
57097 3 144222
150749 53 213229
168911 29 171502
134698 33 220532
212395 71 223676
117360 61 119065
15439 84 217300
77425 27 110737
54993 53 142237
137784 77 244073
38177 49 39916
193856 60 211849
47283 55 182305
70997 81 167703
102459 33 151404
213091 87 228318
142959 36 199396
39923 78 79675
15644 84 42216
115815 8 148430
56335 52 224638
120113 17 145273
47468 46 209773
36137 20 175441
84521 13 154926
22787 68 185303
24159 12 25860
170104 41 240979
70031 24 165621
60633 17 87233
38301 70 158949
105088 57 122253
26033 64 229385
36421 55 105237
14352 29 136999
83700 37 237734
67977 11 179341
119405 94 208600
87541 19 143319
34256 64 137233
156481 8 231679
117993 48 249517
92763 37 224073
160122 52 167305
69902 20 246040
162659 56 199001
206962 5 246310
111823 84 178694
73179 61 117110
93191 49 215133
112983 33 183652
122705 88 188365
6200 17 84292
218019 94 231577
70556 51 84177
23291 4 95449
219051 93 219841
48417 98 185379
69145 93 248388
63796 77 190752
83765 67 210368
125981 77 173733
121974 4 160453
26147 10 138461
104362 79 120042
52551 26 84491
2082 95 231749
61169 71 229482
31447 53 127519
16654 88 24042
141268 70 239006
29152 7 201986
151235 91 172402
114933 49 160616
45076 53 104454
37682 44 71119
189969 37 227619
169434 38 193638
66763 21 164378
113572 44 217858
164635 4 171708
54676 63 126998
76566 27 78737
62599 17 94341
84685 92 130910
89838 35 220508
9999 60 67490
128029 96 189600
14979 35 74434
11549 16 194776
38396 37 161326
36901 16 109621
71052 17 176674
63445 56 102160
28118 17 113041
206486 21 248374
118604 91 153373
88074 18 214089
75161 24 212185
147520 34 187451
117278 76 151902
120336 96 243549
5535 99 197130
175095 8 246973
122597 35 236650
222271 78 237932
87950 16 231064
105005 65 194743
130929 8 212460
47380 25 51738
135529 39 145075
18421 11 208208
38771 16 166589
37668 42 177735
149514 19 229193
14810 33 204718
55219 7 219671
81346 73 187276
194696 93 246684
43280 2 158641
43241 74 46471
174683 95 226266
127556 25 241117
12638 20 117316
84756 30 154546
13445 91 28225
35457 50 69713
9237 24 72731
61271 72 168949
113068 61 203609
107881 48 236561
220795 46 249376
124999 33 195959
176000 48 217728
80285 51 184826
61525 39 209464
13398 11 34586
7376 93 117634
40350 71 231854
16686 98 144453
44804 73 106252
45284 95 94616
72266 16 84598
162841 10 194139
9753 15 157986
59216 46 231659
174346 68 175612
88372 48 119065
214741 81 233216
169957 87 236947
34230 82 106984
168701 51 177715
123995 89 239373
181625 100 231184
36507 71 233999
178466 25 197110
90881 67 214099
61087 39 212011
33939 33 184919
68502 30 135485
80021 59 180981
31993 17 243205
99424 28 109016
113212 18 129480
23917 78 123418
198458 52 238046
19531 94 223796
63802 76 66951
113160 45 117499
53487 84 191920
4523 37 204018
178288 69 221276
4420 51 225135
21273 67 107151
49976 29 150930
62640 66 168343
60268 51 123432
54072 93 222146
47599 37 226891
85922 36 200742
42709 22 152603
148702 50 214284
163193 77 177468
73524 32 127479
41994 43 112302
60669 57 242926
32232 59 240769
18162 32 184316
107969 91 161449
50908 22 172145
69288 51 104312
114611 97 123236
4959 77 195306
65011 25 203993
21290 42 42410
91637 30 163706
155082 56 201750
100978 47 182469
17460 89 205524
32246 54 106610
11184 25 138093
2879 21 43373
22702 66 76846
39579 78 68719
10981 63 150929
57960 64 127084
27855 12 198764
53459 83 143400
6482 33 201015
39036 65 148424
68794 26 94405
194819 21 200171
76465 70 156764
104519 78 150807
51756 64 129565
18070 73 236992
5571 48 199140
123984 79 172714
160784 1 165536
42890 22 86351
45131 11 195637
177729 4 210526
45549 2 91461
12113 45 168490
96442 90 173610
91655 91 185535
99941 89 147196
12108 51 237378
199729 77 242787
67226 94 198132
186088 63 188612
20728 27 195868
138014 10 152569
49512 45 51279
92573 76 112914
41186 86 63557
47666 96 150687
102212 87 181228
200673 54 241293
87073 58 90380
29573 64 133200
131334 23 218956
328 75 177949
11493 94 213362
205122 72 211341
51696 30 230526
19345 58 86119
107229 93 155578
56540 62 243771
9196 85 244930
20741 67 240472
191732 87 197307
54023 49 129481
192429 99 239783
74838 75 85019
70991 14 222417
89127 11 216852
4460 15 188771
15065 64 190996
12074 35 120774
191745 17 243681
13493 36 196299
22818 95 109680
18696 11 61688
50369 18 169507
45633 84 125527
88802 54 193943
94737 17 243942
112857 9 115799
5221 62 167681
79241 60 125400
163468 87 231181
14252 69 221257
67818 15 129681
153137 63 249925
50043 21 235966
54371 1 121476
43489 4 134112
152773 66 239549
68852 47 163269
7790 63 98549
48186 28 215711
28928 39 219424
51860 6 215306
42 62 50405
180740 53 235429
19662 61 245922
88542 98 236685
4595 23 91673
78705 87 210656
105238 94 144781
162516 9 170772
41066 31 43584
186381 19 220570
11052 42 23422
179666 65 214690
78276 44 160361
3671 33 202458
113696 100 115340
40683 84 121180
36038 64 146047
89961 70 140113
103933 27 249026
5149 28 141228
138269 35 225807
31001 22 224948
72851 69 203344
156993 25 211202
55774 3 208005
45008 95 80712
13182 28 188344
125252 55 221124
10729 80 162359
60303 29 162108
30383 22 82278
74742 53 174403
165526 21 213177
204001 22 213545
124747 14 153084
44647 12 160281
67655 73 222436
136904 88 224138
47639 3 100289
104709 100 131486
74261 60 122422
180756 49 249688
64076 91 206461
117236 56 249283
8285 92 27957
174664 72 203067
141861 80 233360
33809 57 161405
58600 91 241769
158284 13 249860
22665 81 30069
981 96 83157
36934 13 106293
96208 59 136950
8096 78 193306
601 67 166331
188857 25 221865
88113 16 182580
29217 51 53289
673 8 12276
45777 6 92473
41539 63 233656
2968 41 169999
8492 14 216961
155762 83 158990
134958 12 151965
34335 13 141965
61106 100 65705
122148 66 223981
19445 49 127168
175187 78 239464
9849 49 72911
195463 11 214286
49973 69 112272
220030 6 244230
30216 56 91577
19247 98 148499
127462 25 205644
104640 8 152987
101590 66 175280
92049 34 105834
52539 28 133494
129886 27 133492
136107 46 186185
104157 67 108529
52207 13 202298
34233 45 247518
75522 78 203233
5363 32 170609
131562 100 161290
42077 79 168637
133428 51 192959
24522 60 173872
123082 46 223984
2976 59 40767
193292 25 239634
107561 60 177959
19145 36 151604
80747 53 147249
17481 24 27711
105433 30 134548
95204 65 106541
102178 85 190171
114337 66 232258
2471 41 9107
7684 42 103471
3022 62 111938
116527 90 243725
112568 18 153484
47728 62 134918
72833 53 171959
155696 1 184122
77535 76 247324
78945 94 226578
89219 54 154142
36031 83 143056
3373 38 43204
17952 59 111658
174411 72 181472
143193 21 234547
78838 81 173732
83203 18 170411
166842 49 185365
7882 39 182121
67227 71 190946
82417 19 198784
189980 75 214251
80421 12 103848
30092 72 190733
78774 27 219415
63258 14 201413
9801 60 143866
58782 33 93092
181804 45 187174
56552 88 63288
83876 53 97513
164457 73 236272
122918 71 232313
51674 70 194941
39565 42 240997
17902 4 147687
217853 5 230421
185304 57 242115
136333 71 160630
97182 86 234432
49185 65 106708
16204 6 240215
4448 11 116298
122871 20 234458
25223 81 64970
136060 56 151034
116734 64 147546
80655 20 176899
21033 27 210155
82658 63 244108
88725 18 218058
156318 31 234966
33201 59 127212
118834 96 172614
60612 40 83216
13189 100 69733
98804 64 101134
42120 75 71263
97814 5 111494
13735 75 53325
183326 4 225218
199647 50 204456
101200 92 115824
135372 20 186873
74252 10 189098
140029 37 156722
103022 92 244975
172630 95 234923
95620 53 105456
116256 32 239388
173507 61 231022
32179 8 132329
143091 52 217989
77004 78 134295
80418 23 164161
68305 70 196888
155850 61 177082
97169 54 247100
39757 82 45563
99280 80 106408
93051 11 116931
57278 86 138385
33584 40 213323
3245 57 247354
51542 61 65448
199275 66 213952
52468 29 70636
35771 100 118023
77404 56 96113
193766 79 200291
5638 29 138227
141586 83 168447
20570 77 148525
85939 61 181750
96621 7 153438
3832 55 207694
80293 10 143646
30041 75 178197
63097 16 183145
78340 14 203001
52327 5 246025
17856 91 35410
52065 99 65589
40405 60 50491
4374 63 41314
30224 43 51188
9751 70 126277
44231 67 155141
181552 77 203007
1172 33 160294
4762 59 194035
174043 39 245320
54862 20 152130
179721 64 217644
127499 2 151732
59696 15 206033
9905 65 27281
174095 35 186694
155787 96 227497
17820 80 44641
48316 13 53034
41157 49 81723
50124 88 236609
228637 78 232272
47175 63 107510
197717 57 206520
89069 52 209080
71629 60 211563
51323 46 129906
156645 1 162351
159944 1 207158
36568 78 39621
73068 76 163252
50333 22 234106
138326 95 142689
100534 31 203069
113913 54 135143
184533 98 196084
144908 39 159678
39650 39 195927
41226 80 162660
130337 43 169199
172991 1 220391
49867 17 214968
130378 21 201855
73285 5 249841
168534 45 170036
80721 55 98971
89222 63 123100
27863 21 172178
5135 50 60529
124939 100 198823
19850 27 122692
202407 13 221257
44862 15 92987
95611 96 212989
7238 36 137590
99902 48 140472
58308 94 116029
64371 13 74798
24237 63 48760
5732 40 231107
51762 34 53699
104253 14 224572
46316 66 140048
56258 62 247712
47331 7 184757
157412 48 181292
53252 96 221342
53518 60 101391
166404 45 190889
48919 76 95772
99709 26 104251
73937 69 238327
10712 100 245233
6385 40 159913
53133 99 62526
60876 78 230511
66934 39 238140
224821 81 246477
37529 55 173900
5157 58 208492
193188 52 243184
68967 14 135432
40105 1 216608
93721 74 175629
5145 53 122185
24490 10 245574
80246 39 179996
103688 68 148372
138915 31 219241
70242 70 72903
201855 54 243570
59127 21 220607
16243 24 218980
625 93 53710
68561 72 146199
71808 6 171863
189597 75 231265
95497 40 177440
112734 5 212620
63875 50 108056
29901 88 104082
105436 56 184594
32735 71 139042
73626 12 151636
42541 52 46914
191165 23 204754
183518 59 241343
85039 44 195413
13858 31 127102
104399 19 203647
132506 73 156725
34725 41 203024
45996 51 219015
92149 88 106016
70564 91 150494
121650 7 162335
160984 60 224848
150135 32 237206
15976 86 239651
151548 44 192861
2250 45 60478
23834 89 91232
35831 43 189940
117938 74 212576
174370 43 210928
71190 13 176412
27238 19 109105
73731 14 147124
43100 61 228064
62649 79 204958
43585 93 104810
125689 54 168648
6443 56 133522
61504 100 109244
26104 63 103762
24850 25 196186
154788 53 173751
179696 56 234753
112519 19 236299
63404 45 219554
143548 38 145967
110691 21 236507
41991 23 62807
44854 26 78373
68254 34 165094
16779 97 149254
19694 70 87614
53068 45 110669
50789 55 185238
76528 12 119923
41661 11 241078
80834 25 218214
93622 15 221327
61132 7 218086
43398 92 83461
54724 4 124672
123264 22 165878
143718 90 159754
117623 99 188097
33123 57 140328
23648 70 206834
14446 61 160178
46198 60 173789
118939 48 234149
20622 30 215904
91627 1 199221
104700 55 120592
64274 80 105332
157343 83 174938
81645 90 101533
160359 13 182427
30577 27 76816
152090 76 245836
2573 30 226419
99929 67 214259
35335 63 103793
116901 79 140121
157061 32 178858
194910 31 216857
140868 61 206592
11304 31 162573
123327 81 196510
62735 82 98865
110417 31 127444
19567 28 248322
17131 22 81057
160994 46 237122
61656 3 239094
26706 68 92751
146218 20 159746
56184 100 107556
85314 82 159731
126113 5 215986
185863 55 242539
16165 28 142451
198622 51 226042
31231 67 177923
184724 85 241723
32686 64 160744
63127 47 217760
99214 43 205259
61261 80 230758
120283 35 150952
127285 3 149113
115174 53 205274
1807 97 52844
43001 52 205519
87857 24 117788
83368 23 232882
26690 53 122971
29317 37 95660
6272 97 6912
128810 73 220060
58408 93 174160
62326 47 191430
111923 24 222335
183193 30 227792
35791 19 232893
16982 13 137104
226945 34 247185
146528 46 194571
54592 30 210724
73996 21 86479
43515 32 99449
51748 55 137425
93484 12 188466
42280 33 93199
9390 56 144577
20594 1 164397
45856 71 131087
91266 66 225151
134911 25 183131
76069 12 76805
243754 1 244077
180477 74 243093
20637 87 216354
45832 28 180919
198422 43 229092
9147 21 157667
207157 3 235150
132194 20 191723
26053 46 236165
89361 62 182438
100078 58 227454
115998 70 139348
126123 2 225471
41272 93 90006
103611 14 194065
103993 78 236669
102996 76 198727
8444 54 211241
170803 48 181800
3435 20 86320
3129 82 228666
62261 53 101036
18835 17 184377
155229 94 205210
134979 68 189635
51948 26 149770
62092 70 170248
133795 85 179673
102610 91 175542
100469 26 118848
188445 98 227743
55425 79 146480
23843 50 186035
133301 23 170328
34422 26 91402
11107 15 222529
136104 54 211742
66556 20 103554
44722 39 55419
135928 4 152490
150341 34 214375
27455 8 195892
111226 46 203384
180793 23 210172
27577 78 147624
185329 1 228524
29234 12 104736
31521 28 244681
108225 79 229488
29592 7 62767
1410 72 136190
31286 32 67083
70099 100 100311
151844 50 190050
89413 100 116880
16709 48 54175
50302 40 177218
41121 35 103477
59646 10 201060
187570 74 234707
9904 14 27119
96390 58 159360
60264 86 186851
22231 51 145395
47231 70 151411
100402 93 192575
5068 50 101623
34351 84 119885
201846 58 214627
197022 89 234455
129807 42 224557
40109 42 118526
124054 39 200986
50110 54 175594
60260 25 108683
7511 24 207289
44228 94 196561
152535 94 182034
96149 22 245932
29450 98 196201
161300 11 234105
43074 8 246624
4598 48 104371
109909 65 211620
54902 32 57995
131212 52 141188
182718 90 228603
54566 55 72187
31179 89 113708
46788 14 181094
150236 97 214203
50154 56 211756
2552 89 73944
8337 69 96106
132612 50 142664
135281 78 183355
72393 98 78603
194691 64 230247
165132 7 175232
67041 100 127539
20935 52 182495
106813 16 114484
21672 70 155141
7536 77 224135
238308 51 243259
86393 65 141509
210725 44 220055
4227 52 118870
172595 68 232898
1467 12 192182
5351 96 7346
139239 67 161888
81555 51 141022
93346 88 146102
53422 1 110312
11932 30 60137
1658 22 19403
3423 49 157474
64855 2 182228
85324 42 121239
20022 7 236880
55579 39 174800
45279 92 205703
169373 25 214826
14372 3 15401
11609 9 36106
150174 7 194424
143109 65 153004
103595 96 109231
216230 77 229818
6856 52 134364
186344 35 233053
70905 96 218130
17086 58 133492
21231 22 239070
23266 5 230641
128764 21 155155
149796 33 202122
105951 19 246245
39689 19 225417
19528 47 185398
215267 33 220011
67620 100 182240
136734 66 221291
26346 58 33987
69090 72 170549
3503 48 136647
62213 97 200387
30496 20 163684
16301 52 35814
15309 82 216447
5877 75 241820
61434 45 163091
37955 43 153351
54559 67 144518
78321 33 128411
4909 25 208258
146230 45 235758
15046 78 122985
156660 94 216159
60108 93 112592
128762 90 135458
6692 59 129411
11606 24 21493
23383 74 53641
120832 6 208854
91985 86 108068
91399 85 233382
96573 21 103353
82403 77 115649
136292 99 220991
13650 37 125719
56680 55 206663
153473 92 176816
206192 41 225112
53696 96 196818
34498 61 124157
22718 88 42004
154107 75 206054
13748 29 203854
109944 46 210345
26887 84 158999
32643 76 156711
75856 47 233892
28304 51 230586
104572 21 242363
123389 19 163982
81412 63 194048
28580 88 72102
81664 91 87009
69433 49 226852
105023 50 219008
98820 24 209472
135579 79 187219
19132 21 118326
110646 73 197923
173259 52 229143
1064 36 143042
62733 78 128508
56668 75 206253
35376 30 95405
102779 89 219218
3032 97 48183
87897 19 185538
89680 57 247539
189124 15 223616
99634 95 189242
82885 5 200728
5251 42 202848
15695 73 199348
186460 22 218650
65810 52 165711
154979 44 206243
205369 15 223050
222963 68 240945
41198 91 90833
170186 89 180214
99044 43 150594
27744 53 110220
31042 1 175131
139894 24 236197
54133 68 130945
55632 10 187131
7576 45 106641
4648 58 115465
103845 18 106324
38850 27 43724
105073 73 132483
149770 30 151783
34936 41 232896
34087 88 103435
30054 77 120977
1612 31 58986
5916 69 128306
77724 48 187546
56148 23 135327
87457 48 193558
57963 64 127572
5458 28 160433
52545 35 107582
137480 60 174394
28366 63 180238
23474 3 46260
158201 25 169989
80928 67 215412
100129 49 245955
26058 49 168984
116779 13 195134
14139 26 226613
164551 51 196454
161335 73 227490
31689 40 122708
140575 61 212024
186951 7 198195
145406 68 245255
166338 19 216178
176169 2 225347
84773 38 94427
155769 54 170953
199457 100 234114
79960 42 124433
10769 91 33030
64863 89 80789
30538 100 56237
28431 1 192458
37247 13 224131
8216 20 145255
16829 51 159109
41271 58 169839
114497 8 151861
184013 38 222985
107191 74 214241
61226 15 228025
41810 3 206942
138749 18 190177
13634 56 112105
30608 60 163058
15478 32 75015
97165 24 226995
126126 87 130151
150219 79 196773
33669 6 110690
68932 45 214683
97420 70 154856
64083 19 179119
188833 57 208971
52835 91 233246
102489 47 149858
13434 23 151047
104677 13 130823
151751 40 245967
14778 71 79518
26900 65 151785
83843 38 175746
5116 53 120823
171027 21 181506
6494 1 146870
142080 6 223832
65146 11 153529
168847 67 207108
8294 42 241915
22302 4 178847
128692 3 178302
54754 28 248766
109566 82 165737
120526 61 137466
59478 16 61416
65118 95 82494
53266 86 193129
192540 84 231625
69786 95 156725
188345 13 219827
15959 95 188089
58510 24 159365
46651 78 135457
53033 89 220617
78377 57 100821
468 49 245600
97555 45 176914
23147 93 210268
164917 7 215608
162257 85 239710
93886 70 155658
199108 24 233119
91058 14 133987
85605 17 249958
22710 57 245767
237509 12 238603
6831 76 231146
2064 61 61338
226702 43 240029
25894 80 126932
115959 96 116136
3911 90 30284
117232 11 247519
2207 23 51948
66693 63 150887
1211 92 58283
21301 6 90384
34712 9 109965
151105 56 214654
25295 52 136464
153087 61 238446
8984 20 59953
84849 6 122956
24901 59 205756
3986 12 122803
51698 71 249067
34120 46 140006
40272 26 42489
61654 40 107373
71185 62 110843
132804 68 207140
5773 64 113068
59129 54 70112
69625 21 121292
127504 99 136431
11536 71 208089
33887 5 86749
81082 31 151943
25988 1 156690
107449 52 216340
20369 15 155608
10276 57 133041
126621 71 229085
21682 77 218702
129227 54 147251
123027 37 243389
112452 2 198615
157265 61 160303
31886 58 138209
79807 43 143325
50763 62 184895
170392 1 206244
65131 56 77601
43516 79 103515
177129 77 246033
70288 16 113939
132769 39 136528
51792 26 98994
140937 38 154612
49223 89 65314
15937 44 189083
111474 44 170829
164132 34 175629
105598 6 179021
105356 34 120856
172232 22 217688
28122 56 156671
214127 18 249116
72511 31 173219
20222 41 81458
112072 16 209715
147770 63 174717
24921 30 183639
14685 2 140088
141220 36 219889
107284 16 159771
15967 82 121281
99227 18 122401
2650 12 205427
36096 68 151092
98624 50 183516
17651 61 39198
99837 86 212234
12457 82 78507
6195 83 88444
112704 25 222337
12975 77 110386
208715 35 243758
103708 70 198818
146792 93 243186
42155 16 138658
82119 5 246112
15613 58 29516
143263 63 236671
210324 7 229855
205448 97 220735
185152 49 221354
124581 6 184675
61353 38 130595
22237 3 175662
1414 97 14770
28568 54 79988
175413 72 182264
208095 26 233315
71373 62 246399
88338 20 144225
56897 8 203805
87858 5 192825
9716 64 211607
103672 18 117000
8692 3 210705
5621 7 225015
19505 30 84135
121009 2 241496
8539 22 38930
65169 53 205671
193576 20 246687
99517 37 102866
75263 6 142752
45424 55 144488
23025 48 98722
33237 81 49706
153470 98 202383
189376 3 197280
88242 60 124156
29561 12 55272
129574 73 172570
37909 2 230918
159933 81 216237
178337 88 193297
17760 48 132164
82733 11 142837
46292 86 181646
22708 78 142692
179598 74 214879
49598 16 83942
25330 26 243206
202149 62 209540
208686 79 236140
22061 82 119533
146 57 17782
66653 45 99938
118052 58 235644
274 2 10045
37434 79 118143
34911 32 224762
9600 18 120845
52253 71 224046
70752 77 150739
64010 58 176820
51689 86 135132
29160 66 124217
40821 56 238491
32817 9 127981
5933 23 102787
147643 64 227252
203307 59 230296
35121 31 122846
75737 82 95780
65842 98 107207
38520 64 161391
202330 76 237336
167284 86 234047
96800 30 125958
56742 28 73082
74207 35 204372
66650 58 172732
163545 82 190744
166168 55 234003
49771 48 59172
49808 66 159046
159278 74 228377
105103 72 198087
28287 27 95927
59028 51 65177
107781 14 114507
116731 12 215791
2263 68 160511
202788 65 211465
148420 30 162670
43796 80 110241
30775 23 247838
37621 69 114968
40373 68 45550
12704 21 82545
4283 17 217721
85668 26 168742
34842 25 136185
26937 93 240657
208803 34 217080
47766 1 51585
162738 85 187453
150777 62 154637
66298 41 90390
11941 50 47068
120514 59 201250
64770 31 131376
34960 49 105598
22434 72 94034
56312 98 198020
64686 24 184946
46581 1 248991
49518 58 182672
32886 87 248702
72258 71 170434
24257 95 138585
152591 71 240757
167498 36 243380
210310 33 214599
123905 73 185116
134047 12 162851
140949 93 240472
161989 43 198502
32244 72 127166
80358 66 138659
153300 4 168724
200679 12 219347
41278 38 117129
85672 21 220335
206533 2 211441
42063 30 214380
164546 45 216377
159320 94 201634
12882 13 139353
3056 93 89963
2421 67 127390
115924 11 207628
82733 67 217451
78917 93 194765
6802 26 141815
50476 8 144033
96775 72 151332
20698 16 164459
92782 90 193810
29337 10 186723
96078 18 166877
54664 10 97786
67991 19 141832
232383 12 248826
146947 62 245125
101494 74 179474
2787 37 3624
30258 34 217507
28545 81 191418
129702 72 150562
14880 13 30789
118967 94 178951
77777 74 213086
115220 94 211293
160711 15 226671
69608 100 103196
119980 75 238647
87762 64 149595
113387 30 235057
174440 56 215602
175428 46 187742
63086 14 90702
152679 8 154809
26159 90 152757
89761 12 214550
20834 53 60195
27585 21 131312
55327 35 234498
36066 49 57601
3133 13 236717
79882 66 211975
52203 45 237976
53569 78 229856
68675 29 112807
131244 61 174536
4453 12 149952
50083 65 129495
132981 68 184404
37182 46 143584
99303 41 104661
75914 84 118824
3680 49 131680
61023 31 158784
8650 1 75386
84415 46 99099
29855 5 174362
104723 79 172432
21816 60 232977
25862 1 26444
50622 79 162393
62654 57 175927
114978 94 209026
34006 65 106768
140584 43 188827
152032 4 220941
74633 100 81729
75100 99 103247
77410 34 112806
89858 46 243526
29587 16 131145
170379 23 225637
85411 79 186729
94208 88 143250
5689 98 22927
138254 73 145663
46371 56 81504
15420 96 45467
94284 27 233402
90094 55 193021
71902 58 121678
7497 90 194323
3186 40 168355
189593 82 212784
139248 75 249529
71994 58 214878
84546 68 141773
91491 51 230484
18293 64 247600
219832 37 233490
112045 33 172329
193721 86 248573
13942 20 79351
21709 3 61632
35758 26 101327
190168 94 227737
185819 55 208625
12866 58 32628
23911 60 141752
75430 1 184834
15575 9 98453
10561 76 228684
195625 54 241627
37392 21 59905
99676 85 180319
190192 53 195726
153555 30 225942
127137 35 227516
143801 73 229674
3961 99 57668
101805 67 133801
526 28 49933
106479 37 132197
15617 49 156296
500 54 74280
139906 74 180251
37302 17 136816
35562 91 217187
55925 59 133462
164523 22 205456
85733 72 159623
111232 69 185477
58489 65 88406
123622 69 133111
152437 16 209907
162382 86 210188
142827 55 147681
164261 87 192808
197402 98 209313
76509 22 147792
53715 41 122284
12997 59 238519
191428 90 244868
82275 14 100100
27056 69 28715
104881 13 168894
47023 39 223434
41461 13 243566
28214 19 98166
171425 30 190455
176945 98 245428
91386 67 145028
92390 37 125150
57566 94 213864
62043 87 193595
117988 76 201852
12694 88 233957
114711 83 214323
3743 16 49423
199198 36 212418
7050 98 137854
220142 90 227855
55484 43 127267
45764 5 238942
21352 31 63823
184995 3 246487
62429 15 118027
117495 34 219307
48770 67 101959
220840 3 230823
86331 13 109947
146281 87 217223
106451 62 187666
10387 8 56275
101976 52 180155
157227 33 212564
124162 60 138035
64023 20 130238
129165 95 156264
31004 16 231775
143340 55 181432
90724 57 144913
61361 99 112201
4728 84 166826
90514 34 173246
194458 69 237895
26745 4 153083
80959 41 117680
112283 32 203862
91209 4 109024
21930 86 215876
90816 52 212965
24072 23 196078
111454 32 233969
16420 19 231542
198395 38 245949
193099 61 219526
43951 66 211620
90473 77 152061
9110 13 162729
81387 40 139749
149163 28 201006
193907 6 207054
25130 6 239001
55424 63 116359
9575 63 117739
132941 75 146248
19173 55 27861
188862 100 230339
127810 72 245137
145588 40 168142
13730 82 36732
214443 15 238012
76074 59 171437
91217 97 176840
135724 28 221936
3202 2 64416
51638 82 79563
84125 83 131448
37343 1 93817
69080 60 216088
17184 10 55029
71507 91 211615
18492 86 155981
214905 86 244717
61769 1 201178
18217 6 166629
2240 12 15144
142495 29 170257
28641 49 111829
141806 54 225128
10038 33 15881
35125 85 235313
98521 100 169242
1440 27 127378
68063 19 234561
69806 73 104869
59499 26 78320
59454 79 106574
42525 44 212528
147783 52 158968
53911 3 57658
38109 68 65067
127105 24 172850
76080 32 175764
87923 15 217401
129327 49 147329
46265 42 90798
162805 39 215851
7137 27 12979
7400 68 222276
203259 13 208411
18418 12 136209
177626 49 208555
8369 52 14765
76031 85 176481
34137 11 238701
34528 47 91185
62591 30 97527
28527 67 51454
5406 80 38666
94066 46 154312
82965 35 244709
184455 13 210835
65239 40 219328
175699 10 187238
12467 78 59918
13466 21 144652
20555 43 149397
15272 96 192134
123174 66 142391
200247 17 244385
110569 90 113594
63567 54 179907
43282 38 171874
64951 76 165251
2370 41 150766
817 14 57375
80384 75 98198
61312 77 201834
8030 19 45790
118080 40 151175
12360 59 39299
162828 96 226741
8781 87 166473
137733 66 241571
112782 36 138063
7982 84 188829
5283 16 177155
28580 86 86248
116354 1 160093
6515 17 31149
367 21 178927
24700 72 160792
24213 62 157217
143851 78 179290
63805 93 151587
113664 8 217011
32918 93 227058
221843 32 225085
172939 97 225232
69037 42 139263
58234 66 104938
53745 22 147011
16926 71 119217
158796 63 245101
205888 13 222906
2801 53 133299
2965 42 90973
6619 28 41714
67105 7 149163
77369 4 201429
97427 4 113285
54896 27 188926
3083 81 43117
28162 16 110158
57804 57 243263
3103 66 42506
32190 51 193523
1442 47 240519
50255 19 188586
61878 45 192747
521 51 228930
148473 91 228536
10012 21 18077
79544 70 106229
33610 63 161526
84877 89 205514
32322 91 63273
23250 63 152573
165570 24 226012
2847 36 119510
197374 95 210903
69369 34 155690
48060 95 224117
69303 2 133689
73451 2 109181
151251 64 220220
153598 38 221731
170989 95 224378
123008 66 134417
178543 30 214362
140136 41 160832
47490 91 82733
129450 40 225041
45345 65 238842
136109 77 140168
26809 2 207548
31465 96 136441
27083 78 144119
169295 21 234635
6793 88 233245
4163 80 110237
47660 10 174611
25093 100 34773
126885 22 163676
117635 19 136096
63889 70 140987
153152 59 239528
88632 72 102065
130774 42 196697
100031 37 111329
200275 28 211369
95515 83 164148
131128 58 242328
148505 84 248706
109671 49 227605
117426 33 179466
13978 39 76209
27718 100 187072
9770 14 228326
90798 35 132667
99724 63 245070
190919 32 213047
77841 100 164988
156313 37 184990
26733 90 112639
33513 14 37482
109696 9 169192
41371 77 225148
1107 69 158223
88757 37 147271
86988 83 128548
13484 60 122908
53330 50 75768
120763 31 170502
83307 34 150789
154386 91 198971
14469 68 64102
82778 1 87550
9555 30 135421
25610 69 161401
33956 20 148824
114906 1 191359
104231 97 188561
112214 96 224978
8120 99 83236
174151 11 248978
152539 18 190803
163171 79 171331
217214 19 246869
63128 100 199665
95575 84 227758
46867 81 105081
90918 26 144635
82266 82 169473
165345 39 224822
69744 28 153521
62507 21 170406
194384 64 204153
265 17 169843
111139 53 126007
69451 20 191159
81284 21 150238
133533 8 173989
33457 8 225626
202237 54 238510
233601 55 241893
172167 20 242525
142465 21 225037
91366 52 103992
84375 93 189279
132985 42 140513
127642 58 152033
159449 38 162488
142980 24 218090
32760 67 120975
78060 56 106037
50934 9 76244
88865 44 156113
162121 10 233302
119648 68 196165
175955 93 243182
84724 89 144952
15352 17 50132
88109 52 192870
57512 38 204785
106153 20 229217
87100 80 90594
79832 70 170226
50021 13 223334
80618 20 182346
184405 75 235643
92276 26 159895
81880 89 123918
55031 51 149912
26608 76 128098
105643 18 200575
100640 34 195483
80826 4 157862
127827 76 177044
84738 38 170701
156134 18 217550
39647 93 48825
63114 11 198826
38763 33 89384
173352 31 188934
190698 48 238187
50125 94 134927
71031 18 123275
23383 63 146221
56774 90 245425
7718 77 248242
96927 60 136222
103272 30 146615
166887 2 183686
860 16 98194
194702 81 195342
112791 62 124599
75264 17 146121
87353 95 196702
225370 24 231348
169014 22 214475
121685 21 242700
48462 7 223744
232 72 120791
48674 86 94995
192727 8 238339
10372 60 200254
72506 43 174613
32711 95 229314
106000 82 168364
208718 77 224978
57943 42 98704
77635 98 154312
142527 28 152256
156521 76 235516
122716 59 128166
219623 24 240178
25286 16 64499
114197 59 237462
99119 22 132192
1470 80 224012
1490 59 17380
31978 83 51630
56255 51 195501
5861 99 10933
239171 100 240424
129913 26 146874
54058 100 244186
59226 11 202816
98408 47 109383
51534 51 203320
169870 85 214166
150824 25 187644
211208 18 215402
141213 4 208373
125291 5 163207
176100 24 222563
228043 15 242929
30958 46 149611
128229 67 246580
9521 74 94441
69139 85 111467
33074 73 42105
11061 81 232457
164797 99 219670
140032 93 150839
117009 9 231238
119588 33 168738
24456 59 94984
42021 25 144775
52496 20 202961
29493 24 109350
189171 2 196384
95561 5 227575
6877 58 128763
55365 29 82859
72196 25 88470
123627 8 218645
66033 38 224639
176309 89 238609
143617 37 243902
131948 97 220606
7069 86 41336
22957 58 55338
111114 89 162071
30531 91 215444
74477 22 231957
10860 8 148229
36713 68 182022
40495 16 215690
29824 33 182231
35537 32 38976
177592 17 195982
10421 97 17645
12149 60 35221
28158 82 63311
2966 52 9329
129842 6 159598
106361 59 135491
32094 95 152916
110001 14 240002
64392 19 151545
13765 38 166947
52577 46 121319
23875 91 246374
51490 56 75670
63617 53 203763
10831 78 40588
14907 50 39956
1577 40 2625
67091 47 225894
10246 61 63273
16213 44 148546
27906 59 86764
192339 50 215755
52658 83 120203
35084 55 246428
118106 66 210445
105697 3 126734
145774 58 218246
32304 36 179867
44317 32 239601
96036 75 138826
49227 6 74000
65946 58 184933
163482 62 249695
55682 52 248335
62714 29 205228
93382 79 179351
14745 2 219114
8279 75 242131
19931 93 230343
106682 95 213096
274 62 24264
22368 5 212933
46050 48 187685
179649 90 198270
138985 28 189481
127708 39 211497
40960 94 215231
1633 49 11977
19537 11 87931
216783 11 231161
64302 41 100900
96135 77 175143
156418 32 236761
59399 59 201207
46261 23 230694
207371 20 221239
6694 95 50771
51145 82 211687
14612 81 195623
76221 59 187617
61256 9 87046
74981 12 226158
30037 50 112291
10551 71 216129
45833 5 196508
75552 27 169470
64127 43 222953
33424 20 191647
59142 61 203757
2295 85 57560
160009 87 192772
41708 66 228794
86454 76 179227
90750 47 231310
86808 47 213991
67960 48 138459
9023 88 107919
97084 13 126870
18225 33 81813
65718 32 82160
102236 72 141774
44485 44 119241
138558 11 140354
77860 50 142813
132230 78 141874
22220 82 122154
77810 39 189980
20128 51 226087
51921 44 236556
137687 31 170951
38715 37 184249
85760 13 238053
82121 8 224630
146475 70 157206
110023 64 159564
183279 63 200851
29648 3 46939
80132 90 156106
42867 16 100985
73133 56 119199
156609 71 242647
13030 56 106959
42793 62 199691
129759 40 207782
157133 77 234780
121644 91 170478
71047 62 129696
145912 57 164730
92393 89 107307
48112 51 149253
26775 94 242795
2512 89 104968
34963 47 230518
113083 60 200520
1771 14 214780
163682 11 226586
112493 50 177559
27223 21 231797
84471 28 152930
134743 42 144187
57534 11 172657
68314 80 143473
141687 5 191796
180235 79 205289
244485 14 244967
101369 91 105934
2774 92 94685
14948 39 153461
62938 30 174362
204425 90 213677
169353 5 195961
33978 27 68397
43534 12 66885
206966 64 249625
80590 38 179158
46895 22 107300
58978 29 111740
91266 35 122765
15724 100 165818
7193 27 22248
55982 45 207733
36084 91 237464
157133 51 239641
18799 30 78867
27929 74 130058
148096 6 191252
29623 84 166986
48874 67 149040
63860 100 70955
51374 6 190804
157037 72 208194
18789 8 220567
17497 19 53108
155967 98 247636
178637 53 198944
206452 71 233927
34992 79 46532
77000 2 77372
211645 96 245180
215502 81 234131
6814 5 140924
130329 91 131924
88098 45 233385
