5000
134810 37 136007
37096 2 105373
185773 78 221082
93835 90 156237
50625 34 131143
74668 18 183444
58582 77 174722
68546 83 115354
70210 92 215222
21114 17 101751
90402 52 229385
25261 7 107954
142918 52 178773
92953 96 116158
45419 44 222931
80562 97 136915
69185 61 152535
145124 45 156616
144949 50 199184
115272 10 169531
146064 61 224963
131551 80 143472
70303 56 116596
107302 13 227536
145532 89 219435
116072 70 129496
34013 93 238095
1987 81 69433
107810 58 205493
154125 12 244351
70370 41 199404
48989 48 193412
104937 53 191778
46563 69 205948
133244 52 244744
112312 15 245435
55394 74 113929
7560 3 15083
136923 30 229433
29025 32 40651
183693 64 218282
23689 70 63406
8425 15 77860
34952 18 87622
185846 6 223235
26485 60 133442
61234 43 148716
117731 40 174371
13439 47 246657
32092 6 75198
53240 92 204111
9250 22 80132
100734 17 159714
119883 20 139825
115559 40 152860
23226 20 147173
25489 27 79216
27580 35 212441
231746 57 232248
99265 10 112589
82434 34 220669
167658 32 195928
89508 21 96159
118524 51 127067
19944 30 235902
28511 80 228549
201772 78 249555
128533 39 140529
49063 61 205700
38603 84 138054
164598 23 201450
211176 28 224097
146754 92 243932
205297 52 222079
82082 25 189957
18888 12 84464
197980 41 208932
29356 46 39033
103666 34 207668
124626 55 165196
27625 16 173809
35563 69 60804
31399 100 116907
109113 53 115340
7415 2 59102
136944 47 241424
32268 89 139769
201809 34 226184
148494 54 208643
3384 26 112215
73898 80 118683
7570 11 30188
59507 25 225746
3650 11 58436
105638 82 156439
128072 82 216877
113761 88 113872
91380 37 138692
19579 56 207886
212445 6 230668
94970 36 109342
37919 68 197058
165660 93 244482
49326 58 218063
160729 82 172637
52414 6 234455
24615 35 211961
69100 10 129902
73884 16 181382
72042 18 232402
129345 70 188446
24560 61 219697
84645 83 243491
221669 92 225054
20612 77 66779
61533 61 223172
127406 20 225782
133028 32 175493
91289 9 144678
98443 93 200595
205065 2 244140
69371 23 78039
30429 64 154501
13787 69 169805
249 40 97833
4996 77 78168
41545 4 77846
100572 37 126981
44792 51 165935
2758 19 131889
76570 88 94970
123041 90 215144
113632 73 140266
94753 95 158459
84008 66 178603
65477 59 117581
139612 55 190798
94949 63 111196
154167 67 160450
19469 50 59953
110111 10 160658
134324 16 225987
41369 20 97164
22819 23 186424
70367 82 169968
42082 21 56145
102966 59 150121
134002 33 241466
118093 28 224050
88483 29 121576
39569 74 59172
88591 41 103406
2219 10 54273
94954 37 146495
49605 60 62221
12488 97 181081
99314 22 118440
59713 92 237963
115923 60 202927
24662 36 172863
17260 9 59981
154676 54 247648
92167 25 212306
31330 30 137440
58410 75 60201
30152 57 209479
189724 73 206710
32160 77 224986
9670 86 126872
72064 36 248469
169031 13 223317
3443 31 168563
26548 92 114890
62056 53 122780
148926 99 240408
87555 30 176427
155702 57 162676
34716 79 144768
104242 32 114038
18439 43 67715
32695 31 107256
175185 9 196096
78047 74 95336
126466 25 179221
164901 53 173223
41889 10 99982
149303 55 218370
160251 1 165872
3812 29 16930
240438 11 243089
86159 27 111084
94332 20 198672
8928 69 199558
89454 74 123575
118577 21 184491
176521 27 205230
36248 9 212865
86034 7 125721
12669 28 35937
79530 45 212127
54430 87 145160
20620 62 215392
17268 41 45095
202308 54 224548
94055 29 107056
58579 26 84371
186287 16 240454
93035 12 160985
3651 36 100298
148836 70 215485
85503 22 190087
110031 40 136153
19296 22 211175
7380 65 104096
25832 25 233657
19237 29 102936
15579 68 235715
113378 6 244212
147216 51 202576
136660 54 192181
5196 24 19470
71638 8 207020
25681 26 229620
193523 84 231983
50457 69 123520
96161 65 136930
20251 81 248151
1735 41 78375
52915 94 190674
106649 40 126040
64938 18 164460
27491 87 83244
42253 15 107391
102000 73 226588
81630 92 149913
108430 57 131246
116725 26 193633
133955 4 218098
74984 73 166355
78882 1 195124
3035 17 65752
86228 3 153652
16794 92 50670
39413 2 247779
150569 56 192851
2519 62 242582
30243 99 169382
19699 63 24305
178006 19 210144
7247 5 29037
86893 97 122100
94619 94 248516
67068 95 154734
25780 67 158981
60698 48 102295
29173 49 133013
29060 93 88279
30792 48 151880
198046 36 222720
5628 12 167215
82802 4 213999
19625 96 143882
166411 24 241492
184998 36 234858
13849 77 136788
902 8 154944
176332 71 225099
15130 70 227272
155139 64 210213
49053 3 245941
98498 48 214989
41592 58 120367
49395 48 210989
30705 81 210739
69991 45 87389
116250 52 238538
129332 4 194036
187036 49 223034
43298 53 224866
143099 18 183200
160051 9 231878
183602 70 238362
91410 79 94707
152742 49 201835
59885 27 87213
73101 74 93575
30463 51 75535
51201 41 215845
5619 79 113904
99079 1 148018
182696 59 239527
73874 37 161374
124716 11 212437
107184 36 172517
890 29 134975
86369 9 227805
64984 24 131705
128757 11 140912
56043 90 194737
91140 51 237054
15201 16 23049
80691 83 218142
181754 74 233321
36828 65 104365
12442 17 95347
123684 93 246272
5728 45 167928
168541 72 170206
17999 10 114447
115754 62 155097
2323 73 93911
38331 43 127205
102 13 23392
53032 92 148849
133755 43 242466
130606 46 247325
129135 83 211668
26014 7 158720
14670 7 24157
49466 80 104998
52728 24 87445
84019 100 240640
56359 69 96518
17166 65 23946
174608 58 175530
110970 46 124894
24274 92 244202
147082 20 198627
41197 62 225211
111777 46 201727
42622 1 249706
77130 60 230669
95266 9 196187
28107 65 234343
19550 58 160348
27560 87 86423
50037 44 174096
186013 75 243332
194253 27 198807
164798 26 200346
67934 70 184354
58987 5 127693
106170 40 237810
125747 97 126206
15495 1 71491
124439 69 180248
11041 58 148097
114854 24 233496
166742 41 191699
31340 67 42915
71303 3 186514
21508 67 79197
6361 63 62765
164838 59 200446
112722 42 149379
156718 68 245635
9297 45 201139
55052 81 240545
54651 94 224457
24588 79 219210
69841 11 232326
56691 2 213749
41442 5 49509
90971 50 213030
126135 46 248198
58433 20 152960
7817 83 218189
69583 20 207909
127647 58 129560
58254 33 165659
89075 36 149088
160395 93 236609
145852 42 193107
66503 12 238036
46087 53 130525
10640 34 184149
81713 77 103540
192114 95 212129
1900 10 236986
22313 33 40422
137351 41 244476
208383 4 247254
146886 66 173494
20161 89 188242
221062 69 234357
6464 55 180779
111768 80 237061
83405 61 186568
87634 79 88724
121599 57 211661
3304 64 131470
43266 68 106401
1093 9 62170
63334 32 112411
26041 53 241459
10762 71 75663
145229 11 176649
72540 20 230801
149763 25 244766
123447 66 202483
17493 27 214468
131446 19 215748
185002 91 214804
6508 21 59397
133908 83 217828
134089 84 148162
212268 60 247148
51452 58 168403
22788 61 203151
123456 24 147548
144577 81 205307
69970 15 189682
188392 26 205732
57971 64 70247
90940 84 102150
3592 80 127588
141476 33 195515
169172 17 217568
102582 13 166379
124955 17 199154
115278 71 238885
15824 12 241738
154896 72 162222
71511 52 162946
47228 1 153255
118947 78 145753
12247 6 214982
78967 34 205952
89391 67 124973
2279 4 85354
116882 97 186841
179514 84 226125
23292 96 123831
10443 9 132538
82847 97 237042
17737 92 120077
109537 84 220304
102869 94 182456
86670 90 156887
90338 4 182664
118887 59 192023
156389 60 197822
160725 95 203246
120754 62 206554
52209 67 124751
99949 38 214044
183472 89 222426
122225 28 227430
3745 62 177335
132745 47 152655
138143 9 209626
70934 43 245036
13358 30 87917
90223 11 234943
180428 1 184873
140395 11 232898
87635 47 153164
33907 77 232628
93817 100 195188
88002 41 133331
30921 3 36621
130719 43 153313
207801 20 220764
36264 12 200258
15889 25 172995
28428 5 130920
169626 68 228114
54865 39 77421
138052 98 226812
10852 89 222011
17964 92 104896
223233 58 245057
32125 60 82071
119457 60 190581
29527 10 220687
53461 27 231174
26718 14 123004
28841 93 35560
51625 39 210814
48476 47 238500
117635 54 205682
28151 46 209236
118494 91 203706
19501 1 221075
128089 16 131671
84876 17 119777
10462 60 217891
38534 95 93071
181961 20 238820
179354 15 204230
175799 64 219564
69015 17 182664
145649 35 224441
199511 84 249615
20387 66 109329
174833 28 222750
78759 81 128925
847 28 191045
34861 75 232967
55537 27 129969
72223 79 105485
76713 73 238857
188135 53 237480
128482 44 217013
34888 10 140591
45390 99 197649
109403 98 201199
43375 38 175498
142313 81 230143
73333 40 209427
20917 5 165808
91434 31 215515
29284 35 179181
45156 3 52680
55806 39 194074
112170 1 219856
127042 26 147641
189660 85 213941
131289 3 155650
127295 13 215380
38755 77 136820
55360 44 151102
150295 25 235243
159292 55 164939
124282 74 164368
103004 76 188067
157330 10 219105
160902 90 187589
77419 12 128915
105613 24 205827
40800 9 201987
40840 64 186764
83738 89 172305
52512 22 235738
57617 81 58811
38712 61 221641
25531 62 242629
16274 33 222384
156255 57 201794
36948 66 76404
66125 55 213049
31657 26 129009
33987 59 91449
102483 86 183691
45267 53 166123
494 36 71015
108287 92 244791
179253 80 229971
152036 19 221820
69515 62 145112
38675 69 111222
33784 74 52291
118593 33 144195
20399 16 76387
19892 24 245239
161366 54 211773
84822 50 217674
45884 39 135909
172177 50 213630
55088 97 55792
11176 19 153468
121040 79 195998
129387 28 159923
135834 40 203206
64737 18 89184
29121 62 35874
60286 75 129626
56839 24 208128
182167 93 220215
44983 75 84393
92406 35 175113
45228 29 210800
63617 31 80621
228863 35 239902
32024 39 111622
112865 44 118702
114518 65 205541
118216 87 234862
107336 9 236123
109548 85 161968
3354 26 164819
27025 39 199583
87941 74 247682
3696 87 98254
92482 9 218777
73567 79 243651
152794 79 170357
152692 26 218930
68372 62 203385
66495 76 239494
79919 6 179371
23998 98 159890
18352 68 248290
134915 22 182397
99119 82 121470
95927 68 225254
60257 67 223957
178762 8 187523
22972 87 156248
14767 78 189807
77895 9 221211
6973 56 9213
79870 71 96709
56585 100 192804
11482 77 203757
13976 18 35319
219849 18 236753
8103 16 62985
15999 59 122964
170631 69 178420
45433 14 120427
85098 21 167977
213854 64 243330
44196 2 111521
164959 39 167838
14249 64 225943
17455 56 218805
175589 1 199036
27938 37 245367
92526 39 120868
24470 82 102183
113476 4 202015
91068 29 136747
57386 29 97960
56536 80 244401
32925 81 84808
167901 49 181578
29452 43 34547
66428 50 196158
19225 38 205662
146685 28 196586
146360 3 147601
119907 94 181262
4863 10 106140
198968 29 204263
21869 97 83558
172962 28 231260
162091 46 205879
110709 1 207497
87037 93 93335
46477 8 72294
20620 15 241051
129222 77 134603
47856 51 115356
133584 99 162657
129891 18 195574
112805 52 115591
7200 2 217592
66075 16 247007
188435 19 194317
36453 78 51459
29702 75 203695
180499 89 227027
20866 22 136419
152291 32 156052
55941 17 219160
28623 88 141547
5981 71 141578
17065 65 216632
29899 6 201354
176015 98 247574
19751 68 167672
32342 43 70001
30165 92 114994
227469 49 246104
27449 19 127048
42902 43 202720
97640 81 129523
19154 2 85511
4134 43 205609
43631 17 92915
104746 60 225000
73303 40 157209
159133 99 218081
55599 57 223581
54681 39 92555
191865 42 198096
64391 37 147781
130486 80 193667
11957 1 151357
144151 66 154875
9508 85 213076
128907 74 131650
35832 27 45621
177426 60 209659
38273 53 67740
12724 69 232046
199330 19 244595
94830 100 153383
187243 96 194620
26778 23 107150
19148 26 84317
30923 66 237304
24983 21 114106
39479 65 73242
3982 29 231190
61110 8 149473
15166 64 193058
156677 55 208680
24814 78 27221
104208 39 219610
12475 86 153361
45288 21 131563
33991 49 65847
94702 54 206359
70437 15 161360
93818 45 229535
30313 12 49624
14963 21 195423
188735 50 238093
209865 31 223784
13662 77 153963
5276 53 46359
182866 38 212052
54557 56 239084
41518 100 246908
31723 64 41192
37541 66 181128
62201 52 88827
100399 41 184520
30079 55 99652
101552 10 197885
60881 37 146071
95331 3 121958
96354 57 200694
50413 51 220638
23104 50 196617
60068 13 86927
21420 14 191616
49285 99 206392
14573 41 153871
3241 13 185726
85763 69 187348
116223 25 139435
34470 39 42431
10111 97 161214
99705 99 224807
9659 48 161215
64379 15 119141
127498 62 156118
36563 40 57930
205243 94 206765
119283 36 160405
31678 99 158258
25415 62 204653
63671 97 116514
143869 69 174430
97719 89 209878
138811 75 217243
30883 92 39792
52876 47 217530
28300 79 102318
889 65 53328
139158 37 162202
67063 34 130032
28147 19 192066
25235 41 163227
57304 95 88150
169670 48 219954
59050 91 154369
214268 9 228700
50617 89 80159
15191 59 36923
5330 34 193455
162680 90 198178
28245 43 197898
133554 59 169075
149000 33 158992
44273 44 234916
97272 14 147476
44775 15 204726
41706 75 60567
50356 16 216765
29085 96 195478
95112 66 179546
157805 46 167392
68887 91 166158
19206 82 104164
76034 95 223477
17695 33 230636
25967 83 147281
108068 76 157690
41713 9 173011
167148 52 189239
14563 94 102156
157970 32 189725
120191 51 154100
57490 42 133486
113616 79 132430
17951 69 228829
103503 40 241756
63960 56 77695
52102 87 127876
47041 95 49297
134124 16 243350
232099 73 241762
139257 60 189983
4415 16 53964
75683 45 177938
154682 26 178340
106836 52 168760
117354 88 194026
38353 44 179694
59110 26 106475
29506 10 58438
101924 11 147959
67993 56 213742
218422 32 242453
26534 42 166951
154148 23 201778
75867 24 184466
227228 87 236422
113575 75 199224
116840 90 130758
187231 80 220816
87667 79 144844
70503 47 161064
140368 39 220900
131320 54 144252
23948 39 213261
27549 46 81481
9256 80 184513
168532 34 215866
5479 28 56589
148743 11 208842
1424 38 222458
111823 40 217125
28464 80 51509
60088 6 189888
109236 82 198059
6914 10 228357
28819 89 227595
38288 76 221040
90433 71 102985
53207 71 126673
55780 55 98048
49089 16 57461
16831 18 89837
2344 40 23096
104048 23 118157
121679 52 216357
63252 7 180462
67944 76 126490
17823 19 120263
92612 8 160849
52137 90 163294
33526 75 84064
70757 62 130827
18160 76 208942
89192 2 186228
26783 53 191976
74579 52 130890
41319 58 141156
48386 84 159303
63478 53 169428
74330 52 75647
74614 93 244086
192567 57 202506
44979 69 184932
70229 89 124127
57389 10 206756
28469 65 173704
98525 68 211904
7644 82 236214
75216 50 183006
53250 76 98437
34195 91 92020
42245 56 118561
14545 47 116083
94549 44 248485
53202 87 80809
34079 32 59592
100991 96 164784
51932 7 191128
55789 73 237903
134648 31 182281
476 84 103897
67652 41 189794
44555 18 82778
14435 41 69724
172160 58 226148
15380 23 219993
22983 19 86139
185674 39 206760
64270 14 207068
15958 76 86477
9450 57 140391
188081 80 188877
191036 55 243192
66707 80 101522
26053 23 102978
159639 27 183492
207239 61 246063
136360 66 160647
51872 27 185133
185393 41 228434
168257 49 194640
12301 57 220428
121384 91 128155
64801 34 70899
142655 14 167565
100931 4 137221
180551 55 190667
52703 43 76012
76565 42 216258
43119 23 86349
89020 98 134309
189582 46 233896
131121 51 134037
19191 73 144841
150058 100 224399
168912 57 239616
133862 99 171629
40191 88 68899
53086 62 248853
195746 90 198953
79880 24 134538
13498 99 107800
66038 87 159488
43530 88 208103
10280 74 146692
179886 99 218388
5824 50 66042
92652 18 213713
77336 64 88547
97348 27 100319
171798 93 182933
101990 80 182826
112127 67 130592
108646 78 132722
98181 60 197575
55224 21 244550
4231 4 30812
99597 26 163471
11235 35 159873
178517 60 188755
28089 20 125409
130538 52 223760
12056 7 89816
23608 64 125385
37044 5 134238
103169 86 187218
192429 44 214853
80417 82 205375
54500 94 111424
26965 57 208515
105231 65 110896
82044 71 132962
41394 29 132861
5005 23 137111
15195 58 123314
133284 51 234747
53325 68 54657
18954 74 127096
2954 12 104924
81800 87 193596
27942 44 68310
1194 40 120817
69815 27 229099
143929 25 229962
142658 42 247871
138010 52 168699
29410 1 84347
494 10 172027
10324 68 190058
93457 98 176937
108579 10 158181
163137 70 171426
45600 78 189843
54591 20 111413
23679 68 185131
96032 57 150969
64618 6 209399
100902 94 211837
71969 89 77149
8781 87 191133
126967 1 211241
69290 72 85661
209210 77 239536
26403 18 116845
2112 29 168132
66493 39 133931
26351 91 187889
180498 33 196625
29880 15 236874
19805 90 151332
205819 40 228127
28635 13 78210
69746 36 183960
99802 79 124145
64082 88 162843
187552 30 229137
15253 1 171787
47104 25 89256
179892 78 238100
25154 41 41243
77870 93 125004
124084 10 164371
184670 29 242689
105094 74 234764
66747 41 178557
97673 83 102972
146339 65 199680
209996 59 230108
120388 85 224718
15429 60 123625
11706 32 51154
112935 70 212699
24098 23 240026
25614 42 67962
91400 52 122363
114623 19 200019
61981 99 231931
75996 73 77889
86681 2 245634
1269 1 229637
5498 52 25743
136552 94 234376
173956 8 187543
14477 26 48539
186860 89 221689
156556 85 183298
17436 38 155853
112168 41 231835
45533 80 243137
29808 22 131560
170659 1 237682
40999 19 117217
169921 62 235061
13976 61 227631
134086 54 213388
34824 75 178165
66317 39 142735
12968 20 28524
64696 16 165326
12249 48 204627
88164 53 148972
26167 39 148051
189444 57 231743
210554 71 232441
19223 94 144796
11826 40 164769
145085 31 213128
10602 65 236306
150637 62 181669
221848 71 244926
85768 26 122509
121495 91 214430
162618 95 221785
73598 17 109518
24175 30 104334
38369 5 161643
90374 64 237741
91141 76 241099
49543 36 231818
83200 20 194739
98564 38 160721
46332 2 215368
106686 60 249658
43180 11 84574
160115 74 168416
111798 65 164846
240937 45 244971
109873 38 128584
98542 69 183710
91283 68 240218
175176 74 245025
109019 19 177392
27446 25 128049
142535 98 175166
196901 21 229402
57837 13 193926
99960 24 166950
185663 30 229777
9559 27 61926
223115 55 240273
52709 73 153912
185101 33 200511
52389 52 224146
34590 49 105551
16990 60 219649
115400 60 164032
14488 71 205603
31039 86 186198
155770 98 178392
15500 29 58657
4460 42 111524
23120 61 127258
8215 5 246260
73176 72 113999
79467 5 177623
2328 78 13386
166426 48 207248
64880 7 205965
152199 90 224206
142809 66 220993
39387 40 60703
138312 16 243195
74663 85 192499
28154 30 209276
139092 60 210641
74547 34 154096
1385 97 178906
82811 43 97119
113562 9 129034
184341 81 196042
4601 40 198105
11841 90 170819
5663 8 219871
24086 99 122917
152759 47 188776
56380 37 220388
95087 93 126017
155035 78 245397
22540 53 144271
42081 85 217691
20699 57 56708
4137 3 23944
123529 70 234662
115336 96 119518
121365 37 164404
56414 58 214568
39266 27 82538
192001 42 230975
105597 9 151076
19279 98 227846
77405 26 184442
41848 81 91017
162309 40 197989
201210 59 202458
11888 60 154694
25018 57 71590
102425 31 178469
22975 10 64874
75561 1 231182
120516 68 166839
20296 83 198818
133181 97 189296
8547 40 153036
24032 19 159535
32834 93 66082
424 58 231245
114632 34 195445
209164 9 212989
196583 38 212003
202222 40 231544
761 74 219911
25956 95 80196
3196 78 205330
55989 78 239641
90280 70 228635
17787 10 31096
6846 64 168557
66561 6 114599
8635 97 179768
27277 24 34012
180171 28 218224
194647 10 235555
155459 13 242500
4444 38 215046
17877 30 145820
16444 46 42642
67590 98 243536
175225 67 218930
30898 50 74613
178283 35 232309
207611 30 245842
34006 32 197974
85096 63 217960
107748 71 241362
80841 1 110804
200173 70 205470
47186 56 249355
22171 63 149081
53333 30 154648
103373 13 210425
75316 48 130840
50682 23 173530
1571 47 175589
89395 75 99631
207657 9 225245
202703 60 242971
80710 48 151946
57428 27 95668
159590 30 231134
2509 44 211186
109668 3 121682
175999 5 230983
107439 83 212497
136347 41 200421
131652 17 169715
74888 8 132618
74626 48 176190
124121 3 219007
50117 84 176253
91272 54 185738
98579 77 237294
19183 53 247759
179608 7 238416
2361 24 66174
139894 88 206437
113979 9 236764
54739 9 77687
106939 21 223599
8631 55 182199
158698 46 221230
49030 45 131645
25354 34 206313
108220 75 220088
42265 96 241654
16102 38 114557
232459 2 240163
175011 49 220204
125168 24 130546
187454 30 233444
179817 62 182950
208080 91 229399
195564 74 239561
175738 65 228147
164869 65 202435
47726 44 136342
145092 31 225144
1136 49 116980
62099 41 98979
35978 39 233184
5629 8 133527
21671 82 181668
99511 76 200175
10814 25 94025
83849 56 143318
13371 82 63195
66487 35 85083
53607 76 168018
95950 38 195194
1618 31 196615
31660 18 67884
117654 52 186151
193845 54 200974
165993 97 209837
154102 63 177844
59128 76 145719
21044 86 95224
37546 18 226242
145036 70 238088
232293 94 234312
70540 6 182817
20302 54 76641
31358 32 220727
44461 80 66448
18178 96 20285
8409 66 179873
42138 8 223000
163957 57 164922
25599 10 112563
134330 98 184867
150412 72 210062
47627 13 207761
97405 18 230082
212956 38 249865
64283 43 137190
30705 53 46907
14620 8 82775
241880 100 245188
422 66 170379
27652 57 89250
84417 41 143029
90338 48 218649
224118 64 229434
2537 10 5761
59688 4 74887
60539 9 111031
93682 5 151823
52830 24 86589
120846 10 128449
204060 28 247128
10325 51 176709
78140 77 169754
86508 73 248628
10343 41 51195
66976 4 230789
53224 94 203103
48514 60 215645
83485 19 173788
107076 67 135706
167245 68 188267
85329 41 105657
41028 6 79721
99156 86 242101
89568 47 169471
189503 3 215861
43097 45 58790
14907 66 28433
145944 50 149810
51620 80 63813
1828 42 123605
149126 83 150930
11257 55 245005
74116 11 249632
88284 69 191346
43791 29 186613
100332 68 213945
18870 11 84453
41935 17 174401
125554 99 191600
16694 63 53132
23272 63 170847
112108 83 148510
16916 59 176435
69361 31 102406
51219 82 115188
117811 6 205549
75782 73 248585
123428 79 153219
10888 73 13691
71113 18 154955
159935 5 190643
141986 33 142631
75404 77 198699
108181 49 148004
87782 21 216915
99475 15 175754
91883 100 95882
117730 91 182099
7145 77 151214
180626 4 182341
83352 67 127240
100839 11 192603
184872 72 199857
71593 50 224459
23052 1 225847
10934 50 152523
23496 63 212179
67232 45 139119
19770 25 107618
47042 18 165721
51280 80 189567
112067 62 131249
18626 50 206314
145025 72 151923
19240 77 24438
111430 81 217129
36656 72 208950
23992 98 72861
14920 18 25258
104115 51 194949
42147 19 114926
14560 88 223707
159892 4 231953
90386 56 156969
71931 69 116003
40117 67 44765
114273 80 133377
34695 4 144550
26084 33 190906
77310 1 103110
30857 94 51232
65245 69 93331
52905 62 244374
76042 21 202699
110685 25 141494
164375 91 165370
45578 73 118888
20838 70 214247
225850 49 245079
18088 7 132358
24298 84 146633
102736 10 187517
150979 27 178664
88930 78 111769
40842 27 233379
100009 31 154085
67493 13 155248
48820 2 161123
19478 44 70097
71792 65 163100
196329 1 200509
32911 39 153961
29997 93 123537
14042 11 241481
137459 33 227503
135669 19 189940
20092 31 25176
109887 41 133160
55480 57 168608
54134 9 102180
2931 84 75048
142001 30 163577
51683 79 76343
62879 48 199039
5369 93 210349
52311 99 183977
7709 9 87090
2572 80 168599
58094 45 243110
57064 95 139035
12978 100 192555
81150 54 172541
14207 35 56575
70368 73 93695
152329 70 206385
24792 11 101954
64553 14 71393
156362 38 186636
83790 98 86865
46610 51 160531
212493 95 244237
15068 56 48398
51685 2 72213
113904 62 214019
41040 46 130814
91012 91 167315
112703 17 136454
107380 54 244763
103962 37 209240
181805 77 227537
120 59 18948
132502 97 196036
132455 67 193133
89690 28 127917
69551 92 76974
56916 33 131332
66886 24 103324
137276 24 215662
148551 6 220510
45249 30 65277
167702 10 225189
63009 90 246869
61461 8 116734
69395 98 200856
29551 82 56988
81297 99 194707
169808 15 170248
37816 76 56311
195193 17 240767
67475 82 151656
79955 83 145854
232023 79 241297
125070 50 188180
153206 75 190430
64833 10 107255
33169 63 43608
161823 69 204705
172073 16 232274
78124 77 191553
95540 17 203156
35195 7 165477
4178 57 108928
37504 63 60497
86254 51 175480
199067 74 247679
153354 23 204951
96202 58 134101
3081 80 181683
49975 54 188002
43682 37 122575
181961 14 247408
94756 86 178402
101487 61 163670
48500 8 108985
192455 69 236598
204573 18 237993
12769 69 208497
83038 13 114508
190508 62 215111
166881 24 231978
123497 58 169306
16247 100 228426
62558 96 140462
5961 18 133133
150743 70 166546
106110 56 188929
109510 30 133474
41544 7 241859
106277 10 135505
48911 53 226212
3246 36 25278
203002 11 245332
131129 87 177859
96439 43 184167
168111 78 202148
51407 84 104597
3443 52 92648
123557 92 217104
104890 81 181859
11992 40 204044
29416 8 185303
11675 98 193573
89259 12 100176
92636 58 135760
160215 64 239194
63457 2 145623
131122 89 200632
164626 84 245244
165748 17 221197
34572 34 168225
153652 53 244113
36773 34 160182
182653 75 203309
95989 24 175822
163762 74 230897
37782 26 180047
51246 99 245383
45724 87 241049
16080 18 167722
34598 39 231128
45085 1 224187
3817 48 83571
30621 47 95470
14466 15 181385
143802 47 249739
224997 56 247260
97894 15 241071
194053 15 209706
175855 49 209888
118516 19 230526
2128 69 30041
30916 92 201493
3936 49 192704
48888 7 93596
31363 27 127492
205948 71 247075
158513 74 241978
68846 29 247026
6515 15 223929
177305 73 208697
9124 98 93586
71161 35 224827
66795 3 205575
91982 81 104510
81864 27 122952
72724 6 92286
232099 46 233914
91137 46 209960
56063 62 76324
52977 84 59664
36989 87 224780
18657 38 19218
97922 66 220098
50550 70 98238
68178 98 194212
27895 87 224377
31087 95 54734
82636 25 128070
55010 88 151485
84232 25 124378
161599 95 193632
105490 67 199107
195060 85 218067
22627 32 126882
5790 94 104100
92831 35 161657
114508 100 171230
32630 2 169910
40795 69 233474
76280 21 95820
96955 39 116166
168106 56 236279
224009 28 238844
10309 28 127267
35370 79 42373
135182 44 150817
40066 75 62218
49724 19 87132
54804 79 245588
109835 82 132567
37679 24 245893
196405 37 246817
18147 56 30329
74392 77 163003
113119 45 116789
71650 94 105252
14359 80 16088
34317 60 203587
37992 74 67128
53359 37 166337
186349 95 196039
53619 57 70060
178527 55 215394
64591 46 220177
115160 38 150067
14262 92 55855
94146 43 109054
3106 19 198113
53779 33 243858
80286 75 153979
25029 20 105157
22931 5 97912
21118 81 111572
99684 78 171991
94086 88 197160
18211 38 165029
29801 66 172861
89141 19 109487
25414 9 190833
29880 59 58969
104824 1 128589
118216 40 125460
119258 64 246892
17430 2 70396
138010 5 229635
84122 2 208978
171296 32 222075
127296 30 240338
64700 38 77133
182264 70 218962
5069 88 240593
21374 97 38503
188076 10 244628
8797 96 86601
211490 87 222495
52269 88 171748
45668 99 132476
135933 23 231476
207804 12 227362
159476 49 177952
63184 95 243524
54093 80 168235
139887 26 176611
111309 21 122546
100763 77 158526
216272 66 249875
159271 24 231153
32006 56 48947
77475 50 207468
35544 86 237953
124831 2 182840
224627 87 245652
120186 81 136716
15962 60 248430
6461 41 77583
151543 93 218519
107251 2 130799
156194 50 194471
13537 3 53047
7899 13 107876
59367 38 144511
33048 39 83003
32509 7 190714
182350 18 235387
53856 8 70526
147294 5 152091
136604 9 150009
58203 92 68703
73027 87 106488
137844 83 237587
32051 35 184337
33651 89 148673
157311 84 232005
28249 95 138643
78255 73 187967
106583 49 127679
54048 78 158787
167692 92 179137
49627 59 222592
41096 15 143757
32292 87 79955
309 35 56465
79603 40 80656
23569 60 125469
87661 38 138341
170172 12 246088
95923 45 145410
37038 91 100203
36224 66 139805
804 18 62975
145596 25 218814
115241 79 232215
145011 47 197145
32667 93 142916
130526 79 237694
88852 91 223222
99111 8 117984
69212 67 91241
122147 14 155648
37923 93 168469
128514 29 200407
7328 73 70016
94630 89 249763
20473 97 208778
131428 50 204620
103207 88 132063
86178 91 112465
57434 90 120595
42897 30 143605
29226 71 190437
21346 55 97094
107125 89 131044
21894 42 107555
25175 1 148843
56868 58 95529
115208 19 244953
2156 53 151957
117928 18 236547
165701 63 178416
185007 78 207362
80010 91 231729
132060 31 240226
99937 58 129475
72590 65 78115
44006 36 102654
70120 78 116268
128856 23 245919
105980 36 230036
68020 49 155821
110169 10 199690
132872 15 163679
65701 71 92471
174829 4 189477
88327 21 248206
54176 88 124558
8965 63 188365
43205 32 206179
44500 45 232632
56172 77 221919
94142 63 199527
33808 33 146742
203706 80 240688
7815 99 54022
4917 96 95254
2674 47 112053
188769 23 214338
3058 48 168379
49920 95 129545
215729 93 219398
81204 61 183005
122156 43 145119
124638 82 218922
22997 74 184909
164596 29 198647
60871 83 108180
7308 70 152455
139620 70 199687
5665 64 101353
91426 37 121634
92148 64 148531
2056 46 15309
171104 26 206242
49369 18 66873
155922 79 238698
56878 25 109802
100222 68 244011
110162 13 192910
113085 6 216355
12408 98 61903
160544 12 239894
41243 93 52805
119083 22 143334
16448 27 56835
82650 85 174418
102354 17 200551
81601 15 225382
129570 57 212131
15195 22 147308
171712 52 187899
49520 57 144785
17274 4 174032
10759 90 108985
155096 82 191961
94670 55 140836
125315 16 180983
40642 59 199893
38774 91 158333
39946 97 203599
140886 76 217064
37742 73 237021
20491 5 155306
136664 49 216502
71402 80 81899
5040 99 44338
69844 4 221519
178823 54 184687
189898 36 224635
62666 67 94624
16161 36 144986
124866 4 187884
124338 50 149966
128481 8 237659
107984 89 241894
190841 96 207562
57963 12 229364
31323 20 117909
202862 96 230165
112696 82 114508
79442 77 243458
42472 44 219048
182609 67 230893
57828 11 194295
21498 99 51340
66539 58 121359
225532 15 241420
190010 56 231431
77410 97 245660
45281 3 53438
23640 30 44283
187045 19 200181
33383 78 91060
74540 60 223741
195762 96 240412
40316 17 205894
142527 89 234937
191163 99 228412
120533 54 160786
108014 27 200626
89662 11 196262
35780 14 110451
34290 54 235392
126830 69 234399
148008 92 167632
35521 78 241730
77930 64 169347
82726 89 155866
71961 66 162683
124145 41 137583
78819 57 177004
24233 11 165724
78584 65 101719
43460 60 135394
167372 6 178983
9926 68 240952
21377 4 141876
173072 12 213998
137317 34 149149
101244 56 127150
50058 9 217762
26268 68 181206
178783 2 246231
9339 93 49755
219955 88 242636
203419 98 243921
121627 32 137195
46700 74 85775
29574 50 244492
80754 49 177668
118413 21 220092
37265 13 240006
144215 28 151693
64252 29 70664
54687 17 122093
187764 73 241195
132601 18 198127
50675 74 153895
112346 20 147379
125831 45 222717
182869 49 240614
59825 44 245352
83379 98 182009
29068 26 80253
30834 46 239139
107090 67 125032
13820 27 85191
160670 95 188342
115959 36 239007
92780 11 218561
46024 13 197085
102556 9 112813
46177 42 98510
108173 97 135274
32844 70 139958
104856 96 195507
9869 33 242492
189064 48 211282
44175 100 92712
67327 96 108051
142227 38 182532
16968 74 114156
167555 8 171244
142913 92 145202
146795 20 182613
22681 23 46212
30685 42 128128
188485 22 226209
153078 93 231872
146751 23 166353
195564 98 214235
87002 31 147718
121084 22 147387
11809 57 230541
169740 17 181856
98390 64 225384
61141 87 98458
166913 50 231017
129164 32 142580
117665 92 180621
52372 67 156408
48456 8 249208
210991 81 215148
68140 13 188285
36916 22 58545
53818 48 74665
26357 73 70073
174176 63 231879
752 12 194861
93013 59 149769
74306 12 184354
91587 44 228371
75409 87 199408
8980 76 84077
43859 10 169571
206173 83 238970
95114 4 154160
10782 39 144024
191639 100 247416
64909 70 215519
62607 15 74937
12434 63 52399
48737 66 127532
7025 10 246503
148596 10 169834
83528 55 231356
180214 41 236653
5181 26 116503
217767 28 223677
195690 34 215999
33501 37 154916
153367 13 194531
46675 14 148737
14253 54 64999
219322 23 219411
96058 61 122010
54217 16 192710
81772 4 242923
138086 30 208938
200051 14 218669
6431 8 41073
141299 5 180246
50451 70 74787
88877 91 129407
166151 31 172844
155571 15 240802
190926 45 215143
50190 66 88387
1724 37 96354
84238 8 184218
28633 74 175014
9796 58 51826
27101 74 225385
3802 34 198883
12797 65 246680
132834 33 140650
104747 49 208123
116848 83 216425
69587 67 129480
203188 73 227005
62302 56 73235
116386 3 221109
63290 88 85721
85016 61 144729
39909 80 207141
54233 10 103584
79900 86 91041
144889 49 213206
41052 78 235723
20926 88 72869
87593 45 87848
63425 62 211892
105292 39 112816
160276 96 208596
14247 10 196545
42446 61 58693
17314 18 107023
128902 96 187162
158398 48 222578
20581 66 95477
83941 59 151141
32995 78 57838
48681 96 118992
41427 49 207030
38226 90 84240
57820 84 229573
190026 51 248303
5153 44 249989
27707 3 90851
8792 48 122398
18232 15 227234
9441 24 245790
114330 78 218973
149647 73 195423
154822 58 171096
26003 54 60042
41182 1 136532
64354 98 182092
150003 57 170554
4331 8 14808
20962 17 172946
18428 65 34303
6913 72 126683
196547 12 238753
122684 92 149748
98271 84 239778
8455 3 115702
36171 59 132356
15802 49 45965
211113 27 235019
125880 71 230702
47015 56 230669
46445 62 219630
128656 90 151726
117538 16 208569
55092 56 57493
193952 76 203470
63615 91 248281
73266 47 78174
78505 89 200653
4697 78 36720
73740 91 133067
77718 23 173892
15681 49 170748
126563 82 224831
117782 56 169826
28193 19 158052
19839 4 44604
32664 15 239152
326 6 76716
112610 95 160394
182474 10 195272
52365 22 190360
27838 51 208263
65125 74 222710
188996 52 234653
196049 53 235847
80476 8 171683
93249 40 113285
187092 52 221103
19005 12 81455
151838 23 165477
35510 8 187927
26245 9 237373
18013 4 152655
130546 73 163864
91764 35 234521
58561 41 79353
24215 29 194516
3106 68 191878
138778 93 219925
20770 80 82634
133022 63 197741
78712 56 194088
55144 80 145618
239479 11 242135
66120 25 150322
194543 64 210344
144146 6 248672
133587 59 212578
35758 4 128505
70072 88 90739
121755 91 139336
1050 65 111995
12216 92 193736
212281 11 236374
95528 4 165970
175214 6 236285
71855 89 169062
107119 55 195116
98333 12 190210
57429 40 174639
109787 5 130688
157659 4 202734
92415 92 179553
41620 64 230604
124546 6 246678
21911 60 36860
12358 67 118813
28016 3 47923
5790 61 247425
157486 92 232834
91413 15 221668
78901 18 195693
65861 72 205020
1254 83 157311
48791 53 221759
10877 95 208129
97758 24 120785
41880 40 124490
19149 42 186626
84255 3 234635
64558 88 132601
3765 26 141353
189877 27 235847
116326 16 138970
38627 74 145640
141822 67 233319
101787 94 235301
153087 59 189023
75501 93 204306
4324 78 164563
83684 70 223746
134265 93 189843
1670 82 121470
81031 18 109553
75178 54 207506
136308 29 219241
73392 74 201977
49468 62 114983
13543 2 88643
46186 96 72534
134217 55 151563
182787 49 221321
21214 6 60556
58462 93 145609
125230 47 128476
93614 1 131381
162713 53 232854
86604 91 238292
9108 91 220592
2147 37 198439
76045 78 236372
146780 32 231232
88172 52 234692
182209 86 243010
51450 15 73051
196359 68 214462
23848 51 248887
96046 41 160989
231511 62 232482
39650 96 207711
91269 99 167492
11485 53 225677
115053 54 231168
171323 19 214816
8522 56 128747
219101 81 242895
77381 32 241696
214760 40 242290
20950 77 59085
2893 82 59430
157613 72 202148
66387 36 88118
129539 13 175833
160418 49 177069
223634 72 243491
43542 76 244998
33546 79 72169
63533 62 123677
126718 86 248859
98131 70 163831
138405 45 185550
31153 92 37887
9684 94 68462
13809 4 118732
54378 70 239406
359 29 78957
157364 78 211099
41379 25 71454
38128 81 235505
19217 26 165847
3392 77 211779
109209 37 228812
77555 4 159879
58680 64 96905
74102 34 164717
30500 88 187505
87364 84 115851
38062 69 121059
32614 55 160658
151580 99 240865
81697 47 236874
189310 2 233238
131448 9 160363
46687 16 193959
129182 98 215175
209266 40 226997
214385 17 241909
138418 86 186893
70976 10 248282
87627 49 187016
60786 69 132202
50699 57 54577
93534 48 169675
36588 75 189424
212774 11 231119
139359 10 185681
146483 34 186466
120612 87 171461
220344 63 220987
5133 9 10583
111210 59 112721
118447 19 229335
27587 12 235928
35037 14 126389
112512 42 204589
163623 69 215976
236988 39 245875
110810 20 171003
96110 55 134418
24670 94 36958
22870 83 104413
33784 67 205141
114984 77 203298
102496 19 246938
73424 16 205773
132650 93 152130
82027 82 145407
88439 7 119733
18356 35 215068
210341 54 236001
13557 68 170560
172157 78 235174
16711 76 136359
16771 28 176569
4226 76 78434
88909 65 230207
71848 96 152518
36377 18 49776
71445 36 121272
2131 86 16622
50974 19 237948
61422 78 109448
102184 6 215139
87452 55 168856
109666 63 128373
25253 19 80162
162106 41 226419
22298 36 147052
168113 48 221626
60357 36 61119
135884 66 171018
72963 84 196462
125931 62 128872
26032 36 107569
182622 8 228051
87264 38 233627
210251 20 236549
84586 44 149690
153478 95 158653
52743 49 80026
137846 43 151046
19622 93 127260
41743 29 55880
10770 91 69011
68324 85 86400
45528 36 141208
19134 14 229333
48579 3 81407
18704 5 199496
93201 50 108929
23737 3 47839
52011 70 62704
123503 84 195659
28163 97 228518
55094 83 70070
65265 4 155238
31693 85 227399
33753 59 58713
10045 83 182089
123153 73 239188
47471 96 187964
92987 25 132708
48494 10 119283
118351 23 204529
23447 85 124542
50989 33 132275
38121 32 54838
56700 7 89145
98137 11 115508
71914 22 221309
95829 53 129632
16254 62 167337
14786 43 182236
201556 54 220484
147212 40 205205
110319 7 239841
20766 26 82192
63281 53 159434
48316 9 189427
56321 57 84762
20669 13 81675
22827 3 212436
162721 5 235903
75939 50 158706
85833 92 210072
56804 42 146770
44076 29 106495
204134 36 227241
77357 28 84393
95510 23 107490
156478 80 173305
76370 21 148703
92397 52 123082
238942 21 240936
182842 52 192381
47973 43 204480
130984 34 137272
127803 39 236255
8347 18 156700
68189 13 233223
114656 82 204061
140169 2 197101
144358 63 249321
44781 92 72545
91838 82 227552
20037 79 75715
30099 64 233477
69065 19 151538
159353 5 218011
66672 99 243458
10638 41 110646
10050 20 46290
101646 22 235252
115280 14 182937
4040 91 80408
124354 78 125565
131557 63 222486
46623 21 76757
2941 18 193674
73599 86 103664
110120 37 197388
33150 66 125782
65140 6 245009
41775 32 98201
66671 62 249312
243139 33 244117
22809 90 227820
106389 87 184167
100886 60 142148
160167 11 213217
125661 62 186935
69800 6 198785
11332 26 204556
38755 72 236989
36571 42 121270
25529 83 231645
45949 9 189017
31941 38 180677
24019 78 184913
155630 7 203925
1625 10 112750
11521 95 24613
30029 40 169095
56564 47 97903
125804 64 151272
33123 7 82411
107269 23 144092
43655 68 249000
102934 52 130503
116102 46 226151
49708 34 193361
2050 18 88229
58619 27 72729
48630 30 219802
111580 100 120918
132539 65 197127
49376 78 138086
11467 24 162263
99242 98 138527
77736 27 248361
86821 75 210202
123870 74 224291
15444 46 234726
95374 96 124669
180117 50 181977
142314 5 158575
123274 59 148548
122300 45 138879
125639 2 155764
184755 32 190708
86045 86 216175
54434 53 239535
17911 4 31848
95524 30 98398
81787 43 153666
44604 45 227021
60210 48 233722
30618 32 198534
50961 62 82829
113795 7 233463
97559 29 151176
15636 75 55853
38454 26 205323
10864 92 93991
177453 67 183371
122808 85 203681
75010 10 108427
11468 74 221384
188837 49 229950
37713 37 76002
27247 50 117886
111169 54 132611
212712 63 248241
97101 84 168689
78781 27 234491
44707 34 68543
155546 1 209643
198859 46 238770
35844 8 147137
151398 31 162588
83695 80 244697
232615 20 246158
18655 57 142816
126230 95 139082
115613 68 193167
171860 68 235605
220644 14 248701
212144 41 228617
39062 60 90913
76318 68 146663
102876 13 151585
21227 18 80937
35514 75 113318
130210 69 145496
8292 44 51527
51112 21 71294
185866 31 194259
18338 100 235064
100136 20 139378
119381 74 179144
149451 9 193481
95717 12 194473
93216 88 249415
59008 38 155329
53968 73 82027
175032 27 183521
897 94 151008
99052 40 151447
50096 68 178596
148248 51 241575
99689 84 107777
115616 100 229109
208427 43 216162
1440 96 123943
33281 29 72732
43976 80 85828
57242 57 178439
213405 12 234179
50918 43 246979
70169 58 217229
142126 35 200945
41671 79 221364
69106 21 75021
121030 62 220156
169007 60 238517
74904 66 79175
43556 28 160522
76827 11 157842
197337 36 229611
147688 10 156778
12091 46 122403
125308 19 205827
86402 24 197527
42523 95 52545
2812 59 118953
169619 93 207490
37755 15 74626
28680 51 123081
40899 46 122302
61653 15 127040
238734 92 244122
141400 11 182683
121203 13 223335
51739 75 97749
156837 53 232896
208551 31 215530
29112 76 67981
35812 94 121419
49859 13 201072
64102 64 139758
73535 26 112019
46595 55 237974
131676 36 143231
118872 91 151799
42731 84 156585
33634 98 72753
12738 44 60736
20722 4 184983
145367 39 177595
20719 61 118532
54659 19 228099
135520 31 155874
101682 50 206732
685 80 124305
96387 18 209243
125828 14 226851
45405 43 88770
144404 73 177177
59839 66 193083
8407 20 94826
51853 98 194838
124045 7 229825
84288 72 174826
107932 2 204504
168314 25 179329
135712 76 152471
88867 67 247259
33691 35 221211
55095 87 222208
90591 16 219602
57694 51 240706
105507 15 120823
89926 15 167359
110036 77 123142
77748 26 111701
21014 63 183594
43772 96 109931
83769 44 122716
37798 84 137086
35867 62 229840
108949 97 222443
45206 10 204101
134918 5 237138
110432 27 175006
11195 17 70919
82482 57 218363
31776 24 98595
120641 78 200439
218623 87 248184
89810 44 153001
189973 75 239376
12107 21 204041
160436 4 173281
5860 79 190622
82944 5 124639
3844 34 68869
53092 96 68207
9143 83 148409
19840 34 170365
6108 93 110236
92174 11 237260
120051 31 128888
206822 37 223148
216081 21 224461
27194 28 221400
67182 34 174024
176197 71 185783
100951 97 111232
4990 23 210213
141138 1 227962
42781 14 112332
12033 27 196052
72823 9 95522
106332 96 231997
16753 20 92721
7420 100 72125
95736 40 127933
91721 21 209451
116552 17 179920
54890 26 141879
56934 57 95660
136836 75 233852
121763 35 170542
14225 15 239498
156109 37 188348
64141 80 205493
41629 87 203160
142098 81 212726
75794 15 194939
137635 18 194622
146697 37 218210
17903 77 169116
187609 25 218770
60321 17 202684
56044 99 197408
80493 24 104288
21388 84 62919
49256 36 229825
103035 68 132940
199663 53 207494
215088 62 239913
144129 79 225840
18790 98 211798
220703 14 229145
128776 34 213232
187521 2 202176
112032 61 147784
84298 75 157902
82542 50 94075
80245 24 213268
39685 66 248333
81604 98 210079
176514 13 192215
86276 91 243000
167011 17 246321
11423 61 144650
3480 25 60044
17232 31 21392
201844 36 248975
93988 11 226636
36226 44 208155
43157 74 217031
23377 45 225158
94878 27 144801
211341 78 218668
66317 54 170351
139550 17 155457
177284 22 215412
43790 10 48465
5522 73 207747
1271 80 235427
18877 25 183386
142389 58 165415
151641 27 166340
52983 82 142498
25393 65 99139
8085 61 23502
91181 34 108387
30302 28 46337
14948 12 46089
76035 7 113124
187713 71 240587
79461 22 154934
21159 7 35107
135151 72 219299
19387 8 142983
42129 21 63774
100425 59 115943
217681 96 239438
63280 96 228306
161852 72 247631
105039 52 183875
86271 71 187539
45392 7 108079
21627 77 249588
89543 94 163898
229186 30 234443
198036 97 230702
98024 87 167185
29354 82 207755
40493 74 143957
65654 5 148724
46564 36 191683
10282 69 93545
30167 42 148837
51097 58 214940
178907 97 197570
45073 18 127845
109301 60 194800
35187 23 182612
46397 57 182162
114353 10 126727
55184 70 214107
206509 54 211589
35162 76 239734
63384 85 170159
213153 40 222886
89362 62 198839
10637 66 205791
167282 31 208157
120032 19 217016
19106 9 23893
89517 92 105169
72130 9 193483
68759 2 157084
199101 24 216898
26187 87 167447
94858 16 139957
47890 3 187575
183889 86 197261
43039 70 54494
114945 5 230102
117138 91 197900
173152 73 219756
44231 56 204346
180559 1 183692
3386 96 141051
151434 41 222745
72053 58 232733
92325 30 232210
183754 38 201851
31112 70 126499
30538 67 92066
154679 82 237997
163327 59 165397
83618 54 246786
153259 94 154878
47969 83 115382
5058 21 207078
34373 75 34545
122022 8 169983
53129 80 135386
38474 88 197394
124728 2 211473
108571 67 159660
118568 47 152248
176283 33 198783
35496 100 168153
62172 54 67229
113545 55 181555
134941 46 246008
119061 11 163002
28194 49 207055
113812 21 164548
101533 32 108993
25739 27 233437
11058 54 156960
87542 11 168995
177973 12 220977
116709 64 140141
47177 93 137856
21016 76 219904
13747 83 22424
136159 78 142778
75928 37 223184
71024 67 87568
37119 12 101762
100060 50 114752
175819 69 188714
17698 22 226637
32187 54 248600
63348 21 220684
129698 82 165057
1927 36 185893
147517 1 198507
188336 33 204197
111935 13 186208
168374 85 249913
18060 11 51424
41990 65 57825
50383 54 120850
134491 41 141835
203423 20 248974
28320 78 158344
40631 69 188997
10451 53 52042
114802 65 216102
124677 6 239512
168534 86 190428
88812 100 185711
236941 69 242337
84635 93 121024
50082 46 241243
62638 26 70004
49104 37 50739
97770 48 200201
13598 91 169209
146678 45 181291
141837 5 202801
29031 9 198755
15439 92 218383
89307 21 187391
187458 57 238726
180051 39 192578
139923 44 181120
43187 74 137248
30614 30 33303
81040 72 218190
158206 53 221589
128467 6 150943
41728 14 140505
2565 82 139065
21831 35 22764
50626 37 117107
13207 29 69005
27772 24 110670
224381 51 233564
191983 21 215933
21820 14 44584
42263 75 62248
1315 56 166123
47545 46 139982
79423 89 86312
69229 73 166213
47018 56 215803
138593 57 216909
13081 80 187385
67417 85 78638
5456 94 190878
40490 27 80889
64916 38 69969
1899 13 23891
75202 45 178191
159459 100 235032
101564 1 174655
87240 46 194626
240467 94 244857
58773 72 149494
22446 61 225247
95773 11 211236
126384 19 195705
73132 33 108742
190687 1 239272
131023 10 188787
33657 52 113361
53904 31 69209
71006 47 84861
181712 87 212400
39608 98 186280
64050 37 200393
121137 87 138441
32304 41 137595
192180 98 202236
11721 59 105680
181118 69 232040
39819 85 225489
14649 99 47371
72946 5 135490
25613 13 145213
86215 97 238509
46342 8 167414
176185 97 199228
146147 18 209797
119599 17 236250
116511 86 181344
37063 96 87934
17781 2 36814
62961 10 146581
20742 37 216183
86473 14 173395
49121 25 65556
112580 68 127954
47397 1 89049
36064 4 113684
166957 26 189484
192444 22 203093
38291 85 234966
27621 49 153964
40135 7 199188
25445 38 99180
17080 75 42143
178709 7 186414
112153 41 170886
15554 13 181458
162746 88 233596
29649 79 116428
22757 5 102076
41227 49 232023
62059 20 103376
121944 93 225319
149735 62 171545
43442 24 72063
83726 83 90068
219003 24 241529
65948 88 130838
133949 17 241605
150577 61 244626
83984 32 148148
47823 17 189925
150756 77 174926
175702 100 214946
51255 86 131875
149647 80 175208
166931 65 168291
95183 70 98287
7857 48 158373
28589 21 197706
60959 44 84458
159547 68 237677
66020 44 244573
28218 27 56086
79434 94 115216
119624 46 192816
216716 14 219376
60470 58 207614
148555 12 176067
121239 87 182178
33457 22 223773
58938 71 248002
126225 24 219680
12288 78 94091
147071 64 175677
74562 14 136007
140386 5 142165
43598 66 92267
61147 23 86078
31186 38 34528
48389 24 194131
91227 60 110097
27427 61 247905
159213 97 228627
48379 14 77212
36498 96 70921
154798 2 174190
137629 84 148502
129109 62 231519
161365 15 209612
123214 51 225932
54906 81 239236
98087 24 225589
57561 59 239251
41873 8 237126
107033 14 134379
218449 92 248871
129474 52 150945
141993 14 162922
98673 9 127568
205913 54 244280
131359 86 137798
15179 78 152597
92215 78 188651
38436 72 108849
154486 26 186641
26029 32 197299
226141 46 232431
41749 63 76550
49239 70 203745
90513 100 129281
51456 19 66157
3459 63 143225
13721 78 218556
142611 69 227501
115069 42 157406
74689 40 118624
45276 57 243272
177735 95 206338
38847 64 138377
168695 87 220875
52226 18 150040
90483 12 225011
209725 54 245424
125545 81 141453
207161 28 210922
19324 39 99371
47897 31 88221
145964 1 245142
3398 67 40470
20657 34 132042
112613 42 244645
98551 83 240123
70069 97 153748
134286 3 248280
95122 12 125346
83782 2 101720
96074 50 224967
33088 63 138168
57904 22 201527
65148 37 73161
122772 26 207791
67078 11 121801
72480 1 188447
174259 2 231328
61816 63 223859
94007 58 245224
41013 4 70184
73531 46 238518
53145 75 211195
20778 39 193107
2803 74 61904
193996 66 231773
144233 23 197599
13287 38 42838
11113 37 172811
82950 5 227490
72424 78 145910
164832 6 217094
56589 45 235081
10724 9 87547
41667 70 110969
152847 79 158028
65434 54 156007
158809 86 206514
10735 39 111288
20387 54 176104
30420 22 160397
92453 52 104433
16393 59 241404
38088 1 235041
182835 57 189297
217114 80 249799
191343 6 234654
234434 42 242915
10860 28 177323
40834 42 59795
144762 5 181696
52343 22 190677
89366 91 152876
23694 96 241000
69790 97 140408
81141 71 146138
101712 8 164246
109372 33 180047
79816 17 236556
69754 49 190215
33558 75 129601
208728 88 239501
60446 13 105522
67311 29 212271
59238 69 166419
170970 98 213129
103388 51 218963
180941 80 214429
21076 26 25114
64168 93 135382
33004 24 201939
115064 24 154782
216373 38 246420
111830 20 141245
17978 37 169211
85828 58 207843
136512 47 227979
75241 44 245986
103098 10 223862
60019 29 123046
18628 95 237305
130306 70 215801
55142 27 236624
6370 42 126871
99913 58 103152
133876 4 242429
58701 60 208783
13794 80 52131
70498 6 178593
180132 98 186549
200565 43 206730
72036 72 87435
36055 30 249874
27564 17 166652
64518 24 140953
46968 15 195528
113347 30 246147
53789 88 127421
86904 51 156459
88712 97 193752
75904 79 118521
11078 42 94757
22512 29 53739
198418 79 248043
162533 41 212872
6635 24 28066
88142 10 168900
85534 71 230236
89927 70 178753
52429 37 207768
48582 38 241240
97048 65 152611
39810 37 80482
148655 10 196610
17980 83 247033
103137 46 199754
8606 99 116835
142603 56 179297
86586 36 165530
36024 74 80295
119988 16 226769
22178 23 59460
126546 85 246894
113567 96 194520
162408 15 166125
143750 72 249146
157861 42 169114
63212 46 161303
40005 54 97344
108246 31 192961
69707 73 193453
177362 26 207407
16968 6 230105
193900 8 199036
85544 89 173694
138440 63 160594
119893 24 148487
126948 19 196213
31025 27 157920
29487 8 166209
169093 62 174436
22120 66 30099
71069 5 212913
213459 19 246360
18896 64 106812
136462 45 156053
75777 39 211881
171837 10 210340
108304 33 212402
114111 29 224431
7419 2 174494
192447 91 203716
57045 34 155287
127355 14 187961
17594 18 124200
39296 100 98562
37608 64 137681
178699 63 199018
174896 18 237070
103418 43 235341
122594 10 145924
2453 34 172553
62766 67 183691
179099 29 198570
38322 55 187115
132094 70 155171
13392 66 52785
61281 82 168576
15092 11 134730
227503 86 237151
37941 9 103453
159490 15 220928
84189 63 93583
94468 84 233622
120166 27 188561
29470 29 200680
45239 71 58957
184248 52 190992
32112 44 47242
176881 30 209991
23282 93 229775
202161 86 210543
153178 38 170983
77673 3 110284
72506 48 211795
70576 91 202763
87299 74 217727
176142 100 242516
34627 62 214076
99231 85 100869
32712 4 213290
34437 75 51984
109602 4 196071
6145 38 24201
201954 43 222886
136432 89 246568
46813 12 200626
16492 87 197080
108124 32 247006
64555 88 219239
1635 35 134653
37138 18 200085
18528 1 31279
212831 56 227268
176512 98 201092
44689 33 105422
151382 65 164453
90079 83 205864
36131 50 146642
39451 71 179904
35050 24 118613
30433 59 181424
112789 18 140096
53516 75 213101
47562 34 88450
46968 22 179477
90994 78 129737
37931 96 190692
139254 30 233329
35734 55 106232
11815 6 211166
33918 75 121725
78316 41 177199
142419 63 235318
81816 30 248326
3983 75 30942
37927 54 212182
115996 65 203009
63543 6 125209
55887 75 121134
214710 17 230228
51010 32 158027
77180 35 96397
202629 81 206075
4758 87 200692
8053 41 91790
5797 24 125702
19993 24 220008
94289 32 238191
84212 2 237888
215627 34 233474
124881 88 141242
129381 94 217396
9453 74 182922
135193 2 138240
71741 100 74690
183064 24 207584
14239 17 101280
110296 93 143106
37589 16 66464
43528 24 151662
180880 55 234431
113099 56 235712
32666 13 97161
170301 52 215186
166176 48 191574
172084 53 225901
100383 1 116830
76055 61 85959
29838 93 168601
163064 48 214730
153645 69 204690
81739 43 217095
35221 61 93580
45682 46 184820
63256 65 212944
165171 93 235242
81902 64 148687
21016 80 206185
9886 15 140725
17799 53 247738
66554 69 118728
169039 26 219652
229226 41 239071
20095 34 213624
37825 11 123581
217466 36 245088
44908 88 238668
35160 51 130268
9110 57 168943
60556 36 204438
52384 61 143338
97403 64 213591
24342 10 123390
33675 43 69518
53373 42 63947
73153 58 115476
119883 20 147174
77552 27 241562
42925 63 138236
137577 38 217807
235373 50 237485
112684 36 193209
88565 34 219886
15199 33 119280
167266 53 245361
38016 35 201770
20590 96 245376
119497 94 167947
185713 14 211735
104575 64 136551
57818 52 193565
49819 72 53889
56799 25 103998
128266 64 196498
215761 73 233301
72578 53 199192
57115 71 222115
6263 61 122231
81936 27 182069
120793 36 248004
165065 5 228255
174596 84 222513
93966 47 94120
29184 29 108830
171071 52 233126
32597 17 153575
109507 93 214606
166077 4 229653
194963 84 242272
75267 77 134232
91618 44 138196
185805 58 242230
13771 38 203210
24009 83 140620
130285 21 225899
90378 69 113771
134499 41 154960
63202 21 126805
106996 99 224922
67605 52 96257
103998 33 239418
39159 10 77346
92265 34 99326
43779 21 108529
154155 70 226181
17267 36 65054
179864 21 219975
50702 90 81338
3667 44 15523
14825 23 26638
115841 44 129568
38637 32 75431
21234 99 220425
147894 98 182006
77524 19 236345
32987 43 190880
111567 77 128309
13258 58 140802
124207 11 244227
28072 27 39444
75357 40 112938
54024 99 70321
34774 97 213216
157281 78 163601
49747 19 207236
94113 7 162180
10534 81 187259
67469 43 194181
177528 81 202890
8158 86 164880
66551 93 124580
88289 89 217120
84496 47 196466
48918 75 106227
19979 93 214995
91620 98 129621
13817 10 192377
47518 21 214007
124656 62 193535
11949 73 212752
163526 80 172594
38009 96 59982
81505 49 184369
29475 47 180872
127935 80 191174
102488 26 249791
109131 88 164816
51472 40 71058
49921 80 62734
165041 40 243872
53305 24 148525
134324 87 224332
14374 35 114260
124456 15 159101
183900 29 235304
90189 48 118849
126618 63 244034
221355 71 237159
31891 54 45796
67413 60 120926
106737 54 206599
14932 77 82846
10909 78 177043
92768 96 140269
114191 58 187199
57945 59 134899
32484 6 209832
5699 96 111720
89819 51 133427
42877 78 68249
6935 77 161268
176483 75 225618
36534 82 115891
132876 70 202937
152506 19 176040
19385 59 49953
113726 95 226724
84426 75 240372
66035 1 95951
36067 69 229517
132354 84 246563
166009 53 226532
169053 71 207344
105127 20 131538
48945 36 67740
55338 89 199458
67564 57 156181
101006 83 109357
60899 13 165069
83685 7 227125
2520 49 97431
60941 62 62473
115071 68 215867
71168 68 232273
210201 34 229276
154576 18 212304
128681 56 135939
103379 5 160249
185606 1 215339
59383 63 61807
27649 56 103554
49365 58 119737
30904 80 195785
61559 5 73278
66727 28 112632
36307 59 110555
18884 70 177383
145068 37 157413
16363 13 171886
13387 17 117072
14272 93 44479
3686 62 62216
96709 35 123366
65161 44 120940
57714 46 71954
74265 67 135771
3408 83 71075
21712 22 48400
13281 93 161174
45208 55 89643
10880 3 240937
4073 14 245658
14535 21 93931
143382 49 220653
113097 17 170860
109893 93 209446
45258 49 153543
237940 98 239259
96163 22 97252
13932 8 219115
66662 87 241104
87194 34 200733
226282 30 244617
50597 32 210095
15030 34 95142
179544 49 198961
70432 10 113820
54411 66 225148
48890 85 202698
176965 7 201462
127167 100 138698
28330 13 125931
20176 98 147752
32080 55 181473
400 88 27954
23095 21 214172
128677 31 141087
75652 3 244859
29744 16 49386
77222 10 245685
35249 40 118346
202825 71 228648
189529 71 240552
207126 56 245236
91967 71 200804
13096 1 141847
122708 68 163038
47226 9 178974
53039 64 121236
14112 73 160216
25383 84 56178
38837 24 216268
58914 9 166021
109389 7 173941
42891 8 66840
126130 43 187074
105840 76 199546
53741 62 146683
89992 6 180658
211423 67 214769
52076 50 81919
99040 100 175239
11115 11 13562
5914 79 49214
142977 34 237828
220909 20 243798
78216 70 135661
82331 88 114563
13722 81 128532
114417 70 152171
68200 95 200400
62463 95 162005
124336 41 203343
136588 15 182706
122371 69 182345
17886 30 65112
63615 87 234988
32383 14 196351
187457 50 218588
30510 41 172861
188566 50 239156
12718 14 112082
41636 32 91284
79338 16 136107
54498 50 136310
2574 20 56743
204037 64 242713
225183 48 248596
4395 50 191613
137421 53 229623
211644 22 220368
2255 5 86741
161474 12 215139
6239 48 124971
11164 4 239122
13096 3 243202
105223 40 200219
150715 89 237546
78734 59 130326
7139 78 245827
64076 94 64218
243566 21 247527
15603 47 88473
56933 23 78062
147562 81 149861
42825 68 183137
12544 40 172633
19855 3 59040
28533 15 129229
34726 18 144103
91240 78 161519
17642 36 229714
93982 12 241691
97433 47 119288
139150 31 167189
106040 64 210996
58114 9 100173
42080 69 185145
104357 91 189898
131813 4 201005
75891 64 87970
134865 71 210942
150963 29 182028
155046 24 194556
135137 92 216857
1502 10 11399
93313 1 217798
48458 17 154018
2873 34 146626
120418 100 144498
166641 67 217451
128705 14 229766
20362 3 34982
178144 71 217200
177177 59 234838
17600 41 63802
77930 50 142376
105552 83 237185
17954 52 46623
111680 39 143085
125984 19 190095
161577 92 239303
63361 79 249695
128284 25 214372
52387 39 119416
10604 69 99072
24849 92 237473
102479 76 174016
53054 10 229641
12421 5 139119
131025 25 219945
55448 93 90021
18871 96 140638
177309 3 243063
102470 41 178424
97958 50 138272
79763 33 133050
6857 40 155408
144868 78 221139
7886 66 90711
178561 9 213946
95773 16 151549
77573 84 209032
7022 68 141787
27147 65 247206
6262 75 142179
227424 82 245993
60381 85 163055
118314 92 204521
128295 34 174127
49434 20 116462
64009 86 95184
190423 43 194311
64701 86 65418
44827 30 112520
224876 9 226458
141713 17 158965
136927 84 147340
16700 42 18039
2899 64 213120
16071 32 214350
145699 2 155737
211108 40 235414
138599 17 199408
29856 99 194552
1789 88 218309
119025 49 199204
16137 14 24324
128927 71 238598
9200 3 159870
71353 20 71874
64653 92 104375
148251 25 150024
125931 35 136585
56571 78 148756
35017 76 41342
28691 26 46810
51380 8 195589
160527 34 231021
187500 9 191768
107025 40 158977
3213 22 103001
62220 84 116325
58741 1 153911
8106 60 56540
131498 7 208503
161801 52 245400
36490 25 166927
76363 96 244819
74716 54 240825
19424 87 163445
137455 12 190722
146194 37 146445
122351 75 161492
41940 7 220577
104672 65 120236
65823 66 219069
42166 82 65666
18976 36 58754
216079 33 226811
232396 17 244215
98487 8 202063
29908 86 170413
28557 71 243489
90429 66 208281
23322 59 23896
95178 90 132346
93783 94 161734
47392 29 187427
181382 99 211204
56999 19 150506
61207 15 233774
152200 35 218477
67858 90 201001
49061 21 159886
82375 49 152277
66224 38 174304
37857 14 204843
33569 25 45908
164660 14 227672
10072 96 60983
45627 58 83487
116021 42 155640
105309 100 205110
54514 66 77017
92241 13 114797
7874 70 146855
8641 30 192131
159439 14 234945
123981 65 153219
124726 19 136555
154236 88 163015
88797 16 98614
120653 50 197029
19257 35 107374
117471 18 161663
9712 11 203733
170495 95 206102
42687 63 56853
18050 78 66151
211493 38 243145
118307 34 198304
146062 30 228864
152242 81 192285
174481 26 211826
67906 7 156777
169089 24 213352
147203 22 149520
132456 83 217539
12767 83 138138
58274 81 137140
66080 25 204569
665 36 182552
40777 92 57150
56727 36 214219
177283 76 221006
3995 100 194768
6590 34 206724
40660 85 201757
204137 1 240907
69540 14 242391
51507 19 64464
188341 93 241952
62146 86 199469
56015 78 148788
102830 36 237324
39613 13 215874
48739 77 158689
80734 85 213535
89960 53 152317
17306 53 100164
17395 93 148554
3985 100 59789
76729 47 160692
213400 39 220136
187272 76 220246
18403 78 146033
112982 43 138500
165375 44 216655
64503 24 84418
68234 91 249167
90482 33 116009
68094 43 111524
48392 59 60141
123806 58 197192
8491 37 102671
35854 13 125768
5457 57 51254
99059 48 116829
79713 92 93758
48956 38 204692
94586 63 97943
166125 30 245220
124166 71 228590
242141 83 244454
474 52 240881
110773 36 247431
119738 19 247091
20405 46 39962
26367 3 108933
108499 54 121684
21798 65 41810
132359 40 164237
48619 68 148792
84119 56 172006
156159 7 216700
197903 84 227207
198560 40 239521
58388 43 108776
111882 65 154464
226238 50 241015
28666 74 34471
77211 47 199241
55684 64 154654
76867 52 209343
36823 67 228797
89700 86 159303
15038 68 44864
20264 58 46169
210390 80 229351
111685 29 201648
14407 36 125984
227943 81 232150
93902 97 98936
96278 90 155729
186170 3 229941
36992 29 103895
17363 64 36189
105039 5 198000
36704 67 221686
4527 46 102553
24616 3 129547
119414 79 235961
174845 88 217580
44960 20 118014
38540 25 55199
29612 44 76792
11482 35 13048
39918 64 220408
42284 41 158408
112283 91 154210
73058 67 171380
29502 49 221807
76064 30 121981
62698 40 185400
110500 64 131972
22064 85 33665
29222 83 218985
72672 75 167015
40336 53 242715
158171 4 208988
190628 91 228662
166687 88 176410
71383 96 197477
72803 32 119200
12905 22 214135
126327 87 247501
59358 81 228227
141625 67 194324
88028 26 109129
115390 37 238228
60001 7 180744
10812 11 174559
70821 59 87549
85609 24 166397
67417 74 140917
189803 59 220103
177577 4 183717
32646 5 195994
56112 91 138084
15446 11 26355
62703 95 138299
13828 26 178686
81372 34 241529
161895 82 200211
7697 51 128203
71954 44 121615
72426 70 154979
18271 45 228244
163314 40 166469
11237 98 65213
27037 79 77184
62124 98 107508
229677 13 239772
92652 63 137049
13647 54 239078
9606 6 192926
22422 74 153061
104727 45 208161
9246 60 170074
94682 88 98058
99867 16 189952
7624 70 136230
65890 48 241815
24332 58 31162
37438 23 70557
136126 69 210623
136228 34 157564
149882 17 205733
81219 15 211560
24521 21 188553
7173 51 190095
95603 41 175173
68959 75 188728
26424 62 51495
82458 65 219219
1243 91 86895
117346 45 129302
95220 71 151091
156087 69 212221
141526 34 207514
44771 33 51434
195900 3 210983
23522 77 247050
59622 18 187218
201908 95 248760
118080 66 182236
148260 20 218804
203951 71 236802
7846 85 176290
67786 47 152158
196890 46 222909
9680 63 104546
196885 79 199529
21596 10 42630
92734 73 115933
49129 14 68199
190609 33 233849
62583 97 154269
21670 64 90029
20789 99 154455
26650 62 224736
6053 42 194689
129504 45 139239
95688 21 231042
56748 17 62763
46706 17 163904
64695 41 118946
65924 63 107680
5750 61 20184
228340 69 240052
57821 5 92635
91357 75 225806
99137 84 202601
7047 6 202279
80693 94 222350
114848 49 135246
4965 81 17502
13494 8 128801
2427 35 97908
114271 24 190053
125469 99 167646
173107 75 220103
68551 27 213868
31996 98 236823
11731 87 193755
83499 78 139412
8011 34 177575
11263 52 148654
154237 37 222448
70528 5 205068
55970 30 120364
112321 12 222457
29604 38 221419
165932 84 189773
176296 95 177538
51216 25 184859
99168 70 146683
29791 54 47792
224662 97 248114
98335 77 123666
39412 72 185223
60995 72 138911
16619 83 201536
48901 21 140542
66270 78 205056
114435 54 117415
114452 32 224105
63568 54 204740
238313 25 243853
23076 46 190692
145 23 92879
134744 78 179335
185903 22 227618
144172 92 212000
37229 65 64618
230051 21 237169
120086 60 166117
76109 50 169777
33854 53 212667
157853 12 227501
39918 76 152237
20594 14 75210
45669 27 144661
185328 18 203525
82310 57 239642
112607 35 171877
90182 7 157641
162116 14 195286
100910 41 185615
17593 53 165081
110774 28 220685
79094 88 214510
30224 60 216831
36586 75 197874
226458 38 249335
151830 56 168882
12106 10 185454
120620 13 126617
219166 63 223471
88786 42 161718
39417 73 190855
121708 99 188157
227868 28 238717
166745 4 233012
122347 47 194006
47509 86 165775
35970 91 230114
21871 9 173351
80331 33 90822
141876 72 178443
10834 38 190241
104948 71 223920
57740 76 200207
1675 34 77689
111646 100 117510
30630 75 242143
87651 42 100533
65156 45 105544
38038 53 208739
115232 92 189948
24805 74 33159
60547 5 249567
87472 71 231492
193217 51 250000
123574 5 132856
116411 24 187178
104367 84 131316
54096 56 237226
35611 18 238840
97082 45 210756
22948 40 132351
18632 64 29613
61619 35 182252
4531 97 24738
205077 12 246486
21101 66 204397
103149 70 147358
26142 37 140063
80518 94 85784
81188 55 82942
189048 34 202550
75411 13 135164
64732 54 94336
153063 21 206523
8491 98 24633
113292 41 242381
117144 22 131964
218179 79 240710
151167 39 201914
99158 56 99777
26597 19 196729
212028 72 240511
172180 81 223871
181 60 73175
216928 87 223980
35104 25 243891
38933 42 115309
52824 83 54136
81112 92 201871
23279 77 117471
82637 73 144731
13190 27 61787
171127 50 203516
7728 87 216412
116678 45 224008
23047 53 166690
194847 52 236627
15230 57 34185
107797 91 215392
41086 20 202058
50788 69 180558
15534 80 160334
26388 59 230606
44433 93 102212
37132 61 69171
78720 86 82187
54404 74 114775
95462 54 195693
60243 29 169968
23249 41 190498
47915 5 149970
122600 70 206503
2626 4 38756
44080 43 195021
97597 56 143248
165042 37 242535
29684 31 31639
103028 58 152017
38620 33 54868
10550 73 236254
19782 27 117292
75515 75 133966
42146 79 131522
170205 22 197178
12190 47 18954
93674 28 129329
24616 8 165074
158419 25 161995
55475 6 168014
41771 7 195721
152711 16 187199
69512 42 138087
50359 70 161178
17696 96 249067
179475 40 246798
2984 48 221211
82544 43 224329
61561 17 77694
41155 28 243804
86730 48 103913
194488 75 198386
137252 66 183875
7337 41 44540
77675 30 225590
44129 9 169894
207459 35 234179
155825 34 211054
5075 73 128232
123832 36 184295
28141 93 99666
88009 88 232160
74625 43 204872
70808 14 122170
55414 92 195843
168480 5 238579
47560 26 98451
178610 88 187144
11778 83 148338
34767 46 86594
169131 27 205855
18719 17 161473
77257 98 81390
27598 40 178393
59615 81 229029
142159 48 217166
13508 51 120084
94823 74 197765
54383 15 156538
28896 21 141150
53215 87 201744
235029 81 237386
40164 57 233589
99255 29 248814
138857 69 212426
39325 68 176922
113122 78 199531
42151 96 147980
117374 34 231815
44177 34 248760
220199 26 235881
64340 90 90682
69142 54 213456
71600 30 229219
44612 59 101609
50823 22 225875
88983 73 181039
147640 71 227764
126131 92 191109
161915 74 188920
83312 95 177802
158426 45 186939
53970 74 155248
92807 79 215361
128837 9 169768
184898 84 223403
40884 1 151144
164195 44 249220
9388 45 33341
123472 55 221817
153113 23 172243
113426 46 192108
125279 52 194035
223935 62 234144
30017 9 247775
41506 42 73714
84110 12 170439
21270 1 242390
155917 29 182664
14513 94 225561
40165 63 182933
178065 55 224699
150832 90 156873
86309 68 175593
63543 10 211648
96596 79 138288
118075 79 200691
36635 45 97707
15387 45 86414
26238 99 169116
139981 29 219110
111906 61 121704
112588 5 159014
41296 64 191119
117137 70 219930
5628 92 198037
6732 66 144927
25874 3 61434
82427 57 190853
75524 40 182729
79019 22 90388
24054 79 157136
72820 28 123296
100449 3 141579
206750 77 217337
2633 53 86225
36164 92 70990
227074 75 244159
16621 63 236982
116075 91 174358
176969 53 179659
23312 51 27142
20477 77 150980
62495 69 148293
62095 97 159733
30660 93 56185
77615 40 150030
50510 78 242015
18182 59 133376
53912 35 124388
82594 69 109564
112424 33 172902
14238 74 79570
161325 50 169915
35215 87 101484
15516 96 41189
103798 14 187715
93319 27 205304
108215 87 235316
116914 10 246150
13295 63 71567
30982 10 123981
54647 57 246936
110196 93 118056
236465 15 238687
42464 89 94065
22784 84 231095
207148 61 236581
33068 37 155122
131149 34 169941
77041 7 196311
109146 49 175748
117570 89 177702
158677 24 236626
171560 43 181170
67719 15 179022
5130 47 214513
103293 82 187720
52068 15 211932
132493 61 151448
91123 83 139025
219733 41 248585
52145 30 162460
76453 80 149869
136338 81 233371
72217 3 189626
19694 76 190801
194534 18 246761
180236 58 233983
156904 86 247148
102469 22 204878
31343 71 78669
127084 35 136928
1241 76 29516
76087 88 183074
210748 1 244477
28954 11 161132
5866 59 188152
65554 86 78279
39979 57 233414
35737 72 99069
173203 8 243878
21529 38 167331
17407 93 194005
40462 22 151524
416 4 17272
70259 35 156848
97479 20 161136
199444 41 202678
72359 96 94322
2601 68 240338
72882 41 177228
209068 65 237669
21958 86 225007
122675 90 246715
39031 22 83365
92874 50 137866
49565 11 80275
194578 56 211297
106549 43 155743
3999 80 233526
163208 49 248399
11458 94 85666
17701 31 43786
154510 42 245951
121808 22 229195
29833 56 176085
80974 73 187872
121523 9 140339
135764 38 218476
25213 48 187090
72578 54 74156
6852 85 235007
130227 94 134779
64205 52 68770
171406 53 246200
141912 95 223017
95998 5 165595
216731 62 220679
172042 18 192822
46198 86 154594
136701 39 220424
127831 26 242263
40014 86 73273
48063 88 76116
82013 94 225542
16185 4 115692
62214 83 161921
6119 35 52962
42656 41 221808
84429 14 100844
56293 7 190612
32251 12 214826
31597 64 166067
75802 68 142642
50440 44 69918
65833 50 75089
134706 30 168464
68118 33 248737
101550 68 173629
138472 54 167107
171666 61 217573
2593 53 184701
19378 84 214479
48315 95 131774
62333 1 238889
65789 68 99956
44649 36 215848
1670 90 40194
102863 36 158143
39349 21 69818
30103 14 220741
59040 58 150797
147247 42 245307
21765 13 152145
88467 37 128708
37192 15 229972
91245 92 142096
134776 64 223238
66861 67 161435
39431 57 191070
17023 62 70591
151112 64 187405
174370 8 221764
23638 30 117364
41116 80 241712
26267 61 66156
94134 4 180177
155244 46 160109
97834 60 193439
16577 55 28098
47020 63 151601
155706 77 197843
109680 99 166831
157970 65 244051
23527 3 135880
61278 7 196037
32924 40 43320
75036 95 80259
39408 96 197387
81786 62 240296
36594 86 205701
37360 66 86806
127050 53 161724
66898 87 124084
176391 73 210966
160387 67 209785
23403 87 108803
26460 53 32624
239874 94 244392
117709 16 193290
2952 33 31942
130993 19 226610
115348 24 131295
37983 53 122729
4341 10 249549
114300 78 143105
90964 5 183621
15902 72 134137
27378 65 140344
17703 86 208526
10063 31 34049
115247 41 216608
58839 54 66705
161388 80 178708
56458 66 108977
65036 68 172280
63262 18 162466
115553 21 191565
13722 12 39668
9123 66 53025
7875 62 151202
147859 24 148587
99171 28 160328
8541 13 194822
7910 95 161252
192302 62 193107
140904 2 161573
31591 60 213412
67904 41 70659
220813 52 227080
66108 31 233686
21271 35 197886
89744 74 191395
23428 18 187501
127557 80 171735
37528 55 73100
50926 94 120713
120433 33 216075
11792 31 57190
70640 31 172538
29816 86 216635
27826 13 59240
38106 63 209903
28289 27 72394
98855 61 209259
2653 43 214450
127698 90 244004
119048 86 232807
167298 20 201295
6495 83 202889
46977 2 76243
47901 53 52168
131244 59 193949
108530 16 116761
128805 58 231041
40961 2 177327
20929 9 81216
34646 3 39800
56863 73 172609
37824 22 100352
84794 66 170372
12493 23 156235
16287 95 19965
26580 3 69013
81900 77 135382
234580 47 242892
17831 39 99860
60028 36 105210
45006 38 84988
3854 76 69141
70090 51 115004
77442 22 189738
128730 81 188903
63086 94 199032
83234 73 171432
64674 77 236239
145422 61 246086
81562 66 94683
92518 93 182554
75808 45 94912
15350 86 102561
71729 35 224507
141696 20 199494
32252 93 124688
174701 24 184879
3125 20 129679
637 3 198393
23928 94 178137
66033 34 68718
111149 75 178294
127256 44 147335
196999 69 197469
73182 7 151782
8990 85 79644
32630 76 138037
9162 3 161438
84984 57 194145
125558 79 242184
80502 36 106136
189219 32 237444
36346 91 240890
44068 42 155940
145629 78 179834
112044 11 118642
58717 3 75813
189346 83 210047
19261 61 68625
87660 35 208816
31337 39 215575
8968 51 19733
90653 70 192768
169510 8 227705
37024 17 161965
97940 23 119389
211381 55 222224
42311 7 98092
169629 39 223418
75581 62 96738
153460 59 163409
134049 23 249136
12036 85 211612
173967 98 232061
13014 61 140864
93761 24 246699
131832 62 163216
75760 67 98436
97617 34 164809
174976 58 198225
7956 69 91128
88853 51 95829
122168 9 202801
69201 97 126916
216824 11 246017
133998 10 209973
3576 40 112476
30604 79 62718
31387 77 123169
194240 26 218533
24230 90 37952
27848 97 205985
38714 80 77589
75860 42 191562
205037 14 225922
67143 20 146564
21667 22 179436
110575 91 201091
73089 70 124653
35998 49 69345
145554 40 246671
109384 57 210862
33596 67 127211
34298 43 148317
203756 56 215672
128401 53 153779
179046 49 225399
117095 1 155738
105114 55 130497
64933 29 80727
27166 44 40859
29224 16 146393
8455 80 179345
203301 66 220525
136013 32 244386
41040 64 227412
16443 36 225787
170026 11 208357
5998 22 210065
19668 76 83336
179048 45 218427
61727 39 180809
8950 21 144498
165007 99 230424
82964 61 129357
14615 52 129616
155341 33 207738
87994 81 93131
15599 63 143679
115194 18 132995
45033 100 195645
13146 64 92962
98828 89 124084
20931 86 246893
51397 36 93260
17965 75 26010
54244 7 204416
142326 99 142788
95499 65 186353
189923 22 203133
99035 22 196525
102303 52 107228
199422 16 204067
60888 79 129784
179660 46 229870
61279 79 191182
183466 39 191524
44558 14 216005
86374 80 199742
9328 49 26680
175078 76 242472
70364 22 172260
34597 38 59618
13763 71 196570
86498 54 189887
74996 89 161258
34509 88 126882
100660 11 109089
183077 66 210707
89971 36 110552
134945 5 179768
201675 95 231603
45973 92 85712
108150 95 149502
30615 53 165934
73660 67 165136
50727 89 158870
28968 55 124966
144679 25 196050
23131 18 109539
97425 43 136672
226487 23 233209
68047 39 191885
169405 87 201478
50072 43 213667
15169 67 221724
220003 18 244005
67762 83 245688
29155 69 164053
79920 69 211271
88684 60 211373
101 74 163901
141580 1 190705
173465 20 207811
39373 45 242995
158339 50 181563
135667 22 236581
58359 74 59490
41269 36 76475
80840 84 231608
97125 91 220785
194466 67 212599
67291 24 186952
102790 89 170542
10729 46 53093
127380 93 193253
72898 53 241108
133656 38 215643
124966 51 233513
109371 93 184121
39280 93 223496
50998 56 163842
11034 99 48248
109316 9 182228
83703 86 235005
9113 5 248677
137330 58 186570
102605 37 153130
23957 23 171109
121563 18 125075
14564 85 132922
194623 22 220485
113008 49 216299
79514 30 232073
41113 79 207571
219092 91 225173
117854 15 194530
50728 97 166298
202421 34 213186
73942 17 140054
33709 98 233151
126585 39 193890
41708 5 176508
156731 64 208453
17509 87 148409
160185 53 248547
198090 51 203411
6579 3 178184
198704 95 199399
61698 34 166623
23504 29 63825
67018 95 239219
184381 98 193415
164631 49 213923
24923 9 115398
114460 66 249555
17762 94 167162
27452 92 221594
21780 92 61826
94973 36 199933
72735 10 230082
13987 95 153139
169245 54 175763
54128 27 180742
62495 97 119105
131185 86 194352
82607 89 89880
21588 74 227916
104755 2 186741
19543 68 204772
76778 79 98019
123489 89 156753
127522 49 161258
182836 15 247887
159 35 94488
33806 57 181278
68294 70 218344
31228 66 233812
225246 24 228077
184250 10 247371
155546 5 236333
14853 37 75491
60334 58 126634
36941 91 91806
21964 22 90120
123227 59 204593
89633 22 174613
6843 30 239748
115239 52 231588
197385 52 208486
35408 83 197038
206605 93 217970
32231 53 209972
100598 86 106329
136665 83 146579
49581 76 161476
141841 100 190658
115632 61 247209
584 57 66053
25471 26 116553
14804 85 124413
49695 71 176945
22086 83 55166
123306 43 146047
155747 8 229219
38897 18 110290
52102 86 200481
90389 59 131142
113332 33 133183
5268 34 234466
169557 29 172961
140373 57 180856
1932 70 192504
86757 11 105241
76363 59 130140
146526 87 169368
31174 64 88028
135667 79 149924
120595 90 141998
16131 40 121467
7241 36 18766
104200 37 168210
104832 94 121957
215139 19 224001
163003 20 218399
69355 12 109758
75506 56 163856
11207 32 242749
71835 12 243704
74698 53 202185
1606 98 137871
94923 59 165002
4295 16 172122
2521 69 228116
123839 96 224145
105601 56 126161
166420 85 241050
53362 14 178483
88874 24 111005
58749 73 153952
88503 75 236071
173392 65 206917
82013 24 201392
113120 27 116483
152184 31 243055
100119 91 150886
167754 34 190484
88162 63 240363
56626 18 183073
26843 93 181982
124619 68 227763
66863 27 218949
16405 93 240190
203768 66 243261
170222 92 184275
90340 81 232829
173759 56 187812
79950 15 146613
35092 57 209328
84770 48 235901
73591 32 160614
8944 74 246908
21519 48 107070
89413 4 201341
136065 73 206256
118753 69 125264
21561 89 174510
39721 47 228380
41376 100 202717
482 91 185971
18555 74 137752
165716 81 205316
92834 27 217730
102810 67 240110
170779 48 183416
26342 28 177349
169148 63 194743
33448 91 97034
44858 5 189143
114363 50 176454
51327 98 91407
9165 3 230523
47079 7 198008
70417 45 158411
62939 71 194208
167937 68 248261
131179 58 193793
215016 69 233373
125931 17 180252
218461 76 246325
70532 42 152704
94823 10 153765
124848 83 144018
116373 77 181387
38286 1 218092
90270 11 175640
32074 98 56627
129451 28 190530
186531 77 206010
15615 71 180058
4227 60 177724
3047 35 82994
1390 35 230922
7304 53 81646
83847 31 144731
194358 21 234028
91014 68 121121
56969 26 201663
94675 9 119664
53631 56 107215
71695 86 113212
23348 42 243855
15854 56 52419
72633 46 157636
144347 24 167309
42101 50 227822
58415 66 198531
85746 70 198606
24593 68 95840
196241 33 225553
94954 9 154510
111619 87 249400
68541 25 113802
144215 4 168650
19597 35 94987
47901 56 204706
9132 100 34096
131416 40 195695
87344 7 192866
23092 55 230100
28797 87 103084
188881 22 205843
1317 41 81643
20621 80 85886
31604 36 206313
39341 22 142351
140707 9 183348
52739 90 68165
76847 87 249541
12377 45 231886
75443 46 194733
194654 42 217050
34311 65 164618
229923 82 243199
113667 89 234049
193254 3 203676
83805 58 185454
9886 32 147564
96464 87 208258
100297 16 108504
52786 77 117296
73598 90 215547
17344 4 26283
127976 3 235998
179852 19 226654
40634 13 194793
46063 35 97020
64088 39 231010
106300 24 216168
212739 55 239243
44815 44 98942
12133 19 37430
109913 81 220504
121581 28 161321
101084 66 134037
94290 49 212893
85476 37 155553
33684 73 129991
85381 100 195937
29765 74 69433
91602 4 141248
73960 82 199346
94935 61 178434
59208 31 122737
174072 20 245183
13466 96 102151
40859 38 201115
165407 7 218536
41950 68 85851
49915 11 163999
78867 25 225163
49973 39 52866
57819 19 199921
46271 77 67613
174076 4 241315
126192 31 213119
68361 94 161074
37753 46 104040
104491 80 126874
80557 19 216181
97192 60 207879
152645 15 205503
146900 84 192414
127896 32 207506
21508 97 242768
104944 37 158347
17315 44 45552
74149 78 227026
61901 60 236457
169643 93 244576
17209 14 147936
10178 77 217260
58214 64 121267
212357 82 227763
158538 90 202593
5890 45 222781
195499 3 222979
163587 14 207168
13214 71 41080
65846 4 165296
11513 54 225711
31788 52 132117
173867 73 189159
33048 26 101854
59261 6 123128
122371 3 241126
66319 70 140395
177541 65 193199
124713 84 167387
211920 39 242516
101463 35 128489
230469 28 233432
202359 19 213382
129053 54 135832
25664 91 53823
123263 88 141743
36810 32 155953
19687 34 19784
15585 91 187850
168547 59 220969
67568 19 180117
149562 33 182273
15427 57 130014
114908 27 152337
107381 2 141426
11762 74 166181
109746 55 217114
32458 99 116669
163275 69 246392
24244 30 128561
13036 81 115471
58305 78 81972
17749 47 22317
101123 77 167648
150698 71 163854
121941 75 179905
45644 84 233313
77824 48 192537
194476 9 234627
9639 91 85901
874 19 93943
109691 13 112596
66502 50 83649
98298 87 119484
144079 13 156506
201324 76 247562
85068 29 191456
16886 32 95519
100344 78 101882
193227 18 225602
73612 48 121568
62610 73 140410
32865 18 164450
17767 54 106768
130289 57 189013
115761 16 174347
141819 69 163578
96154 53 223137
143618 20 204363
44962 95 156676
70468 63 242886
153574 18 195991
133340 2 202139
36838 8 166687
104438 29 181048
87617 33 162011
144962 26 234721
13541 1 87319
71136 21 196604
4386 35 229404
51313 68 202780
175837 95 199322
5163 94 217035
26529 39 223389
31975 71 53318
230941 31 239899
190325 54 248801
29057 6 218668
64890 94 222986
180323 26 192289
115903 2 145371
10360 13 184376
169733 66 201568
94883 84 168066
186475 3 196148
20956 54 87166
23013 71 214095
14223 29 17341
73923 87 74395
164741 63 242389
176039 40 213460
149716 36 243008
136447 52 232684
180159 56 201555
69033 11 91594
39102 27 52727
118208 95 175863
166838 33 183414
67062 16 123135
23395 16 50938
68974 12 71220
65672 5 173894
56252 54 204361
146679 88 239902
32274 10 197329
109978 6 243196
147842 38 154516
211649 51 237867
20352 72 95333
119348 44 124482
52926 72 108584
96986 56 153484
97984 33 242053
80871 31 244797
2732 19 186153
198308 55 224605
195950 74 234120
21343 54 150225
56546 50 211072
42976 33 59171
70981 93 102282
75370 16 76391
58849 14 142476
80116 89 115334
85469 85 231860
18213 79 136760
19361 76 67329
42059 87 116611
86748 73 125076
119350 97 126202
130752 5 219561
59735 38 197424
133601 11 216977
147414 15 241650
50842 23 93382
3553 41 85545
189814 87 223681
69072 56 121666
83021 21 201088
145498 19 240202
14375 13 134606
56427 84 120520
1888 15 219474
5765 30 166718
73864 52 227867
120593 48 239614
25421 29 139883
170465 38 226177
14743 44 107420
19387 71 88699
5012 55 37882
274 93 43667
68918 54 226241
43521 17 96614
134750 83 184037
53890 49 241487
152393 13 181989
44231 29 164353
88773 33 235405
127501 96 213420
71628 40 180017
52974 29 200878
56726 34 136455
61055 53 125065
158090 87 163023
124851 90 171903
113852 2 137157
159960 19 249418
100925 92 137901
130709 78 192763
85683 73 90050
32228 34 243179
124488 88 192876
66290 14 114467
17899 22 76219
34910 7 180162
125927 75 196517
4676 11 235642
148477 85 218912
17204 21 246324
152082 81 156546
18030 97 158073
211953 15 235774
105626 28 207732
80890 67 100604
104255 41 245955
148742 54 209564
77961 6 159854
22614 87 246173
178922 55 188027
27024 67 155795
47520 84 53196
228871 100 235831
193117 52 227688
67478 10 147709
77021 28 134570
167091 62 198263
71415 81 133498
67715 96 148872
8283 18 51490
84612 70 144995
165096 18 176980
19000 88 150104
29105 13 124854
167113 57 178585
69845 44 121794
78010 80 130335
32897 80 137050
73144 46 79621
58961 99 201287
41826 33 182166
