5000
178739 15 230564
1291 65 27942
58785 77 182329
36487 57 142748
178770 58 206405
72501 32 184355
54997 78 57853
87177 71 121649
130300 65 239922
75998 50 227400
4084 23 77556
88709 6 132464
27735 57 105135
102745 100 229337
169790 66 201038
90518 29 145229
78875 25 226109
70678 38 181046
47491 85 142187
71719 15 230210
7340 70 80721
54471 40 238273
185440 61 213808
126108 13 215111
82112 41 226581
80359 19 217922
116090 65 116891
141819 77 150587
149809 91 235890
199407 29 231150
17701 55 220640
15622 61 59022
25052 67 37592
185655 63 236065
640 47 231534
57430 85 197400
44573 23 89045
174732 83 198162
197996 2 208410
169552 42 230857
4569 14 24013
145517 39 233485
35566 89 139851
115121 65 192298
5528 2 183563
42108 29 139440
11740 35 224093
90480 98 162463
113608 2 135210
147103 68 194931
216370 15 248243
184590 97 225033
28593 13 35461
184541 74 194116
78651 28 232347
43848 89 195097
32940 20 77836
89064 29 130874
52367 23 75038
38666 73 157402
65737 37 151493
113346 71 117898
88957 83 208072
22709 76 24813
168947 95 203262
73523 33 203783
44888 99 96339
94082 57 103284
207994 92 217888
157628 38 189024
4493 23 124497
103893 11 217865
187799 81 217113
30434 40 165504
91028 8 156123
18537 9 165242
190447 82 226806
213527 4 217816
30128 41 172529
15610 79 78431
195225 20 235007
17270 81 232777
151345 3 226349
183225 62 206803
7887 37 84534
191931 51 230100
183427 11 193034
7000 84 94513
116400 15 153309
178573 2 244075
36499 36 54616
87090 99 122820
54686 93 207672
25260 64 55016
45369 61 235165
23396 45 61458
127686 88 190517
22500 86 245516
101106 21 124070
178092 37 211746
10155 98 160330
54701 92 232438
135014 23 233068
133580 59 156427
223310 91 236910
46142 60 161710
120450 65 203630
41696 29 73504
120810 62 127896
168886 94 214259
71837 92 229820
69231 27 124474
33793 33 73667
176683 25 183221
94913 100 121198
60928 50 69291
39377 94 120732
59998 88 229367
17506 92 54165
124925 65 128460
20281 54 104414
55036 2 67294
105425 83 185523
105885 14 160216
80906 38 141511
25702 29 46978
71319 9 208653
32979 20 148452
79028 35 237019
74851 15 137492
7182 10 75983
73694 42 174410
121279 34 192427
4635 77 155374
82640 75 172491
100992 45 144919
67418 69 209177
141571 80 194197
129498 19 167087
12767 46 162256
46871 63 166032
118736 17 158236
16905 89 62497
48498 35 144187
25270 2 145495
178819 18 180008
94362 84 116547
113206 86 228017
15465 27 164868
23009 79 106187
51738 71 133457
123194 96 245592
65028 37 177225
22374 12 37960
132450 24 187022
48787 76 169947
42341 52 240694
24248 75 107591
134789 81 199057
132405 9 214777
84323 45 161549
21694 17 42435
108317 18 208717
72559 68 128735
125296 11 196632
40865 13 226084
72086 17 116183
89943 68 233775
97372 82 247660
69356 19 129938
20513 83 208180
55996 25 159690
12082 73 83258
156348 1 245557
93534 17 161816
34281 75 106103
42747 48 62067
199980 9 213114
23267 18 123442
50725 26 207344
12615 54 201255
223308 58 233691
88832 92 217702
139196 72 171980
134102 100 134578
214247 22 218302
85941 67 149369
42874 9 58258
34059 72 61577
24303 33 186783
62633 30 166372
171542 82 207765
11536 100 235924
95352 48 204409
11628 7 181999
100299 16 196371
555 1 57467
41616 25 131211
41012 41 56895
89674 33 138422
136173 64 185223
159954 45 172590
49371 35 163307
9754 17 114544
13156 53 149840
121263 31 154122
25439 90 126435
143359 12 193004
107102 33 115834
174502 40 237536
125911 62 242226
12798 96 21357
98882 100 237110
37554 3 48222
2478 65 160711
191588 97 192503
211246 85 240742
186264 14 236580
32115 39 35103
64512 9 167167
90920 54 220542
95951 28 132276
113855 28 128276
73113 65 132541
102571 90 143148
59490 60 176765
4312 48 74456
25729 24 49503
18151 3 36455
126199 33 138280
55373 48 167590
98634 78 107967
70319 43 94672
68191 45 72985
185819 86 234669
22628 96 78225
132468 30 223809
61436 53 174273
128823 1 132788
60225 47 72099
53190 66 200085
205979 45 218429
180515 49 241567
133768 65 142506
108059 85 219515
49392 67 157404
132723 58 232707
164305 48 168305
78867 78 86209
162252 98 189474
71442 34 180804
121472 16 128344
72721 75 212328
113460 39 207086
55031 22 226202
34972 67 43292
48143 60 143893
44925 94 178840
63844 80 109044
97342 92 249425
143606 30 165304
49694 11 63061
88427 33 201536
66261 48 195880
92639 88 249022
232025 71 238405
55097 33 80842
91657 1 139497
203719 30 241063
129516 21 154628
85174 81 99773
129008 40 204204
236 29 151191
162106 99 178817
154545 92 161745
68176 2 230902
47962 39 147960
204007 75 217383
95517 4 198949
152817 53 224789
8992 97 98883
62877 85 165207
205681 55 245210
388 28 173420
76179 57 114046
31859 11 176051
113227 44 233492
194374 89 198801
102578 44 167967
99392 80 184133
65 79 192098
780 20 2260
71846 86 135830
86012 6 174816
130040 50 230493
52912 58 121922
25237 49 174565
211335 11 217964
150078 27 168754
3988 30 171198
71752 7 201910
22061 74 133065
97997 17 98852
166312 24 198576
192865 90 195638
18202 54 147838
34530 93 109206
176980 48 215923
86756 62 162673
140053 46 181681
64244 52 243917
44294 43 186512
139789 7 165543
67177 18 68452
13470 18 139275
48324 13 175811
115771 40 116598
115098 18 222681
26884 81 184961
63665 9 142541
151959 82 242541
138019 9 248117
222 43 217794
199201 9 226053
30469 55 106510
4153 92 214401
100320 7 194038
60924 89 166187
211537 22 238243
198138 16 239526
77107 8 202458
131585 95 142586
30845 5 41027
23991 59 201701
93055 82 206935
32226 51 214874
160787 14 227782
71047 14 101466
67364 6 170463
27146 14 194809
94994 70 212340
19822 56 234184
203498 64 229791
15286 26 89088
58317 54 63385
67312 69 208145
23940 44 158207
67908 22 156759
5953 91 192331
8575 50 183850
54447 50 150369
147826 82 229558
78954 27 137709
82363 57 94470
29698 18 137206
39974 5 170958
108522 51 139194
145315 7 222053
197813 48 217252
51200 83 84244
62228 81 243588
167754 27 232548
30530 16 59111
14307 49 145611
18031 100 184935
39517 48 135545
98294 16 229641
11349 27 195765
87831 36 93764
161099 29 161432
114435 31 186200
32981 58 133611
17526 10 87051
107310 44 157127
124184 6 206617
57567 85 146293
42320 91 94611
97999 28 98927
30019 54 227771
78078 67 183691
94184 4 134967
131558 29 171820
217778 71 227214
35833 97 247974
44643 34 176879
79872 41 127929
77345 35 207115
67174 32 188608
129936 14 136737
105718 27 189241
59745 8 103305
134335 75 234926
109118 15 190954
90393 7 238810
6060 44 225212
89103 7 105673
24162 74 218888
132151 90 142836
126701 9 236342
66284 51 119488
3683 81 228277
23177 97 149857
5683 17 124150
51522 75 245047
167100 70 215111
29303 58 33312
97962 42 216763
16633 67 233842
90051 11 178537
8663 57 106968
109085 10 135334
30282 45 66205
164398 33 228670
98586 76 223193
68832 93 194515
33158 1 170604
97439 95 204401
170877 48 219768
3112 26 188346
158564 31 220466
161883 14 238232
98877 4 163713
172042 36 246253
73907 11 76250
160270 13 215792
12177 17 17590
75890 33 141342
85902 52 155063
33758 15 47045
11506 56 117701
38109 86 243659
28812 67 81029
15089 94 69902
77679 13 207691
12307 55 219884
100251 47 244540
43369 100 99732
118538 45 237599
216975 31 243018
9165 46 141825
40506 80 161424
119755 76 183214
59681 45 128502
115151 34 118261
93705 63 104608
103900 59 220033
34069 31 111023
168204 42 170297
79806 57 91241
71683 83 119589
92361 86 142088
28199 74 30087
20830 93 131088
168145 61 241275
32266 91 179509
43941 92 151890
94621 59 170990
32583 42 182402
22131 21 65301
147089 53 158461
56246 66 126107
171556 29 210030
99429 60 117032
99636 95 206284
125896 93 130199
18037 4 204512
85043 80 89805
19435 46 112729
76323 79 86571
44666 56 54665
16319 23 25395
5874 71 133159
7201 95 181051
47392 100 140335
71612 68 139641
16193 16 89262
38694 83 165763
31095 43 244942
55247 52 203445
44385 76 223725
89251 88 199034
11454 92 49229
101167 95 189831
139544 42 178090
91479 8 171449
126633 67 219023
65898 71 217779
189164 42 201554
180989 89 248150
188856 48 248517
105813 54 191410
171794 59 175485
85202 55 215724
108184 99 212373
63971 5 201063
42796 59 223131
6687 43 162647
68902 56 224432
68476 80 164985
107235 39 112990
31913 33 160668
106829 8 174523
33241 59 241221
12767 85 64128
46095 6 119772
68956 7 124255
69710 82 146256
57624 37 124746
85255 47 172344
48952 62 90144
18464 13 42726
31236 97 124368
70027 48 73952
24044 91 138221
10048 1 218791
35939 17 80667
155311 47 247070
54436 3 122870
84766 67 116304
147594 44 224950
179372 24 211434
70744 8 83881
148796 58 210909
148479 2 156875
97787 69 103545
139617 70 240347
144222 14 223198
14077 17 195769
156301 75 187047
154091 5 167906
126962 18 220723
99667 48 103972
9927 69 158413
93837 21 94429
7928 34 228018
161649 85 242293
31339 32 116606
88104 49 94283
3202 1 34958
30892 74 112017
79028 44 100938
17653 85 101844
31091 47 77722
195240 52 240953
55880 50 104070
83198 12 126275
25659 17 80824
196664 35 243999
46526 51 50446
92971 99 179614
43763 11 64978
62 87 41259
135871 1 230569
55830 79 61082
134981 30 239373
24131 53 169891
80280 34 203780
7848 83 159679
57983 56 176228
25005 15 176703
110005 62 244222
112907 49 185747
95962 10 162481
87971 10 140159
87687 59 197903
47647 89 95771
58748 82 196499
19414 37 246791
101793 83 189622
184058 25 208523
59950 59 74409
156161 56 219482
28656 44 157840
512 70 188443
82604 83 226618
90534 68 154887
89799 53 117945
84689 40 90069
149319 61 152352
145997 71 240721
168776 90 213368
45469 11 246787
125095 53 188121
51539 16 244906
142361 16 198920
118338 46 230615
105323 49 188066
15497 73 171860
167961 82 202624
93404 79 101734
134845 46 220182
149684 2 210607
87789 66 171242
131033 92 223535
38304 80 102872
209388 99 237948
5739 63 108957
37948 86 126107
229143 85 239456
71650 77 156976
167624 62 202518
149904 65 185388
6199 18 235751
23214 25 140226
18436 73 89763
173393 72 185678
59275 68 221669
3735 19 241486
30504 46 179536
488 67 123398
71678 67 138981
186582 61 221825
118118 38 139333
25161 64 48845
146210 62 170947
70546 88 105816
658 97 51225
42403 94 118240
120736 29 187692
113522 56 191203
126251 36 198039
141887 4 148805
86334 74 180999
170808 32 182457
227536 21 236967
142262 56 207936
38926 77 216848
165905 49 213302
100177 89 232522
29636 66 185098
52306 46 247317
83439 63 237781
9047 98 15232
234899 30 240416
61847 93 169263
92641 12 129130
34648 87 68678
17497 34 191000
221258 30 230501
147985 56 240860
180436 94 237616
52076 97 125440
120747 10 150549
144811 43 165261
156841 2 202828
27208 12 159596
57035 100 128409
21570 38 124364
21345 90 31291
167242 1 218029
2909 77 209343
153133 70 222575
156478 12 182882
105258 29 134177
70364 37 109544
150659 34 174638
50984 49 183332
43921 5 99112
39923 78 90813
31571 30 126491
191550 8 233033
161687 76 164862
27649 87 72451
84594 5 117191
17370 53 239059
30813 9 196337
13141 26 174216
154054 85 195743
147026 5 171298
107029 14 203232
91945 61 135168
77201 43 213896
70690 25 137456
58749 71 172949
18213 46 228466
64102 19 101723
61364 87 207122
31424 16 87411
19397 17 214830
8483 4 108574
39202 76 39356
23500 49 196237
22723 57 50197
30578 67 62947
41826 38 220451
28392 47 242204
2685 15 195127
56985 44 180385
129376 40 188280
102649 65 186211
40484 73 238562
8024 62 21571
15828 36 188989
171538 41 238884
59047 82 110985
26195 20 133439
92538 12 208008
58226 35 207158
144429 52 230185
100197 6 117232
100956 95 163259
75531 84 191674
32865 97 183770
148679 65 176788
5024 32 80387
93502 4 216416
11355 30 34355
116132 61 127600
52116 67 235056
146228 35 240440
131889 98 132499
11346 56 50848
84588 54 216957
40308 49 56480
157729 93 233827
45115 25 125147
42937 7 221827
146176 4 216468
187799 60 232727
106818 84 192950
58051 22 58518
74997 97 143860
64032 58 208220
213484 91 220705
4580 57 200750
145587 27 218777
144037 9 184738
67285 53 164784
169320 98 238147
100521 87 240387
65482 89 230002
73388 80 226361
23760 50 171524
144320 85 189932
136425 21 160938
113632 98 224769
50885 40 109521
67591 47 206735
126561 100 203406
30938 76 212397
51946 50 147790
6628 27 37972
144695 29 241579
60620 50 77209
191203 2 199699
16513 75 194435
54514 83 146135
109317 30 134612
34228 45 57881
855 31 111902
79229 40 121222
171410 16 220223
47137 32 120133
56183 72 225206
23611 31 125748
105389 98 123222
81315 11 112370
48259 49 233041
199437 30 213833
189521 62 223357
127436 32 146343
104616 27 214196
101350 10 171724
91603 30 103364
29011 7 95533
59619 8 135704
56579 42 106889
62289 89 244395
65014 64 83244
154694 48 233440
201608 40 236264
174262 80 224477
95220 79 142545
1789 67 233798
81352 78 135653
200340 50 209599
129947 84 233499
183895 61 186744
169494 67 195948
11114 43 86223
102637 75 220506
138593 15 147250
31082 48 183871
185950 2 243158
12041 43 100910
155905 41 161383
45615 97 191365
64967 96 228944
68448 2 240908
30125 80 47900
110048 8 143257
95389 53 192488
153251 91 201741
84255 77 150611
117254 26 160815
2758 11 12255
2739 56 137066
181373 92 207149
1337 82 239878
102050 97 103152
42097 46 108766
64272 55 222809
28086 69 223466
127681 49 135274
188952 65 205246
122256 99 169045
168175 45 235586
72736 77 226289
54356 28 94191
25933 83 229349
26227 30 55345
42227 63 118425
103356 89 243022
10492 70 134392
179070 42 219015
56356 68 140416
82372 9 90999
80637 82 100588
121712 23 137062
34930 81 204388
53192 91 196767
136308 2 156254
16287 13 95880
186179 57 203247
40380 47 198351
200767 63 229830
115377 83 222687
27435 59 234455
97871 8 137101
18556 69 191189
90322 28 142975
41960 84 98094
27394 95 54601
127297 32 166896
74675 32 152032
35978 83 83353
203804 89 208776
130552 50 178070
76950 32 227258
36677 94 83215
37478 64 182577
66032 66 76165
190222 22 193857
124955 92 227499
66624 21 175334
66361 32 166916
76479 16 141125
22329 50 102251
100020 73 235140
97790 82 166624
116796 84 210638
23585 53 25715
22287 81 242248
27730 9 46311
14660 99 111729
140923 24 181597
4217 15 135065
51583 52 107951
86262 89 166465
28733 98 75298
57495 85 233499
109151 99 245543
10778 77 168575
65831 39 72026
5006 10 83926
23853 5 151998
153019 35 217848
151466 73 160650
5156 92 243232
40055 91 196115
124161 12 247576
67395 3 68411
148674 37 223140
3913 46 245623
15106 89 179080
20480 72 186245
97505 17 177114
190341 77 213678
947 2 94223
17092 44 147354
8046 34 242503
65993 4 127379
39875 51 93920
10614 15 87124
194081 11 227373
76306 53 168893
41524 38 228699
31543 19 76618
78729 29 219741
91836 76 123665
52704 1 126930
46225 7 172463
74321 21 105443
71677 66 180924
154704 15 225885
16639 87 242406
89884 7 223977
25353 15 204006
94863 51 215030
82321 62 88986
73976 30 155042
123721 45 183834
42737 64 192171
106145 84 211366
137382 63 162920
24503 41 155825
30660 66 119026
55635 5 125569
852 52 51967
230095 30 234411
126194 16 138123
160602 27 216064
48065 48 130996
9283 11 36697
101768 70 131399
198647 51 212587
10002 7 65365
75570 58 124169
72854 1 96449
22179 14 179684
89019 30 150593
103339 25 134521
37351 50 98969
122615 63 221734
78628 10 126379
130638 58 191455
159518 8 197030
26183 6 202813
96998 91 196801
182248 62 211875
20229 37 102030
36174 100 41856
76183 39 136639
86074 46 94957
99824 93 233552
81859 61 238775
128378 98 198183
172456 33 202061
184546 62 243582
58607 89 183740
161069 95 237956
109099 62 131093
157185 88 219207
5386 90 48999
41708 51 190342
23777 74 94989
87084 71 129454
170105 21 214348
159418 62 233135
93170 72 174767
94515 40 243937
212800 8 220751
121333 63 206700
63316 3 117937
748 24 127591
96048 32 128785
96862 22 148433
61083 37 117000
191271 4 224190
177203 20 204911
148836 48 179063
151194 59 209946
132919 45 164802
151281 57 203487
38322 69 226473
33716 43 41894
23464 89 168089
138461 3 244034
222032 19 244948
6778 2 119885
90373 20 121879
74885 74 227802
75025 25 102194
143075 43 207529
158960 1 208521
3956 35 174626
115448 12 140991
45473 35 208829
7486 56 9550
77732 58 93174
91622 60 140793
142771 61 202419
55264 9 74104
24392 7 134286
100197 89 189025
108487 22 238816
69417 48 85506
86423 30 236915
24710 93 53453
34208 8 41681
67475 3 216818
14705 8 145743
60003 73 147957
213899 74 215044
12782 33 49599
68876 54 218946
87596 87 161669
130079 61 188200
218140 32 227865
54746 83 163837
11978 24 32784
53381 34 89095
158428 100 199464
170499 34 244163
7958 7 207142
121218 92 223660
24365 9 220864
141426 17 214140
124600 64 243807
154861 70 166516
208729 88 231856
48176 18 164777
167454 84 236759
27220 20 137636
10457 79 89450
39570 98 188764
55013 30 66710
25781 32 156323
55177 24 137273
65874 84 206467
63914 91 123659
13906 75 82889
106204 38 109618
132367 35 166370
126835 90 226124
48924 9 231510
243285 89 248143
60631 60 190543
182485 3 235470
30243 5 131430
42373 85 82823
205244 57 211497
101742 76 103221
60516 15 173891
81646 99 169918
84607 40 150980
9457 54 156352
109713 75 159641
93456 55 171955
114674 17 182608
50837 14 229223
8512 34 238335
32669 36 222373
168301 65 222423
88302 44 226499
87678 80 93326
90587 16 144432
65373 98 187105
56948 91 196324
100275 32 139539
44572 38 92463
132264 58 192733
40632 34 243142
153533 46 226738
21092 4 61836
103562 20 193585
71444 22 155085
159091 41 237746
154982 84 236845
169136 60 169663
5946 4 80647
182115 20 184189
50513 24 236007
37097 90 56091
186574 39 189974
157617 26 185373
118597 69 142388
130028 75 211617
59018 40 200829
76885 82 226134
158126 73 170321
108598 69 223985
53041 78 116180
127067 66 238279
91545 37 119367
217053 82 222761
13281 64 181795
176 99 16829
157173 5 246486
153785 60 182540
20319 69 236574
54649 11 193268
188339 16 210639
19533 70 193310
60990 15 238662
37488 41 121237
6300 24 170829
94050 3 200000
87352 52 217233
2867 64 175109
112837 76 166187
87937 81 249645
32875 79 246529
91255 73 208561
150101 6 191021
13519 80 14896
7606 96 239895
130701 41 141758
32676 50 92593
37481 9 107972
75227 98 199180
80719 92 201281
51165 60 78149
92908 6 164617
54467 9 112295
6277 65 187160
146497 34 229483
73934 88 101436
16138 93 202798
26645 89 128481
213197 44 245214
1902 37 202159
134474 39 141841
147657 86 214174
37359 26 82896
64210 67 100103
45264 87 145941
14158 77 114533
97120 37 204233
83040 1 228180
214066 26 214385
153661 54 158981
175084 27 209502
8173 97 17174
137860 41 154269
23121 81 47592
167665 7 233238
67119 78 212385
159647 3 233268
61513 97 115828
136074 72 191980
136970 59 244109
923 34 160189
84802 73 223958
167360 35 191616
80696 17 95053
104367 84 216808
83103 30 222338
221271 56 238360
160672 3 169431
189757 90 207161
105380 54 144035
145711 16 206049
65111 46 162351
143512 85 180722
233378 10 239966
2392 92 220555
46659 39 195705
28933 39 158520
130623 56 242208
39221 79 147235
5338 76 97855
42170 26 153629
3105 57 91193
144873 83 196074
145455 99 188380
153144 74 158149
98540 28 220150
41996 67 201231
130033 14 199928
40870 67 112353
1277 47 12925
173229 37 214128
219186 80 239213
154443 4 236081
1260 93 240374
66887 31 112397
12045 98 226732
38104 84 140367
175728 83 189579
174232 3 208733
118198 45 208099
91999 4 202622
90206 83 149405
78997 41 101479
51231 55 173671
5648 37 177461
158729 53 175867
119508 46 141401
152159 40 183885
75634 5 212808
92501 28 218191
127232 53 202111
166431 9 187835
176903 15 241911
74018 34 183520
33409 8 243837
77050 87 196129
114405 63 126217
39059 4 53014
127797 44 169149
110340 86 181298
124696 39 198454
7979 43 177641
100832 37 193214
63280 7 152838
178071 45 182528
173717 11 214379
45416 84 205508
50465 46 240207
26669 96 63462
72255 28 147962
22045 22 51770
32182 91 233735
93774 11 166839
164225 98 169604
177291 67 229124
1695 79 99083
238688 39 248064
61968 48 218128
30949 55 124717
26731 12 236070
37115 99 141625
774 99 134503
160326 36 223666
115464 18 187009
157012 89 190578
57432 59 164374
68630 77 143070
96222 46 139257
96737 22 222923
70820 27 182600
101870 78 161697
63456 16 217399
111110 87 143205
39877 64 71501
40905 35 54982
104241 48 166588
131459 21 132942
148409 41 230781
19603 85 200420
53368 62 161232
117034 49 132145
204775 50 228263
71555 97 150310
172040 73 196244
20540 11 33810
28672 61 104127
159249 22 218032
87363 20 232616
89114 30 162474
40462 61 149203
60039 40 226569
53289 11 106931
35119 42 187683
72556 17 242666
99492 61 167483
71312 60 241928
4572 22 40656
129668 55 139633
166887 44 169883
169552 36 185275
14705 15 42462
127934 16 197413
220040 63 247521
164460 70 185733
113355 55 131405
71089 9 103900
12253 10 127031
123088 22 146338
89897 46 107924
34074 85 108161
182872 4 184381
109953 27 117677
13336 37 33440
142970 74 191285
22870 46 44049
46393 40 127040
136855 22 194814
108256 58 231154
191558 65 212172
20672 79 79696
123509 64 188473
41272 15 202655
57729 74 149412
204099 99 225206
21290 89 185371
55472 94 60862
107862 1 235482
168279 67 213809
76810 42 200734
180758 44 193220
107741 52 139192
61156 18 157273
54804 43 113099
87140 55 211307
117356 16 189198
49588 64 246388
15620 37 222310
32020 96 106402
4013 79 59895
155968 32 216404
40736 29 106311
4440 98 222921
61897 2 159850
38112 10 210087
64194 82 147977
37287 59 121168
77455 63 229751
110599 84 164760
49366 97 112259
24221 2 244977
80547 25 105914
76915 87 169460
148899 81 173293
153675 54 181076
80169 60 246872
60980 83 201437
65561 61 209720
64079 10 220044
4042 47 24866
148151 19 162864
98569 73 150656
38233 91 185505
81610 51 226262
44756 53 150195
5627 30 108313
53697 26 201821
215289 64 231581
9411 7 183496
213898 86 238209
38280 55 197974
135185 66 216987
52036 38 199236
12678 70 161322
70612 23 92925
185104 29 198823
117573 18 248744
163317 84 187328
29292 44 177535
73266 48 106321
25948 23 28681
15941 86 126465
58186 92 249060
55581 56 105227
120113 72 213142
83332 8 167052
95940 55 189550
108735 56 160585
134343 46 224162
90148 49 166594
21341 60 171999
9543 44 57160
46857 91 112595
34394 69 90109
66311 34 191193
187364 69 230182
117489 75 212138
51237 6 225933
120062 73 123504
46853 79 188547
11341 51 86406
28277 59 106095
25248 47 242577
5936 67 125228
96902 38 178480
7428 45 77641
65694 88 221845
21305 78 34938
42273 56 105687
56256 26 100887
129091 64 152938
247714 46 248084
76346 42 217386
47340 99 138222
177108 98 210965
46801 59 213935
166549 84 186040
80579 52 197856
189193 76 244564
84813 79 241173
30041 15 55461
113436 33 145330
230985 27 247904
120948 16 194014
27353 94 30002
144441 10 248010
8129 17 113668
180593 46 218375
76405 90 235324
112881 26 123270
47549 50 54152
22612 3 194790
101849 22 223727
178758 92 217882
7789 46 76683
122934 61 165192
115326 50 138992
81800 61 128267
166078 66 199743
56134 23 158169
121843 8 227733
12599 16 42140
192607 44 230378
99226 98 106437
45302 91 83749
65767 61 99243
89980 72 161667
191872 6 242599
65449 94 223930
12552 79 145943
23029 86 226938
21602 96 95131
99901 11 100546
158097 77 226512
60324 20 176826
160658 81 191440
17127 97 231633
150644 57 227338
69338 77 217198
39631 28 145154
51674 90 65460
34479 8 176321
18644 55 222866
50792 3 113943
86411 51 143727
57343 51 231402
31520 21 135856
59084 8 141398
103152 59 242570
36305 1 166659
42940 15 141684
74115 82 246753
45164 32 226535
23438 84 139682
72497 18 175034
184182 22 207255
43764 96 163321
17453 66 91060
87112 45 163193
16561 47 216987
30655 63 156166
158973 28 238791
44881 5 206830
102691 77 187406
61132 35 245119
160952 18 187982
23204 92 191053
148909 80 229026
52360 9 68810
61744 59 224356
73896 63 215310
8216 23 192232
70787 42 229616
123172 8 206791
101456 15 248786
97182 10 116224
4984 45 69597
62520 39 208660
89916 10 110471
153001 27 169892
41578 25 227254
150413 39 190520
167080 91 196444
11800 93 88115
77141 86 193099
191317 24 227784
118587 33 197712
64164 4 195772
87480 77 223413
130676 41 139985
34880 73 206077
42856 95 46307
6158 59 214712
137494 53 156725
40773 14 241296
78784 21 137360
104175 4 210582
94749 35 173517
45346 68 83292
98355 13 165983
32071 3 231359
46973 19 92789
94071 37 94293
40440 66 235001
114898 89 244728
29249 66 131969
4706 53 122279
470 4 191713
85256 45 98226
36874 33 37780
121177 95 131327
18761 49 34696
91490 2 148411
174573 22 176909
29673 50 240910
112764 2 172965
67619 51 109056
151402 46 236457
13805 53 188823
62125 40 161466
93882 9 238803
39747 37 129929
43372 11 86084
157644 21 214869
45443 50 214008
174957 43 176941
148905 46 226419
133480 39 139226
58608 18 232202
76435 1 177661
133792 39 188377
103705 43 160243
78698 91 225039
50314 60 158267
46229 12 219070
175202 69 208748
173824 3 221996
25535 80 125675
165675 34 193749
134158 83 154766
11673 55 91258
53211 74 162465
72750 88 141553
115033 80 207182
22169 2 202062
124543 31 218606
223949 19 235431
181334 43 224335
95028 8 161791
134737 34 190314
11030 72 32046
99636 19 163013
114495 45 203603
127765 49 233388
74959 47 106414
56709 5 197626
49288 79 105379
79774 66 137732
17 66 213026
168746 92 219276
137619 19 228902
164582 8 213401
35024 28 112701
11760 28 218350
221090 76 227385
99533 20 164498
58806 60 167235
17586 51 22887
106999 16 221589
16637 86 185954
99688 82 136448
46437 83 128331
99348 1 246838
12503 55 199206
43376 73 62668
15193 3 25496
7628 52 197358
127381 23 178853
145178 19 221905
172228 12 173173
125416 48 192539
136855 6 237346
7769 25 144236
72461 37 88594
42983 77 225015
103071 65 199727
161729 42 197577
212767 46 244034
56420 59 201834
32976 91 158041
125147 2 243790
87429 24 236546
216113 100 244631
5436 35 248751
52105 68 221693
26376 75 155582
117762 22 159976
15327 19 173551
22670 82 204769
135457 33 164298
19732 11 209583
65933 98 146252
12526 40 70975
122177 96 182248
52426 72 231555
7796 73 174544
133868 94 148944
168772 60 195813
21240 33 219308
73747 99 85833
45834 17 143250
1084 7 20788
88193 15 178168
159873 66 206589
126589 38 136664
126295 37 207502
95614 87 139217
97761 96 161525
66804 91 215563
104385 7 226583
4132 69 89928
76624 58 82314
67582 19 134239
10918 85 170179
126749 20 231986
134658 67 185707
84568 50 88306
43300 51 241523
32312 9 144756
158497 17 227948
691 64 188610
27244 84 209822
72617 63 182839
151308 52 219315
130053 12 138683
132954 9 205643
178576 81 189830
215406 95 232726
72011 37 101973
131222 50 185085
52202 55 142027
137478 72 215852
81074 90 142326
247703 86 248242
44673 38 158865
52358 52 114473
91637 42 131635
29703 71 127568
30614 52 160775
47227 68 142027
120427 78 152019
12190 53 218042
34071 37 61560
43014 56 125784
66383 16 83210
106231 58 242249
41749 53 142222
95206 79 247360
109196 63 133140
45136 50 198251
35041 19 194866
96895 42 162603
35404 40 247737
57114 2 179920
102089 61 200437
190432 45 238514
95308 69 152799
109339 23 216185
23531 21 71482
47184 67 236216
132665 77 186358
61064 66 168748
1693 55 85809
1748 80 47522
164255 46 205812
114485 57 144206
178837 7 233263
98357 7 206769
136439 18 222921
140372 72 216408
173914 71 197704
408 9 149367
53587 14 184233
80401 71 96964
59967 81 227909
56869 72 127929
190771 63 213880
118803 61 134505
126529 34 209999
879 32 122184
123312 60 162355
49639 69 204140
59659 50 74181
146432 59 199890
131495 11 223900
180726 70 236682
90463 17 96099
70409 45 216558
65474 97 131385
93205 38 208946
56269 80 111723
25567 25 203627
100222 9 100550
38018 76 182973
98120 100 105552
64724 22 154919
43058 49 98064
72633 55 112991
95959 99 184790
75368 5 89161
32034 18 214311
13067 57 38245
69962 4 124583
105994 3 162548
148479 79 215625
109601 42 247195
4833 12 212123
76893 36 97287
154723 47 179154
42751 25 147355
142904 95 234415
120078 83 171957
4723 47 242324
32940 3 147349
29890 51 146023
118938 24 152076
41985 87 109496
151073 33 162767
209250 3 229362
37036 55 83410
1712 50 128952
120684 98 127370
30731 98 170913
97 78 149479
16411 43 21675
102021 29 203593
74551 10 212757
156573 11 219870
36486 85 132957
62951 68 167148
61318 41 200311
141826 77 160073
56289 54 109394
18011 87 57803
119261 80 199601
12926 54 162337
117902 80 205673
35941 61 65191
18028 14 180825
175006 46 232830
104792 86 230593
43440 37 214158
125913 59 239574
29773 49 204826
47280 39 97908
30064 99 79258
55808 56 81385
21341 54 160736
27213 46 44033
90190 16 93550
145643 59 211797
66648 11 87675
8502 21 203139
2598 15 134519
102917 96 136067
140545 3 231797
219710 43 245180
134252 81 160791
221864 62 233526
20205 68 212142
176368 98 220989
75221 88 75375
224950 100 232126
51549 14 245261
99245 42 166381
44585 70 151078
25960 44 211524
59214 8 115499
40209 77 243682
8772 66 151999
33966 72 78615
103731 92 162637
21133 88 90620
98055 42 128036
2173 62 102299
101291 65 126774
168774 6 194223
32609 74 239320
24510 49 210904
154680 23 170052
143444 85 209672
125960 76 247505
18475 51 21426
26657 90 125372
59449 31 237293
92193 22 185387
19138 69 246867
97805 67 201706
52322 16 119645
40142 45 111409
2657 48 167811
67584 73 109051
14077 52 66912
9957 10 141575
82791 53 248852
161621 79 175442
202265 15 217267
106727 43 153437
9070 94 79188
23949 91 192626
192193 5 238845
26539 24 173749
44631 47 162635
4818 46 68847
111793 94 168686
47732 86 97949
64090 21 156201
72561 25 91930
156796 22 237744
11362 44 43841
38226 46 136349
168383 70 204253
46933 47 109282
96611 45 151469
106145 8 132682
161097 89 210218
209294 33 235837
84118 36 120973
143777 34 169875
142112 2 186064
32371 43 111938
56971 68 118537
138836 72 172091
46331 43 100172
15259 88 137506
20555 12 168113
169257 90 216915
178669 55 213378
35763 84 45013
11431 66 115545
110415 4 160085
38212 97 139694
17290 76 157417
33606 15 142493
195872 18 237785
82485 99 202279
192477 96 202867
63898 62 242889
23820 67 167994
6488 55 74810
184540 1 196462
171909 21 197977
120340 96 139346
17561 53 223533
1953 63 185393
33036 98 83967
31122 26 219924
10550 52 205432
74111 59 236266
54452 84 202448
42521 71 154668
22095 30 247566
52566 33 108174
152717 89 178608
52185 94 199284
7401 6 105688
127863 85 212999
103494 46 191307
156298 72 208981
133509 12 151476
12430 35 97977
79488 3 110222
1024 37 92915
20868 41 151442
122557 25 154514
89690 75 192382
8517 14 32200
202914 99 249162
3645 18 150682
84141 100 140846
57921 47 224869
68806 13 244917
109007 9 156007
52770 73 200072
40184 57 187562
87199 28 182778
148221 66 173794
114276 82 170901
63288 36 190498
25294 64 220096
118252 64 203198
36612 27 233984
120852 1 160246
44075 49 241529
97567 20 102429
6961 39 183148
3398 60 70761
74778 45 159665
121239 53 187039
20301 7 164447
43490 2 68935
69093 1 82641
149805 76 155869
21845 34 238555
59669 83 64939
41511 79 249257
187958 83 221784
9901 13 235837
100068 25 230617
90169 47 235034
77612 55 106115
108636 55 248888
126410 90 195986
89870 23 173267
68704 97 226995
195021 8 202276
11556 94 157795
41542 88 225483
52896 6 130449
95260 67 126042
46017 55 55297
45466 65 152407
67382 79 184089
3332 40 17532
29828 5 87803
186190 97 234899
39650 80 171611
38275 94 243191
31317 82 42497
20974 50 247303
62369 98 233623
3286 4 62674
21810 20 159626
106515 31 233189
43093 77 54153
22577 28 125698
38017 78 65623
91347 62 147818
57035 71 208206
102501 28 171315
75829 59 170389
147086 81 228944
22928 7 135023
116411 73 181724
8316 66 39564
15196 16 23964
39719 62 131217
35763 89 224594
21953 80 173647
84668 92 210922
131286 21 234408
109957 17 206119
130399 86 177309
56778 81 98482
34962 54 209485
13771 23 101272
46426 32 136609
57097 100 238811
725 8 138166
185400 69 228115
18070 40 113059
100550 27 169831
34221 43 82641
159727 4 199430
87984 21 114614
186808 77 224073
84933 18 126002
162239 43 243613
78135 10 94702
4096 82 59781
86757 62 245590
11070 61 219274
34681 22 164405
37538 67 80638
124236 76 223615
166760 1 171475
1062 78 24061
129206 44 239468
80504 35 187508
85235 14 87412
137421 75 218474
74721 97 78670
31435 98 72544
136977 46 139697
30789 29 188876
75765 77 120421
15515 62 129797
28401 23 121608
125800 8 167245
197896 89 206479
104503 3 201242
98426 44 105720
42597 94 131109
33042 96 98443
10573 35 165191
38246 76 186691
43163 56 149315
173981 97 192158
138130 19 154290
50607 20 107138
88789 88 246843
175233 89 203430
126564 24 216885
48787 46 113664
146467 20 172207
589 95 95637
9737 35 17108
47453 31 203806
9638 18 206434
41760 28 148767
59466 9 206622
125050 30 181286
65401 93 107903
30879 47 88409
97442 7 201183
67672 7 196355
128518 21 217691
9155 44 43518
95922 43 146268
46667 29 138724
17385 98 210092
21306 48 128930
29484 89 157987
26282 4 227856
96679 86 103407
5661 10 215590
132090 38 244415
81780 55 91592
163606 15 213910
151156 43 239036
138808 96 168331
45272 31 238999
50591 68 208599
92029 34 239819
70153 89 223924
7695 87 92965
27660 44 62341
10085 69 60411
85833 15 87523
94322 37 119601
18589 82 66364
199662 93 221113
205709 53 238894
132799 95 206598
34246 57 160486
149614 60 230093
186932 60 222129
30935 18 114572
37609 71 172122
53728 94 110636
4590 78 204728
75289 19 208112
55800 72 207651
108539 73 127145
21817 57 103596
157547 41 204141
115969 6 198069
37599 18 43295
43415 36 137146
58514 45 232974
172468 36 218355
23231 82 247311
82380 64 182423
18645 74 39190
19481 89 101937
621 25 112934
70907 24 241720
148960 61 151616
16026 100 206245
180108 83 235704
55880 96 246958
89300 31 166829
66009 99 228441
18002 63 28308
168229 42 229020
44671 15 235309
155337 36 244322
18386 82 126344
23342 3 145605
227844 18 242675
237421 93 248230
179427 51 189156
65931 71 247532
39310 90 209532
59456 15 165868
152879 75 186213
194241 45 222006
147193 15 210101
108450 45 171887
142146 28 249091
79169 9 179442
202087 30 242432
60914 100 92987
61680 67 103292
53174 15 78204
128027 59 130483
241000 33 242460
90533 85 101970
136904 55 164316
92471 39 132143
16156 79 192431
71492 14 229465
133233 16 184206
70881 8 227220
22909 7 154710
16332 7 200563
18580 61 60331
86830 84 112412
133936 47 208483
91924 22 245726
171288 23 180730
58381 8 211669
34254 54 227906
30058 11 235723
14912 84 77284
170594 30 244157
19078 29 224332
39808 39 119046
29542 26 101472
56785 55 105907
48686 5 224251
45146 95 248644
121256 59 224840
132388 87 170501
11882 96 181439
35926 46 118828
100536 68 221309
152239 41 181534
51520 28 55845
22726 53 82943
49477 99 154315
70670 25 102113
80832 66 83203
17436 56 154958
5189 40 32697
122134 55 186959
154842 56 195759
143836 96 169201
129967 7 206324
20883 58 215139
32449 31 178765
98324 74 150920
27997 31 218368
23607 45 24825
105146 76 136854
137723 23 157941
65242 19 170944
179951 74 205407
49202 97 99957
42071 79 222509
38002 33 146178
59394 2 210137
139190 21 184162
65230 23 188834
30645 60 213020
82386 91 202385
70265 25 237954
41457 37 149482
189214 90 241950
180474 19 227970
214065 77 234594
15788 91 172536
6441 12 244274
34610 7 111019
4432 63 246155
135522 69 177236
114582 23 242591
85249 51 229609
33243 11 58915
37476 31 176371
8232 74 33457
105870 39 173569
79778 96 155828
62997 55 164642
11502 99 28332
107330 94 217358
40052 51 249808
22828 69 70886
4546 97 108556
17974 62 208366
37812 39 240863
31940 8 101997
162760 80 177351
117098 37 193543
90670 39 161889
155807 36 208181
138988 68 144209
110715 58 230259
83891 21 126120
73705 25 81036
91286 1 134114
165716 99 193772
79644 54 90693
123279 95 145312
4190 88 13385
114009 65 138505
173664 32 214487
159683 15 190092
18833 13 211095
43227 31 235039
62491 82 234144
84354 27 168472
38329 58 248575
27546 50 177675
6357 43 44794
12323 91 30745
1987 63 231474
52574 11 86949
104128 56 113506
104510 43 247941
219486 77 232296
59143 13 133157
61452 32 218032
113645 65 168340
37929 3 192605
48421 87 55684
205420 57 240469
12435 21 198927
15759 42 105960
3422 22 108638
131088 48 155040
25148 27 86037
92500 97 193629
108947 54 242541
40452 86 217851
137859 29 139773
59495 4 160736
140465 14 162615
178723 19 178915
150197 65 221458
40661 1 213453
112981 73 223829
131981 86 159850
115795 35 246909
31338 86 235130
38299 99 111001
72869 3 218376
97542 100 133361
63205 89 209068
11423 98 160649
99135 33 141028
31551 57 246466
35655 10 216731
93634 14 155721
132402 18 203828
49155 57 203603
42955 1 204111
63002 29 184098
84544 9 154022
35870 38 227340
21635 77 158308
163554 77 231263
18795 1 217691
69279 61 244738
5736 29 115673
88214 7 138883
12082 29 53529
64893 43 172031
181026 68 216493
60199 98 148056
202399 71 227118
3330 14 39837
17439 45 213363
70939 32 191054
115679 60 131946
16935 52 65094
132362 43 190789
31229 83 56007
103767 45 204432
85209 64 89327
132828 52 227373
73570 46 221176
181583 25 190506
30927 67 63057
41483 5 187007
167151 51 232415
18975 1 201969
8034 85 249536
103170 84 198716
23756 41 192494
130418 28 238367
46940 57 73050
13362 98 72735
152588 99 163886
32312 31 206358
101408 1 206675
12447 40 223684
67681 7 186534
27151 78 222665
1862 84 121387
49928 27 161938
62428 6 148176
71516 23 106924
130538 75 238385
73741 37 224248
165052 100 246097
30852 46 210941
60881 64 75944
148304 15 232711
87477 74 178457
39597 12 236830
77805 26 153287
197662 23 213652
117948 70 143720
81320 26 116847
61820 67 86815
18289 65 148603
89488 25 234902
29809 84 84059
16076 51 170476
120999 91 122579
101787 46 159178
18577 29 200588
44418 9 248169
63722 85 124554
45861 92 151771
106163 35 187207
13588 22 208555
69784 44 159387
193652 27 241938
18574 65 45928
106711 13 238004
39559 73 124645
91429 2 147198
15524 75 51597
113849 95 124490
75250 54 213900
125427 96 181971
42908 8 201624
19968 8 98028
128384 27 226514
48620 97 49806
5746 39 142801
102533 63 178109
98675 49 114475
159247 85 163558
54851 5 182382
187855 70 191282
142027 58 217945
11379 23 197758
38974 43 137816
19703 38 199915
40348 50 160350
47184 95 173677
80757 58 91540
27113 30 144675
121613 84 140915
193169 9 195981
120108 80 144169
136295 58 208665
109326 69 166293
54046 8 243485
192672 8 246127
61303 54 222616
3120 65 3882
101350 93 170808
174171 25 210133
100898 88 144640
146912 10 189451
1917 100 213778
52270 38 229536
26480 80 75305
9983 93 126731
31765 88 118989
60270 78 77717
51170 13 195119
194993 39 235521
36024 14 215304
166893 82 200785
19899 63 128450
47162 100 126268
60173 46 120232
120074 3 142203
13953 50 241255
219890 35 226075
140709 36 187660
163521 73 206871
64772 48 174036
107694 53 169952
13906 69 81775
64246 7 189999
72671 99 170881
28013 91 52609
142578 90 168384
69308 60 231069
34268 46 172608
267 81 180515
68679 7 210909
152053 35 177741
41577 35 94810
189074 98 196627
78681 37 153647
41110 75 90770
30268 64 182585
55345 8 187782
114837 53 141327
124457 88 128015
180392 28 201568
201189 95 217094
8938 49 202037
2126 9 118705
149459 96 170174
33224 30 177178
48961 67 121148
7959 49 164460
121297 69 201109
82889 94 116823
108655 56 204635
37808 72 58654
14591 79 111964
98326 71 215741
147817 83 220496
1626 45 212738
185536 83 242861
186409 55 195496
39871 97 182894
23010 62 45778
32909 39 64126
5382 46 42988
109972 79 215115
28798 58 239827
144378 85 148052
72848 92 103208
109842 26 181525
135892 35 137270
7172 29 112071
36542 6 74149
19243 72 245051
29488 86 191593
12319 63 245932
18834 84 134281
26863 17 110931
24538 93 138874
54074 80 186288
64387 44 150982
126085 63 140683
62395 87 131924
117827 52 144663
166448 87 169301
57924 21 115716
46202 39 194727
83599 22 168626
120785 11 206909
16539 69 107257
27443 22 125115
226195 43 235025
91724 59 113830
136833 63 146228
37466 83 118046
103392 80 142699
190487 69 218256
52227 93 202280
89204 60 234635
83258 67 181391
36719 73 193167
147711 17 177702
16648 70 184234
153283 59 239305
60014 51 163454
63314 34 109441
11129 18 163212
18785 80 232470
140855 94 200253
20850 85 124679
93422 62 247663
42371 29 249099
11230 45 135410
44076 39 55292
63322 94 115790
138157 86 227963
17156 43 67747
185110 36 219482
25292 1 237519
93912 58 142303
186956 1 230506
48854 75 230604
169238 6 195465
122645 42 200160
115691 10 184381
42922 87 182290
72329 40 155368
42045 53 215087
25267 16 120723
39053 85 207616
4680 43 9984
64190 30 82560
8137 17 63952
62352 60 153373
221092 22 225597
8750 13 183023
141497 33 183356
114541 26 205011
363 30 11166
110032 90 215395
131123 1 150861
85693 94 154017
27708 89 45910
24061 26 53973
140913 60 148494
40693 67 147996
111128 31 201820
125055 66 145218
92682 41 161057
55750 70 178924
31921 77 130647
1241 49 65501
4263 32 29289
19878 61 116980
74444 6 96071
125102 80 219071
52713 96 139989
33959 61 238384
66702 1 134488
4413 18 79922
80715 79 226332
15656 47 35558
144420 100 153078
69498 99 175596
32518 12 226850
34633 26 124938
77538 40 235456
108431 84 210883
37605 86 129345
56800 11 142352
188711 26 204432
30207 34 70461
8778 15 57791
47995 28 190131
7781 61 118956
105307 97 158349
131345 97 227926
144051 35 231628
115123 52 244534
126992 21 229513
68574 58 187576
46597 16 73280
4472 73 13670
15706 83 26947
122648 8 221248
130328 77 140495
91634 94 138673
88700 58 97410
181388 95 229750
80775 77 90833
5387 40 175874
117346 2 216053
221844 80 223540
125639 50 189688
120979 40 159789
34856 25 137378
187835 10 217760
123422 55 183909
145746 43 230912
99937 2 117129
53397 94 210268
94787 49 146061
26563 93 38842
30734 63 189950
6945 61 182452
19287 95 151753
70928 33 90430
206882 7 243091
174962 89 185394
164538 23 229733
6050 38 216727
129074 60 156941
58972 60 131313
155209 71 229023
37839 51 38575
55053 81 82934
34628 99 216924
8420 53 37898
87574 71 121577
10650 20 196995
142868 29 241502
62336 17 184041
117312 19 165631
44085 12 73264
124909 92 125526
147486 43 153715
180551 72 222717
8178 21 91310
181495 51 200758
94152 3 96050
73785 42 236324
95345 5 160874
19516 52 132057
72617 28 90123
100747 14 175963
77478 20 230065
21346 71 97781
76828 56 167290
13173 91 77396
93324 50 157422
2579 27 57733
46332 59 119030
71920 38 199727
117401 58 192807
136236 77 226722
228322 93 234170
13748 35 206654
175542 58 190366
49408 94 221690
138354 88 165123
169797 9 228355
106279 29 189313
156790 99 193685
29883 83 201845
39932 47 44351
124332 22 156850
10222 99 139940
158994 4 195852
145040 89 157369
29220 42 52111
153164 78 194179
46160 61 96142
19558 75 206065
108839 46 152819
79213 82 239390
3234 41 162104
140956 26 242505
66961 88 74252
67223 73 79489
7218 58 224182
15773 97 77559
47342 52 152444
175842 44 221172
9218 28 98383
66126 38 118591
53486 19 239016
73084 42 145950
83065 16 168778
556 43 161650
27411 22 144355
42938 86 54462
86612 58 163740
1648 31 237372
58905 92 119611
81294 46 86795
62869 22 66840
61205 34 190365
123302 30 149935
121049 83 196128
53805 98 210277
6587 9 48702
216330 21 245583
122534 22 157594
78025 45 215235
27010 43 57962
53493 63 116179
5217 13 138041
145561 5 226282
210731 51 230170
65502 43 229422
93884 21 104754
176105 74 177096
129789 78 156708
165138 88 213088
235460 88 238417
134912 96 156219
28992 19 54243
11088 58 172183
140091 60 249345
119725 43 214156
623 47 12768
87599 85 232159
136440 18 162241
107607 15 232611
50034 12 187515
21165 73 139051
51564 23 73864
114433 67 204289
98407 39 171291
91802 96 94437
42351 3 131814
63578 3 80319
138618 95 244706
193700 38 244920
78446 71 90791
158429 10 185782
160880 90 161352
26103 50 200271
183863 73 209169
7011 58 57214
124350 46 224761
153055 36 230861
16788 60 71575
78968 55 235292
199125 82 247582
91058 35 189750
44731 67 232851
38645 59 230601
35959 28 212816
88520 25 164200
54505 1 244549
224568 42 241579
4816 91 86863
119681 18 138605
61232 21 213272
16861 6 33101
25633 21 110033
60813 81 244837
51828 97 219421
3263 13 72041
71614 54 220357
90809 56 219374
160962 20 197112
99684 65 174947
70626 39 93296
55651 53 63351
160090 84 187732
54133 71 214438
171892 34 222798
236225 49 249142
43240 20 204852
36142 76 135689
80489 30 142766
94933 78 155250
79090 27 241205
100540 78 106010
194878 71 244320
29625 27 59564
186243 4 202751
30128 15 177546
99474 47 220955
70997 11 183608
25580 84 55815
73109 54 226168
10686 56 202368
73393 85 107904
119510 86 240698
66213 37 91605
95897 40 125508
120075 54 218853
101230 40 107824
25917 19 100338
64516 38 141700
11117 53 27502
97221 71 176837
38216 18 189414
27987 58 77612
38205 63 90861
65597 59 87194
59569 72 103313
59961 18 68567
12915 76 230999
25296 70 139208
207332 27 243817
37148 79 48704
46082 75 221023
67611 89 69897
120341 40 130650
95393 28 211927
169315 3 236096
48854 75 218519
89518 86 197183
96379 33 127177
73059 9 234633
227024 68 248138
66418 89 183894
36625 36 104846
174291 63 180548
93643 5 185268
10132 76 209835
181892 37 244895
96088 98 185522
13951 47 225691
29536 2 113550
83742 88 91024
85715 53 212606
206977 26 220466
99729 44 213562
180370 21 200709
725 86 147118
7722 40 41019
78331 22 109697
40969 70 222253
80220 31 154920
8665 56 115714
61813 25 203531
143857 69 191913
39828 32 249061
30615 91 132135
37215 72 76395
78451 54 107280
82336 79 147041
44734 54 101807
88280 67 135360
129474 26 160542
26626 27 107062
142054 53 198371
108658 43 144280
180058 62 225120
178919 48 230436
27471 12 57998
181997 1 221355
104500 42 224165
130514 34 232673
6089 28 219808
4478 64 174157
4398 71 183638
40967 45 61708
127600 70 187489
2450 75 68066
28955 11 178199
22180 95 125364
88952 43 147614
223026 21 249863
20020 36 177034
118441 4 222312
48503 65 131884
133102 73 161341
182446 5 235814
57331 100 80047
80676 11 198716
123091 43 182550
90454 62 182085
20644 52 123371
50104 74 137020
13988 65 241614
92551 7 169015
176279 2 221502
37700 18 145619
68588 48 72330
17701 81 85475
79165 58 145628
113885 78 127219
86818 96 176311
132464 88 214936
229036 93 231266
23748 57 184126
54953 22 153608
93952 85 173547
36681 70 57155
10167 67 60571
198860 33 220289
80456 50 216565
7538 20 66645
35451 12 172716
22073 93 115998
30267 66 74697
15171 27 49869
90756 10 133751
66450 54 108267
172170 46 178246
65336 71 236666
192263 49 218433
33817 68 38137
103313 93 158067
26147 60 72237
11166 82 160378
141233 55 143828
49959 75 83338
102383 92 116588
80700 15 193561
45026 90 66223
99945 47 225281
138264 40 180442
90032 27 206781
4072 65 150688
64079 74 222209
196129 8 213292
142049 46 229005
43846 6 160515
168138 44 184937
15154 57 208408
62324 10 207343
116779 16 196799
40739 25 80026
83447 23 153059
150805 50 152620
68544 32 118349
44618 54 194665
220857 34 236293
16602 84 174665
172959 56 213941
53917 86 95399
113962 51 156119
144157 68 219940
79870 54 220788
132240 78 142323
164222 80 166098
39886 8 249786
83514 12 109779
25763 29 128550
17996 96 84782
114179 66 188746
191270 7 243909
62982 34 111657
43175 19 113740
139411 53 225642
153681 26 157048
165597 39 245588
5723 100 44109
91579 79 145743
510 84 47197
169857 16 179368
197852 79 241110
40331 73 117959
54200 84 241275
148241 19 181354
36296 43 67234
125258 16 161080
140853 32 223952
80633 20 113043
58396 30 204957
131076 36 240267
54617 27 227414
76715 13 109055
200520 95 204901
31116 31 124079
95013 57 168347
2436 2 165709
110911 36 238748
48694 9 171257
7290 71 205333
46234 24 88507
19500 35 70935
206049 2 210175
145175 50 159815
73614 16 206926
23456 18 135061
65592 93 80510
220101 40 231215
6819 30 206191
121221 84 204599
54488 28 91986
65430 22 137526
132886 47 184535
57029 65 129057
81625 22 121089
102350 61 229151
137691 20 229873
107345 2 114277
105651 40 113376
62292 85 169571
27112 85 242391
95034 37 212117
81475 28 97312
45169 40 198160
9521 43 137546
58000 98 208335
5457 17 79141
85451 35 99901
21791 92 123030
99083 88 136500
118381 94 242351
84485 52 214133
18620 74 73578
151108 60 181925
11662 51 43180
5166 46 201659
48510 42 96933
46155 26 206355
63312 17 104192
220320 70 242953
112009 4 125777
106672 58 127041
181892 61 232258
2596 72 168784
20338 82 248083
127158 68 172419
125800 15 233719
184739 15 231618
99109 8 133866
4762 90 196471
78536 66 172913
44776 81 100639
56148 95 219080
1338 11 177543
73508 28 209933
130256 36 196723
39855 17 236045
28562 72 242595
14242 43 54436
62351 32 214334
1572 62 55295
142909 52 233208
123319 99 226125
119454 22 150996
8910 56 62862
213159 72 222622
45608 46 212691
190730 96 193913
160084 51 241853
73189 99 85884
94221 88 147705
6361 22 146862
122714 9 227635
92167 50 149600
121393 46 187504
208573 5 242350
11739 17 126947
188639 87 191241
60587 48 164519
104606 74 157526
157518 67 188622
54640 29 228675
50862 75 196635
178070 21 227146
38120 2 222255
105705 78 235541
172313 1 195410
50469 32 185709
193029 82 241448
140600 98 210914
47586 90 194612
129635 5 158866
21459 27 62520
100872 51 248379
88675 94 163651
41342 33 88965
44697 25 133870
32591 81 33819
30872 94 81567
234783 14 249864
78558 54 155233
176454 61 221945
47510 51 153550
15205 28 245490
3938 70 102031
57438 33 214054
76885 43 118804
30075 58 135476
171546 59 232908
56367 17 110185
174597 6 217232
43545 24 70016
67168 8 152512
7955 55 168098
84200 64 211809
185439 61 249766
161819 22 190377
74994 1 220204
27748 75 190512
36815 70 68443
45015 39 87481
103004 38 150385
44007 2 92126
90348 49 113225
92392 13 170006
25202 100 175757
112881 54 118638
20909 21 92934
42172 24 190397
130752 48 240765
43092 66 126335
103748 48 170501
66954 62 209861
71205 50 195869
61411 63 79721
57647 98 192242
72676 98 111153
86062 72 110453
205765 15 230831
26991 84 185448
187139 89 220321
32848 32 97285
29924 52 125183
226152 1 243879
112190 100 159423
112622 11 246576
84283 97 158243
21155 65 43732
131036 98 154145
86063 97 98228
201353 6 246207
24011 32 114641
50801 75 175218
145916 86 160342
148025 25 212959
173710 57 235444
103001 47 118555
63721 6 68941
103590 54 248444
76908 25 137979
432 100 20050
152505 53 194510
72272 89 234853
72885 6 155450
29078 67 220936
10293 43 228374
70195 98 243346
116779 81 170006
109497 71 118214
89754 34 206698
67116 64 105889
50455 9 66412
54593 31 111915
81998 69 182632
11152 39 43309
167342 92 201244
29007 100 41858
137871 22 170349
45562 30 168032
16144 60 28668
146151 48 239999
57669 22 159281
41414 13 221041
132545 42 210000
41611 86 84504
197063 91 198753
45480 5 129024
28724 36 94800
33664 93 175685
142223 10 232565
199371 46 203626
64465 15 226959
4563 39 239124
3049 62 43472
62618 75 222726
161443 76 191020
79967 56 185601
57045 55 217337
83387 27 154455
163501 39 214935
97518 19 227807
39384 80 97939
44363 51 198685
234297 21 242621
77834 71 237902
81700 5 122818
71120 78 224981
27886 27 187773
104407 13 137349
11941 62 108431
87502 58 235025
55989 42 94306
157316 54 237419
41803 32 169892
171578 49 243595
118793 32 186966
129569 83 147847
98223 19 101860
44192 80 171057
183249 98 242286
54893 63 104852
23940 53 90609
3662 33 91781
26798 17 110505
110502 23 164920
71240 6 231724
6070 56 227160
16236 79 70915
26548 18 228497
46892 83 119741
52540 73 175658
1399 1 229366
123851 75 144747
81650 50 244870
209333 19 224241
119067 75 162478
79442 70 207483
65483 71 125166
144496 90 165140
156026 48 170152
165486 65 237102
104341 15 205472
30825 61 91134
215762 14 234536
48083 76 153002
40135 5 51948
144055 22 249224
28796 76 215342
10460 88 118334
136656 78 224862
60976 72 151041
826 2 245580
95240 45 170757
2435 55 74278
187870 30 203973
52975 60 186509
149562 93 242272
22617 85 71035
86816 95 177620
52931 95 219912
112890 11 205988
186999 82 212045
1373 38 165474
153490 5 164215
14564 38 106628
155623 26 240729
145751 40 173235
82181 17 140501
100889 92 178048
65047 9 182114
89579 10 143820
12928 69 120796
92831 50 99722
193551 51 199290
170328 100 171047
85192 13 109787
6619 15 103920
121450 17 121791
4683 66 191593
59044 5 158297
7157 58 155319
1202 54 72465
146360 73 234488
57278 38 242749
49899 6 84682
108470 25 221927
74229 57 97776
141240 23 170021
207513 53 233608
134318 79 171820
59276 75 145375
22371 100 120403
32981 82 55208
61494 47 104204
107543 3 131002
68958 86 75656
38018 39 170128
40911 4 247988
87588 18 244923
130951 79 238749
210815 96 222078
15093 93 109223
154236 2 164587
60968 85 229913
15778 85 202867
116044 81 116815
70973 74 83744
27363 95 62595
79865 7 115560
4763 59 198486
23075 66 142178
124669 61 155364
115617 37 205986
182771 90 222655
39303 81 130720
177517 49 228083
5068 27 221205
58127 80 149409
78695 19 244277
90213 11 195209
14311 71 145137
27499 42 216711
65202 1 247956
14759 57 36635
38915 95 55142
143086 4 226003
133657 47 228255
65371 72 127957
46 84 201678
29755 93 131013
28847 6 73998
150027 73 156717
226798 43 246244
185508 93 245482
179219 23 204511
68594 42 77594
69817 40 124852
98953 76 219234
1824 19 223207
61755 63 109466
93695 4 204723
113614 39 215452
53408 81 119726
42305 37 225797
17283 62 237763
132232 64 241983
110115 11 144987
93282 93 155290
1711 69 195732
152290 33 169234
39591 9 157743
78152 30 207648
52454 95 130129
200933 41 209689
43676 99 102051
174100 74 215102
128054 35 145614
33425 91 168253
53277 96 160951
71063 65 228249
107190 30 127837
99715 87 219468
28679 71 32805
6105 17 218630
62954 90 125041
62197 98 69627
55674 89 163708
18244 15 69371
103562 35 104242
15350 80 31487
4696 13 182537
44949 81 180701
120974 67 173081
944 66 238279
109372 22 176258
137146 8 237543
4660 7 107443
10166 30 55964
99871 74 145499
98790 60 129701
59495 16 191745
134425 57 154747
97064 34 209142
11699 66 166257
8499 6 71599
11841 24 246276
79768 81 104904
127135 51 205113
141135 57 156629
129996 67 243421
25609 37 44457
75520 47 129179
66948 83 231318
113726 96 176811
4563 66 183757
121393 96 173566
5674 68 20104
131742 5 142727
11793 27 230272
1991 18 91984
87259 13 116313
115008 7 152696
76869 74 145068
68559 11 81534
38371 97 221592
19123 48 194943
1533 50 16937
188592 61 216193
12669 1 180886
121632 67 220397
19427 63 50513
36697 51 78513
116885 29 249868
83538 84 191188
37675 1 210257
194246 92 195848
69396 70 190547
153464 99 231262
116136 54 179912
54927 64 143875
44123 72 244917
173201 95 232394
168256 46 189898
34197 41 220213
130805 83 140602
41496 60 186747
42073 58 67090
89630 72 170898
226618 95 228489
165559 51 175592
16838 83 34588
211100 40 230679
114861 78 115541
2855 21 160907
67779 1 149032
36648 56 186571
38447 45 206756
20130 10 66099
79025 70 126599
182677 37 220690
112653 47 133230
84304 11 181684
16274 17 60853
20179 72 146210
27580 55 108910
157530 62 186482
94902 75 116745
48135 17 172457
164842 43 196558
147420 61 182470
45662 88 82566
215799 4 248315
172966 49 245401
94992 31 98803
93589 13 213340
12346 12 205685
26713 85 110127
151988 49 210125
43275 21 195375
65536 64 221604
67296 4 155288
67383 71 215938
4179 45 24671
187663 58 229639
110866 77 182364
5525 49 79836
108629 93 138942
3691 84 179800
10440 20 64754
97856 59 234207
63904 70 195503
214195 5 217865
92570 67 148474
11779 17 198559
54993 68 121720
153841 46 243272
47444 39 114999
105417 6 180392
66832 68 148123
72437 76 117399
73941 84 172774
137500 55 174501
49941 34 248470
128384 88 231146
62400 83 174978
103742 95 188960
27880 73 194136
120686 86 168333
192340 7 195630
39329 48 182745
48229 36 116744
98343 73 135386
51121 24 190538
130936 71 180413
94413 72 205613
141306 23 194198
66268 6 199277
162371 90 202269
11272 68 216736
78163 58 187066
30102 74 46077
119840 54 182894
139850 99 149352
25139 63 30633
102830 50 150906
171874 18 188603
64194 80 121017
144304 45 188914
22049 8 140431
131492 49 216511
7749 70 104751
111760 18 150134
62336 95 164357
103788 17 207200
135038 57 227892
29148 63 163935
79758 52 235529
114967 38 160230
12211 98 144406
60461 56 96958
53180 40 241013
100311 49 196000
54721 27 161814
66183 40 244700
74964 2 79559
7624 12 25839
28625 92 80884
39786 15 193123
1189 48 117236
34287 8 197181
97664 87 103247
137805 53 240772
33722 5 193315
44322 31 243026
121095 20 243816
15095 89 202649
97988 33 229837
28465 31 55450
178482 36 201220
175740 85 238558
69714 80 155806
123807 77 204943
118855 44 148932
88618 13 207713
125289 13 182680
172795 46 218189
81970 7 169785
16449 89 160913
139881 3 166455
16265 65 60795
43541 43 206602
27683 93 83338
81963 12 114144
180954 18 195453
85170 2 102308
12296 77 14813
143475 31 236477
96687 4 247075
137086 7 159912
101892 2 169281
22226 27 77016
207501 81 208539
82641 93 235692
57246 52 168138
157956 98 199982
105319 66 212575
33380 15 96016
165169 48 244670
148137 33 196053
32289 40 38486
3136 75 242076
121732 34 186520
52121 14 158091
10995 19 84701
158483 3 227692
61205 45 96421
44598 74 211566
76918 14 239961
32464 93 202803
186928 39 209592
18660 10 45490
8976 67 70436
20609 67 48419
16251 1 194965
34950 75 123313
86165 78 197155
72642 15 236638
126905 49 240063
41705 56 196839
3521 72 33377
2445 13 114626
182603 35 224609
21601 87 89556
67155 39 71923
116090 97 190287
10757 47 173395
120383 78 198923
1317 18 56963
145602 20 232790
169625 4 246189
59748 33 247128
35294 98 181402
159672 66 178634
90959 67 226444
27146 66 118301
90821 92 126964
94044 78 161947
37180 21 175143
127702 76 147993
94005 17 193092
78006 68 132620
10848 35 68698
131735 55 186703
114118 69 139598
64043 18 99534
49067 78 137888
22802 23 190666
181387 70 246357
143227 86 155883
61935 10 83096
28754 11 219383
33062 25 72371
93868 62 137316
122016 83 179854
83394 38 215498
98785 6 118906
109087 31 147890
44203 73 118134
117393 52 161757
159637 32 234849
131001 74 190905
160325 27 193951
149089 92 153170
18977 86 154245
32748 35 125978
96337 17 203271
142598 5 150254
104531 58 234960
29250 29 198189
86638 70 167102
34721 73 156427
72508 49 150622
91980 57 138358
80605 70 238410
160075 12 241618
85667 18 157327
61513 61 222513
80999 78 188167
107145 75 203475
101349 56 178442
40963 92 204081
53775 24 151762
51147 80 192536
40312 29 63168
34852 73 233992
37771 37 42418
4209 12 30047
22210 75 64193
33406 90 109517
220353 11 223095
50790 38 194342
33372 93 185464
77672 12 128775
89970 64 211828
17039 93 231767
101600 30 155285
62400 37 70448
92257 43 160315
197999 2 203464
170900 36 197379
29595 73 115874
93916 4 137842
62170 9 149918
99997 82 205222
114498 36 117100
63981 64 152547
146209 58 176624
13582 97 113490
47110 20 184550
191916 45 231930
25562 25 85720
110440 24 182167
154022 40 187200
89697 17 147115
216514 21 225536
76796 4 219496
59859 22 97331
18664 7 147245
154130 75 184217
40010 84 157625
112153 100 134610
59749 17 76495
99903 20 208857
94763 18 151195
216678 23 248341
24279 6 65871
118231 70 143262
151032 37 201383
89072 91 127022
16070 1 216259
44000 86 215275
31831 34 44454
132679 36 238983
12995 71 87270
63005 49 65389
74217 31 201605
28965 36 242291
158771 73 173190
81535 31 243363
73995 99 227227
88645 42 173431
242912 6 243351
221817 95 226730
52810 49 80278
16 70 29535
40324 39 203489
10276 46 224830
46110 6 70798
98404 84 105371
92266 36 197846
14478 87 104829
89034 78 234130
837 38 199860
146491 67 203453
4182 92 83055
5309 68 79651
106258 23 210559
188369 56 207115
39980 3 132284
103362 51 154519
32566 90 56518
134076 98 164099
1968 27 148599
60595 22 133290
100495 45 232434
127156 52 196212
65938 8 183591
58232 95 102500
96872 17 133695
108906 77 132294
63506 31 98085
159935 53 200969
33477 56 178527
24423 19 95720
201562 48 240175
180220 45 187945
109718 70 164628
16974 38 169166
172756 12 190709
45550 7 94986
184860 16 246976
80189 38 126596
115554 19 127461
44273 32 87791
25724 39 107857
37049 75 156119
2575 94 170013
65152 42 90196
83212 45 156749
137025 23 155191
16120 68 75356
133101 77 180238
77709 41 155743
52735 98 150539
29923 3 95968
68794 93 130806
76654 6 145066
98338 66 207168
139590 30 154266
130574 54 194137
53105 59 186696
124843 32 235349
61863 43 131694
14538 6 160819
118086 24 227472
181848 75 188330
154496 95 246288
60635 18 121763
39104 19 195347
105885 5 200271
61304 49 94619
36125 2 223466
9604 15 133091
99136 38 184326
2021 38 242663
24370 67 102074
18585 40 109256
59400 7 232826
120359 68 146088
115892 70 232770
58562 82 188428
233253 88 241425
157846 17 239364
69531 74 93397
46122 63 138442
211323 43 231523
114429 18 141849
78045 36 154698
146309 62 166688
86678 61 204030
2963 86 242572
102596 61 173381
44680 67 68474
235937 7 241199
130285 42 141198
134954 3 243551
114670 78 162316
138930 89 178772
5331 86 148951
61945 88 203429
449 47 93929
113828 71 167055
28310 93 87049
53565 26 97195
39830 76 101158
21892 38 211833
188924 80 247807
20548 82 199921
29460 40 92578
99837 94 156711
202064 76 216907
145481 10 225364
2638 54 9988
115230 56 136962
35102 60 225620
33693 40 229135
150176 77 178479
160838 71 223258
18185 58 43438
44085 34 75856
78691 77 205716
60369 93 191593
57111 91 220320
74056 42 128969
141374 94 240028
35626 12 197382
152611 72 232443
34784 92 132920
23148 51 215958
49058 98 109278
2243 59 4452
167620 36 185504
93819 46 137159
50238 72 53802
160106 72 166547
28347 71 59056
65502 11 141443
66655 77 141963
11983 31 245946
73342 92 169211
151115 19 170322
5303 96 30241
107538 98 152538
66749 92 122058
132312 52 216888
25633 42 220517
8971 98 105889
149859 26 202203
39609 60 177834
106387 32 135907
15117 32 105681
61384 6 133375
175117 46 177257
975 70 2124
10165 52 145613
74879 97 162529
35805 79 233565
65808 21 92739
175495 14 180145
41849 53 188996
47088 63 125732
6944 7 54734
221467 89 226467
98372 92 231556
77474 40 140832
72352 69 95818
49285 47 63910
131821 81 156838
71578 88 113785
949 11 166622
191566 42 223132
85117 97 188199
113894 5 206533
43695 17 216456
136186 46 167475
168853 59 180624
121173 95 144688
69444 39 155775
31209 86 174951
157442 99 157657
213068 43 238070
132675 72 213580
118226 32 182213
82843 32 212804
152902 17 169966
197707 60 248853
64863 86 97933
70931 74 146982
91972 90 110025
131544 9 200772
14568 21 183162
151208 26 199605
44852 36 178956
162667 14 220454
103400 77 126917
35737 80 83059
68498 26 221315
71703 22 115210
21509 34 234406
3582 18 23171
53337 87 79799
83545 42 125373
1050 39 41014
17509 31 153156
26788 87 231095
5473 49 241680
50066 18 93079
135557 50 222449
8890 70 25854
105909 47 153552
34561 90 248972
63649 54 155502
156745 86 213789
175278 71 223693
25700 41 234166
82947 79 147631
80189 35 239651
16528 18 247993
98487 36 159687
109133 27 176602
85417 90 88160
33278 61 201340
179312 3 238406
151258 92 245154
69376 82 92738
68413 28 246076
168982 33 247809
163034 8 230183
7152 39 170578
179877 91 192016
41570 45 231231
27386 79 170947
148392 58 157328
10494 16 179040
76346 76 175197
91341 61 198161
144132 91 249353
145050 7 237522
27138 20 46363
62171 67 150799
97934 10 160759
138686 26 221179
140310 55 164246
111032 5 140769
2260 53 9557
45791 96 220951
18768 88 217726
117474 63 120045
4167 57 34379
72182 59 196803
140962 62 214022
213854 25 246567
113246 26 149652
85918 14 188163
76584 18 80008
11612 89 47731
69994 40 89230
120320 91 148711
104878 98 129174
29290 84 247900
153665 33 207056
143967 84 190702
176193 37 198488
52359 79 186241
4932 48 104208
204694 88 222946
60964 87 90507
104979 8 190652
15966 43 141354
14476 79 92814
27747 92 212323
180142 70 202310
88261 43 109871
165680 22 199652
87746 28 196844
89116 10 124826
133719 77 164239
26066 47 205707
119913 78 221574
106800 38 184112
58048 55 241317
123594 76 177942
115374 39 167925
28285 30 146222
1394 57 208182
17442 81 240717
41818 29 71433
75157 22 217833
176737 31 226151
171737 10 239606
77656 69 190348
52275 63 174201
136659 30 187761
61413 50 68940
159398 53 238576
24667 86 71685
25096 58 61451
59419 68 202917
149213 28 174137
175151 19 195764
176324 42 244909
34711 62 244488
101620 78 115306
66811 67 88052
3597 81 117409
137220 43 242680
135650 80 200862
110690 34 196331
9289 85 163802
148719 43 235305
101146 88 231188
100413 98 160408
90083 17 113986
26014 72 220759
139549 99 158022
105918 33 224507
36344 32 162755
75528 75 219291
13327 65 84232
58509 67 212176
73262 83 116944
144080 59 203604
132713 45 151253
107533 23 181028
62487 36 70120
48118 56 207854
35342 19 122397
43159 100 108256
50761 28 246859
73428 90 186687
138376 90 139709
64492 39 237104
49216 33 185257
25271 98 185879
15125 26 175246
186858 47 218075
57247 68 249462
63036 26 129729
5823 91 79745
2621 33 135051
73775 89 227953
39388 42 65113
105830 66 229867
195051 55 213533
50379 86 143163
121674 72 147926
53287 32 142143
63495 58 82328
24098 90 170273
44555 74 50353
181097 29 191955
112296 31 171333
132376 29 144037
99413 38 139518
33297 88 105311
12030 72 80781
97221 73 144849
58820 15 246841
175071 7 184947
19252 92 164062
162825 42 212940
55692 7 73148
64832 50 153570
44042 93 210100
200753 36 214002
209191 1 223925
75600 32 226237
43503 56 150752
1139 21 26657
67573 53 139698
150593 72 229187
102470 23 212598
5287 44 179137
28309 71 238394
78208 33 80003
180491 60 224842
94115 48 140188
156786 99 195221
139874 49 235236
139007 80 200635
18161 49 240385
79101 81 191862
33336 56 204376
92897 28 199751
85123 44 225659
34734 58 199428
146274 23 176853
178928 23 195227
92334 18 133754
132361 95 248783
90147 89 149641
29023 23 249449
134905 75 189640
202748 1 236649
129947 51 224162
80530 60 174569
59295 16 71747
52593 10 238515
87471 13 182957
67519 91 122167
45208 82 116530
143919 81 155243
100754 33 184929
22650 12 151210
60369 49 228900
16495 8 90237
212179 80 249951
135002 100 143763
51671 13 171345
99382 28 217597
77952 39 224886
73578 41 235155
90884 23 127586
39946 41 186819
128024 29 152646
67411 58 218386
65864 98 145540
198678 47 228160
128332 92 141762
63842 88 153510
106166 56 175047
29894 79 214979
14818 90 134392
139670 58 224760
96862 56 231249
69226 44 82784
106814 76 136829
87033 96 229317
216889 80 235285
96823 21 124304
85190 38 239464
9290 82 116165
88231 91 105963
155134 97 235715
90970 85 118206
69363 20 114577
107842 15 128867
81990 89 210728
37922 94 214367
92483 50 222791
26745 97 130443
84053 74 117726
41600 84 203828
132609 27 175538
39551 99 48804
121275 69 221162
126668 51 237099
46186 92 94081
113083 56 177182
49574 36 120325
39601 99 194406
142188 88 165336
222037 4 240785
98591 30 217125
13225 20 174889
5252 34 215460
88612 18 121819
17135 50 123157
81697 90 93736
142046 70 200558
24781 26 57155
132487 70 234892
100293 18 162742
83336 21 144885
109473 37 189583
156039 5 208156
184960 35 192686
116610 28 142495
106038 15 223256
20155 33 84329
96377 50 148774
5404 55 79291
63226 53 122576
46780 73 103223
32061 73 213839
14646 90 144262
13584 4 72074
1479 8 194611
16572 97 104741
83568 66 141530
203882 89 234570
11398 68 103550
101914 93 240996
108531 34 224077
133302 80 170959
74438 10 197950
103282 50 158181
1469 74 176404
62199 24 227164
72757 5 218908
56893 19 135546
35654 88 55870
8240 63 178489
149978 15 198103
189677 34 236222
111549 56 232932
25712 8 209604
190979 87 219812
29406 32 121368
125279 37 192838
97235 26 142305
99683 73 209999
33109 16 44015
65813 16 198103
78281 77 225909
20488 45 200463
115102 70 141618
11534 39 35220
175214 92 196386
89603 88 173952
95624 98 245518
49232 87 142036
42918 1 88903
162446 65 217790
103576 27 138401
517 90 141487
59827 2 211514
132452 27 248210
117336 28 242439
3697 74 84083
101065 87 109193
126542 28 212549
102488 22 177186
136623 50 141012
69851 75 177387
61966 35 165736
53031 45 213016
126452 78 226338
138988 6 156711
23728 38 187381
79918 81 219440
144875 90 203342
103142 22 204512
111954 23 221742
75067 4 216507
88342 11 112003
82563 61 113269
108925 27 202491
66710 31 188615
95561 32 145425
53594 98 63832
2536 64 222934
35832 93 169013
53166 5 200244
111075 24 189323
70414 91 172590
108964 25 123807
163379 26 171143
158687 40 210917
112580 21 151021
29475 15 243005
81301 16 183220
28491 26 223279
127836 73 235196
36400 44 239830
63114 79 117519
94006 56 169521
51966 29 147907
58011 9 132896
92675 3 109528
177328 75 246713
33560 10 38085
60913 57 120274
28436 29 205127
111800 65 165785
152736 16 223521
3635 87 206662
162260 93 217099
110437 62 225013
122680 3 235224
9890 74 241742
151523 18 156237
137576 54 246458
7522 88 157374
25659 32 133485
189733 28 200824
136418 39 137795
159266 100 194470
47149 43 96268
96806 67 108665
89551 41 152759
66946 9 93611
112463 80 236898
9456 77 15112
104296 86 151493
14978 78 243329
114158 76 172342
118348 56 144969
156038 74 247955
68255 63 131822
69656 20 224157
151639 34 220122
47658 72 96195
10727 51 151906
119164 24 154189
84117 43 246534
32210 74 64014
107530 1 214870
141534 53 154946
55573 36 216722
67959 54 227796
8943 47 10975
32470 88 77565
76304 66 116688
67155 27 179274
43030 71 49555
145597 52 229261
24004 67 127212
159524 31 212370
41292 16 176156
114769 63 241092
42503 50 191745
90331 24 118488
113846 81 121171
202301 23 211283
81014 90 114951
6549 56 135470
62672 92 179998
12720 81 90579
138736 2 243098
143613 26 197565
101704 98 248364
29485 43 87273
9999 1 41998
13206 44 138824
50914 1 228737
162546 89 188139
6773 4 137195
10994 81 19980
107515 91 108568
100006 57 158094
97241 83 131768
77690 5 239354
68323 91 145456
53180 28 73590
21890 90 185672
19057 9 226456
86219 41 180596
177579 81 178515
8672 98 95367
30179 78 144365
48411 18 167988
152530 82 190048
96749 43 237406
205647 39 220562
70425 81 89553
148067 84 238189
26998 89 106653
79536 18 236981
9352 11 43405
45595 83 172969
117240 35 149442
195984 34 224824
15618 50 42570
35931 7 85644
7687 66 241621
164371 54 234816
83332 4 236149
55306 86 205634
28738 89 180516
46347 6 170131
157503 94 215028
42460 36 79206
29972 16 238389
96497 34 109664
17688 35 93345
22222 65 96362
116097 53 212170
74674 4 171449
122542 58 236464
6795 77 84176
131887 42 225920
21767 15 238826
45977 45 68542
90346 4 94653
84163 76 229351
42260 58 145253
211872 1 214270
4986 100 146514
167234 11 233446
30092 53 167281
84255 61 134185
21853 31 226531
16665 52 96311
98609 11 131447
44553 27 205938
62298 74 216920
93355 89 236700
142909 56 234707
60709 18 223144
59364 23 235240
105983 62 148623
10172 50 224810
105298 86 226920
11344 32 220840
16505 91 223665
207866 4 248515
71064 82 143670
101571 94 111391
43413 42 100628
16574 65 45972
176704 36 203258
103437 58 207941
22999 69 46551
55762 90 114900
38887 7 65268
88221 26 160204
194093 13 223640
43625 77 226428
45589 94 80829
59753 67 178594
7591 91 122195
41120 66 217463
56005 95 73965
23638 88 143419
32273 68 58952
43185 15 67139
9035 21 181610
82016 8 227362
148634 65 240330
66862 85 164939
24585 76 90761
35389 27 133097
163214 81 203209
233458 69 238594
140601 100 194869
237361 32 240508
132491 93 165581
86136 24 88380
62989 42 83909
81048 84 233626
101650 90 198887
98481 96 215786
59699 46 83826
86063 71 140792
69223 23 181414
68500 96 158154
14423 32 96503
51914 57 77416
21909 37 120777
27724 54 118930
58164 2 229974
8598 47 189566
35840 21 63108
132670 18 140797
204680 96 231225
21432 39 77211
98269 100 245782
138006 20 162282
130406 97 198599
24069 32 30988
112545 26 145769
77344 53 143372
26515 43 219105
138686 93 226873
210281 18 226759
142276 90 165910
81823 51 232570
167323 32 167365
68173 54 159059
69379 54 245701
30359 68 221765
99618 15 155163
31067 65 158022
3057 99 146544
53055 81 165120
161777 76 173599
123795 55 130044
113664 72 215085
28106 82 210353
111628 10 234801
145422 70 237145
116712 7 246044
130606 54 142670
24013 4 188632
105003 76 195136
58143 31 140861
51777 19 158252
93924 40 112047
89255 24 161191
177648 6 239945
37577 31 164568
41542 15 239733
77911 53 152414
15857 16 150202
110173 33 198123
117569 56 169316
78260 47 184991
71481 42 144059
141399 9 231028
130877 26 146174
135683 62 158531
157651 44 222877
121677 16 149548
82827 63 123765
31744 89 249044
24011 92 79915
71817 48 199505
22824 87 132317
128649 24 215521
25359 98 114306
102661 15 136677
82108 78 105995
18396 68 208340
174854 58 188742
84197 49 168758
152109 57 193037
122542 22 190143
244232 65 249458
208751 1 236952
30443 81 218108
20297 38 74548
39540 49 105141
156658 27 215116
41275 96 222088
242735 90 247527
41366 45 193222
4373 71 181948
90665 30 191846
112126 15 237666
27008 15 224248
68601 49 172863
197275 65 205492
3816 47 201679
38807 66 79579
178479 2 190927
22577 95 202342
113698 21 187728
178601 91 193644
25259 9 204737
61252 50 182911
314 45 190309
27532 47 241915
231089 43 235100
86198 16 165035
53343 45 91340
170653 46 195309
144505 31 156974
101127 87 163593
6610 76 155097
75141 10 152568
6660 42 159154
60430 51 144309
127462 46 133820
63818 35 166108
82237 5 213152
61004 68 92283
77652 86 151298
121186 31 157439
64329 60 125826
35046 29 229353
91307 2 237488
26837 7 29822
224462 82 236195
63518 20 192574
112538 53 175443
32959 24 182009
12881 29 140325
33976 56 47045
188756 84 216410
23908 65 190417
46908 30 130471
115958 51 196385
34459 37 190579
178977 12 222344
107223 20 172257
42433 74 86351
118194 13 174139
19626 64 148323
178444 53 187674
22440 20 222700
171664 68 220048
43581 65 214394
70161 67 113855
30833 36 171066
96691 78 108428
82330 33 113766
59832 43 165131
32473 89 93511
125028 39 171423
174920 78 215208
50158 41 65521
90538 45 221272
42109 43 239178
59576 28 246225
59368 65 117890
84349 68 136265
80402 28 242482
29444 18 241172
125280 48 171776
184541 45 231704
156355 93 189485
78044 40 225412
71042 75 107856
59204 23 126875
33444 19 191098
139746 48 146500
105642 66 171808
85597 6 244536
29269 62 125654
100857 91 123694
169537 15 174332
4102 13 63400
118164 67 204082
73879 46 156649
133469 21 144756
585 52 223157
224958 90 245824
84126 66 249850
104564 3 108438
29411 94 159654
36737 3 172099
108749 98 243189
41310 19 152528
102129 28 238635
154364 77 215735
62210 32 186482
98624 70 182444
101990 39 193412
151615 67 180382
106644 52 122094
14181 19 83858
25032 69 150009
129850 69 175721
76661 3 158466
30506 48 84200
10646 79 48814
82390 34 174170
158417 25 240718
7829 19 130214
161302 19 171548
83267 63 185508
134844 76 221987
134200 17 188740
41251 89 99427
19255 79 111910
30755 36 110120
97386 56 187907
75113 61 149922
100016 29 238466
3066 51 219925
153070 76 222380
44496 29 130543
124031 1 205596
21397 5 50735
11130 27 212236
178799 70 221455
161989 33 212627
33432 41 226871
173679 98 238004
115504 50 244922
44866 75 80022
71149 42 205545
46854 23 189136
99520 72 146240
31637 54 183717
104513 14 161126
1030 64 127668
110469 31 120688
124710 77 237766
4019 32 119735
26093 68 27288
91167 23 150153
138933 14 214505
181706 80 236064
40353 28 41727
49054 21 147954
26578 12 88330
99612 59 139136
118460 59 148746
91491 59 248138
29313 22 198530
33808 3 212290
12965 5 223523
111809 95 224093
135213 41 218832
26482 3 35211
144011 47 167032
173064 75 196657
152282 83 195789
148473 26 164165
166667 12 199224
77555 48 81309
133504 32 143897
141924 77 205898
22747 18 79882
21701 1 43635
44319 66 149167
59486 76 178332
2250 23 108173
3378 46 64929
176532 29 211213
151942 71 172076
165049 28 213174
67709 26 232306
131135 9 181208
220152 69 245271
107341 45 180226
172463 94 243576
101642 54 164641
697 9 244921
191065 5 235383
62163 21 134582
80607 23 155440
18610 22 119794
211488 68 237201
242180 38 246036
58023 51 210335
50094 96 63165
595 16 177191
5510 93 70944
45868 59 245364
64516 37 197359
67076 51 157825
12300 43 189756
130210 92 171509
62944 51 70276
187685 39 204871
189698 39 247994
69933 66 71727
51087 53 160508
120686 21 205359
120954 27 171797
19282 92 239159
123690 9 161131
113587 36 123906
2255 61 234834
133199 77 154384
30338 80 221860
200298 99 240652
34131 100 72697
61863 43 73048
91693 55 126081
40820 51 193725
8096 98 105733
63613 40 229219
29685 57 182955
83918 76 157937
79142 22 205688
2680 86 207180
113446 20 201969
74488 89 223023
195699 17 196071
55361 44 68094
76538 99 137183
26367 93 241287
139240 56 173813
162114 63 221203
59318 59 220955
157008 62 166382
212682 45 225721
59091 91 176127
56208 10 78730
148329 11 245362
14392 59 106693
99213 11 201058
7427 83 17521
98189 22 113082
49668 27 163813
16511 75 216937
63779 39 171844
68350 33 101983
100860 77 128210
37731 63 199134
113813 62 234963
62583 59 142912
73122 4 74098
66792 2 93510
58479 55 157304
158958 96 217283
2672 26 153500
118208 9 179537
155982 36 218950
12706 31 110621
49837 73 75333
167048 71 204910
178659 50 180514
62604 39 119470
115267 24 182240
162817 48 215564
105517 72 144079
59858 40 181879
218482 41 245668
64307 81 217506
97515 44 221678
77310 40 139782
105791 34 124889
115166 24 180480
193339 92 207312
67813 27 225133
49787 43 91397
41953 38 213624
112085 27 205114
197404 44 249297
1512 60 37205
190604 24 190910
174714 88 223102
85271 81 161392
152773 17 205177
93256 80 230476
83203 29 225872
129916 43 170262
187932 72 246090
100902 72 112376
4500 21 51864
210980 29 233533
48771 27 62837
29713 11 203089
1198 93 59938
75684 13 234217
39334 32 198256
20916 98 116524
200811 80 242405
107575 2 157012
140509 11 232233
132240 31 227992
121001 3 181040
133718 75 244884
211015 28 213386
82967 46 169067
56966 73 138741
157316 55 197416
43520 77 73551
43310 7 58321
73698 80 105807
216989 81 247417
41463 56 51361
31838 13 244378
65036 46 249944
118755 10 214141
9771 80 48762
197122 16 207354
9636 84 185488
10260 31 39890
15790 49 51582
5601 97 247475
36078 93 169828
27010 12 51311
190328 57 227814
21296 9 92621
90612 6 183814
24049 13 210306
74766 20 203089
9091 54 39882
113108 8 246647
73873 17 219233
1369 64 125966
76975 80 168647
9936 42 91476
44114 39 115670
196280 54 196844
37137 15 163053
77121 26 142653
141935 1 200888
88934 45 130854
128655 54 172080
183900 82 193230
65536 14 168256
29907 47 125678
68565 18 172185
66390 91 220012
83229 3 147271
216398 58 225720
65665 71 166282
27536 77 132799
100877 13 143444
174299 98 193236
51140 25 151843
113420 24 233915
46813 88 88632
49290 95 175363
5330 24 93588
179115 19 209217
31619 85 207908
67454 15 178794
91732 59 104013
31149 81 85057
131865 86 142411
13570 6 215143
57073 37 219931
8035 85 130887
149937 73 157682
86879 61 103326
59404 43 122680
82590 69 223291
84105 23 224837
56178 75 177302
3313 2 119859
48777 49 126091
62015 73 161834
101851 83 210031
14683 28 237610
10526 76 169377
112820 89 114407
8084 1 150010
22058 32 234703
59976 93 148731
187957 18 195203
47291 49 233560
132376 98 139405
11232 73 193455
33353 11 248194
33962 3 236665
85264 55 183779
27926 40 137356
25143 31 248775
136396 5 233961
94689 42 177588
93338 90 101072
91656 68 222432
26092 44 153858
183695 6 197445
84031 10 209416
95634 70 116902
37723 97 134014
41705 99 125556
42005 6 195064
35721 14 158778
146410 39 227771
231299 90 231958
116435 46 229469
36681 77 135360
40837 85 99921
127164 59 157926
218094 14 230173
98492 20 122839
56286 81 75628
28277 39 117483
3258 39 21264
29180 47 213199
47690 59 100928
8918 40 74770
57041 63 94346
13559 69 222776
230911 74 232566
2964 46 34361
79438 64 125318
33919 7 233579
101898 43 137175
55962 69 244714
9014 32 28990
165759 3 217666
26014 4 209184
60364 79 76028
45034 73 202969
134314 44 241089
159621 99 246884
110303 54 185839
11195 71 149780
13549 21 158372
101435 67 106159
80838 2 219978
80169 48 139146
162115 70 229714
50876 22 137017
120865 52 142165
27526 27 228875
145806 16 155620
113040 1 228391
133423 86 243537
94046 61 131242
17967 75 19871
167493 39 209507
82424 63 206958
107726 3 247009
20803 85 173000
173895 19 189984
221771 42 229142
137384 54 236027
22410 94 100823
151941 10 155415
44159 70 225953
82375 47 242921
187409 34 240255
2660 80 219731
37420 22 109778
23150 4 140847
19267 79 237044
335 10 244405
175691 97 203582
32698 99 156813
185839 93 218090
35713 35 80189
53230 60 57671
99097 92 163924
121648 25 131552
34191 13 93587
50817 99 61120
216942 2 241006
4427 28 166159
48785 88 157922
50925 16 163739
92015 31 249337
133362 40 153148
127160 52 216140
12342 39 38580
133542 71 196218
2147 29 245812
22624 73 249474
146 7 217422
75275 59 210302
14408 32 181659
42473 97 140298
206328 3 207922
142954 74 212969
52859 54 179875
104069 67 200754
76387 26 139121
119485 62 237165
134382 28 190852
56830 92 200711
84216 99 200222
77897 48 114487
9523 33 29614
143684 95 235972
162891 98 216183
58548 3 163106
86151 59 228949
94264 73 96059
29562 23 143216
78513 2 121448
15 9 105287
24659 85 248519
34817 75 224837
14379 53 117425
87223 44 211557
174351 93 197951
80858 8 111818
16976 73 219299
58294 71 156338
3945 70 15814
85790 73 111387
119685 99 235270
1127 23 162057
148514 11 211321
10469 70 208890
94318 55 160401
6581 21 83868
46473 83 198075
105085 70 157750
27852 96 240778
145419 8 200672
105778 45 221113
9416 14 22819
126227 90 219100
7129 65 64204
49632 65 248668
21896 45 110056
24715 77 232483
136912 85 143351
48878 7 120034
126385 17 192974
193723 37 225727
22824 88 94604
196020 16 202955
166139 11 237898
75304 68 217431
57643 43 168004
63243 81 77540
5798 44 218341
156570 12 163474
86240 53 190963
89302 6 240071
51522 95 224280
123620 25 152845
109217 78 170394
14567 50 57672
117557 38 189267
166468 52 249622
52006 75 71780
81380 51 161762
42974 82 124091
127858 55 168093
80313 78 116647
36193 31 137254
5774 79 162404
39314 32 244168
113686 47 166271
158332 2 200879
26747 97 133235
24388 43 144149
104439 68 188497
59137 64 174121
58888 66 231423
50703 15 105785
57836 88 88203
67623 24 126507
97981 8 242398
62219 49 69237
34567 7 75779
48170 51 107581
85563 82 212060
1396 43 76767
75891 29 121821
78979 46 152203
103088 59 164226
144932 46 239203
76557 21 164577
68378 74 167834
169178 12 218658
168486 50 192161
88564 16 211198
53841 56 193197
