5000
240953 76 242867
146221 30 187100
19960 27 161859
35899 74 171826
114016 24 220919
88373 98 110640
59608 83 246576
28677 33 219098
28070 26 90676
88448 8 194259
30193 54 68987
77677 54 151333
48422 62 152653
49758 84 234131
31884 51 140413
110079 17 191921
71003 69 135337
12145 89 223521
53839 34 153452
20074 6 185322
47368 86 244941
69678 85 200471
153553 56 171593
171644 36 217391
82666 84 84376
14087 77 46491
7575 22 246432
63054 59 168494
153921 9 236966
34947 56 209181
55464 11 239008
77308 98 97487
129862 70 217487
133489 10 188707
144886 50 223981
12452 69 179695
19643 79 73589
28064 69 208617
127921 52 228568
194836 27 214603
23512 21 76940
13710 32 207670
35491 78 182101
70492 20 236284
39578 92 56086
44879 24 244062
97318 91 186441
41789 57 186405
59131 5 162164
90324 45 114050
143721 66 237489
16476 81 157963
214416 47 241608
130064 43 221653
75726 86 89703
44289 46 191664
52785 30 243814
35182 51 134957
120485 81 239735
53620 53 133657
125796 90 224596
22986 32 31770
60532 55 234336
118865 55 204446
83435 93 173676
66304 27 171725
195309 56 197322
128665 1 156426
58793 97 213910
75356 89 116606
4872 5 182602
66527 8 159599
44865 48 161843
136933 86 175171
66390 89 236511
100298 36 153395
57956 59 204441
44207 76 119388
21604 47 30617
65976 41 137138
161848 86 234115
7007 21 58885
37321 47 219639
56182 14 146401
2675 62 28254
124820 19 229612
125197 30 206751
119694 75 187289
126884 49 193940
19419 94 160603
135669 7 179374
23713 12 118823
23972 44 137094
56182 93 192962
102877 33 151425
242289 70 245734
145183 75 173586
27117 59 54046
145695 65 162998
82432 30 152569
28478 25 77684
109684 20 238545
227090 94 232936
35353 44 52257
86211 3 206693
61426 44 211422
104018 80 231770
110142 51 186984
109084 86 166878
62877 26 67474
140470 41 222948
109328 53 139637
52608 63 104071
17830 25 20764
15228 83 202792
54997 18 210797
29755 52 149885
146638 99 156251
69355 4 154112
23174 48 208880
92 60 180134
197481 72 207799
38953 9 90288
145662 29 153991
38451 92 72564
161041 11 230303
204483 52 223729
73449 69 85466
13549 10 212656
99994 24 199894
136326 59 137383
65693 45 203518
76361 13 190730
72353 23 223203
168407 34 218532
51043 10 159144
176435 56 226966
21291 46 244794
12184 21 151915
72234 20 78647
51540 52 239177
123558 67 128694
16072 23 104757
94288 37 117541
86536 48 201289
15284 63 51435
90600 19 200226
214276 92 239889
193670 24 221890
56890 21 87415
63582 35 156499
109279 44 198688
6806 71 120460
138280 95 219038
98500 74 246854
107748 82 207376
32736 99 200765
82787 35 176784
23765 3 105686
25485 8 139533
37964 88 225899
39159 59 221764
10838 53 129362
24536 41 207750
158899 44 186854
86793 91 216924
5297 40 163702
32592 21 207421
28755 65 151666
86515 40 233267
54092 24 58036
47747 17 122705
12365 26 40112
32718 14 100877
95280 92 240818
127178 24 222345
78862 3 206311
131793 34 167463
64831 77 171259
36855 59 138056
156637 14 231428
12304 73 43510
9012 48 214481
184804 79 216004
157640 3 202737
113114 10 121368
56793 83 104948
193124 39 201335
58652 13 68204
82905 62 112325
43963 12 223824
48910 8 97859
185917 17 204276
74004 4 187938
74539 25 76110
45951 55 163173
168825 64 239413
21575 56 105066
872 7 220528
26250 7 39222
69292 22 110500
116369 67 223821
47946 30 129506
58705 52 93494
56270 87 225721
195993 4 219073
79465 85 100810
122550 85 130101
56871 40 138039
104638 80 118821
69333 69 148215
143931 91 204753
12300 38 30598
128404 12 154672
21491 62 247739
16408 26 98445
78114 54 163009
82800 32 183914
28446 21 102035
79344 59 172807
57184 2 208390
105243 42 112149
152514 89 223901
56260 51 131203
23625 82 70283
32631 77 114102
50663 14 88510
51445 69 231667
70880 74 236467
1263 85 63196
49311 87 63150
33612 14 222142
191586 26 199912
99509 39 245401
17651 61 107858
29071 22 96896
27528 66 49515
119812 19 205771
53056 53 143007
134723 34 146661
90580 89 168932
243627 65 247095
51719 11 66560
62147 47 114057
64282 4 203418
98339 41 239349
113050 54 120251
135031 21 201616
171247 99 246723
46857 76 248644
67939 52 127395
20919 95 237541
39251 21 249022
29123 90 140906
164835 69 225888
86551 88 178006
67360 13 103828
60404 64 210023
153054 98 214460
72884 17 199610
104342 99 144522
55690 47 65047
113569 60 194210
67834 48 184567
45471 40 46941
30545 81 183234
7739 7 150040
125354 20 204810
100494 27 134310
142519 97 207041
195843 94 199647
152170 32 223635
40391 10 149758
88646 59 98366
161338 94 244237
30811 71 170186
55188 59 122260
49390 7 158453
8395 72 150200
91169 64 236667
238335 24 248376
17664 73 238276
40439 30 65042
17126 8 167880
208039 1 226264
69272 40 203910
58343 28 230860
44182 6 74811
91446 59 179430
192025 33 230983
114520 80 233284
114765 6 241597
124852 7 139714
145092 63 242236
131184 13 188652
102559 26 229895
44699 77 198337
58597 28 156737
15982 30 104660
88234 29 143893
436 41 223369
200246 91 244535
6081 72 46775
197426 18 201285
147019 64 216877
185618 98 210211
53461 86 100589
164053 86 238745
86065 50 215252
38460 36 210066
34174 20 42036
6170 64 72587
46241 2 121622
138641 26 212282
151726 51 153747
29457 40 93766
69108 22 91668
7238 2 21516
4103 39 15066
56202 98 109160
84517 27 192197
163611 39 166195
69824 41 137149
105843 94 120184
47967 9 76615
15887 72 77331
42339 10 211046
191366 98 191571
111483 50 248103
50403 86 86617
13044 7 240319
167016 14 200604
40108 30 110005
6162 51 228873
31478 85 182741
120247 32 153636
58673 51 158951
198606 88 231457
89857 89 176796
36143 42 159564
70509 48 136828
11573 26 14370
178831 29 240969
30526 25 119574
68115 99 237944
51417 15 189403
21327 54 171347
42862 28 166937
106662 64 202403
11130 20 18946
180247 64 203357
101156 56 133394
170430 91 180277
132609 19 204466
216927 78 243408
102149 18 208201
5196 30 120877
159240 95 176285
81443 79 207185
99666 8 105995
72639 16 227344
7084 19 214372
172090 57 174205
90342 4 242533
43632 61 88966
95234 26 197346
58124 83 151794
69847 16 237215
97070 83 167918
87847 69 94501
90141 97 238790
174072 27 204347
103307 75 115403
25667 89 184687
98400 49 245985
21285 35 42846
135576 53 237394
188139 83 203207
46505 37 94520
57249 99 89609
62974 77 113708
4193 28 243918
64764 82 93042
1455 66 197039
24483 68 60192
26316 65 44558
106446 52 108117
19560 16 80032
37810 74 152652
130718 45 215617
177175 4 240519
60060 24 228900
33316 25 43539
89682 76 149382
132782 83 162718
141112 80 173553
96599 18 183286
103382 68 178505
61935 26 130333
38880 54 191915
35358 43 116015
102306 6 248491
42948 12 213195
75858 33 210630
61455 76 151067
104915 88 232827
96278 69 170520
36840 65 68957
35190 20 75738
15739 40 122997
79167 37 122334
160519 100 217417
13699 40 22283
19754 57 127543
180327 85 190805
47882 24 112712
187844 31 220586
229819 5 248904
127765 76 192865
15317 66 56081
53393 45 166076
43938 88 84065
64507 78 165355
48369 64 59442
98310 9 133062
90469 99 95534
67549 70 194266
57907 57 207167
114072 10 159227
30045 32 127727
13051 88 19999
169662 13 194431
4218 93 244067
165367 17 237204
176006 96 200695
172181 41 231050
5138 60 143521
45282 81 149085
12203 53 48901
57735 34 241312
154146 27 202879
204365 84 242970
65834 2 135709
115399 92 222411
30704 96 87487
23610 42 167951
117256 95 191015
186972 94 222021
223452 66 235633
85352 33 206223
230086 93 235405
55475 73 181338
118384 67 190615
71292 51 201672
12805 57 144481
59504 79 226809
59707 45 219802
152668 50 197947
154145 83 245145
94374 17 118029
112489 37 199789
53160 29 197634
62642 22 209826
90493 37 123751
129627 85 150758
136519 100 189124
6707 72 75337
91898 88 106241
60057 85 120312
202864 19 215178
17772 39 208416
183846 82 216451
102795 25 117174
122533 100 128608
59647 67 133760
110946 94 248132
83107 27 158981
196651 91 230571
116991 43 174631
153578 89 190281
63163 56 160063
94562 36 188288
210562 39 227506
35147 46 84956
22700 100 74626
64542 5 233229
104046 91 235457
38904 76 128260
49470 47 230695
129120 97 242352
94224 63 132402
24551 2 111758
90209 77 205780
202645 78 217128
46127 91 64859
54109 1 62017
160481 5 223919
180975 28 196878
27609 30 123440
40246 23 65493
34408 20 168143
61167 65 109637
114509 67 224043
10914 99 144848
47748 98 186739
109983 96 122990
5208 77 6493
82987 69 176981
79921 26 101793
194472 25 213158
121627 76 213183
22532 53 248552
6989 70 95816
54155 53 227788
120164 23 138022
73385 13 218472
87829 83 226969
47832 65 189993
202915 51 236812
180232 4 224735
135307 60 214135
197610 62 238260
50504 83 149875
88626 34 171009
207994 24 228786
16900 98 248011
29501 51 133176
884 17 220626
9104 37 236534
97614 49 203273
1143 26 55464
12188 88 152159
119137 47 204709
4129 67 94145
66415 77 192577
95339 5 249898
173125 25 186711
46817 21 94955
50945 70 85787
43062 91 43160
31161 11 145737
24594 19 157959
554 51 172411
102399 6 122842
115438 68 124626
192458 73 194355
110440 64 141196
116634 100 245513
199448 77 239490
186384 48 196065
49815 43 207505
28114 3 166061
71755 56 147978
16412 40 27781
97660 10 114724
62464 80 76780
16683 2 244936
9918 44 225370
82505 36 170909
115097 95 151850
49032 28 207594
180477 14 222035
84060 48 185431
172019 79 240703
28886 29 189978
20597 62 23828
47391 94 189627
30705 24 79051
179317 14 246286
126452 55 158896
45081 5 237454
4562 98 128686
59442 6 146927
57159 67 126954
153438 24 198483
128471 10 181145
17509 55 187475
174828 56 183766
96794 65 221050
4214 61 230260
46569 47 185605
657 19 183417
44242 66 186991
103878 49 208130
8535 71 66406
97381 79 113677
12312 3 244086
158556 26 161727
45209 17 185488
108180 95 147602
238058 6 249497
95050 30 153126
85516 44 214382
61320 13 72154
74506 50 112852
217241 21 224089
28120 67 201220
95868 61 172289
32538 5 133961
121465 2 209231
33207 14 191257
2070 77 224875
55500 60 158941
64127 97 109731
76420 8 140425
24816 95 104429
100020 51 183822
9215 51 184636
87092 67 152645
35030 74 206631
18830 35 55134
11801 41 171136
50734 35 93794
83843 55 211075
81257 66 161422
43969 87 139849
23799 86 150528
174195 85 177383
36043 99 241605
42821 87 124861
224909 14 247207
88817 15 245846
50163 67 169396
209290 79 220999
118035 49 224533
126632 82 179680
42516 84 104463
218359 1 238802
116248 10 123502
106823 93 240209
34923 82 74508
142492 75 248849
70406 82 141301
106904 100 164282
149039 30 229754
148576 38 174099
8786 64 58051
65440 49 114908
144634 56 241043
57732 50 192380
99215 28 162983
101083 44 165300
62961 82 63806
90461 71 169940
51396 67 121900
118785 35 189819
8053 50 201161
93398 91 208287
117908 84 197790
142392 42 210132
94800 69 118622
122730 68 226613
80831 15 238764
149302 98 224796
44887 77 48595
98774 42 217172
110539 10 133929
151364 1 168418
157265 8 161802
142581 59 215495
40799 46 111482
78893 29 111972
120875 56 233789
146050 23 165468
18728 2 189844
36267 73 64873
97570 59 184869
47498 86 67524
177748 90 224117
79112 84 160070
33827 2 69096
17789 28 69644
79292 100 216849
82054 21 192911
4539 84 215102
66053 24 89509
193894 19 224979
113939 95 180860
32269 79 83170
136890 61 246730
26074 98 204561
222878 35 230658
209628 44 216375
65030 93 218157
65992 39 220525
46176 99 154464
123324 100 184864
34704 68 217254
134663 90 197668
115989 33 120814
30095 26 101503
9923 41 176135
84135 88 181133
43934 67 135721
103147 73 191272
129289 64 182144
21740 24 147967
10728 50 51369
85989 72 105978
169035 34 242215
52116 42 207732
53784 94 125755
15533 84 158350
205926 51 218652
8165 63 64142
1606 90 178322
31604 21 161303
55064 5 60156
207937 51 213109
26452 97 80435
151966 45 220237
136049 36 214523
128778 42 188190
87009 66 157339
67273 75 138902
76189 68 87920
41048 58 129127
33462 4 113841
60068 67 90747
157708 69 211521
6796 54 238354
133660 80 186772
49481 32 221002
35385 62 237695
34501 91 133742
83246 69 210283
101475 21 235001
71449 17 229741
67855 35 128887
127379 54 145218
120826 26 184833
119841 64 123328
41741 77 101408
131624 74 239840
101811 86 132465
71023 8 127908
155963 6 210116
8797 80 81688
32638 85 51368
160974 82 190975
99403 48 190626
52430 38 76378
111739 92 203149
29989 69 172576
228654 56 248182
6956 49 235683
131171 32 162889
5486 64 247624
149816 55 226358
135181 27 180050
177065 97 215207
117529 94 235222
20484 45 91702
102239 100 164236
125758 20 132480
7099 34 69425
72766 77 161798
233389 64 239589
63112 75 177370
37068 34 234550
116151 43 233595
174724 76 190304
169899 20 205962
16703 52 105517
163329 5 230624
89756 44 244476
118457 90 119071
10216 61 244713
154314 69 162879
129911 25 198346
82605 60 89274
73566 33 215061
66681 2 135238
150030 49 244601
15820 10 29165
38600 20 126980
142154 45 219195
13254 51 93247
74904 37 122863
188714 13 230568
38515 11 129434
83963 2 160827
45563 93 237864
14467 79 197672
23809 63 35882
154483 18 185269
142472 67 191085
111984 18 144937
22534 75 84598
181047 93 215972
35714 41 169892
84052 94 249501
99624 7 154046
52814 97 112874
210899 80 216131
59815 47 247599
39702 39 154519
112384 99 216823
136068 16 247319
100096 71 196175
212670 63 246744
15974 42 240127
130917 59 206127
149520 52 167067
68338 64 150330
182005 2 203533
64951 92 66987
74893 98 137105
50101 66 249359
183905 34 188807
54043 30 58576
109417 18 157018
137643 25 245929
93539 53 155717
159368 20 217243
88226 29 240835
4304 99 146042
36418 10 148094
107852 40 170443
18963 70 43005
60189 27 244736
95630 5 212663
104029 86 214405
84305 96 120057
48015 22 94681
14090 28 169371
127395 57 149078
145647 84 240198
164164 70 224862
4224 15 158833
83713 50 167180
234106 89 242002
10323 10 161738
22571 38 211578
58154 43 66911
153979 35 222525
59029 53 179675
199810 21 237164
51420 11 198447
225474 27 233481
70610 86 105331
38629 34 190673
119298 96 143544
142350 38 208499
26770 25 140877
207878 35 241180
164510 37 194662
105868 1 151270
146863 54 242849
128732 21 187854
20979 94 142441
168195 10 197533
202787 59 230341
155780 40 233219
42429 16 228308
17765 70 214575
81156 67 185529
15251 58 172690
73498 83 150723
56103 69 212359
37387 95 43416
16285 83 234467
19701 61 35487
203633 35 231248
186223 28 245124
63296 83 203082
16654 98 118787
13567 45 16567
111461 83 150781
40753 57 50553
79968 83 152995
41673 94 147596
86915 93 108553
122529 63 136983
62663 15 183417
193965 5 211568
13860 97 72373
87423 36 169451
137630 18 151569
77993 67 134962
18283 6 143880
125197 40 137789
69312 61 189416
118092 46 238159
61863 1 204830
127686 22 232768
204074 91 234321
23045 49 194668
124872 75 247276
73186 2 207705
103378 9 134084
15953 7 136899
55694 28 90763
83065 81 162803
210020 21 228825
144434 4 152866
40348 54 139313
45811 66 165368
39975 91 149094
4693 37 128046
178645 97 214213
207587 55 223558
151153 7 158751
163839 10 186682
163788 48 213784
70333 31 108627
40720 60 246047
143375 2 207284
74952 78 117580
22116 92 150603
13922 86 237507
121829 96 144723
5873 77 116487
146791 94 209714
76151 61 120955
12427 8 192068
80316 58 121288
44662 14 97078
27277 52 163754
82170 92 82898
17936 25 95588
10102 13 208488
209860 61 223398
77489 94 168554
108010 84 171215
102914 36 172491
42467 36 185113
150827 11 189287
21511 40 84025
87516 37 101324
103117 56 175487
77414 55 148140
56691 33 76846
157675 92 242902
19298 25 85704
35463 85 148529
82144 50 155961
7788 30 136457
2730 94 51621
70812 7 91967
6390 95 199323
20407 51 73878
31044 63 68147
682 34 75247
5869 25 49561
64406 27 103856
22589 54 138974
4708 97 23008
235516 2 243355
186687 41 227785
21328 14 169136
116898 94 244986
18855 55 31759
13280 50 112983
7060 48 107138
25275 62 134951
2663 80 15499
30293 93 234354
36830 13 177462
36430 42 182448
41463 43 91676
179704 60 224791
56127 39 85353
34608 66 44335
104739 38 197600
86106 31 211101
154884 40 210028
87833 65 239767
72432 58 217546
96196 46 206449
118656 2 132461
31109 74 181639
196017 57 245406
124557 85 150837
54488 79 210756
123832 46 213160
18524 77 197022
136004 44 241434
110730 88 130051
187979 66 224604
66666 26 237903
38481 3 162401
27010 98 246183
179409 68 196598
33435 13 100480
59825 20 206140
154675 88 166408
100302 26 148268
93891 2 176436
70729 70 165873
38755 6 224081
198346 73 232707
62669 96 102388
153996 73 172065
138936 63 197089
131634 54 213537
49041 2 96553
137222 59 240080
2602 90 183572
67739 36 225159
159725 52 219132
121638 3 194485
58452 19 212238
156242 16 249448
11670 6 39036
30375 90 39372
82522 76 238376
61065 26 249999
70008 15 168451
27824 69 201793
141573 69 160307
110573 57 147044
19157 40 156709
117396 4 136325
64397 12 104714
88936 48 232982
86899 99 197429
177071 35 245849
36108 79 114330
69124 58 191346
44948 45 175875
61892 4 130266
24001 94 199579
76642 96 246709
24488 17 162537
135066 53 201226
106762 67 182932
135133 16 171884
39179 92 78785
47888 41 199189
85263 7 193297
16909 24 176994
112440 73 181873
55459 35 168807
54170 82 69309
26460 59 134510
124248 1 235288
84018 33 98380
70679 22 74451
179526 22 220279
217284 13 224541
43765 48 146621
181224 53 235331
26472 29 176235
79827 92 181686
157702 1 167826
193589 100 205133
22494 13 44922
117979 80 141608
115323 48 186856
36670 39 95464
59011 25 140494
9406 16 223519
1780 20 240892
44088 57 196467
49533 42 56566
161184 62 181899
190176 95 234794
97730 31 179335
27933 20 158324
56201 2 244495
118027 99 147224
84078 42 217274
131522 55 144796
964 38 35217
88246 69 121735
26444 57 126507
147758 14 240323
25663 59 43137
98137 82 174695
73532 23 92128
32381 90 123827
194962 59 208113
172349 25 230522
120539 72 194550
93763 78 149833
35840 97 161216
31523 36 100234
199879 78 235222
153273 83 168166
141715 25 199782
48702 44 62770
3490 96 80489
86939 75 207251
26045 63 50526
70385 78 227428
60515 19 63702
146283 92 154895
185064 68 245617
11539 94 151409
126007 95 151270
121691 77 130974
69214 90 166117
21657 16 87343
170625 59 248894
66541 56 89926
235070 31 235879
35702 45 187834
33228 47 70363
7505 65 92072
19511 50 219088
130218 64 134180
62255 52 168210
59560 91 138980
197930 61 202564
4385 75 102779
61382 89 123286
105967 40 184027
160223 81 200595
19971 6 103377
39581 39 48829
135813 47 174186
152565 39 163885
60785 34 206091
15530 56 103401
108853 21 242085
54511 16 170057
196116 53 249131
9681 10 193947
89793 19 143524
21928 54 192702
119968 18 180965
71339 69 107623
154968 65 234424
126808 97 200053
135418 31 226306
87445 62 196833
15797 1 206278
56999 4 225672
18005 30 163534
11030 23 65283
32644 13 61691
54012 63 163938
74911 2 220547
69109 70 97920
45324 27 161252
146880 21 236338
190616 98 204529
45836 35 161854
42035 38 240682
41711 91 123273
19715 25 172105
73948 92 194085
55791 7 206386
173481 38 245772
182685 15 230515
157926 72 239741
82934 87 197606
76187 32 232284
196284 27 221883
33183 40 95307
84227 9 215958
8347 54 228483
96715 9 249055
97256 38 142252
135418 92 143219
52228 52 99255
150195 11 179704
7955 83 122922
99230 97 244636
66684 21 75019
3569 87 249053
49622 97 166100
7343 33 36001
48483 28 102048
104224 69 243831
75794 14 146921
246369 14 249364
128799 21 220135
25933 85 122810
194504 83 234983
112607 27 173636
56461 90 173221
99665 39 219190
30657 3 107557
113979 72 135669
72199 67 96650
16543 49 49792
59316 39 136450
40017 39 205823
13018 82 245409
74610 53 206275
123759 25 249750
96992 38 232112
19063 97 161853
19060 35 53567
43601 32 165245
7566 29 50138
44720 24 208038
31125 93 58433
3775 31 149276
87571 73 240234
150733 19 223452
163309 5 236898
101308 87 232943
51053 82 204259
24404 29 216846
37150 17 81069
190885 24 222708
149319 64 171016
83805 67 231484
29224 95 133235
68660 46 184962
48780 47 160898
178351 96 219202
16109 41 60390
91105 51 247208
11125 19 72220
831 55 239596
219034 51 224302
71787 50 91681
124713 99 158862
40854 78 181368
29965 13 76303
38108 81 40921
84876 10 234987
40595 17 238096
94300 49 205993
191902 49 230477
14732 56 248312
167825 38 168829
27839 11 67203
62029 4 197690
28757 1 182418
4413 83 114512
53079 71 182095
39028 80 195423
160235 25 166363
50307 66 141588
156739 85 232383
84803 72 170940
43591 69 103433
26554 2 39055
149682 23 242926
80506 58 145082
71270 98 212232
105851 51 224224
88515 9 148679
28147 69 205359
153440 44 204429
60447 14 199691
140897 11 156282
92778 9 240720
16566 10 66521
69933 47 155178
124513 21 135566
57966 33 234963
61369 97 152349
111757 69 122395
14295 85 77884
43329 77 105014
2562 51 104757
22710 50 203828
136599 17 227245
156806 88 240015
99388 30 167338
46700 13 234659
112395 77 223097
151471 12 243363
73245 75 80434
98945 83 145089
166635 85 235400
71734 51 168121
92394 82 146213
189987 66 202138
20031 65 191438
43341 57 157949
66501 18 241531
38809 76 164875
57461 55 71292
27184 9 29493
10387 18 125143
45634 60 190977
57904 73 148991
84424 30 205030
108783 38 137700
90394 18 142874
66981 68 235859
15010 50 185023
736 46 166133
105605 96 190037
64566 90 83832
19254 97 221565
139958 42 245600
40594 31 203135
89608 11 178200
64902 94 77749
15602 19 94858
102191 32 111143
97508 7 114719
153240 11 192334
2549 85 187178
35233 3 226084
131804 84 236360
101643 64 133534
45864 6 61271
177956 96 188870
58273 85 247212
20919 81 171432
133736 67 225773
169452 98 186050
94477 5 118137
39565 96 52297
12593 30 169626
46049 9 245482
59397 56 188120
185931 67 247408
58495 88 116102
103706 71 215710
51983 38 54364
15537 56 18402
116830 72 220328
53836 90 68524
71321 58 144159
137886 43 158974
57625 47 94222
44739 98 78543
46065 54 93546
11311 2 202298
74413 34 137593
58939 40 151879
69430 10 174994
14083 85 125982
182574 2 186481
83717 36 113077
5444 4 73801
46488 55 59030
10395 47 96433
3961 24 162958
16285 81 157657
3123 55 218468
129421 54 177524
46020 36 78581
19032 61 229867
146814 37 186076
24526 51 88281
7530 3 185031
104114 53 209224
605 36 240512
23833 46 131041
40450 54 143963
25044 91 160485
232472 19 240423
82596 9 183920
147328 59 234521
5809 16 156049
9340 30 82873
109095 51 198759
95112 28 170625
89390 52 216485
77474 91 96977
12859 95 81476
40733 75 190524
15647 75 190079
76423 49 135156
29434 10 130343
23667 53 234915
64618 65 168668
60659 88 62438
112078 61 165930
108977 86 135725
147000 91 190701
104030 56 130637
41513 7 164892
124008 40 219668
5726 6 44336
139238 71 207505
54694 1 227449
70563 93 202190
38184 33 75571
26370 29 42124
76077 54 242593
33255 32 224520
178462 71 241116
73999 56 235580
51797 10 72847
136241 20 168910
126792 38 188459
14395 15 21481
162813 84 240323
59451 12 200457
85751 80 141720
32843 13 192404
30563 25 110859
28886 79 36181
100740 44 223239
128175 43 211811
73271 19 187743
63583 55 140704
60972 81 67075
103940 95 131716
47451 8 222186
64934 96 125316
171621 55 172036
4195 89 187398
28782 61 167047
118540 33 208414
86317 18 104403
27619 3 219332
81302 4 209041
22066 96 118451
178115 75 180249
40780 61 165291
32071 16 82329
579 51 238378
78473 85 225920
94464 67 224322
56388 83 120562
104074 61 173899
27302 2 217334
78041 25 246243
76061 38 160476
98174 73 108833
84402 8 228445
135197 35 214670
88551 97 128476
73233 21 202593
969 2 58441
59921 1 185124
63254 10 65192
73152 60 216887
5160 93 24392
2593 17 23586
53681 42 211711
177635 68 200837
114658 75 181892
68317 45 188335
68027 28 77223
64070 77 146694
21267 98 243516
148893 8 229944
45306 76 212715
52503 69 209064
20020 84 202048
229711 72 245121
4201 39 156208
96154 25 181052
33637 18 115211
129674 33 228140
15836 86 119995
104463 33 137187
57843 93 180901
185350 51 203874
109576 46 206095
136678 75 194472
39583 21 227809
88581 50 117488
34362 22 195652
8351 30 19271
135173 43 150468
42664 99 68957
34835 89 91422
40010 26 87487
66132 36 105795
9961 18 67705
66804 30 212294
96786 41 176072
52983 66 219183
124222 16 127198
178858 70 195018
96085 61 114876
95120 31 187404
39386 43 198745
19414 53 238224
10 27 121577
64395 60 91763
71218 61 183149
162546 18 203493
81156 71 247964
31456 89 215244
136626 64 137960
34338 28 191251
176451 4 199890
131527 84 193991
193695 56 199462
48038 78 53305
127498 62 249875
189383 25 223473
108322 8 215765
128557 64 235782
12807 65 177158
52178 22 205006
1476 61 62894
79543 80 198709
69096 94 206083
121976 63 138273
37277 87 189264
44172 17 44623
106164 83 197373
22395 34 80679
141880 34 193968
31463 84 51686
74385 1 220990
18221 1 87721
134104 12 135236
76986 7 224178
221158 6 243476
217534 39 240163
52171 25 184288
32325 85 86776
187596 44 208902
176900 63 238488
9619 36 54316
173805 5 202503
172261 94 207027
2023 44 9695
12645 43 25530
25225 24 150818
181228 26 199986
21590 92 182253
81229 66 139394
68811 10 170210
18734 55 169282
81515 56 113275
766 19 237025
101585 65 114083
6505 78 161670
48679 46 66922
175089 70 216030
17711 67 108981
96323 23 164386
80496 59 94283
126055 12 134027
74153 59 197750
149123 31 164453
128032 25 142288
166400 96 199701
37181 53 51768
225150 56 247167
44835 65 168615
17215 92 243938
71909 5 190913
110801 85 159256
80688 55 204018
40548 1 209440
35371 45 182145
21736 89 148181
85153 23 155880
67310 16 69657
185566 59 225336
64925 83 242384
18012 92 113208
174256 74 190036
85805 37 106570
99865 65 158493
56606 26 149167
94430 25 159515
88796 74 226496
9615 74 24041
11597 2 89054
109898 17 249783
4373 50 188443
118719 83 167194
75937 84 111685
187883 41 212238
90666 81 174885
78264 89 239842
3040 88 204769
19820 85 89659
184775 63 216828
58189 41 167283
17361 33 107095
27092 22 151390
56203 22 210501
33721 32 83199
120205 73 216208
53198 68 210400
128037 60 247360
97298 86 231958
15436 36 140585
56209 51 135998
36711 47 118377
55551 37 105274
21006 27 207203
112781 25 196172
71946 28 97383
59086 81 218034
134632 67 244790
48124 61 79192
134975 37 194169
13746 66 111833
50534 32 166868
65523 43 148333
16821 95 37956
54844 95 180786
133329 51 167208
20805 82 72095
69927 3 107465
11719 67 117638
8570 64 161344
47950 3 184888
96666 94 197632
114948 60 219316
155501 14 180636
70661 95 99682
139865 88 180936
97737 5 207193
48919 7 186541
32759 52 142183
27545 35 246516
206940 98 243275
70840 67 129443
124192 88 245151
136711 9 175447
896 83 246549
146016 10 213320
161673 57 185674
18341 66 166142
19603 58 128596
59863 61 181942
166635 46 185820
38824 78 147036
102887 21 204566
98429 91 225602
22929 43 92351
188370 28 235018
61742 40 80799
7691 98 168605
204554 63 207643
237376 98 240427
131718 94 182649
80308 23 149415
1959 69 103136
236690 77 249870
139813 89 245984
198598 1 232998
14038 21 207219
36136 59 108170
53319 68 135832
35749 23 188936
108798 9 211952
161830 100 231845
2274 77 91058
56230 1 68056
37484 22 144684
65129 43 137213
40871 69 94278
8711 3 70322
142903 46 185870
128714 21 166993
78148 62 137682
24887 84 216929
145261 30 206323
30600 71 99333
89780 67 120676
62259 12 147178
53865 64 81326
66910 81 198483
6890 33 174356
25886 82 204867
183623 70 244961
124018 82 238562
12592 34 94444
89914 39 179992
14992 70 177694
184009 23 228684
162834 14 181509
138038 80 187157
59773 43 187216
49399 35 159572
130163 23 136743
88092 72 194052
161661 45 249604
23528 51 167905
72108 7 170150
71400 96 78035
35248 72 177860
170425 56 219592
91501 44 180188
13457 72 188428
65541 87 77217
152822 9 166050
32796 62 174616
78647 67 197721
116950 26 161857
139614 90 222268
200316 32 240413
52552 35 179617
38553 19 113366
160194 39 235062
15525 99 86423
170701 12 206629
5608 68 178902
109585 47 137410
131398 39 226725
45585 24 204258
17611 59 86398
186668 29 197664
157788 97 201332
165321 96 219682
13371 57 197121
154583 31 228608
22787 89 53771
172503 96 181210
217606 31 245360
154542 39 154585
105260 50 221139
112595 21 182511
96673 59 97685
12883 12 36151
60293 14 66622
78859 61 140838
45605 54 63996
215005 13 231762
82321 31 149100
35103 20 247226
52243 1 147182
16299 64 80135
52334 62 173673
49736 98 63382
42216 27 210300
149429 99 205103
102682 14 113755
74361 91 223345
22807 40 194477
82637 43 230077
132878 42 178894
30834 74 165608
70418 73 93755
108779 29 124361
53264 63 183810
67014 59 69376
205011 8 214024
17943 90 232577
48449 41 177714
42174 66 221294
54450 46 64220
1768 93 153762
121794 57 130998
177487 77 212995
19593 24 92495
76784 24 145659
122265 17 144120
30181 19 176532
15456 16 123142
165774 88 184213
4306 15 207032
186425 8 197837
211601 82 243441
1796 94 228888
4904 92 35328
118904 73 172063
12667 31 204305
67929 92 230206
102278 91 245199
16310 42 52152
56257 21 123814
177755 77 228034
36403 67 139285
87845 93 106740
40011 39 208231
23962 85 224905
71607 78 233917
53269 77 153936
7527 74 150588
197396 45 208379
197181 15 222430
143975 65 207200
177249 1 194255
179355 65 215874
105613 90 217621
39832 78 128693
12276 85 14164
127518 81 153467
49243 47 125233
153597 7 193515
11332 64 18032
92486 12 213348
65246 27 95544
35268 63 205885
5655 42 73517
38206 57 44515
215282 75 225895
76514 5 201026
91681 94 190521
32095 8 169088
40895 30 81410
115643 28 146205
174690 78 184007
23379 94 28352
49521 61 240015
67887 92 133349
35103 49 142550
89729 58 224307
108855 12 159531
206003 7 222070
189512 17 228722
105469 11 197567
43227 39 96585
214880 90 222864
15037 14 58088
16331 8 151206
30400 70 246656
16201 24 47967
199231 55 246553
65933 99 133355
165070 19 215713
409 19 2644
8478 57 40268
104222 20 183684
71193 37 192076
45079 37 159632
87950 3 176228
9992 67 76460
79089 17 224512
73715 71 139225
178880 62 196970
193786 41 241234
27111 94 191681
20887 56 88983
222805 72 228338
100643 52 127300
11659 2 47449
16418 6 45099
24279 45 110412
107041 48 159683
16517 69 173715
62274 31 228196
73071 75 237739
103578 31 150978
12590 76 232000
24222 27 79673
14669 35 156089
3684 10 225431
54208 82 227086
12763 18 179333
125162 16 194879
9665 51 30908
12173 61 130849
9768 97 151795
80928 7 163553
58920 37 233845
38497 88 102015
28366 35 215494
144331 16 215974
34962 98 231511
72539 75 108257
193104 3 193785
8934 42 149049
50081 2 205949
8630 33 249416
104160 83 156889
233911 97 247624
68655 3 189822
15885 13 34224
2433 34 34127
154759 13 174950
178538 45 187963
162741 58 190522
60831 78 114825
71040 71 146420
85295 11 170997
23259 83 93350
158272 27 233659
74289 32 114898
81011 36 187994
14245 14 41964
83380 27 202647
108187 74 160585
33593 30 201264
127687 26 226779
111664 32 161542
37338 10 105194
56114 35 226503
231211 26 241002
83664 43 217518
52178 71 65074
118218 17 188532
54288 86 124026
229172 28 233656
103332 27 198348
211433 11 237192
196342 61 238513
87709 32 205955
48296 34 227449
34553 73 177763
74330 46 167946
37166 71 247554
98902 18 105061
3019 96 210245
98032 78 182059
39458 33 245798
155575 68 195225
162092 70 195778
36471 2 166722
42625 44 120338
66635 98 177674
11752 98 33992
54013 22 138296
20438 41 138052
76377 42 97284
45823 77 75009
153899 8 236919
84183 32 177766
8958 100 40071
228755 70 246861
20157 16 199042
14361 91 232645
185237 13 226093
40061 44 119728
143005 89 194590
98473 49 160014
176133 8 201872
217406 51 238625
60501 91 159024
141385 21 236361
15223 6 43394
84559 1 204999
101095 50 239262
8192 73 150941
81181 85 91100
138774 78 207388
77512 73 191258
17253 18 191364
186864 85 230969
140717 66 215462
106247 79 144973
141836 61 186192
9765 89 202771
14516 42 164145
6905 2 210083
162182 5 170966
131597 13 154384
121256 24 224288
34276 66 209935
148346 30 170701
146630 42 230418
61436 60 159533
8458 97 237406
107697 7 190384
93625 59 173765
50280 18 242469
170652 41 201184
85134 67 236805
21021 5 153244
39627 47 84203
169317 62 196668
128242 26 135700
31126 48 42284
1800 36 125581
94730 79 135516
61103 57 211822
61228 87 62790
110347 47 120063
84090 46 213343
20402 47 143619
210400 28 214082
64173 55 211589
133234 81 137360
1870 48 245142
53769 11 111721
24213 25 210939
63164 59 110677
34020 51 119838
163936 64 224131
5905 12 166792
144681 87 214633
204576 80 210074
36255 94 76392
96749 59 181758
74740 33 194158
110087 21 240885
18944 13 60808
3015 60 14525
80672 90 91589
49969 77 151635
155 65 122776
194561 18 201903
1946 91 119218
185679 63 203763
22702 11 133868
12572 21 117695
144291 17 213376
95165 57 168893
115475 66 115692
112116 50 112659
99231 32 186631
128365 74 217992
14306 24 105362
57756 21 120043
129222 80 213339
169979 19 198282
27866 53 161465
61409 100 214852
90806 19 143294
182751 93 223193
42790 79 113868
129228 27 233540
102663 29 213542
120179 62 160300
24286 26 118930
138805 44 165137
111948 83 234684
182705 86 203860
106509 73 132066
60869 53 212052
189701 13 240872
94703 50 115107
29065 71 125087
174639 31 201064
9251 60 91235
39995 20 166439
130407 64 155844
91771 32 161233
81031 80 249995
143585 73 224523
20502 82 237443
116350 81 196937
14306 51 240631
5763 35 76217
73318 85 172409
91140 93 125893
146772 21 173076
83301 60 240791
5893 42 225715
42161 57 132430
31390 59 177525
44318 30 185437
53163 35 104636
114676 57 232492
106305 91 121611
1543 26 155965
15860 2 210949
105013 83 234162
44433 77 176316
66796 14 144718
211362 73 213567
64069 43 100856
161026 35 164056
127000 44 196338
11950 39 33313
131843 91 248601
134324 64 165176
131999 7 245509
77667 25 208260
121518 57 147687
24053 54 73543
154061 36 188272
146318 78 186659
599 43 59300
13106 17 204585
49918 6 216273
8042 2 39528
88316 22 156253
90046 35 92181
83592 94 151166
171221 95 196925
199981 9 221489
36538 24 179444
94270 95 194236
33068 26 239562
21229 49 64441
92326 73 202852
18074 85 56926
70595 23 177444
10290 60 173602
108184 43 134220
177293 69 180786
81302 1 167373
134851 72 232785
37436 85 245233
115093 39 238846
156943 83 171920
52078 16 57678
108243 75 204975
19015 65 86110
103255 83 103422
56929 57 74705
9991 98 89538
127722 70 192694
32679 63 194852
147045 68 203168
8901 74 111354
123609 82 167462
86647 23 102403
88975 26 116481
199338 78 203831
36851 5 182166
55631 59 124221
40909 52 57985
150436 33 249563
102367 2 126187
161218 1 188581
60347 25 217007
64559 78 221367
43998 29 202157
188394 19 227677
85602 56 169777
116379 13 220564
11385 98 44290
157861 83 194794
15627 96 129452
25853 10 230221
44119 47 217463
81237 41 204347
134140 16 207270
198082 95 198624
74548 56 156944
32500 81 80162
19551 24 140379
125590 42 222746
45673 28 171980
108276 33 224006
50937 2 171217
197915 13 241836
86050 64 161975
85477 1 165292
127364 18 243261
38159 39 91899
177552 97 192447
31567 40 206211
86800 76 195869
104766 41 237984
99952 64 189799
21478 29 108369
50506 8 122293
16619 14 221095
12336 68 63795
56434 14 60899
24481 56 33677
151434 64 196961
137279 74 155724
138263 53 198517
81961 55 118274
95106 30 241765
160125 76 198063
89517 72 170373
205311 20 243050
716 98 116946
7433 15 22056
16647 19 130651
34462 60 59129
168334 96 177125
138250 66 174565
156196 83 204300
7158 38 164350
42670 56 244590
27645 34 116415
1773 65 210410
4805 17 168110
46196 64 136074
94952 53 97704
82456 78 222381
12369 42 13417
45596 31 230081
158594 84 215193
195623 31 235941
153037 79 239677
9343 47 47792
55044 59 144468
5940 93 173105
66085 56 236630
38692 42 80144
22319 86 143856
18506 100 71620
99115 95 222904
61798 68 103319
140972 16 246355
3081 76 125015
38309 67 52929
166791 88 235243
56416 20 182812
35949 21 109794
98053 57 167069
3573 84 161120
16823 60 81448
122964 51 217712
116703 78 188693
100193 47 229960
10663 45 205791
76664 2 207940
22574 92 145259
18198 43 234272
65543 82 208668
41554 61 189231
110540 23 188990
135796 11 189264
160136 41 222325
9158 77 131923
107422 94 114083
152464 51 171274
92911 38 209365
81459 87 153201
83871 26 166744
33469 95 193496
65522 12 128653
110741 81 114757
38346 35 187831
47555 45 158356
22527 93 155326
54001 54 188777
12491 28 238830
175133 15 216655
37509 49 209538
5594 37 175679
125945 6 131512
60001 75 103101
7462 48 48817
24422 23 56970
109204 31 137001
67235 71 151119
27811 50 235644
190604 47 200143
129745 88 142124
21018 60 159033
115544 85 150349
27801 53 145727
100112 27 216180
146501 51 232788
190545 79 240070
11438 77 118973
95976 63 196734
153406 88 170985
154798 16 245723
157789 26 183653
141695 45 213634
41313 9 236352
55809 43 85441
41138 81 60335
40921 50 226130
9610 47 247913
11891 4 176063
136689 16 188297
43641 12 140987
73209 53 153193
79480 83 131062
134940 80 248739
123914 33 198883
7277 46 70335
42377 85 229047
115510 46 204218
172669 29 207015
47498 56 61528
81563 33 218633
63650 89 168020
118156 72 204010
101942 75 158796
37335 18 67680
187485 45 246310
82136 12 215847
156653 77 159290
191783 56 235232
78304 1 176414
46650 14 229665
81638 79 219061
30050 57 121930
86662 100 127846
118351 65 178308
177310 34 203587
23351 26 248027
102223 16 242037
19218 90 153862
15599 85 25596
169764 1 192565
127132 89 205052
77387 4 150091
7743 57 171009
45050 48 55759
94562 10 162410
141697 49 143176
108080 38 247422
33605 40 139229
110244 96 205968
238157 78 242063
35375 69 111616
27443 11 69748
153857 79 195304
12406 92 66158
498 52 84906
52386 88 225969
15504 4 142280
141994 33 156017
150015 9 219544
58018 35 177649
65377 18 114963
118359 1 151274
4406 29 188217
454 7 112615
23387 42 121837
130191 6 226255
110456 4 235180
36010 2 65518
114848 7 220342
4544 2 179930
19644 86 201432
166697 44 197730
38243 17 39464
1665 4 32584
3192 82 121135
65934 12 169044
11405 89 72617
77561 87 199951
33415 49 86653
5785 69 61192
154541 72 211330
120490 96 147322
71572 37 241906
53917 46 69688
152969 10 233340
93316 38 248296
36805 30 146386
100427 90 242637
114130 11 122781
137375 84 232149
9575 92 33330
69669 76 196593
85823 96 205823
89273 28 170289
157796 72 239398
45828 9 135540
202800 70 208179
129864 41 138233
53041 81 150780
173476 15 211535
136084 4 151958
123286 21 160211
193003 85 241646
127356 7 153190
106647 12 110320
77514 7 108850
185814 56 249501
10854 68 114027
111660 68 228646
687 81 66275
51166 93 228237
213241 19 222262
57199 39 220352
45570 26 224824
33647 95 182384
40456 88 179081
164468 46 212838
84435 26 221505
35701 92 150104
9346 82 215047
195671 38 215201
43631 76 184642
61711 18 79112
68739 35 179638
9283 2 185519
8834 37 224865
193284 68 209375
42613 41 208938
56007 60 245460
3386 49 123688
149472 12 224708
82637 1 233491
107648 89 193932
94778 17 110726
74349 61 189823
15272 29 115053
163497 35 212963
43889 12 118851
56701 36 176756
124740 22 153799
133508 99 179346
5042 16 52991
174828 76 179561
100036 69 213320
36763 63 195530
37205 84 54222
71224 46 106304
128575 31 208552
128988 58 229901
137908 98 177883
28116 48 60315
120126 31 135072
189533 76 244002
74692 87 202938
84321 53 153875
12320 59 48734
28510 75 35856
24634 65 56943
65968 60 192058
3460 48 169786
50016 72 221168
73720 56 96038
179361 72 212436
179128 87 185702
18494 64 35923
4608 98 141752
225782 100 243936
48725 52 111820
75443 88 205153
93625 83 166156
7428 72 177560
199691 1 209130
38530 91 88257
165764 68 172907
239557 82 247443
49093 72 136243
408 57 106085
22449 19 42656
39903 88 177030
99794 61 138854
87121 91 236813
27428 44 84496
89146 79 125466
103734 30 121966
167759 81 231799
117554 91 129061
39106 76 112065
131993 23 134726
19666 27 178755
116263 29 239912
176802 26 234832
195070 2 212749
143399 33 192854
27535 11 51413
39116 45 116751
115303 14 163536
135965 48 158056
91283 65 104189
42624 32 130397
10698 27 232382
15787 50 201592
163880 73 222409
11580 44 171647
139923 37 171064
77158 99 148625
89077 19 150808
11562 88 27790
30018 71 230835
140655 52 186825
26603 89 30333
120605 2 198127
7329 64 74447
22715 68 225876
37276 99 153585
77937 69 175575
7613 37 19305
158145 92 216868
203301 100 236233
30506 90 146916
89235 83 115512
151396 48 218463
121196 86 237603
43267 90 159859
111844 63 240545
44415 99 231547
174420 40 214017
114374 70 241447
129104 96 202278
15293 49 185294
161958 86 193900
13250 95 34024
36298 19 229226
58168 66 133256
90024 3 142109
77403 40 211785
129898 9 200313
8673 16 179210
13545 91 127535
120360 80 182308
161566 4 245218
114837 53 124797
94144 93 179804
170014 5 232003
116832 18 153534
94401 34 169395
137861 39 185233
19235 85 85915
228160 88 236058
163704 26 234086
20333 51 247198
60210 96 153175
56321 62 167412
138915 38 204782
48670 19 134629
106848 13 223069
134720 26 208317
87379 7 242149
79924 60 200721
151206 37 242000
110677 50 217389
50883 42 145275
87176 16 197474
48482 29 102177
47506 22 136162
127341 2 230789
91312 41 131116
68478 81 125942
27034 26 239383
701 15 114841
48508 93 217491
107762 34 226754
184951 80 210949
12314 2 132740
31223 11 133632
38638 49 191948
11874 8 96229
80542 53 115771
72287 100 79382
5513 61 98548
157174 96 185296
80603 64 213738
111024 81 163296
118802 61 226350
15725 77 91169
25724 13 117725
114781 56 229021
8900 40 138828
45463 6 118766
187678 90 203816
77519 94 81745
34669 21 115144
112237 88 198686
119896 74 230927
102697 39 132317
56492 78 225175
23872 5 29842
20846 45 46594
61406 100 196721
138178 20 186887
114688 85 236972
106049 81 198094
216195 14 217259
134122 40 151527
145314 4 153512
128652 45 155312
87979 11 247873
191073 61 194724
43132 12 194647
60054 4 177221
4564 65 230241
108050 77 129480
115926 56 132413
176224 38 226854
62483 90 69678
172181 96 215488
43479 93 136213
83364 53 118302
93648 28 200883
222193 12 236204
53761 14 163456
113354 69 168351
41361 21 158257
9305 86 161021
138168 9 180213
49829 80 249658
140239 48 244932
103927 90 206684
63409 61 90105
165122 82 222687
781 37 139201
27012 73 101330
51171 73 79739
122633 32 240638
97792 67 166991
135376 43 249084
99110 62 188188
3631 59 181966
102957 90 205004
119263 55 165055
69293 10 189013
85007 58 216214
76262 87 203306
146714 68 245487
101913 90 131765
48160 15 125723
42205 11 207409
124835 32 179212
73299 90 210708
224599 42 243609
83251 4 188966
27021 92 131231
95427 81 247109
67628 14 237835
6012 79 167123
49974 29 61637
101372 58 241399
89613 47 120835
94080 30 184786
39094 80 245498
11683 33 171505
49359 88 144337
159136 59 222753
163926 52 170855
113015 77 243585
56353 7 92066
94430 39 127100
122565 86 170481
203662 88 227822
76882 13 219151
190034 9 217865
53040 80 188976
182943 78 239661
40494 65 105626
8180 13 171558
125030 33 134514
22057 42 28010
57680 71 229052
28334 49 133722
127756 1 188144
6870 75 26312
57669 41 69480
89261 99 133634
64151 83 226740
177688 3 191537
96765 57 196236
236357 17 237454
66828 87 157154
33559 10 99691
174950 70 213610
107022 89 182670
95986 33 183641
6140 45 135153
74789 39 179336
110102 68 162662
120399 49 203283
85596 59 170228
65941 19 206469
192569 42 241637
95019 59 232975
20384 40 47770
13902 38 248163
93944 78 171414
126210 77 159866
213081 70 224725
53854 84 170380
31531 39 166342
236993 13 237767
160002 13 164976
2172 30 149030
68987 12 107861
62825 2 118303
62678 84 156230
68822 16 212553
8763 25 206621
96721 73 230430
211790 97 237302
7951 47 160328
5760 3 125840
180589 17 232308
224132 9 225714
14340 44 41875
133254 34 163230
8127 32 82771
23248 28 144920
18548 89 215506
132678 39 149873
30331 80 93198
25070 67 223794
41280 81 197054
78685 61 196330
47780 21 123301
145619 6 159961
124950 95 202797
33651 71 119506
2141 81 169515
65456 12 134091
178853 60 238976
49893 44 104473
79460 20 144268
25747 24 128864
153442 67 222294
997 92 147776
7395 80 248340
95356 71 171073
11171 46 204764
138662 52 159683
5508 46 188536
18288 61 233193
135178 67 175524
60525 78 120726
81630 75 102280
93102 46 229907
37304 17 146322
62185 94 193931
13127 95 33268
107520 27 186212
37471 74 90275
11808 42 187315
18810 7 155341
104825 91 112586
22775 33 237387
5606 76 227688
90169 70 217151
176177 83 187685
148148 1 227840
37439 82 102114
200364 24 208951
101579 62 133374
81763 75 101851
69518 82 177889
18968 93 94615
101307 6 227399
224725 7 238836
68150 34 127101
56320 89 85984
214525 86 219384
81614 78 137517
18408 7 44522
72329 8 220124
74900 61 144416
33273 54 104637
108655 98 245335
150759 89 227241
119744 16 134293
207162 9 240314
26006 27 140015
175243 27 209271
24110 21 196342
21459 41 84629
107058 62 203959
190511 94 234669
194610 55 210440
88937 72 219935
109644 59 212193
153981 12 159478
157909 98 169661
25638 3 93743
21077 78 151593
37030 29 192399
29446 71 37787
239620 11 244411
78413 49 102946
111362 32 136001
145307 5 176253
85033 84 221575
55048 24 166530
129469 57 225402
58831 33 70016
105791 33 203740
100672 88 151094
55044 49 88320
8956 77 128975
48195 34 206827
142609 1 190858
126607 67 136852
83352 81 243012
97928 92 146012
63901 86 68698
217401 55 220117
65237 60 167914
18058 71 112982
76180 90 229710
176018 5 224661
57898 50 106910
57574 66 118170
84809 49 161995
126606 67 137096
95657 16 180338
45770 44 161015
84204 3 236609
23720 28 234286
87815 50 135829
17670 36 148982
7968 95 223361
62056 2 67934
119648 58 197820
4021 22 147478
53466 87 193233
663 32 135260
168648 77 184017
107097 52 205093
357 36 236343
49394 23 185220
130656 5 158354
131260 83 202462
92711 89 249722
13809 3 159953
68501 62 237708
110709 5 227962
30620 67 216732
110075 63 228692
207242 47 211107
81436 37 190683
39547 28 62477
131674 15 141667
20029 19 32694
24002 72 132123
4682 47 34615
54399 47 118293
155176 64 176568
122660 27 145389
92421 33 131792
35155 95 196324
47405 47 213346
107344 31 216948
80269 42 126442
95502 90 238752
28775 52 123783
16151 88 91075
124817 62 212417
46744 69 202162
45989 100 80329
67445 24 144219
80592 11 113613
140615 35 242311
174049 27 175949
132980 87 242117
89394 83 166848
73035 75 155213
192316 61 192905
73668 58 94685
71241 77 229857
29834 53 76693
538 70 46408
75769 97 161740
61046 49 75584
33042 44 122645
79445 18 140248
93215 17 144275
177736 7 194686
19933 81 97044
20828 31 247753
11064 3 229041
150684 3 197563
11597 92 215142
102891 33 193745
9828 5 33180
108540 8 138008
27432 58 106693
26328 1 108173
99143 29 160544
7533 7 151584
3752 42 11185
189396 17 196190
54181 89 174773
142155 57 235710
204365 41 247425
38683 92 172209
24521 6 140524
90020 71 178391
86535 99 92755
18953 38 226582
161382 58 211105
26626 11 63093
99897 80 224297
72827 79 125672
79987 3 185427
67214 83 107890
95410 27 245304
16515 63 54734
17926 45 181921
188655 25 217200
156364 86 222665
81389 60 181118
13544 20 52321
134325 42 152098
6505 30 50384
4220 31 94311
80392 32 96782
106124 88 164213
193348 33 241210
209370 40 244994
90045 56 138069
118190 78 234081
60981 6 165677
43354 3 81597
17547 2 179308
56563 22 249664
52070 89 98317
58039 53 138447
134132 93 249272
9455 48 244547
189497 2 222964
29029 11 219425
115165 64 144790
182749 54 207233
52797 42 192667
92985 51 179214
29831 73 87999
125952 100 138260
444 86 7802
25521 42 139659
77205 96 81078
99122 76 182051
97415 33 188509
37132 17 81641
39990 43 138583
21477 42 237459
51894 11 143397
182328 48 227616
161834 55 216392
113037 72 149553
80839 63 155239
51362 66 186449
142593 89 181429
87384 6 221539
62961 63 212857
80924 35 90246
50346 24 95485
107857 7 194791
23777 3 78803
106915 37 175844
55167 47 207784
169681 23 231776
198162 26 221193
104470 15 226429
84422 60 117371
159588 1 208783
181696 36 216316
7162 85 78499
4647 78 89154
103017 2 200131
54011 85 63128
6812 44 189668
236185 30 245243
132820 75 214893
17873 52 63353
145021 81 215748
176009 38 213872
33760 35 240962
40833 75 234227
12221 76 191176
191834 45 221870
49009 49 171930
126529 7 216879
148959 85 243097
153423 27 154876
64247 95 153708
5898 81 137747
1549 29 185316
5672 92 241684
199819 12 235619
131026 26 244611
29874 30 178429
53533 85 84770
4940 78 199026
2809 9 203426
106979 22 198509
90978 84 187364
50645 73 65255
134147 8 234587
28353 56 159367
92548 50 98618
104980 99 232473
6054 16 62206
69404 54 224553
15020 87 45665
20473 13 191103
208614 50 230298
171756 33 207792
20265 91 218387
85663 50 220840
42896 36 82038
120089 4 229664
72817 59 123599
61556 12 123671
60091 8 194061
121795 17 146285
169999 16 181869
102927 89 213410
45251 87 93166
164967 23 221695
61159 62 110398
65689 8 147438
69426 91 199722
3089 22 79619
94848 37 249722
178963 89 185229
187218 75 231371
25138 60 205888
8589 20 95627
172714 81 248118
34021 44 227445
19007 80 215248
45378 85 93698
28774 32 54003
99291 41 197664
95530 30 108024
43208 64 120988
31510 84 219462
28255 95 193143
170946 68 246420
48242 49 65291
114556 21 155278
1848 92 12187
129086 26 239595
15715 100 20811
141199 13 171487
138000 62 185706
150072 77 221522
22850 35 186810
130357 60 238403
75965 75 137346
209537 17 218697
157178 82 205162
161081 28 227780
183151 36 195993
45883 71 241692
130784 94 137324
154534 3 169877
92006 39 231084
46652 15 209536
88215 56 223704
14945 81 156939
54093 83 88281
6312 3 240961
37907 16 98260
10641 56 20854
34753 96 132815
71141 9 163555
65522 61 66218
39122 77 180931
128802 55 160384
166838 10 235679
28468 29 139795
66704 38 129171
110843 53 248451
88831 75 104671
35406 61 217313
1937 99 249537
56791 7 243119
35986 26 227687
83324 35 158028
55245 9 198176
137757 72 165539
133431 13 235781
134987 28 242368
46215 25 187638
30678 16 96626
111328 26 245872
96497 8 180562
51149 17 93671
52021 50 140421
128914 78 149859
16509 72 212865
29093 6 203201
105102 89 135219
38845 31 137094
80986 21 249218
197268 29 212442
76987 84 232835
31024 69 132650
8899 44 232099
120967 29 159400
224353 12 225255
85496 23 233678
35085 78 170540
11674 7 138356
79697 9 247328
206880 48 229859
825 70 13353
108044 58 112766
119080 93 181850
5181 61 97766
221567 75 233457
207089 72 225013
84686 5 147582
132878 71 240059
113839 62 115766
50113 3 183920
8414 78 117324
47486 97 215988
88160 47 236645
125514 28 179228
4723 74 236349
128366 65 237110
189405 25 206407
72732 34 125012
141952 82 241094
19855 88 195267
68318 21 230801
82811 72 207062
37921 86 148387
66225 68 168065
40979 88 77711
99358 26 123666
104434 36 242323
66759 55 232419
107688 50 211624
130682 88 215459
120301 47 167920
50243 99 176414
25058 83 156494
38399 87 182674
41691 85 174713
223699 23 244032
50982 6 167466
68965 71 244352
137792 52 209555
51613 65 59355
36142 50 116036
59128 78 246116
51852 17 146761
25992 93 119409
163418 12 164855
102156 73 203645
52337 34 158526
73687 67 77548
38014 88 228665
4198 50 229179
49134 44 143438
79584 91 236445
149299 24 220905
43539 39 226481
61254 64 232004
185984 37 204247
43416 10 62830
50497 40 160521
65141 81 105198
82903 19 158175
179845 23 234416
112733 88 211531
128064 31 237811
91100 8 198898
50748 79 179813
79165 12 179156
25227 97 143981
6828 94 209548
120207 33 205697
164484 26 174447
67090 30 170406
235849 70 238169
193206 21 209250
153646 62 197857
22179 72 71271
66696 10 162898
146774 82 220243
99176 99 125322
11480 28 183425
30251 15 93654
23745 10 97199
186710 69 221562
103944 38 143265
134131 39 139947
141103 57 240521
90010 59 118921
21944 81 228592
141559 16 175706
92190 42 105331
22484 77 77949
2581 83 17503
19726 58 76181
6202 70 203970
60861 3 103369
1071 82 156140
102992 24 194194
65503 37 154700
31241 98 230013
120061 56 164593
57709 9 106720
66929 10 106035
24935 78 165773
61814 32 118525
18754 88 66473
144003 52 220422
101184 41 147532
116917 45 161125
1191 50 111950
127275 69 249499
187518 33 232136
192930 67 249423
144697 7 237355
10269 17 31839
142301 8 181913
163545 56 200498
132998 56 199492
22140 20 113533
94321 77 135615
99824 90 134997
4016 2 231220
193206 77 220534
126604 3 236773
48051 29 194424
28190 89 117374
118850 1 126614
23418 10 148381
147510 56 211557
111738 59 205714
3620 23 27890
58475 28 85600
11553 11 223562
88629 5 212187
212768 77 229353
13101 25 183537
208581 54 216659
39869 59 143846
122760 49 202468
273 38 55933
166511 85 179166
72032 36 217411
174671 71 177161
50970 24 238193
101862 33 233522
69811 90 161611
49917 90 225978
5457 36 121517
40220 40 170409
56969 38 132837
99448 70 142167
43382 26 187014
13441 29 33248
32347 25 128658
85838 67 95976
126326 27 168374
116143 16 205678
70731 27 111008
40832 13 41680
41534 50 182077
46832 86 59743
18595 95 55275
1778 49 10490
115622 3 169627
102397 59 179487
216650 66 245008
162760 73 199335
1067 3 58527
123968 99 221140
106163 11 163755
72111 91 207091
24470 63 151856
113575 83 206802
112474 45 198121
9362 50 73979
69320 64 91401
27620 96 243446
70113 82 180844
55861 89 162969
91881 31 169983
90727 66 120252
164150 28 233433
50109 90 119846
216817 56 231389
162628 72 180826
163012 82 196920
142648 53 146025
93390 28 154482
172227 28 204894
244407 81 249485
60508 76 158590
15787 61 123835
95680 14 182640
139342 15 229614
3952 46 105337
55343 2 149255
90486 91 131013
108262 77 175576
19798 29 129927
177213 26 217164
113987 56 158985
96979 23 147943
156994 41 177961
167220 35 181102
102769 70 185813
131793 31 207289
176787 28 200968
79297 22 200570
62050 11 92097
168139 58 186859
20180 83 168024
167053 25 189849
215515 87 232049
80556 17 193659
130624 24 190855
42935 40 90782
37541 20 49034
124535 41 217295
54607 77 203752
179693 36 203600
111360 2 233752
11370 28 18296
111023 60 162769
6741 85 83362
52131 74 230770
20277 99 58733
100200 64 193562
52340 83 234981
52397 58 115264
19732 9 192356
64294 35 248900
20385 94 237933
41219 39 46676
77221 66 160614
108446 26 154384
107565 37 198606
2608 94 65767
105624 36 149115
133880 61 227694
28179 18 120478
98623 96 133056
34366 54 35218
160201 37 186933
97380 47 220762
33726 81 118768
76062 34 223552
40010 12 63639
87070 10 244616
54191 98 184497
221354 96 243273
116597 48 243340
142237 94 214875
125634 49 156710
112022 44 175284
206673 55 245761
39437 75 103774
166322 54 174334
8435 43 115741
45559 63 103454
18621 23 88574
101038 74 139540
21696 28 78214
67134 69 244864
4882 29 8664
37247 39 79452
103010 100 103946
50250 93 94912
86216 59 133152
92606 49 136952
88812 94 90143
71180 53 89482
126471 17 194586
50056 44 220914
168419 65 168842
109328 58 244584
48236 1 171292
72254 79 203749
63615 33 201647
80229 51 210917
49672 31 240128
136174 13 148995
60967 38 135890
47196 68 123477
21824 43 37188
11820 83 93250
123826 75 215880
69273 28 140378
110834 12 178339
18590 94 223769
20543 76 168911
53584 93 96068
152719 70 215886
110106 57 235448
62462 40 186034
25350 98 139179
90481 48 104885
97647 41 215413
144890 73 229170
83968 77 140384
153061 56 155963
53485 12 192376
17216 22 72316
170763 45 200479
16616 33 131608
120926 22 144294
160245 64 162097
88865 83 186935
124145 37 130681
12570 85 109594
84349 47 138159
1896 25 120220
36692 41 113956
21660 83 133840
4627 74 72246
173001 71 190591
36665 66 204688
27101 53 238438
26193 26 62549
77054 62 186266
55003 82 242886
97835 7 131354
188361 28 211102
46874 78 157734
3239 54 26826
91281 81 113628
4337 6 108207
137896 30 239762
159516 72 247867
71969 96 140781
41495 66 126658
72839 85 88536
87860 90 223420
54742 33 172441
9174 4 238221
22833 31 166184
50444 1 163575
159196 86 212832
3134 81 24728
8777 58 165448
36555 39 153561
13298 23 229339
13965 71 239500
182936 49 220526
30296 53 31007
168608 92 213469
110302 93 237567
19845 2 86113
42999 70 64106
50649 75 180928
101582 60 147363
168647 93 234870
118538 56 121442
11880 6 97017
133519 83 234710
237478 44 249948
232316 64 247773
73454 24 134380
3899 87 113596
49069 44 145677
114947 37 193797
43983 50 169220
158704 33 211463
135543 19 204716
145001 60 199839
90772 35 99326
52033 22 82695
116847 94 145865
46566 83 227629
46635 15 131191
87211 30 126592
143116 7 191813
63494 42 111363
86334 58 183716
68001 79 95710
199852 20 221975
12810 59 190772
159336 65 192191
118938 55 205382
5579 78 14957
137235 31 152059
128696 93 212710
103013 77 134652
159520 9 233819
133583 20 169385
10579 46 76293
44565 94 59504
9130 2 104461
29605 66 142003
70531 73 193158
225284 43 241196
11721 43 247080
110506 9 149592
28454 46 200204
46406 48 202455
357 11 48841
16495 45 57781
78906 99 212505
23949 88 146908
216239 89 216406
6513 56 38683
13882 46 233639
77617 22 216059
86634 71 89808
218250 21 225665
20320 99 126304
139014 32 176738
83263 62 85970
40028 51 242201
130324 9 212554
24848 82 102760
22559 31 48554
22413 50 99635
15103 40 184994
21871 44 192046
221033 98 226906
45401 63 105701
33659 82 196638
14911 56 229753
16494 72 44107
58582 38 188400
88033 80 126836
39513 42 242569
32733 9 198289
132336 22 240067
62622 27 226197
129946 35 194073
52779 61 186556
24360 97 135309
58706 24 86100
63271 39 224948
94777 91 118610
79118 85 126049
54899 61 79918
143192 59 173386
19709 28 75770
2943 62 176418
74486 95 116700
90551 44 193885
38564 7 54780
236899 51 245566
204367 1 229628
227446 17 230718
27246 23 76367
100780 51 193402
56218 2 81636
183717 70 200917
9010 53 82343
42123 16 215524
34262 48 227062
1858 94 131219
13715 12 34804
118153 32 162707
214436 91 234772
36049 73 195176
160310 47 164449
24824 81 173015
141782 82 203136
177676 3 238906
943 75 177617
32726 79 213057
32978 93 177977
39864 67 136819
46220 33 213027
97990 65 203098
19611 67 96253
10442 11 181008
119959 97 243051
200220 63 224924
24013 52 193754
13405 54 184816
55920 22 211906
29182 99 41729
60874 62 183458
55420 20 87802
10107 61 73719
85674 10 203069
77008 56 146291
171965 62 243980
199213 86 245168
20441 9 173265
194810 59 241917
151408 52 158728
123127 25 199373
80577 41 93563
6393 10 102775
58869 20 61130
31364 48 204787
48762 39 216150
173504 1 221197
23111 39 132634
173356 17 223185
51895 65 64376
6139 49 238646
145972 11 214267
19627 30 179828
172334 56 213365
114414 95 134446
130620 81 235735
64141 37 178772
24078 92 107065
21560 12 65800
145177 13 211573
157333 1 230803
69604 5 116234
142410 39 221031
119201 52 202298
180702 7 229742
86432 85 181897
109179 81 199297
122907 4 209592
68370 45 208744
9188 52 56189
71575 39 78957
2659 42 21708
92614 34 121171
45818 79 134258
13423 72 55721
10302 80 16405
134711 22 180873
86511 82 166830
76022 28 191444
40449 81 99842
70758 30 118946
83894 63 104290
5236 10 162073
123804 4 125886
45320 4 119402
126982 68 246177
158813 95 220977
37973 47 118751
50669 9 164380
86531 22 242769
236971 29 248067
149097 71 212294
78788 62 148513
88079 25 176002
8847 53 247526
2075 24 200050
79865 86 210305
83722 35 98942
7490 84 223112
89361 11 237378
34346 73 137372
50093 11 240002
203241 81 228677
59647 79 223550
10826 13 154996
93505 100 210065
7948 25 99196
53595 88 58248
131863 100 212359
133801 92 180992
44085 62 240083
62103 97 76198
183354 98 196574
41066 33 107018
43733 76 245304
65111 50 180702
18185 21 191115
40435 28 216087
10722 32 99255
56423 45 68073
2477 29 70487
8112 14 165408
141125 93 221623
11265 88 159607
65433 84 90339
106870 53 119179
33709 24 231777
44652 6 239372
83447 12 225164
81917 93 150199
155278 20 217671
70846 19 188908
232580 10 237180
65285 45 109534
24894 51 97475
83561 22 138289
123424 15 249937
159468 74 216665
137222 8 227964
118532 96 225278
61007 95 85546
123305 13 169045
57034 94 189328
109535 18 185764
17180 39 47811
74826 52 86212
90792 56 189380
98381 42 241617
32401 4 129847
18084 66 195590
134889 66 174684
142925 55 240493
123880 11 224480
222626 5 240100
162762 26 195351
51257 38 217494
190227 42 201446
111138 45 236058
126557 29 137542
1299 68 43149
112668 5 174963
57647 69 59898
3751 79 136111
163740 28 213217
32087 47 140859
205048 23 223088
62112 46 138732
130288 88 236400
118920 76 191672
76661 13 213417
124842 93 149861
193451 90 211724
147054 100 161276
75824 82 160874
171681 54 224706
3267 54 48719
194848 22 241234
20272 4 186277
87499 49 142655
115196 48 221851
8394 44 80451
92090 73 177244
9510 24 130772
14194 97 19893
53277 68 112652
112249 11 168836
12593 42 26384
146827 26 199670
161311 27 175363
150406 61 236817
11837 83 188271
13756 22 189384
29356 8 190894
223765 34 247317
125751 35 140763
75818 65 159826
11801 2 123503
113675 28 222900
91023 88 184852
33874 61 72124
32163 86 95347
56076 24 211468
108851 23 224616
16645 57 62790
34398 16 149769
5456 100 97226
98864 91 198449
39791 37 106113
76547 9 220067
5070 12 21692
122272 6 210597
51771 96 82944
71556 88 177526
50121 12 101373
173922 71 176614
8902 100 48259
106298 75 195670
103263 39 239148
28635 36 210231
52853 14 128030
137362 91 228600
186380 79 199089
152179 51 211660
75157 43 104163
195603 50 197611
106079 6 239174
194746 82 227476
111994 32 223841
160115 69 187652
143338 63 235673
69173 4 190920
19753 52 54505
42650 24 98576
55383 4 97610
105960 7 204374
104109 66 114342
102372 35 107024
82993 46 94068
52404 15 197563
88136 52 202515
20334 25 207139
36130 22 102021
39532 82 40865
30006 23 57048
26277 46 73361
57069 42 234551
116378 44 163494
80829 42 239625
94487 34 171278
51741 57 160957
108351 8 226006
150510 76 222816
90360 84 217010
131477 72 133349
163120 29 200609
62979 6 202802
237713 83 243281
69640 99 100330
119957 40 229527
119997 53 195776
29890 63 191741
39612 72 196475
107525 49 186764
177182 84 201206
104496 2 221943
204914 26 206575
13850 54 65022
82629 1 231920
103449 91 177518
50133 33 97838
229319 3 243320
167164 85 205247
31831 24 94554
10831 59 140351
6704 74 219768
59849 22 202453
62133 53 226211
38288 82 112971
126241 8 225039
114486 46 197831
149908 86 189411
19963 61 163679
115213 2 195031
22884 25 158287
129496 72 234620
184575 16 218067
14594 32 174429
214239 8 234219
121710 23 240653
121493 28 138346
163527 12 222783
105888 92 180263
90456 5 231177
54344 63 212228
142445 62 191578
169830 21 231273
121578 65 142107
41267 1 93919
171296 31 198779
100900 19 205776
119803 51 177775
149211 92 155679
115978 21 129342
78224 89 127999
32367 4 91677
89931 24 212297
21025 7 30252
18355 55 223972
656 57 121017
39072 60 39836
149431 72 201920
19149 54 77516
80946 25 144973
43008 60 144253
104023 39 141085
222815 45 237364
14562 92 211385
53699 24 190394
76954 95 202072
12419 22 192527
622 34 237290
47159 21 65937
33682 35 228981
7218 13 10073
66093 48 119983
48297 29 177095
19250 14 126971
89377 78 148356
24584 36 174643
6790 86 232768
68794 24 70911
25528 52 75458
124642 52 215877
10192 81 234296
55369 73 243011
38054 66 139422
164537 41 199581
109725 2 222840
162352 63 229045
47284 6 141674
2378 24 145019
21884 7 105586
136644 14 228782
168910 49 204878
43980 43 126252
93970 78 142216
31121 18 243963
37687 55 218453
35519 59 141892
59734 86 226376
194071 1 210238
137869 12 218406
8797 40 76941
21034 17 62485
13970 60 169352
64974 62 103265
132101 22 161388
66444 47 191722
51928 63 133643
61879 90 233662
2453 7 172147
74693 11 83654
86682 95 197019
53458 12 189330
107291 70 231702
103725 90 191401
144454 86 223933
118544 39 129308
143033 63 242548
67097 41 236789
158871 72 185592
35710 44 88133
49825 80 249185
153031 28 169105
37610 19 249063
42224 81 247544
161569 73 167136
190047 42 239860
27408 84 167746
3501 43 172380
53437 33 171198
40295 93 213234
51536 91 214044
37755 34 68141
106412 35 195983
51489 9 155524
123803 50 208259
74020 60 102236
55669 12 161896
137491 81 173215
45782 27 142792
51158 5 94999
22305 64 142361
163060 7 226352
32007 98 132790
81941 99 105062
18910 35 237476
58571 41 63761
59360 90 220839
128381 39 175989
63380 64 113642
88575 58 158202
91239 50 122873
36417 44 240782
30245 33 190911
24096 15 184667
10147 61 157250
244772 68 244878
92675 36 167154
113150 63 153534
22337 68 102209
54363 48 192520
143456 15 239218
46997 35 181661
90212 20 91984
115723 6 157189
97807 36 161060
72727 72 221308
136398 26 243144
33642 14 86191
136542 66 141128
59903 3 153063
87443 80 157796
6251 80 219294
158733 13 212731
66221 60 133241
40161 88 150285
169246 46 216574
3775 20 183866
209370 89 215796
142285 1 219325
1026 7 227374
15295 98 23598
6145 81 41938
54359 66 115830
2631 20 86639
100426 7 139610
46897 47 230778
101349 52 169334
98323 11 165830
89045 32 132106
12009 89 169178
81647 48 128214
4624 63 205882
86146 13 171656
56180 68 225416
11430 25 116413
15417 56 185234
22873 19 200156
220199 8 236193
114976 17 211366
50885 37 225710
55517 80 60380
22880 84 212931
553 77 37802
149408 9 248021
197825 56 230986
10666 61 23169
87767 87 234223
21557 33 105086
154332 19 234652
190796 86 235702
10482 60 159477
45833 73 60677
11985 6 13249
127285 44 161438
58937 17 149066
10062 30 244664
226293 87 242460
58431 16 79135
97938 18 206710
84407 6 153031
40332 66 177538
112633 70 194402
79041 94 181943
195392 95 222596
20376 100 96028
45970 40 247037
47140 44 123889
169587 10 221640
113738 45 224188
153368 39 180922
96148 51 159654
54055 16 82063
92335 1 183652
27722 44 56732
96558 58 157698
10068 76 155953
781 23 105714
90504 97 154643
73446 46 198887
1992 75 164710
5975 68 240032
31014 7 217828
192570 41 224957
8142 69 28051
10476 94 20610
37391 97 114870
8526 1 228962
102724 30 192083
71457 87 164308
91868 39 105831
50598 83 143409
140372 93 209548
4067 49 125736
15006 10 167312
76827 3 88350
89799 66 132060
27262 18 41130
91543 37 123580
162394 71 239098
33358 13 198292
99480 76 246756
69584 16 235448
68228 82 138249
58964 11 220532
17200 50 36353
97654 89 195295
32401 69 144690
41928 46 200775
241507 12 247464
8350 40 115072
53296 47 83326
228770 13 247998
56216 65 88733
67476 89 136756
129647 70 217339
126144 47 211469
159866 9 230225
15118 72 35050
36369 99 111847
18386 13 236141
12299 40 197255
28999 63 182218
57081 82 62854
83921 32 204038
146361 3 228717
126572 99 127843
101929 36 181478
39482 86 204314
2824 89 135830
106395 3 174348
92527 35 148667
19458 80 87779
191387 28 211806
100938 71 132561
8349 94 55441
76351 71 177415
136665 15 162203
45210 35 155328
150473 39 239224
55047 49 233195
163088 60 194804
152484 29 175160
70788 70 133909
89600 63 213915
6742 89 163447
169434 92 208294
43304 28 48040
87688 30 178944
9650 99 55253
162040 63 181736
42372 17 94673
84746 11 202094
42049 4 113726
58728 55 63517
83010 30 121834
41884 10 204220
85692 18 185530
57675 2 228406
106611 61 123080
97660 73 172402
23706 21 125065
36401 14 232165
20675 14 215775
141279 70 160424
43102 56 233188
95772 85 200123
35062 28 230038
6884 66 137989
228252 6 238375
91735 8 199787
36274 25 244572
98070 1 236181
92295 27 236692
69596 57 207014
128580 67 130473
162918 68 207706
157492 59 227272
54360 20 132325
75009 94 222829
110627 97 192316
79612 19 112202
86000 61 145208
18689 11 91247
89982 59 177669
90544 94 216574
159769 83 234955
67220 61 245352
6272 69 209123
16250 7 153134
85080 26 119407
16186 99 239454
58847 85 92342
5157 20 126519
38629 72 94418
87603 1 140843
88101 53 188509
24786 94 150985
33526 71 190062
45979 97 90768
22990 14 25987
217547 58 226589
75495 7 132204
6451 20 81485
172052 98 189326
90379 96 121876
111891 70 208244
99612 83 236838
38093 76 151580
44288 83 132543
168104 94 191163
119312 26 206329
70203 100 106921
66321 13 225337
178528 60 227434
58805 74 190316
106348 47 167874
1720 14 162001
76333 19 225682
83180 98 106028
18441 85 177046
105959 70 119750
66343 42 219576
43580 30 205623
26608 69 88730
53502 60 196357
1819 43 89790
19042 82 61748
208955 12 239715
29745 54 79673
102683 19 153244
81587 79 177722
29380 37 247341
9322 80 13692
77640 10 109355
140247 18 224716
23820 10 150881
78473 47 220611
43587 31 213038
62065 81 134101
80995 9 95426
38126 20 194261
42900 68 242929
211129 59 219227
84569 76 111754
143223 73 180944
110810 6 198119
98546 7 194613
5833 83 243068
13577 74 107785
48077 70 177186
52962 62 181211
24491 6 239023
35933 46 174635
1066 87 243275
44783 70 213104
34882 68 222203
14998 99 89743
71307 50 116110
22354 6 208982
8468 4 184216
210020 99 249592
98231 43 167677
64621 43 87234
49711 9 150931
69309 37 71678
8115 88 175909
74736 14 87666
2882 54 29423
110911 67 231815
113305 62 240039
179339 42 223173
29203 13 128781
118302 26 233851
27240 52 208964
93605 49 200254
12910 5 170177
51716 14 73598
213832 62 216239
63695 80 156619
39713 30 111797
163153 63 216278
136401 16 175482
34696 9 218369
91759 91 105466
91415 76 107241
8072 71 249998
29284 20 187654
47443 31 242079
88532 26 148985
12621 3 74633
106286 17 157443
177556 85 243207
3271 51 205404
59960 9 75545
2086 18 117949
101124 82 178189
24633 44 201667
113188 76 211039
133159 62 198347
100599 60 205640
34940 65 87160
126276 13 214854
138382 17 157329
134117 41 184076
73558 76 104047
27236 40 133221
138836 1 162993
71559 53 227427
70710 13 214269
163837 91 200004
202379 60 246185
76735 79 222457
141478 5 236873
17228 74 163120
11717 63 154578
337 46 31954
172765 1 248434
158819 80 208847
104473 81 215644
139298 33 171686
80694 11 173068
63714 62 95003
165733 93 186345
36622 62 199905
26499 50 199100
108177 96 196100
35710 31 210463
104480 63 132685
96893 100 204175
76371 100 213195
165050 81 179475
161063 41 172818
89064 8 197390
122438 44 134235
8529 21 49182
46801 92 154904
157605 92 219647
46552 30 61511
10015 12 246799
203174 99 206826
25079 71 74843
153567 45 225176
72291 78 239856
152738 55 219578
16840 27 236114
61680 65 191771
2726 42 93097
136204 78 223655
85977 16 151015
76654 27 130816
15019 95 199487
7918 18 225820
65186 19 177112
29536 47 213437
117904 29 225068
26951 65 117646
42603 92 91863
5942 90 214412
192980 98 197228
131139 87 185106
149592 95 185900
75903 93 127779
59361 40 236251
128009 73 229964
40980 23 107977
77134 95 172673
30104 20 206882
67601 8 161716
74172 3 241153
189519 33 246359
68975 42 115414
25076 15 48061
134205 21 197859
17623 83 140291
17650 70 22256
28594 96 172089
157960 47 158766
6068 8 137367
80008 88 97686
70859 14 182621
181174 39 189627
80141 33 146295
16476 58 222553
124620 38 216725
13285 11 134188
10352 89 102851
53245 97 239472
7267 60 121173
20911 75 51257
15356 35 73797
74256 71 160779
44600 57 248834
80312 3 213957
19464 46 230581
74697 42 154244
68456 85 75982
174658 66 196533
139250 44 198953
61635 38 127341
23134 13 192781
18691 67 184184
162857 60 216028
60392 93 192823
94618 55 97502
28637 38 40843
5217 37 12630
15632 15 249076
116255 15 192321
46260 61 97178
39069 3 117616
22523 6 198124
38610 22 115386
150785 85 171114
28588 2 228438
78033 53 93914
168589 92 211047
110817 34 120615
202750 59 210805
236825 12 239367
70164 88 98958
94556 16 187760
145924 39 240233
101491 67 172897
11239 39 41347
70136 78 132432
153087 45 214692
73526 90 181048
17814 8 193352
64369 61 113216
95364 49 142384
162413 45 168187
34146 2 219772
42866 34 214533
20337 40 71785
107623 18 135834
12420 79 182436
138298 56 182263
57554 92 184693
84688 99 111672
12348 65 64642
131223 22 161504
156390 84 165310
67896 32 225248
59719 57 197405
124865 71 217502
87639 46 243209
18184 36 23644
12769 44 150059
12837 100 188249
52518 67 84946
213988 67 236589
96061 45 110558
94620 59 104354
105928 16 227017
221747 4 243072
90904 29 204253
6764 67 85310
3063 54 16029
60378 66 150492
82515 84 83160
180056 26 209296
4218 76 247877
7806 73 132679
95023 90 203001
113242 72 219233
1971 44 170457
30670 72 168035
129475 87 198251
105605 1 186092
6652 9 124075
92198 85 93786
61907 97 232675
28931 10 37489
205767 45 230469
147202 77 241938
58910 94 164986
143317 51 149537
12577 59 123983
86415 45 219730
18031 30 229320
95941 79 199050
4308 11 179304
60554 68 70010
2538 90 15885
215320 93 217592
206152 90 239314
45565 51 173485
69922 67 87489
35837 35 224287
142849 37 227380
199338 94 207214
152427 18 229121
47659 25 107319
34436 8 235108
52225 5 182594
129691 51 170987
22125 3 110231
66317 87 164334
129151 93 228134
62650 82 125489
24197 1 162621
527 31 197491
172543 53 196008
103601 58 162565
170336 81 249865
4074 25 59057
176180 56 194012
76990 96 240786
44134 82 168833
55168 75 233137
144 38 6423
139410 85 245143
6579 76 247031
12336 2 102351
172430 4 210107
22741 20 68102
122680 71 133546
197313 81 219694
9177 85 94977
55977 88 152667
102082 44 237626
58209 72 87249
98377 28 179687
40768 55 62974
82262 65 144642
26163 20 219121
201032 53 202297
29376 88 83796
164599 32 214249
183517 33 213294
92652 13 149946
199244 69 242327
197213 84 227121
112486 34 225116
162551 30 176627
129733 30 215527
66162 53 113388
95537 29 96431
10609 1 41416
1375 26 112243
151570 69 201183
59084 92 182900
43004 75 218175
84461 29 157915
113441 51 133662
10035 95 63984
165348 100 183610
24197 64 70176
108229 28 202939
21993 28 141936
63648 25 125298
58961 49 171714
78168 49 235803
3541 9 101447
59251 2 187196
42531 40 227753
42475 61 170487
46122 20 241702
86858 87 205723
99853 77 200345
6036 43 157502
30101 51 53836
93829 43 112553
33525 63 101722
51824 98 247042
7990 14 189734
176192 72 246302
59226 7 239582
55687 61 163646
5949 23 96301
70014 40 74379
157185 49 169284
176887 19 235667
37864 71 56722
102464 18 136478
118141 87 205465
182340 46 232627
11370 27 202072
86301 3 209018
68344 84 183418
76584 76 174576
4196 58 72829
131358 80 214342
5655 16 125345
10109 39 171038
86623 55 156711
32684 82 128806
157287 94 239877
22773 49 227361
61969 92 190769
3091 3 182955
94168 30 161637
1085 52 55967
9819 30 235354
39743 33 56434
130162 51 206312
14694 80 90087
76295 88 126905
148459 49 248214
20226 64 190844
130573 8 167566
68762 3 170167
48883 20 86132
6816 3 89577
48299 94 130193
148989 56 230902
62685 39 127285
20017 95 168011
21864 55 163990
44037 2 206466
31541 68 176691
175970 14 213695
148462 3 192668
31960 32 210819
162136 77 223738
108222 16 143821
118364 59 234050
137414 95 164728
383 46 32987
6979 23 101727
127014 55 141768
16033 17 222216
8856 59 52659
111556 60 219039
84356 8 170161
10192 56 207679
189182 70 242526
43073 93 81974
199710 80 215258
111483 75 134090
27639 31 57512
58672 97 65844
106460 34 142547
82019 12 179842
152476 13 190150
79951 80 190578
114818 88 215049
39471 26 126080
82902 92 165601
111185 71 245852
45920 24 113374
35439 98 166050
15881 57 35812
538 66 62553
174941 77 223993
68936 31 104911
28431 14 244723
84629 71 91819
77339 97 216632
168 46 11490
227109 12 230018
108662 15 162522
78334 11 97277
179933 51 221947
7051 78 70804
80739 21 125453
39944 22 118022
80541 61 165656
42123 56 177374
49429 32 216963
6962 84 47875
10979 84 117357
85091 13 165809
70068 29 107535
45033 87 86379
80223 14 140460
145761 90 165200
141578 70 233537
29298 9 100441
8299 40 134044
56420 26 66139
75247 91 150665
93566 58 171243
137358 57 150681
139017 8 175883
24493 56 66366
147868 42 163041
155562 74 187366
69267 71 242975
95879 11 99317
155705 61 225952
107236 41 111352
92010 29 246193
94881 71 161433
51149 49 157709
61303 87 175545
37748 71 233031
9958 26 186914
132640 78 141188
17981 67 132100
89454 21 108638
4272 78 118752
41878 38 99256
79138 78 137013
230410 64 231535
117414 63 249340
155189 93 208316
123767 60 136610
66960 44 128124
19006 86 121714
31150 38 166860
63480 8 208330
110418 20 138463
4165 76 226938
49728 1 105041
90833 18 112426
8791 18 32549
82016 73 99421
122352 14 171772
37006 16 124668
175458 43 193617
197615 65 222949
1635 76 111690
166998 79 190996
94679 82 228592
154255 76 239614
139613 9 198424
79170 99 213903
101057 73 144138
50318 49 108994
82861 91 236705
62557 32 227509
100266 43 201042
146889 96 202607
50864 6 60234
174647 33 216084
74409 31 159958
71122 88 105870
69343 61 125233
79957 30 155558
191868 44 238587
175271 37 213260
118249 14 142451
71934 5 178540
187090 73 201989
24896 19 160974
111244 66 198024
62245 79 158382
14446 93 34080
30848 70 97933
89969 99 222023
84163 68 237793
168660 92 203986
210378 90 248219
117005 15 240976
73270 4 109865
238 29 207081
129754 13 141235
43850 26 178205
69952 52 143631
61558 27 233179
159171 28 198494
77619 96 193494
19413 81 174419
88620 58 118789
52276 16 194485
124096 28 220689
143608 72 246426
11221 48 144169
77149 27 77722
134123 12 182449
57804 2 220061
1753 58 86474
3761 30 235875
94104 91 98886
33176 19 199688
95084 58 155769
38184 100 79620
44145 71 57982
83991 20 124782
16696 45 114351
35550 19 130682
169835 58 182006
51610 66 226311
34693 74 185175
49727 67 188153
30117 90 71374
57466 47 153818
41684 89 47487
42864 39 213563
24912 80 33667
93424 11 136015
147675 43 204827
115790 20 119030
126246 85 182029
29654 51 246503
39465 87 124855
20259 55 133960
62189 21 146605
156396 4 201187
11196 48 38063
110880 34 172128
153307 11 245132
105824 59 148178
72499 62 231767
4823 79 129971
48799 39 177966
210563 24 247269
10131 43 26552
142209 59 249723
41821 25 45356
52906 97 92915
4494 20 60403
134235 43 222388
92638 43 203277
117486 32 141627
70717 81 198377
63 44 198404
64515 78 167207
6350 52 67629
13477 92 249128
83517 20 176314
11281 22 79349
116079 36 123784
41932 2 60067
71317 7 246030
22749 5 91928
22222 37 29201
57890 8 241305
132919 87 187057
127080 69 132801
83627 9 185699
203721 30 241721
75037 33 230097
151557 60 207335
58082 5 59070
49530 38 206867
11301 26 19551
4135 81 70180
137044 81 150837
5752 30 43743
69170 94 138896
176285 7 186357
159293 83 213244
59 50 186720
69838 76 75095
9989 44 128352
14042 90 66480
80635 8 164707
38674 26 237605
27196 41 83323
133341 36 236319
30795 20 220236
13158 85 37568
37340 91 228130
176791 42 225185
32866 35 105290
175124 27 217940
18191 68 143593
72463 54 90980
3776 3 106740
188027 96 197462
120781 74 233489
109226 88 139911
122904 76 186464
16228 8 234029
91491 45 182872
149186 96 166043
101655 39 124128
41198 2 145815
126910 78 140280
6878 69 27758
11102 41 96680
20267 33 33083
45806 62 133036
134520 25 174997
35082 93 166628
158679 67 219380
12887 18 137438
87481 35 243062
75108 100 155740
135385 38 239908
58885 20 249464
135102 87 178462
10238 49 27497
30403 12 90317
10132 36 146755
164771 56 221450
96138 17 228957
99203 79 119041
101022 6 234756
40661 72 163197
73036 51 143134
5621 29 215938
173140 11 204544
46653 46 50072
183178 96 195791
104964 87 222908
184643 86 212725
17092 28 23181
80297 12 222303
92857 71 203773
199112 100 220320
27262 40 31782
109053 43 180961
111625 99 174856
172266 94 228606
214357 34 249495
237030 69 248486
73468 1 166905
46107 3 60953
46028 84 109589
73231 53 206994
229152 21 236151
46834 94 246530
158324 77 178906
120441 52 162570
50672 44 239908
27687 24 36980
89162 27 166373
216058 42 232756
28580 34 41811
32805 66 167345
140525 26 180809
87011 64 106971
35448 56 97448
129897 69 167184
15081 77 57110
136464 6 241266
19863 41 108525
176945 10 180984
64928 30 234076
90799 28 225982
79146 2 246872
60355 21 176920
205431 26 247180
59797 100 116212
44822 79 245623
31360 73 57491
146349 29 159554
3898 33 230475
7745 52 208641
19618 12 217837
107114 44 153301
55655 18 158663
30405 7 125472
199514 19 227119
46872 64 186555
152993 78 192887
50434 68 51132
85370 22 122897
228327 84 243581
120390 61 196459
79917 18 115341
127817 56 182268
134308 90 178574
87703 2 247148
102020 91 231452
141148 74 195258
188137 97 247902
24790 27 222283
95767 44 154904
71400 94 136910
36979 86 91623
21586 18 57472
5097 43 27174
103366 70 140471
205394 14 238106
37361 79 240662
17860 78 231848
39362 96 50623
45623 60 47081
80483 20 211346
78215 33 191594
112848 58 212163
94552 49 142777
56269 37 83191
116903 28 149731
149514 57 158659
116013 18 207209
62966 17 228180
8847 82 120720
192730 65 230020
1858 1 118853
130095 95 233593
220076 41 230295
72734 45 236623
48396 84 143087
115629 90 249532
50968 12 76014
13439 68 69210
69834 29 210255
51081 15 107528
644 73 213583
48829 84 187870
124404 15 162047
1211 85 12128
92286 92 248428
160054 48 194236
183751 5 244250
80370 32 222021
110045 91 160704
2067 40 38405
57020 61 122598
12810 34 171109
44035 70 85841
25712 88 31990
161692 13 202118
77352 65 209543
81565 58 143616
93457 46 130928
26127 73 54361
48483 90 81271
192906 41 228482
131944 89 135037
134837 41 245613
6777 95 233049
194759 63 209395
142508 80 166031
50808 67 236011
103416 99 141655
57103 39 162955
53656 69 201652
34293 50 223201
73952 46 175551
22694 98 248590
43526 37 51949
26206 40 188699
110661 24 247599
98769 9 139081
45922 48 93214
10342 20 240679
115119 88 182844
24937 42 85665
195628 18 245321
28537 53 51518
40143 99 199301
41251 33 81263
212206 47 232095
20362 31 123346
31943 19 137106
164634 52 249917
85132 38 223437
4539 70 60805
57814 62 122267
7303 75 238841
83078 60 158525
55489 8 83934
110583 29 246943
2493 32 82321
15011 64 246736
141624 58 208308
3772 1 44300
144662 82 234435
62104 66 113948
59556 48 94642
119203 77 153283
71018 22 172178
9953 40 18324
158695 92 184643
158711 94 226403
93770 42 239418
20986 34 162315
148731 11 206121
2252 41 193459
125101 21 211466
42885 64 160058
204848 75 231374
79270 29 112834
33015 85 199230
26120 79 239800
123348 96 206731
100658 13 127344
137749 25 194915
104104 61 191693
148738 35 148873
124126 16 216332
102977 27 240003
10179 69 54892
32834 52 102754
90440 52 168432
21419 12 142030
208804 97 234845
50355 92 180004
30777 35 152908
122715 4 208623
189072 31 192055
69758 52 207593
67228 40 143382
21206 9 217664
32511 1 215782
182770 62 220369
174217 52 242728
1188 95 49444
65625 82 221622
37987 80 101603
38571 12 136194
31032 30 98038
70895 58 87398
185488 42 212002
120077 3 170775
46956 68 49076
112412 91 220260
132095 89 232862
180380 8 245148
185505 75 196570
59465 79 214370
88309 20 171499
69219 65 95699
7011 21 231153
87812 6 121747
101499 27 106131
211381 18 220704
121725 90 197176
134200 65 216533
149286 20 208320
46337 33 112431
25593 28 135727
69771 16 83254
74899 94 193666
83400 67 120885
121434 59 218786
202167 50 215661
138968 4 140292
