42
86 96 182
0 86 3229
0 163 3228
224 75 299
0 42 3229
0 130 3228
310 97 407
0 11 3229
0 52 3228
492 29 521
0 85 3229
0 129 3228
552 100 652
0 31 3229
0 84 3228
669 35 704
0 17 3229
0 94 3228
722 106 828
0 18 3229
0 148 3228
841 47 888
0 13 3229
0 166 3228
917 35 952
0 29 3229
0 184 3228
1050 10 1060
0 98 3229
0 59 3228
1124 36 1160
0 64 3229
0 108 3228
1170 68 1238
0 10 3229
0 100 3228
1283 62 1345
0 45 3229
0 113 3228
1428 108 1536
0 83 3229
0 162 3228
