42
93 104 197
0 93 3261
0 180 3260
216 51 267
0 19 3261
0 18 3260
325 109 434
0 58 3261
0 150 3260
505 12 517
0 71 3261
0 137 3260
551 56 607
0 34 3261
0 30 3260
686 86 772
0 79 3261
0 82 3260
872 98 970
0 100 3261
0 132 3260
1004 104 1108
0 34 3261
0 46 3260
1184 106 1290
0 76 3261
0 191 3260
1366 54 1420
0 76 3261
0 57 3260
1479 35 1514
0 59 3261
0 57 3260
1603 38 1641
0 89 3261
0 61 3260
1714 90 1804
0 73 3261
0 137 3260
1820 53 1873
0 16 3261
0 109 3260
