42
91 52 143
0 91 3362
0 32 3361
245 79 324
0 102 3362
0 197 3361
388 31 419
0 64 3362
0 197 3361
472 53 525
0 53 3362
0 35 3361
546 30 576
0 21 3362
0 143 3361
642 16 658
0 66 3362
0 112 3361
755 92 847
0 97 3362
0 151 3361
939 104 1043
0 92 3362
0 60 3361
1084 36 1120
0 41 3362
0 206 3361
1133 94 1227
0 13 3362
0 139 3361
1295 60 1355
0 68 3362
0 146 3361
1391 59 1450
0 36 3362
0 70 3361
1483 10 1493
0 33 3362
0 182 3361
1512 32 1544
0 19 3362
0 147 3361
