42
69 69 138
0 69 3577
0 185 3576
187 19 206
0 49 3577
0 131 3576
252 83 335
0 46 3577
0 92 3576
394 91 485
0 59 3577
0 61 3576
585 41 626
0 100 3577
0 146 3576
721 42 763
0 95 3577
0 76 3576
855 11 866
0 92 3577
0 166 3576
941 101 1042
0 75 3577
0 100 3576
1074 68 1142
0 32 3577
0 205 3576
1238 105 1343
0 96 3577
0 203 3576
1431 26 1457
0 88 3577
0 53 3576
1546 37 1583
0 89 3577
0 47 3576
1595 82 1677
0 12 3577
0 130 3576
1713 81 1794
0 36 3577
0 187 3576
