42
65 92 157
0 65 3585
0 27 3584
256 48 304
0 99 3585
0 146 3584
407 23 430
0 103 3585
0 125 3584
459 11 470
0 29 3585
0 129 3584
570 77 647
0 100 3585
0 195 3584
718 74 792
0 71 3585
0 82 3584
864 37 901
0 72 3585
0 189 3584
1010 101 1111
0 109 3585
0 142 3584
1151 87 1238
0 40 3585
0 202 3584
1325 88 1413
0 87 3585
0 71 3584
1462 66 1528
0 49 3585
0 55 3584
1546 75 1621
0 18 3585
0 163 3584
1724 16 1740
0 103 3585
0 146 3584
1833 55 1888
0 93 3585
0 24 3584
