40
1470 41 1693
207 24 1769
1887 5 1904
754 42 935
161 97 1224
1231 36 1529
549 36 1911
608 21 1880
747 45 1291
54 64 1886
976 40 1835
608 2 1543
828 67 1721
43 4 1399
394 36 1144
386 56 1948
1032 39 1137
788 51 1022
396 52 1696
806 23 1065
34 41 1511
997 26 1595
177 95 508
41 65 182
447 5 1446
403 29 1086
165 91 1174
611 94 1467
146 19 1270
897 11 947
654 65 1943
166 9 1878
1235 96 1453
628 66 1032
960 92 1369
1268 61 1368
412 29 645
1349 29 1477
326 69 439
146 97 1180
