40
299 98 1597
1416 17 1968
381 44 1490
129 20 639
11 4 551
13 34 81
742 88 1611
1053 35 1111
895 26 1343
159 4 506
364 19 755
1529 56 1666
679 13 1501
80 42 1811
619 74 1922
1332 26 1465
1034 39 1937
831 48 912
646 67 1417
586 88 1656
1793 83 1933
877 41 1710
529 44 974
880 63 1079
231 24 1534
41 18 675
618 36 1727
1667 35 1755
172 61 1284
239 30 1343
224 86 1885
1296 80 1406
937 86 1945
549 3 1336
106 11 324
663 46 1318
372 59 609
561 36 1874
574 4 1280
273 42 1534
