40
182 8 509
1056 47 1911
97 48 292
692 86 1745
337 68 1454
650 5 700
897 34 1852
1208 83 1757
302 9 420
18 51 96
324 71 989
947 41 1056
287 83 987
1523 38 1827
1554 3 1977
753 95 1375
178 53 381
25 73 1033
278 43 1477
1241 81 1399
1311 5 1723
506 37 1682
598 15 1218
340 2 1297
714 11 820
748 29 1472
517 7 1564
8 78 198
270 2 336
446 46 1291
478 48 1397
1220 10 1833
288 2 1017
369 33 1870
878 6 1447
104 32 2000
379 43 1589
52 31 1303
1054 75 1583
233 42 1669
