40
340 20 1092
1558 39 1691
1424 86 1650
36 4 1683
1580 9 1775
771 18 1161
857 27 1317
1401 12 1795
599 92 1837
1132 64 1841
846 27 1103
378 18 655
76 94 640
186 78 1700
311 98 502
279 62 1972
515 31 1243
829 68 1342
658 21 1115
1112 53 1856
1186 69 1757
704 39 1146
565 60 1953
672 17 770
1160 68 1404
787 51 1736
552 22 1452
606 93 1787
527 23 816
175 1 569
752 26 1699
96 9 659
1805 99 1988
305 87 1464
292 62 1233
60 39 722
1814 40 1923
1620 33 1988
1673 68 1823
812 68 1877
