40
563 37 1323
190 33 935
722 87 1564
828 18 1711
562 91 1798
771 52 1262
862 89 1781
564 87 821
586 9 1251
895 33 1327
176 61 672
1362 8 1937
216 31 436
86 20 145
1247 16 1569
643 81 1174
876 59 1991
148 27 1965
244 34 574
402 14 1748
124 92 1792
235 24 1274
610 51 749
122 52 271
80 22 930
172 33 1121
588 58 1462
865 24 906
1001 43 1964
1620 55 1818
703 98 1185
1249 46 1326
1556 80 1765
709 47 1516
353 68 699
17 47 1873
1183 6 1762
53 81 1611
1234 8 1489
458 45 715
