40
404 73 1717
390 100 1012
48 93 179
128 48 325
721 75 1970
323 10 1408
262 92 484
691 1 1140
79 100 817
364 2 1918
1523 48 1886
1166 8 1628
773 82 1515
664 79 1436
455 51 593
8 10 1252
315 8 1485
369 47 1099
860 12 1326
617 44 1367
291 27 609
239 69 749
914 8 1157
1796 8 1960
229 44 1563
1026 71 1925
85 69 1242
62 22 562
1043 36 1378
265 81 523
834 92 1092
1252 54 1781
11 90 901
30 3 1953
827 49 883
1415 81 1908
103 14 279
969 79 1726
1160 34 1938
1339 17 1898
