40
294 23 336
895 45 1239
821 95 1916
84 75 1637
409 50 929
1461 32 1778
769 20 1034
458 12 1121
1085 59 1842
269 32 543
7 81 866
21 94 191
31 22 1490
670 72 1513
836 33 1329
425 81 542
977 36 1444
1917 20 1958
505 31 777
251 13 548
657 46 1940
238 59 1180
1314 10 1905
1813 18 1854
393 80 644
378 31 775
1044 32 1614
1230 71 1915
400 3 1290
997 57 1301
379 61 1464
815 59 1814
976 39 1787
195 66 1312
1363 39 1784
981 86 1270
500 43 1621
936 15 1223
717 85 1875
599 12 1017
