40
403 59 1767
422 49 876
1700 7 1968
167 45 1148
4 49 1550
278 1 440
476 91 617
623 19 826
401 80 975
345 29 1827
109 95 234
587 52 1959
909 16 1539
670 89 1431
951 91 1610
114 16 149
1832 60 1908
1054 9 1206
30 36 218
263 97 382
393 72 1110
823 40 1032
1156 51 1992
1380 64 1570
1168 39 1796
308 47 539
624 37 1877
1299 26 1349
85 95 1676
60 12 361
863 98 1474
346 62 1807
389 69 1554
411 74 915
509 48 1705
948 12 1688
377 7 1553
1202 27 1550
913 98 1480
247 47 779
