40
234 79 1346
312 25 903
778 38 1839
1195 54 1878
331 14 1801
1201 36 1703
31 28 1020
1181 1 1571
177 19 1791
1689 23 1867
689 92 1494
458 22 1938
315 2 1138
1332 7 1687
1123 70 1772
31 29 1634
1213 63 1424
868 93 1883
1342 40 1526
772 20 847
1659 4 1893
29 49 1048
762 29 1866
973 13 1453
43 15 545
1689 11 1915
458 24 619
1337 94 1486
504 95 1654
777 75 1995
1465 14 1551
481 68 1758
444 22 1255
82 29 129
419 31 1066
151 49 557
478 79 1824
1439 18 1946
1075 50 1603
403 41 1362
