40
656 83 1124
388 13 1227
53 55 1834
571 11 706
79 32 917
477 89 1896
177 45 304
559 47 800
429 98 1027
724 95 1204
1170 19 1924
23 53 901
810 49 938
1744 43 1787
673 84 998
70 67 193
1122 55 1929
490 15 1722
387 1 1224
177 38 1499
512 67 1288
319 92 1307
586 18 906
350 24 1315
861 43 1516
1858 64 1943
1393 46 1794
1056 84 1142
222 76 924
991 17 1956
487 18 1358
892 61 963
943 9 1785
968 1 1573
307 23 1798
348 28 516
372 72 757
651 88 1855
842 76 1709
872 24 1575
