40
699 83 1354
1481 91 1977
1392 72 1555
406 32 771
384 50 1231
1565 21 1594
1140 84 1556
493 12 1775
293 27 1992
719 64 1191
1387 72 1640
79 53 819
789 22 1791
23 19 744
175 40 1996
906 54 1665
189 78 1395
149 32 1141
1763 18 1821
144 33 959
879 90 1538
101 31 549
558 15 1171
597 51 1994
32 36 1295
648 93 1890
173 95 1282
1446 45 1928
380 26 1510
152 41 591
273 77 548
133 26 1707
98 21 513
286 10 1359
580 31 1411
1635 51 1893
406 53 620
947 37 1403
624 24 1581
871 28 1087
