40
131 44 1841
1297 20 1654
1108 12 1340
242 31 848
649 52 961
179 51 1752
1440 47 1575
1550 21 1838
1125 23 1504
855 71 929
140 50 1902
287 28 2000
4 26 229
685 77 988
588 10 873
258 54 1981
450 59 855
749 35 1738
232 71 1263
123 56 523
1614 17 1769
139 20 1357
581 5 1398
251 67 786
334 80 481
370 27 1492
641 56 731
676 27 1319
516 19 1608
601 69 676
88 25 1187
1078 50 1504
832 93 960
83 44 717
306 71 1169
598 99 1644
1164 75 1391
289 54 1761
150 6 376
1274 8 1366
