40
1454 5 1977
327 41 605
758 56 1855
1325 92 1930
404 84 1556
1201 15 1240
913 11 1766
38 32 1692
1094 33 1483
563 7 1447
1345 73 1963
1102 59 1188
1242 30 1331
753 23 1720
9 62 577
637 40 1274
511 96 1467
85 30 913
370 29 1977
196 29 342
876 58 1236
1143 84 1797
350 39 1402
964 6 1550
1835 5 1894
21 2 767
513 84 1956
512 68 1339
35 38 697
64 78 1750
1395 61 1739
1158 13 1969
84 17 1752
1274 41 1634
1019 62 1229
101 24 1804
108 14 1356
479 68 1939
93 25 1417
1540 68 1874
