40
75 24 1822
457 25 1380
859 42 1330
22 19 384
116 89 307
278 69 410
163 36 1894
1251 18 1656
8 81 239
760 82 1028
447 8 1415
320 45 1781
785 26 912
354 72 1301
254 80 479
205 7 1623
613 12 1825
1123 72 1602
109 71 818
763 52 1354
807 61 967
402 4 1397
30 10 1104
125 17 871
255 55 1578
360 42 1284
352 92 1660
818 97 1769
444 87 911
402 58 1079
92 5 994
541 30 831
865 32 1662
86 45 1980
793 1 1905
626 16 1537
623 88 1840
476 80 1042
945 21 1463
1011 38 1690
