40
619 87 1841
322 37 978
916 90 1747
194 16 1461
315 52 1009
371 40 1057
598 9 1004
429 48 1848
440 53 1683
1041 75 1219
360 26 519
1846 82 1929
1230 67 1325
1214 43 1355
540 12 1127
475 20 1075
247 7 287
155 39 1449
569 6 735
523 27 1874
1314 56 1964
1454 32 1971
741 81 1025
1489 65 1970
725 35 792
1320 87 1478
590 51 1492
363 83 1936
139 28 266
452 43 1310
619 31 1013
709 21 1681
407 28 1244
473 84 671
1118 55 1981
945 19 1958
797 40 1213
87 36 327
1286 60 1600
8 12 1415
