40
87 28 995
713 1 1168
1139 13 1602
487 96 1888
328 48 1967
247 24 1167
23 17 879
420 93 1137
776 18 1734
1278 3 1370
407 32 506
918 39 1768
153 55 1908
620 79 1500
717 65 1544
1140 28 1504
960 63 1602
653 78 1570
649 87 1994
1549 26 1918
597 59 1961
944 95 1318
72 32 382
587 5 1264
587 86 1162
233 56 801
504 65 815
1770 78 1985
1886 49 1955
1801 8 1999
1023 3 1670
174 29 1201
667 18 968
1344 74 1557
923 90 1917
1657 33 1794
153 70 1463
1127 44 1441
943 36 991
429 23 1875
