40
1055 29 1916
1419 81 1768
362 90 1291
564 75 1587
470 33 1808
310 96 1617
993 88 1152
863 24 1198
925 9 975
468 56 1422
455 20 1344
1056 89 1838
1359 23 1735
1532 52 1586
1637 71 1782
7 58 1313
1245 52 1616
952 13 1313
64 88 659
1635 66 1763
1249 47 1631
641 16 1605
258 26 1159
1264 28 1753
1274 33 1654
244 36 538
1164 26 1310
910 10 978
232 72 1971
357 30 968
38 24 483
1298 30 1891
23 18 1048
57 30 463
1143 50 1539
883 3 1271
1047 57 1169
558 15 895
90 20 1041
1064 34 1280
