40
29 63 1985
453 92 1038
218 89 614
166 3 881
372 65 1595
103 44 1573
210 69 1290
1755 17 1882
1034 31 1800
1211 85 1630
227 59 1288
535 69 1804
532 89 1125
114 45 1930
300 61 453
720 24 1010
250 70 997
1423 26 1492
1061 83 1266
289 45 997
239 33 579
676 5 1657
1110 2 1496
272 76 1081
169 33 1096
890 4 1340
233 89 592
504 5 1374
8 60 347
1007 30 1197
310 49 1669
431 2 927
415 6 907
507 90 969
439 4 1610
1009 69 1526
1115 78 1600
823 57 932
1502 50 1826
1408 85 1981
