40
108 92 528
97 56 1138
190 54 471
111 47 1877
823 62 900
530 67 1758
1003 33 1815
377 72 1398
317 43 1742
692 73 1730
997 6 1962
855 91 1008
73 79 1135
163 28 1050
560 11 707
196 11 1220
50 75 779
1296 25 1335
541 58 1116
1273 77 1464
1836 25 1991
1370 6 1963
1034 7 1853
519 13 1931
255 59 1055
122 74 1861
1148 42 1533
1594 48 1777
456 97 1365
37 64 497
667 57 845
981 11 1269
461 54 1806
682 53 1926
362 10 977
497 9 696
597 98 1591
547 35 1855
1041 4 1696
29 35 710
