1002
65 51 116
0 65 75530
0 70 75529
204 24 228
0 88 75530
0 31 75529
283 23 306
0 55 75530
0 174 75529
399 19 418
0 93 75530
0 83 75529
499 25 524
0 81 75530
0 137 75529
625 53 678
0 101 75530
0 111 75529
754 16 770
0 76 75530
0 87 75529
786 24 810
0 16 75530
0 185 75529
859 19 878
0 49 75530
0 29 75529
947 75 1022
0 69 75530
0 93 75529
1109 54 1163
0 87 75530
0 52 75529
1231 106 1337
0 68 75530
0 130 75529
1363 67 1430
0 26 75530
0 75 75529
1443 54 1497
0 13 75530
0 135 75529
1524 77 1601
0 27 75530
0 203 75529
1622 66 1688
0 21 75530
0 142 75529
1716 36 1752
0 28 75530
0 182 75529
1847 60 1907
0 95 75530
0 39 75529
1989 59 2048
0 82 75530
0 90 75529
2150 53 2203
0 102 75530
0 45 75529
2236 17 2253
0 33 75530
0 159 75529
2279 66 2345
0 26 75530
0 54 75529
2382 11 2393
0 37 75530
0 171 75529
2470 24 2494
0 77 75530
0 98 75529
2568 40 2608
0 74 75530
0 32 75529
2700 55 2755
0 92 75530
0 208 75529
2781 30 2811
0 26 75530
0 122 75529
2836 24 2860
0 25 75530
0 108 75529
2941 104 3045
0 81 75530
0 131 75529
3126 80 3206
0 81 75530
0 95 75529
3259 85 3344
0 53 75530
0 181 75529
3409 53 3462
0 65 75530
0 175 75529
3564 104 3668
0 102 75530
0 68 75529
3715 93 3808
0 47 75530
0 91 75529
3908 103 4011
0 100 75530
0 155 75529
4079 10 4089
0 68 75530
0 200 75529
4157 42 4199
0 68 75530
0 164 75529
4238 39 4277
0 39 75530
0 66 75529
4314 76 4390
0 37 75530
0 177 75529
4477 32 4509
0 87 75530
0 200 75529
4571 103 4674
0 62 75530
0 119 75529
4756 62 4818
0 82 75530
0 92 75529
4914 19 4933
0 96 75530
0 201 75529
4996 29 5025
0 63 75530
0 98 75529
5103 103 5206
0 78 75530
0 89 75529
5310 61 5371
0 104 75530
0 26 75529
5469 12 5481
0 98 75530
0 203 75529
5525 15 5540
0 44 75530
0 63 75529
5557 56 5613
0 17 75530
0 85 75529
5704 64 5768
0 91 75530
0 126 75529
5794 17 5811
0 26 75530
0 185 75529
5880 106 5986
0 69 75530
0 32 75529
5999 50 6049
0 13 75530
0 62 75529
6077 42 6119
0 28 75530
0 13 75529
6176 87 6263
0 57 75530
0 206 75529
6328 85 6413
0 65 75530
0 197 75529
6504 66 6570
0 91 75530
0 98 75529
6648 72 6720
0 78 75530
0 60 75529
6781 16 6797
0 61 75530
0 143 75529
6866 68 6934
0 69 75530
0 181 75529
6953 23 6976
0 19 75530
0 100 75529
7067 36 7103
0 91 75530
0 17 75529
7133 103 7236
0 30 75530
0 61 75529
7252 38 7290
0 16 75530
0 127 75529
7368 20 7388
0 78 75530
0 81 75529
7399 14 7413
0 11 75530
0 91 75529
7487 65 7552
0 74 75530
0 90 75529
7636 79 7715
0 84 75530
0 80 75529
7729 37 7766
0 14 75530
0 197 75529
7796 107 7903
0 30 75530
0 60 75529
7921 78 7999
0 18 75530
0 106 75529
8041 61 8102
0 42 75530
0 133 75529
8182 51 8233
0 80 75530
0 47 75529
8327 91 8418
0 94 75530
0 197 75529
8450 91 8541
0 32 75530
0 204 75529
8637 99 8736
0 96 75530
0 138 75529
8833 59 8892
0 97 75530
0 115 75529
8938 73 9011
0 46 75530
0 89 75529
9089 107 9196
0 78 75530
0 26 75529
9304 71 9375
0 108 75530
0 163 75529
9481 58 9539
0 106 75530
0 31 75529
9552 17 9569
0 13 75530
0 69 75529
9632 34 9666
0 63 75530
0 21 75529
9682 37 9719
0 16 75530
0 115 75529
9794 93 9887
0 75 75530
0 128 75529
9973 21 9994
0 86 75530
0 23 75529
10103 36 10139
0 109 75530
0 173 75529
10244 87 10331
0 105 75530
0 26 75529
10364 32 10396
0 33 75530
0 125 75529
10447 27 10474
0 51 75530
0 207 75529
10517 17 10534
0 43 75530
0 111 75529
10643 71 10714
0 109 75530
0 91 75529
10808 94 10902
0 94 75530
0 141 75529
10917 102 11019
0 15 75530
0 139 75529
11039 72 11111
0 20 75530
0 80 75529
11215 98 11313
0 104 75530
0 126 75529
11418 71 11489
0 105 75530
0 37 75529
11598 47 11645
0 109 75530
0 95 75529
11665 50 11715
0 20 75530
0 33 75529
11760 90 11850
0 45 75530
0 35 75529
11876 61 11937
0 26 75530
0 125 75529
11959 71 12030
0 22 75530
0 100 75529
12128 88 12216
0 98 75530
0 44 75529
12308 83 12391
0 92 75530
0 208 75529
12499 89 12588
0 108 75530
0 76 75529
12634 94 12728
0 46 75530
0 151 75529
12786 16 12802
0 58 75530
0 71 75529
12850 81 12931
0 48 75530
0 100 75529
13020 91 13111
0 89 75530
0 89 75529
13157 14 13171
0 46 75530
0 36 75529
13207 92 13299
0 36 75530
0 126 75529
13326 109 13435
0 27 75530
0 188 75529
13536 95 13631
0 101 75530
0 140 75529
13643 29 13672
0 12 75530
0 76 75529
13693 37 13730
0 21 75530
0 166 75529
13743 22 13765
0 13 75530
0 148 75529
13795 89 13884
0 30 75530
0 44 75529
13928 75 14003
0 44 75530
0 76 75529
14067 54 14121
0 64 75530
0 55 75529
14201 18 14219
0 80 75530
0 162 75529
14271 94 14365
0 52 75530
0 27 75529
14456 52 14508
0 91 75530
0 183 75529
14612 15 14627
0 104 75530
0 98 75529
14734 57 14791
0 107 75530
0 111 75529
14888 45 14933
0 97 75530
0 71 75529
14974 109 15083
0 41 75530
0 39 75529
15151 68 15219
0 68 75530
0 60 75529
15281 40 15321
0 62 75530
0 86 75529
15372 21 15393
0 51 75530
0 114 75529
15412 24 15436
0 19 75530
0 47 75529
15487 65 15552
0 51 75530
0 170 75529
15635 26 15661
0 83 75530
0 130 75529
15680 79 15759
0 19 75530
0 68 75529
15816 30 15846
0 57 75530
0 91 75529
15952 100 16052
0 106 75530
0 61 75529
16083 101 16184
0 31 75530
0 186 75529
16260 35 16295
0 76 75530
0 95 75529
16352 43 16395
0 57 75530
0 83 75529
16470 106 16576
0 75 75530
0 32 75529
16638 55 16693
0 62 75530
0 47 75529
16794 102 16896
0 101 75530
0 76 75529
16976 93 17069
0 80 75530
0 77 75529
17096 86 17182
0 27 75530
0 200 75529
17201 38 17239
0 19 75530
0 153 75529
17275 48 17323
0 36 75530
0 13 75529
17356 53 17409
0 33 75530
0 26 75529
17468 82 17550
0 59 75530
0 148 75529
17604 48 17652
0 54 75530
0 174 75529
17716 87 17803
0 64 75530
0 99 75529
17854 69 17923
0 51 75530
0 156 75529
17933 26 17959
0 10 75530
0 150 75529
18047 33 18080
0 88 75530
0 179 75529
18136 102 18238
0 56 75530
0 193 75529
18336 59 18395
0 98 75530
0 38 75529
18470 58 18528
0 75 75530
0 32 75529
18548 100 18648
0 20 75530
0 64 75529
18744 19 18763
0 96 75530
0 105 75529
18797 49 18846
0 34 75530
0 19 75529
18947 80 19027
0 101 75530
0 66 75529
19098 74 19172
0 71 75530
0 190 75529
19248 34 19282
0 76 75530
0 101 75529
19293 86 19379
0 11 75530
0 34 75529
19421 90 19511
0 42 75530
0 68 75529
19532 48 19580
0 21 75530
0 148 75529
19595 64 19659
0 15 75530
0 177 75529
19680 43 19723
0 21 75530
0 201 75529
19776 22 19798
0 53 75530
0 39 75529
19887 55 19942
0 89 75530
0 162 75529
19980 38 20018
0 38 75530
0 200 75529
20057 50 20107
0 39 75530
0 97 75529
20153 79 20232
0 46 75530
0 49 75529
20276 52 20328
0 44 75530
0 132 75529
20381 42 20423
0 53 75530
0 76 75529
20484 44 20528
0 61 75530
0 147 75529
20548 18 20566
0 20 75530
0 49 75529
20587 102 20689
0 21 75530
0 74 75529
20786 23 20809
0 97 75530
0 98 75529
20907 18 20925
0 98 75530
0 49 75529
20994 37 21031
0 69 75530
0 151 75529
21059 51 21110
0 28 75530
0 150 75529
21214 51 21265
0 104 75530
0 109 75529
21291 21 21312
0 26 75530
0 174 75529
21393 19 21412
0 81 75530
0 121 75529
21511 85 21596
0 99 75530
0 128 75529
21705 66 21771
0 109 75530
0 97 75529
21864 28 21892
0 93 75530
0 162 75529
21908 65 21973
0 16 75530
0 65 75529
22073 17 22090
0 100 75530
0 30 75529
22153 69 22222
0 63 75530
0 92 75529
22279 102 22381
0 57 75530
0 48 75529
22445 87 22532
0 64 75530
0 75 75529
22617 73 22690
0 85 75530
0 191 75529
22790 97 22887
0 100 75530
0 41 75529
22992 11 23003
0 105 75530
0 25 75529
23073 74 23147
0 70 75530
0 158 75529
23163 72 23235
0 16 75530
0 161 75529
23280 33 23313
0 45 75530
0 173 75529
23414 60 23474
0 101 75530
0 22 75529
23574 48 23622
0 100 75530
0 129 75529
23637 82 23719
0 15 75530
0 200 75529
23755 106 23861
0 36 75530
0 142 75529
23881 36 23917
0 20 75530
0 73 75529
23949 89 24038
0 32 75530
0 33 75529
24126 16 24142
0 88 75530
0 25 75529
24248 101 24349
0 106 75530
0 184 75529
24457 96 24553
0 108 75530
0 173 75529
24584 14 24598
0 31 75530
0 151 75529
24675 72 24747
0 77 75530
0 72 75529
24813 92 24905
0 66 75530
0 194 75529
24930 90 25020
0 25 75530
0 151 75529
25101 35 25136
0 81 75530
0 16 75529
25222 57 25279
0 86 75530
0 94 75529
25361 57 25418
0 82 75530
0 193 75529
25439 44 25483
0 21 75530
0 76 75529
25509 89 25598
0 26 75530
0 111 75529
25700 25 25725
0 102 75530
0 190 75529
25828 96 25924
0 103 75530
0 131 75529
25971 51 26022
0 47 75530
0 27 75529
26082 24 26106
0 60 75530
0 142 75529
26197 51 26248
0 91 75530
0 137 75529
26331 27 26358
0 83 75530
0 111 75529
26404 71 26475
0 46 75530
0 85 75529
26555 21 26576
0 80 75530
0 198 75529
26612 79 26691
0 36 75530
0 176 75529
26786 27 26813
0 95 75530
0 20 75529
26884 89 26973
0 71 75530
0 196 75529
27048 100 27148
0 75 75530
0 194 75529
27165 57 27222
0 17 75530
0 57 75529
27235 85 27320
0 13 75530
0 39 75529
27338 20 27358
0 18 75530
0 10 75529
27377 96 27473
0 19 75530
0 195 75529
27506 82 27588
0 33 75530
0 173 75529
27664 43 27707
0 76 75530
0 49 75529
27792 95 27887
0 85 75530
0 139 75529
27983 91 28074
0 96 75530
0 24 75529
28165 44 28209
0 91 75530
0 185 75529
28303 52 28355
0 94 75530
0 65 75529
28392 66 28458
0 37 75530
0 84 75529
28553 80 28633
0 95 75530
0 156 75529
28675 20 28695
0 42 75530
0 106 75529
28772 53 28825
0 77 75530
0 14 75529
28871 79 28950
0 46 75530
0 13 75529
28962 43 29005
0 12 75530
0 141 75529
29083 31 29114
0 78 75530
0 69 75529
29220 89 29309
0 106 75530
0 167 75529
29406 39 29445
0 97 75530
0 28 75529
29461 13 29474
0 16 75530
0 34 75529
29499 74 29573
0 25 75530
0 87 75529
29655 54 29709
0 82 75530
0 31 75529
29761 93 29854
0 52 75530
0 51 75529
29921 91 30012
0 67 75530
0 93 75529
30080 16 30096
0 68 75530
0 74 75529
30202 105 30307
0 106 75530
0 75 75529
30376 54 30430
0 69 75530
0 188 75529
30456 67 30523
0 26 75530
0 122 75529
30561 28 30589
0 38 75530
0 105 75529
30650 72 30722
0 61 75530
0 78 75529
30761 14 30775
0 39 75530
0 139 75529
30839 24 30863
0 64 75530
0 119 75529
30929 47 30976
0 66 75530
0 149 75529
31071 95 31166
0 95 75530
0 24 75529
31265 55 31320
0 99 75530
0 148 75529
31357 33 31390
0 37 75530
0 205 75529
31469 90 31559
0 79 75530
0 184 75529
31572 80 31652
0 13 75530
0 202 75529
31753 60 31813
0 101 75530
0 198 75529
31912 14 31926
0 99 75530
0 181 75529
31967 12 31979
0 41 75530
0 89 75529
32037 75 32112
0 58 75530
0 14 75529
32217 24 32241
0 105 75530
0 96 75529
32302 79 32381
0 61 75530
0 55 75529
32399 87 32486
0 18 75530
0 168 75529
32546 64 32610
0 60 75530
0 189 75529
32657 31 32688
0 47 75530
0 98 75529
32745 37 32782
0 57 75530
0 47 75529
32824 92 32916
0 42 75530
0 132 75529
32940 46 32986
0 24 75530
0 16 75529
32999 32 33031
0 13 75530
0 94 75529
33060 85 33145
0 29 75530
0 81 75529
33188 48 33236
0 43 75530
0 178 75529
33322 41 33363
0 86 75530
0 20 75529
33420 24 33444
0 57 75530
0 192 75529
33540 99 33639
0 96 75530
0 111 75529
33740 48 33788
0 101 75530
0 176 75529
33817 87 33904
0 29 75530
0 96 75529
34007 70 34077
0 103 75530
0 171 75529
34135 96 34231
0 58 75530
0 177 75529
34312 28 34340
0 81 75530
0 106 75529
34394 72 34466
0 54 75530
0 136 75529
34523 56 34579
0 57 75530
0 118 75529
34589 39 34628
0 10 75530
0 101 75529
34695 103 34798
0 67 75530
0 132 75529
34809 82 34891
0 11 75530
0 111 75529
34963 17 34980
0 72 75530
0 149 75529
35006 16 35022
0 26 75530
0 135 75529
35087 39 35126
0 65 75530
0 41 75529
35156 10 35166
0 30 75530
0 65 75529
35222 40 35262
0 56 75530
0 36 75529
35363 53 35416
0 101 75530
0 194 75529
35470 79 35549
0 54 75530
0 35 75529
35631 97 35728
0 82 75530
0 56 75529
35767 72 35839
0 39 75530
0 161 75529
35931 24 35955
0 92 75530
0 48 75529
36006 41 36047
0 51 75530
0 122 75529
36145 82 36227
0 98 75530
0 96 75529
36261 72 36333
0 34 75530
0 80 75529
36435 26 36461
0 102 75530
0 151 75529
36509 42 36551
0 48 75530
0 122 75529
36575 69 36644
0 24 75530
0 52 75529
36709 41 36750
0 65 75530
0 36 75529
36847 88 36935
0 97 75530
0 12 75529
36945 62 37007
0 10 75530
0 119 75529
37051 44 37095
0 44 75530
0 98 75529
37152 90 37242
0 57 75530
0 156 75529
37282 75 37357
0 40 75530
0 45 75529
37409 32 37441
0 52 75530
0 68 75529
37465 108 37573
0 24 75530
0 149 75529
37664 96 37760
0 91 75530
0 115 75529
37775 64 37839
0 15 75530
0 98 75529
37905 46 37951
0 66 75530
0 44 75529
38005 27 38032
0 54 75530
0 130 75529
38051 26 38077
0 19 75530
0 180 75529
38093 35 38128
0 16 75530
0 132 75529
38186 65 38251
0 58 75530
0 23 75529
38336 11 38347
0 85 75530
0 182 75529
38416 54 38470
0 69 75530
0 86 75529
38546 20 38566
0 76 75530
0 201 75529
38584 28 38612
0 18 75530
0 56 75529
38681 89 38770
0 69 75530
0 13 75529
38865 85 38950
0 95 75530
0 179 75529
39043 40 39083
0 93 75530
0 206 75529
39156 86 39242
0 73 75530
0 38 75529
39265 91 39356
0 23 75530
0 54 75529
39423 97 39520
0 67 75530
0 150 75529
