1002
40 36 76
0 40 76312
0 93 76311
168 12 180
0 92 76312
0 42 76311
255 77 332
0 75 76312
0 145 76311
386 34 420
0 54 76312
0 179 76311
496 29 525
0 76 76312
0 94 76311
624 93 717
0 99 76312
0 92 76311
823 47 870
0 106 76312
0 84 76311
898 72 970
0 28 76312
0 57 76311
1005 13 1018
0 35 76312
0 49 76311
1113 91 1204
0 95 76312
0 133 76311
1284 73 1357
0 80 76312
0 178 76311
1452 94 1546
0 95 76312
0 95 76311
1582 46 1628
0 36 76312
0 94 76311
1727 13 1740
0 99 76312
0 144 76311
1846 101 1947
0 106 76312
0 69 76311
2014 38 2052
0 67 76312
0 61 76311
2081 38 2119
0 29 76312
0 43 76311
2176 37 2213
0 57 76312
0 31 76311
2284 76 2360
0 71 76312
0 78 76311
2456 30 2486
0 96 76312
0 66 76311
2520 63 2583
0 34 76312
0 32 76311
2640 10 2650
0 57 76312
0 142 76311
2756 91 2847
0 106 76312
0 12 76311
2922 109 3031
0 75 76312
0 93 76311
3123 105 3228
0 92 76312
0 187 76311
3239 56 3295
0 11 76312
0 11 76311
3342 105 3447
0 47 76312
0 138 76311
3555 75 3630
0 108 76312
0 122 76311
3651 99 3750
0 21 76312
0 140 76311
3804 88 3892
0 54 76312
0 124 76311
3912 105 4017
0 20 76312
0 198 76311
4076 96 4172
0 59 76312
0 94 76311
4231 57 4288
0 59 76312
0 139 76311
4354 74 4428
0 66 76312
0 112 76311
4455 30 4485
0 27 76312
0 151 76311
4571 11 4582
0 86 76312
0 157 76311
4608 109 4717
0 26 76312
0 201 76311
4743 25 4768
0 26 76312
0 81 76311
4856 68 4924
0 88 76312
0 175 76311
4963 53 5016
0 39 76312
0 203 76311
5114 65 5179
0 98 76312
0 13 76311
5195 94 5289
0 16 76312
0 209 76311
5323 100 5423
0 34 76312
0 10 76311
5473 27 5500
0 50 76312
0 90 76311
5566 85 5651
0 66 76312
0 120 76311
5704 86 5790
0 53 76312
0 69 76311
5893 67 5960
0 103 76312
0 182 76311
6049 40 6089
0 89 76312
0 123 76311
6175 98 6273
0 86 76312
0 20 76311
6285 12 6297
0 12 76312
0 167 76311
6341 67 6408
0 44 76312
0 195 76311
6451 22 6473
0 43 76312
0 23 76311
6484 82 6566
0 11 76312
0 136 76311
6625 103 6728
0 59 76312
0 159 76311
6804 55 6859
0 76 76312
0 205 76311
6929 57 6986
0 70 76312
0 79 76311
7062 93 7155
0 76 76312
0 95 76311
7180 26 7206
0 25 76312
0 92 76311
7310 65 7375
0 104 76312
0 104 76311
7468 89 7557
0 93 76312
0 154 76311
7576 48 7624
0 19 76312
0 187 76311
7686 92 7778
0 62 76312
0 15 76311
7818 69 7887
0 40 76312
0 172 76311
7908 60 7968
0 21 76312
0 22 76311
8069 84 8153
0 101 76312
0 84 76311
8260 83 8343
0 107 76312
0 184 76311
8451 24 8475
0 108 76312
0 66 76311
8501 76 8577
0 26 76312
0 170 76311
8651 33 8684
0 74 76312
0 69 76311
8776 56 8832
0 92 76312
0 132 76311
8929 17 8946
0 97 76312
0 93 76311
9035 81 9116
0 89 76312
0 139 76311
9209 96 9305
0 93 76312
0 209 76311
9325 13 9338
0 20 76312
0 150 76311
9399 15 9414
0 61 76312
0 92 76311
9465 89 9554
0 51 76312
0 77 76311
9617 58 9675
0 63 76312
0 106 76311
9715 19 9734
0 40 76312
0 69 76311
9810 23 9833
0 76 76312
0 79 76311
9910 40 9950
0 77 76312
0 43 76311
9960 70 10030
0 10 76312
0 27 76311
10104 33 10137
0 74 76312
0 174 76311
10166 19 10185
0 29 76312
0 89 76311
10283 22 10305
0 98 76312
0 90 76311
10349 70 10419
0 44 76312
0 95 76311
10483 57 10540
0 64 76312
0 18 76311
10593 48 10641
0 53 76312
0 85 76311
10674 55 10729
0 33 76312
0 18 76311
10785 109 10894
0 56 76312
0 81 76311
10990 105 11095
0 96 76312
0 194 76311
11114 32 11146
0 19 76312
0 21 76311
11242 10 11252
0 96 76312
0 54 76311
11336 35 11371
0 84 76312
0 197 76311
11433 65 11498
0 62 76312
0 194 76311
11518 84 11602
0 20 76312
0 143 76311
11694 50 11744
0 92 76312
0 198 76311
11840 100 11940
0 96 76312
0 47 76311
11997 63 12060
0 57 76312
0 27 76311
12112 52 12164
0 52 76312
0 192 76311
12234 53 12287
0 70 76312
0 185 76311
12306 70 12376
0 19 76312
0 179 76311
12413 37 12450
0 37 76312
0 157 76311
12514 35 12549
0 64 76312
0 62 76311
12598 84 12682
0 49 76312
0 128 76311
12778 83 12861
0 96 76312
0 190 76311
12918 34 12952
0 57 76312
0 108 76311
13061 16 13077
0 109 76312
0 136 76311
13087 95 13182
0 10 76312
0 96 76311
13196 74 13270
0 14 76312
0 131 76311
13338 96 13434
0 68 76312
0 97 76311
13476 73 13549
0 42 76312
0 98 76311
13586 89 13675
0 37 76312
0 79 76311
13774 61 13835
0 99 76312
0 152 76311
13920 90 14010
0 85 76312
0 67 76311
14064 80 14144
0 54 76312
0 14 76311
14205 39 14244
0 61 76312
0 187 76311
14258 86 14344
0 14 76312
0 194 76311
14400 62 14462
0 56 76312
0 55 76311
14531 108 14639
0 69 76312
0 37 76311
14721 54 14775
0 82 76312
0 135 76311
14871 69 14940
0 96 76312
0 143 76311
15002 25 15027
0 62 76312
0 133 76311
15074 78 15152
0 47 76312
0 135 76311
15233 18 15251
0 81 76312
0 126 76311
15284 22 15306
0 33 76312
0 139 76311
15362 77 15439
0 56 76312
0 53 76311
15460 36 15496
0 21 76312
0 87 76311
15571 89 15660
0 75 76312
0 188 76311
15742 35 15777
0 82 76312
0 21 76311
15800 30 15830
0 23 76312
0 137 76311
15881 21 15902
0 51 76312
0 75 76311
15956 67 16023
0 54 76312
0 42 76311
16080 80 16160
0 57 76312
0 91 76311
16250 64 16314
0 90 76312
0 147 76311
16340 96 16436
0 26 76312
0 130 76311
16525 35 16560
0 89 76312
0 90 76311
16655 10 16665
0 95 76312
0 139 76311
16750 64 16814
0 85 76312
0 130 76311
16922 21 16943
0 108 76312
0 159 76311
16990 55 17045
0 47 76312
0 91 76311
17146 73 17219
0 101 76312
0 20 76311
17284 109 17393
0 65 76312
0 120 76311
17469 22 17491
0 76 76312
0 93 76311
17565 84 17649
0 74 76312
0 111 76311
17680 21 17701
0 31 76312
0 84 76311
17758 58 17816
0 57 76312
0 56 76311
17850 23 17873
0 34 76312
0 140 76311
17917 45 17962
0 44 76312
0 138 76311
17991 92 18083
0 29 76312
0 36 76311
18186 17 18203
0 103 76312
0 149 76311
18258 81 18339
0 55 76312
0 35 76311
18372 20 18392
0 33 76312
0 109 76311
18492 60 18552
0 100 76312
0 81 76311
18650 38 18688
0 98 76312
0 157 76311
18781 68 18849
0 93 76312
0 103 76311
18908 88 18996
0 59 76312
0 19 76311
19068 23 19091
0 72 76312
0 101 76311
19122 41 19163
0 31 76312
0 31 76311
19270 83 19353
0 107 76312
0 76 76311
19424 85 19509
0 71 76312
0 114 76311
19579 27 19606
0 70 76312
0 157 76311
19623 88 19711
0 17 76312
0 138 76311
19753 63 19816
0 42 76312
0 201 76311
19914 106 20020
0 98 76312
0 150 76311
20092 51 20143
0 72 76312
0 180 76311
20173 105 20278
0 30 76312
0 176 76311
20289 83 20372
0 11 76312
0 65 76311
20407 58 20465
0 35 76312
0 130 76311
20547 108 20655
0 82 76312
0 40 76311
20682 71 20753
0 27 76312
0 130 76311
20788 106 20894
0 35 76312
0 119 76311
20923 77 21000
0 29 76312
0 207 76311
21091 55 21146
0 91 76312
0 116 76311
21190 27 21217
0 44 76312
0 148 76311
21276 13 21289
0 59 76312
0 114 76311
21308 76 21384
0 19 76312
0 33 76311
21437 16 21453
0 53 76312
0 111 76311
21553 72 21625
0 100 76312
0 179 76311
21723 67 21790
0 98 76312
0 138 76311
21860 79 21939
0 70 76312
0 168 76311
21957 38 21995
0 18 76312
0 35 76311
22061 94 22155
0 66 76312
0 62 76311
22167 15 22182
0 12 76312
0 81 76311
22210 65 22275
0 28 76312
0 36 76311
22291 56 22347
0 16 76312
0 96 76311
22391 24 22415
0 44 76312
0 106 76311
22524 49 22573
0 109 76312
0 86 76311
22592 29 22621
0 19 76312
0 12 76311
22655 55 22710
0 34 76312
0 146 76311
22773 77 22850
0 63 76312
0 178 76311
22919 52 22971
0 69 76312
0 102 76311
23048 27 23075
0 77 76312
0 151 76311
23154 30 23184
0 79 76312
0 144 76311
23272 37 23309
0 88 76312
0 14 76311
23354 26 23380
0 45 76312
0 196 76311
23409 57 23466
0 29 76312
0 83 76311
23538 99 23637
0 72 76312
0 39 76311
23727 68 23795
0 90 76312
0 154 76311
23881 41 23922
0 86 76312
0 99 76311
23966 24 23990
0 44 76312
0 206 76311
24079 19 24098
0 89 76312
0 175 76311
24178 42 24220
0 80 76312
0 42 76311
24241 25 24266
0 21 76312
0 50 76311
24331 71 24402
0 65 76312
0 195 76311
24446 80 24526
0 44 76312
0 12 76311
24566 20 24586
0 40 76312
0 35 76311
24616 58 24674
0 30 76312
0 63 76311
24772 26 24798
0 98 76312
0 31 76311
24818 16 24834
0 20 76312
0 152 76311
24934 58 24992
0 100 76312
0 101 76311
25046 56 25102
0 54 76312
0 87 76311
25143 77 25220
0 41 76312
0 108 76311
25255 105 25360
0 35 76312
0 127 76311
25444 38 25482
0 84 76312
0 128 76311
25517 92 25609
0 35 76312
0 198 76311
25647 54 25701
0 38 76312
0 204 76311
25765 103 25868
0 64 76312
0 20 76311
25885 84 25969
0 17 76312
0 179 76311
25999 25 26024
0 30 76312
0 154 76311
26085 17 26102
0 61 76312
0 89 76311
26142 26 26168
0 40 76312
0 58 76311
26245 78 26323
0 77 76312
0 20 76311
26390 107 26497
0 67 76312
0 149 76311
26512 87 26599
0 15 76312
0 28 76311
26634 106 26740
0 35 76312
0 134 76311
26827 62 26889
0 87 76312
0 44 76311
26948 15 26963
0 59 76312
0 195 76311
27019 77 27096
0 56 76312
0 60 76311
27185 35 27220
0 89 76312
0 107 76311
27309 37 27346
0 89 76312
0 10 76311
27425 24 27449
0 79 76312
0 16 76311
27517 22 27539
0 68 76312
0 64 76311
27563 97 27660
0 24 76312
0 126 76311
27767 95 27862
0 107 76312
0 34 76311
27901 60 27961
0 39 76312
0 22 76311
28008 42 28050
0 47 76312
0 40 76311
28062 103 28165
0 12 76312
0 147 76311
28238 70 28308
0 73 76312
0 15 76311
28410 106 28516
0 102 76312
0 174 76311
28613 81 28694
0 97 76312
0 176 76311
28724 42 28766
0 30 76312
0 160 76311
28842 31 28873
0 76 76312
0 182 76311
28970 55 29025
0 97 76312
0 109 76311
29060 76 29136
0 35 76312
0 54 76311
29226 69 29295
0 90 76312
0 25 76311
29317 103 29420
0 22 76312
0 132 76311
29441 66 29507
0 21 76312
0 65 76311
29533 35 29568
0 26 76312
0 150 76311
29672 26 29698
0 104 76312
0 116 76311
29762 44 29806
0 64 76312
0 178 76311
29914 49 29963
0 108 76312
0 117 76311
30060 91 30151
0 97 76312
0 171 76311
30187 72 30259
0 36 76312
0 102 76311
30279 46 30325
0 20 76312
0 198 76311
30420 49 30469
0 95 76312
0 25 76311
30538 84 30622
0 69 76312
0 88 76311
30727 95 30822
0 105 76312
0 110 76311
30857 41 30898
0 35 76312
0 205 76311
31003 50 31053
0 105 76312
0 38 76311
31084 81 31165
0 31 76312
0 94 76311
31244 100 31344
0 79 76312
0 209 76311
31411 69 31480
0 67 76312
0 48 76311
31567 19 31586
0 87 76312
0 192 76311
31605 87 31692
0 19 76312
0 168 76311
31727 107 31834
0 35 76312
0 205 76311
31878 65 31943
0 44 76312
0 100 76311
32027 107 32134
0 84 76312
0 85 76311
32209 100 32309
0 75 76312
0 165 76311
32412 77 32489
0 103 76312
0 10 76311
32573 31 32604
0 84 76312
0 134 76311
32619 108 32727
0 15 76312
0 30 76311
32760 102 32862
0 33 76312
0 93 76311
32948 90 33038
0 86 76312
0 182 76311
33055 99 33154
0 17 76312
0 46 76311
33189 11 33200
0 35 76312
0 99 76311
33245 80 33325
0 45 76312
0 79 76311
33343 33 33376
0 18 76312
0 129 76311
33470 82 33552
0 94 76312
0 97 76311
33649 29 33678
0 97 76312
0 156 76311
33699 31 33730
0 21 76312
0 97 76311
33802 97 33899
0 72 76312
0 113 76311
34004 22 34026
0 105 76312
0 157 76311
34103 64 34167
0 77 76312
0 157 76311
34218 23 34241
0 51 76312
0 17 76311
34269 25 34294
0 28 76312
0 126 76311
34354 55 34409
0 60 76312
0 160 76311
34483 81 34564
0 74 76312
0 195 76311
34585 55 34640
0 21 76312
0 35 76311
34705 19 34724
0 65 76312
0 24 76311
34814 44 34858
0 90 76312
0 65 76311
34872 41 34913
0 14 76312
0 172 76311
34995 22 35017
0 82 76312
0 107 76311
35107 94 35201
0 90 76312
0 48 76311
35217 94 35311
0 16 76312
0 115 76311
35349 86 35435
0 38 76312
0 196 76311
35539 108 35647
0 104 76312
0 37 76311
35689 57 35746
0 42 76312
0 93 76311
35774 16 35790
0 28 76312
0 95 76311
35852 52 35904
0 62 76312
0 157 76311
35996 49 36045
0 92 76312
0 26 76311
36095 46 36141
0 50 76312
0 41 76311
36173 65 36238
0 32 76312
0 144 76311
36278 52 36330
0 40 76312
0 175 76311
36380 101 36481
0 50 76312
0 157 76311
36581 103 36684
0 100 76312
0 171 76311
36734 90 36824
0 50 76312
0 108 76311
36849 92 36941
0 25 76312
0 25 76311
36979 88 37067
0 38 76312
0 86 76311
37145 63 37208
0 78 76312
0 150 76311
37278 43 37321
0 70 76312
0 97 76311
37413 71 37484
0 92 76312
0 134 76311
37563 22 37585
0 79 76312
0 126 76311
37661 64 37725
0 76 76312
0 74 76311
37822 24 37846
0 97 76312
0 205 76311
37864 62 37926
0 18 76312
0 68 76311
37980 86 38066
0 54 76312
0 51 76311
38173 44 38217
0 107 76312
0 25 76311
38267 87 38354
0 50 76312
0 202 76311
38449 108 38557
0 95 76312
0 81 76311
38634 19 38653
0 77 76312
0 53 76311
38712 41 38753
0 59 76312
0 157 76311
38799 61 38860
0 46 76312
0 56 76311
38963 82 39045
0 103 76312
0 55 76311
39098 20 39118
0 53 76312
0 90 76311
39144 81 39225
0 26 76312
0 81 76311
39274 17 39291
0 49 76312
0 109 76311
39314 18 39332
0 23 76312
0 82 76311
39425 17 39442
0 93 76312
0 39 76311
39519 70 39589
0 77 76312
0 166 76311
39654 100 39754
0 65 76312
0 138 76311
39851 65 39916
0 97 76312
0 104 76311
40008 93 40101
0 92 76312
0 55 76311
40140 18 40158
0 39 76312
0 127 76311
40187 74 40261
0 29 76312
0 183 76311
