1002
51 50 101
0 51 74634
0 135 74633
139 69 208
0 38 74634
0 96 74633
241 29 270
0 33 74634
0 51 74633
360 44 404
0 90 74634
0 94 74633
415 93 508
0 11 74634
0 151 74633
544 54 598
0 36 74634
0 167 74633
637 35 672
0 39 74634
0 41 74633
736 84 820
0 64 74634
0 174 74633
872 33 905
0 52 74634
0 106 74633
916 72 988
0 11 74634
0 96 74633
1028 19 1047
0 40 74634
0 103 74633
1116 37 1153
0 69 74634
0 122 74633
1262 59 1321
0 109 74634
0 170 74633
1358 97 1455
0 37 74634
0 157 74633
1475 13 1488
0 20 74634
0 161 74633
1574 94 1668
0 86 74634
0 95 74633
1746 87 1833
0 78 74634
0 118 74633
1892 71 1963
0 59 74634
0 21 74633
2008 38 2046
0 45 74634
0 27 74633
2061 60 2121
0 15 74634
0 111 74633
2214 77 2291
0 93 74634
0 56 74633
2342 56 2398
0 51 74634
0 125 74633
2506 67 2573
0 108 74634
0 119 74633
2653 62 2715
0 80 74634
0 134 74633
2753 89 2842
0 38 74634
0 174 74633
2894 74 2968
0 52 74634
0 29 74633
3042 54 3096
0 74 74634
0 62 74633
3138 83 3221
0 42 74634
0 11 74633
3255 86 3341
0 34 74634
0 116 74633
3388 28 3416
0 47 74634
0 46 74633
3453 82 3535
0 37 74634
0 85 74633
3595 13 3608
0 60 74634
0 122 74633
3657 20 3677
0 49 74634
0 80 74633
3718 26 3744
0 41 74634
0 66 74633
3771 61 3832
0 27 74634
0 178 74633
3884 20 3904
0 52 74634
0 105 74633
3927 93 4020
0 23 74634
0 102 74633
4033 70 4103
0 13 74634
0 99 74633
4184 108 4292
0 81 74634
0 175 74633
4385 86 4471
0 93 74634
0 49 74633
4535 84 4619
0 64 74634
0 13 74633
4638 84 4722
0 19 74634
0 32 74633
4732 90 4822
0 10 74634
0 167 74633
4851 50 4901
0 29 74634
0 143 74633
4952 78 5030
0 51 74634
0 98 74633
5072 100 5172
0 42 74634
0 68 74633
5237 37 5274
0 65 74634
0 39 74633
5353 66 5419
0 79 74634
0 187 74633
5458 74 5532
0 39 74634
0 156 74633
5634 58 5692
0 102 74634
0 168 74633
5789 82 5871
0 97 74634
0 87 74633
5975 97 6072
0 104 74634
0 56 74633
6088 41 6129
0 16 74634
0 63 74633
6162 33 6195
0 33 74634
0 204 74633
6239 79 6318
0 44 74634
0 73 74633
6360 91 6451
0 42 74634
0 124 74633
6508 96 6604
0 57 74634
0 117 74633
6620 43 6663
0 16 74634
0 114 74633
6705 17 6722
0 42 74634
0 113 74633
6750 87 6837
0 28 74634
0 185 74633
6875 103 6978
0 38 74634
0 106 74633
7011 20 7031
0 33 74634
0 19 74633
7126 63 7189
0 95 74634
0 30 74633
7216 36 7252
0 27 74634
0 117 74633
7296 14 7310
0 44 74634
0 159 74633
7333 93 7426
0 23 74634
0 13 74633
7529 40 7569
0 103 74634
0 144 74633
7678 16 7694
0 109 74634
0 14 74633
7740 22 7762
0 46 74634
0 19 74633
7822 75 7897
0 60 74634
0 132 74633
7917 81 7998
0 20 74634
0 195 74633
8047 18 8065
0 49 74634
0 145 74633
8128 95 8223
0 63 74634
0 148 74633
8236 68 8304
0 13 74634
0 95 74633
8382 24 8406
0 78 74634
0 108 74633
8508 56 8564
0 102 74634
0 188 74633
8598 103 8701
0 34 74634
0 12 74633
8776 98 8874
0 75 74634
0 158 74633
8908 102 9010
0 34 74634
0 153 74633
9097 99 9196
0 87 74634
0 193 74633
9214 34 9248
0 18 74634
0 130 74633
9333 71 9404
0 85 74634
0 82 74633
9423 79 9502
0 19 74634
0 158 74633
9537 61 9598
0 35 74634
0 46 74633
9624 12 9636
0 26 74634
0 47 74633
9662 100 9762
0 26 74634
0 20 74633
9787 18 9805
0 25 74634
0 117 74633
9830 84 9914
0 25 74634
0 99 74633
10009 39 10048
0 95 74634
0 11 74633
10109 20 10129
0 61 74634
0 122 74633
10200 15 10215
0 71 74634
0 173 74633
10245 94 10339
0 30 74634
0 130 74633
10394 78 10472
0 55 74634
0 15 74633
10523 14 10537
0 51 74634
0 159 74633
10642 78 10720
0 105 74634
0 160 74633
10822 24 10846
0 102 74634
0 149 74633
10886 73 10959
0 40 74634
0 28 74633
10991 78 11069
0 32 74634
0 50 74633
11130 105 11235
0 61 74634
0 118 74633
11259 83 11342
0 24 74634
0 204 74633
11376 66 11442
0 34 74634
0 203 74633
11551 49 11600
0 109 74634
0 193 74633
11650 20 11670
0 50 74634
0 70 74633
11743 24 11767
0 73 74634
0 29 74633
11789 95 11884
0 22 74634
0 15 74633
11904 81 11985
0 20 74634
0 54 74633
12054 67 12121
0 69 74634
0 189 74633
12157 84 12241
0 36 74634
0 184 74633
12257 74 12331
0 16 74634
0 137 74633
12367 59 12426
0 36 74634
0 34 74633
12444 13 12457
0 18 74634
0 200 74633
12548 16 12564
0 91 74634
0 146 74633
12590 106 12696
0 26 74634
0 107 74633
12755 89 12844
0 59 74634
0 96 74633
12924 100 13024
0 80 74634
0 40 74633
13044 29 13073
0 20 74634
0 162 74633
13166 87 13253
0 93 74634
0 191 74633
13299 15 13314
0 46 74634
0 165 74633
13366 96 13462
0 52 74634
0 19 74633
13524 54 13578
0 62 74634
0 26 74633
13661 96 13757
0 83 74634
0 121 74633
13865 17 13882
0 108 74634
0 126 74633
13922 15 13937
0 40 74634
0 123 74633
13967 69 14036
0 30 74634
0 87 74633
14051 39 14090
0 15 74634
0 34 74633
14196 40 14236
0 106 74634
0 18 74633
14282 54 14336
0 46 74634
0 89 74633
14377 16 14393
0 41 74634
0 36 74633
14419 97 14516
0 26 74634
0 54 74633
14545 33 14578
0 29 74634
0 201 74633
14616 57 14673
0 38 74634
0 130 74633
14727 22 14749
0 54 74634
0 115 74633
14823 30 14853
0 74 74634
0 161 74633
14913 68 14981
0 60 74634
0 107 74633
15089 52 15141
0 108 74634
0 102 74633
15229 85 15314
0 88 74634
0 141 74633
15409 19 15428
0 95 74634
0 134 74633
15453 21 15474
0 25 74634
0 125 74633
15524 38 15562
0 50 74634
0 68 74633
15604 109 15713
0 42 74634
0 147 74633
15772 75 15847
0 59 74634
0 96 74633
15913 43 15956
0 66 74634
0 161 74633
15978 24 16002
0 22 74634
0 50 74633
16057 41 16098
0 55 74634
0 45 74633
16197 87 16284
0 99 74634
0 61 74633
16349 34 16383
0 65 74634
0 125 74633
16430 18 16448
0 47 74634
0 124 74633
16481 25 16506
0 33 74634
0 66 74633
16602 106 16708
0 96 74634
0 184 74633
16719 100 16819
0 11 74634
0 159 74633
16924 14 16938
0 105 74634
0 92 74633
16966 48 17014
0 28 74634
0 113 74633
17093 80 17173
0 79 74634
0 22 74633
17273 50 17323
0 100 74634
0 118 74633
17421 86 17507
0 98 74634
0 57 74633
17609 30 17639
0 102 74634
0 47 74633
17687 25 17712
0 48 74634
0 51 74633
17748 17 17765
0 36 74634
0 11 74633
17816 43 17859
0 51 74634
0 179 74633
17871 21 17892
0 12 74634
0 97 74633
17976 49 18025
0 84 74634
0 126 74633
18058 82 18140
0 33 74634
0 137 74633
18242 38 18280
0 102 74634
0 30 74633
18367 16 18383
0 87 74634
0 107 74633
18449 26 18475
0 66 74634
0 91 74633
18493 61 18554
0 18 74634
0 90 74633
18571 50 18621
0 17 74634
0 76 74633
18682 77 18759
0 61 74634
0 153 74633
18862 22 18884
0 103 74634
0 40 74633
18942 93 19035
0 58 74634
0 68 74633
19086 58 19144
0 51 74634
0 56 74633
19238 56 19294
0 94 74634
0 78 74633
19363 33 19396
0 69 74634
0 42 74633
19436 31 19467
0 40 74634
0 171 74633
19537 49 19586
0 70 74634
0 17 74633
19637 67 19704
0 51 74634
0 130 74633
19736 73 19809
0 32 74634
0 88 74633
19907 33 19940
0 98 74634
0 128 74633
19993 40 20033
0 53 74634
0 156 74633
20138 24 20162
0 105 74634
0 113 74633
20181 57 20238
0 19 74634
0 41 74633
20281 62 20343
0 43 74634
0 17 74633
20422 23 20445
0 79 74634
0 86 74633
20526 108 20634
0 81 74634
0 136 74633
20692 95 20787
0 58 74634
0 10 74633
20817 12 20829
0 30 74634
0 194 74633
20849 66 20915
0 20 74634
0 137 74633
20930 45 20975
0 15 74634
0 186 74633
21043 22 21065
0 68 74634
0 123 74633
21121 56 21177
0 56 74634
0 116 74633
21240 82 21322
0 63 74634
0 92 74633
21349 79 21428
0 27 74634
0 156 74633
21447 23 21470
0 19 74634
0 43 74633
21483 89 21572
0 13 74634
0 172 74633
21620 27 21647
0 48 74634
0 160 74633
21750 98 21848
0 103 74634
0 125 74633
21930 46 21976
0 82 74634
0 161 74633
22030 14 22044
0 54 74634
0 190 74633
22127 44 22171
0 83 74634
0 144 74633
22270 79 22349
0 99 74634
0 114 74633
22436 55 22491
0 87 74634
0 85 74633
22600 109 22709
0 109 74634
0 19 74633
22805 17 22822
0 96 74634
0 121 74633
22912 96 23008
0 90 74634
0 64 74633
23065 90 23155
0 57 74634
0 166 74633
23226 29 23255
0 71 74634
0 152 74633
23284 47 23331
0 29 74634
0 20 74633
23394 14 23408
0 63 74634
0 10 74633
23451 52 23503
0 43 74634
0 166 74633
23573 22 23595
0 70 74634
0 40 74633
23693 14 23707
0 98 74634
0 176 74633
23806 82 23888
0 99 74634
0 140 74633
23942 35 23977
0 54 74634
0 146 74633
24078 100 24178
0 101 74634
0 148 74633
24265 27 24292
0 87 74634
0 26 74633
24343 42 24385
0 51 74634
0 208 74633
24477 41 24518
0 92 74634
0 127 74633
24562 69 24631
0 44 74634
0 97 74633
24718 33 24751
0 87 74634
0 209 74633
24851 25 24876
0 100 74634
0 137 74633
24894 92 24986
0 18 74634
0 202 74633
25093 59 25152
0 107 74634
0 203 74633
25199 94 25293
0 47 74634
0 70 74633
25335 92 25427
0 42 74634
0 206 74633
25523 101 25624
0 96 74634
0 158 74633
25716 26 25742
0 92 74634
0 64 74633
25787 104 25891
0 45 74634
0 90 74633
25937 15 25952
0 46 74634
0 200 74633
26022 25 26047
0 70 74634
0 204 74633
26127 108 26235
0 80 74634
0 111 74633
26257 49 26306
0 22 74634
0 171 74633
26366 64 26430
0 60 74634
0 135 74633
26539 67 26606
0 109 74634
0 70 74633
26692 90 26782
0 86 74634
0 129 74633
26833 42 26875
0 51 74634
0 24 74633
26970 23 26993
0 95 74634
0 81 74633
27067 64 27131
0 74 74634
0 85 74633
27236 66 27302
0 105 74634
0 192 74633
27389 103 27492
0 87 74634
0 82 74633
27578 69 27647
0 86 74634
0 60 74633
27686 40 27726
0 39 74634
0 116 74633
27807 109 27916
0 81 74634
0 110 74633
27993 20 28013
0 77 74634
0 110 74633
28117 73 28190
0 104 74634
0 141 74633
28227 18 28245
0 37 74634
0 149 74633
28259 104 28363
0 14 74634
0 192 74633
28419 55 28474
0 56 74634
0 145 74633
28557 96 28653
0 83 74634
0 80 74633
28726 77 28803
0 73 74634
0 130 74633
28848 94 28942
0 45 74634
0 117 74633
29048 98 29146
0 106 74634
0 179 74633
29165 103 29268
0 19 74634
0 83 74633
29358 108 29466
0 90 74634
0 207 74633
29509 17 29526
0 43 74634
0 137 74633
29572 19 29591
0 46 74634
0 192 74633
29615 35 29650
0 24 74634
0 142 74633
29751 32 29783
0 101 74634
0 103 74633
29797 73 29870
0 14 74634
0 150 74633
29890 85 29975
0 20 74634
0 138 74633
30059 32 30091
0 84 74634
0 85 74633
30105 12 30117
0 14 74634
0 52 74633
30194 75 30269
0 77 74634
0 124 74633
30308 33 30341
0 39 74634
0 123 74633
30351 44 30395
0 10 74634
0 200 74633
30422 66 30488
0 27 74634
0 43 74633
30536 94 30630
0 48 74634
0 23 74633
30667 65 30732
0 37 74634
0 115 74633
30761 70 30831
0 29 74634
0 121 74633
30845 84 30929
0 14 74634
0 55 74633
30957 62 31019
0 28 74634
0 34 74633
31033 20 31053
0 14 74634
0 141 74633
31083 89 31172
0 30 74634
0 96 74633
31224 48 31272
0 52 74634
0 148 74633
31324 11 31335
0 52 74634
0 98 74633
31389 79 31468
0 54 74634
0 111 74633
31540 82 31622
0 72 74634
0 59 74633
31694 56 31750
0 72 74634
0 64 74633
31763 57 31820
0 13 74634
0 181 74633
31851 50 31901
0 31 74634
0 49 74633
32002 107 32109
0 101 74634
0 169 74633
32162 29 32191
0 53 74634
0 62 74633
32209 68 32277
0 18 74634
0 20 74633
32299 10 32309
0 22 74634
0 174 74633
32331 91 32422
0 22 74634
0 128 74633
32502 90 32592
0 80 74634
0 91 74633
32607 46 32653
0 15 74634
0 46 74633
32738 21 32759
0 85 74634
0 145 74633
32813 42 32855
0 54 74634
0 164 74633
32899 92 32991
0 44 74634
0 93 74633
33098 50 33148
0 107 74634
0 46 74633
33254 91 33345
0 106 74634
0 58 74633
33361 93 33454
0 16 74634
0 83 74633
33496 100 33596
0 42 74634
0 200 74633
33688 44 33732
0 92 74634
0 127 74633
33750 53 33803
0 18 74634
0 146 74633
33828 21 33849
0 25 74634
0 134 74633
33868 88 33956
0 19 74634
0 35 74633
34031 90 34121
0 75 74634
0 77 74633
34202 19 34221
0 81 74634
0 35 74633
34301 27 34328
0 80 74634
0 33 74633
34372 58 34430
0 44 74634
0 123 74633
34458 66 34524
0 28 74634
0 87 74633
34583 86 34669
0 59 74634
0 36 74633
34778 57 34835
0 109 74634
0 102 74633
34909 17 34926
0 74 74634
0 86 74633
35012 18 35030
0 86 74634
0 108 74633
35056 78 35134
0 26 74634
0 187 74633
35217 16 35233
0 83 74634
0 159 74633
35276 50 35326
0 43 74634
0 203 74633
35424 95 35519
0 98 74634
0 75 74633
35622 44 35666
0 103 74634
0 52 74633
35703 17 35720
0 37 74634
0 66 74633
35760 79 35839
0 40 74634
0 209 74633
35912 45 35957
0 73 74634
0 151 74633
36064 20 36084
0 107 74634
0 50 74633
36146 16 36162
0 62 74634
0 97 74633
36253 102 36355
0 91 74634
0 205 74633
36435 54 36489
0 80 74634
0 185 74633
36565 17 36582
0 76 74634
0 59 74633
36670 50 36720
0 88 74634
0 41 74633
36815 84 36899
0 95 74634
0 192 74633
36987 49 37036
0 88 74634
0 112 74633
37130 14 37144
0 94 74634
0 17 74633
37215 25 37240
0 71 74634
0 186 74633
37330 59 37389
0 90 74634
0 49 74633
37435 97 37532
0 46 74634
0 142 74633
37590 48 37638
0 58 74634
0 23 74633
37737 38 37775
0 99 74634
0 56 74633
37830 101 37931
0 55 74634
0 63 74633
37998 55 38053
0 67 74634
0 139 74633
38093 39 38132
0 40 74634
0 16 74633
38192 62 38254
0 60 74634
0 17 74633
38358 105 38463
0 104 74634
0 209 74633
38558 108 38666
0 95 74634
0 23 74633
