1002
95 57 152
0 95 76512
0 62 76511
215 86 301
0 63 76512
0 13 76511
318 90 408
0 17 76512
0 136 76511
480 15 495
0 72 76512
0 172 76511
545 41 586
0 50 76512
0 145 76511
624 78 702
0 38 76512
0 196 76511
747 55 802
0 45 76512
0 21 76511
844 29 873
0 42 76512
0 103 76511
944 74 1018
0 71 76512
0 197 76511
1083 45 1128
0 65 76512
0 176 76511
1153 15 1168
0 25 76512
0 46 76511
1196 63 1259
0 28 76512
0 61 76511
1340 68 1408
0 81 76512
0 39 76511
1489 109 1598
0 81 76512
0 77 76511
1618 21 1639
0 20 76512
0 152 76511
1707 86 1793
0 68 76512
0 101 76511
1895 101 1996
0 102 76512
0 184 76511
2055 42 2097
0 59 76512
0 144 76511
2184 28 2212
0 87 76512
0 23 76511
2259 72 2331
0 47 76512
0 97 76511
2371 82 2453
0 40 76512
0 55 76511
2494 99 2593
0 41 76512
0 53 76511
2701 33 2734
0 108 76512
0 23 76511
2761 71 2832
0 27 76512
0 97 76511
2876 83 2959
0 44 76512
0 58 76511
3044 29 3073
0 85 76512
0 140 76511
3142 28 3170
0 69 76512
0 84 76511
3278 13 3291
0 108 76512
0 140 76511
3323 106 3429
0 32 76512
0 78 76511
3515 103 3618
0 86 76512
0 160 76511
3674 87 3761
0 56 76512
0 101 76511
3839 19 3858
0 78 76512
0 132 76511
3898 73 3971
0 40 76512
0 133 76511
4040 74 4114
0 69 76512
0 106 76511
4124 100 4224
0 10 76512
0 44 76511
4262 50 4312
0 38 76512
0 64 76511
4352 78 4430
0 40 76512
0 192 76511
4486 105 4591
0 56 76512
0 163 76511
4658 70 4728
0 67 76512
0 137 76511
4836 21 4857
0 108 76512
0 47 76511
4925 79 5004
0 68 76512
0 149 76511
5109 24 5133
0 105 76512
0 96 76511
5186 79 5265
0 53 76512
0 16 76511
5332 29 5361
0 67 76512
0 51 76511
5397 81 5478
0 36 76512
0 131 76511
5543 81 5624
0 65 76512
0 58 76511
5727 55 5782
0 103 76512
0 57 76511
5872 25 5897
0 90 76512
0 100 76511
5947 44 5991
0 50 76512
0 28 76511
6069 23 6092
0 78 76512
0 182 76511
6133 91 6224
0 41 76512
0 103 76511
6330 40 6370
0 106 76512
0 174 76511
6395 52 6447
0 25 76512
0 130 76511
6533 75 6608
0 86 76512
0 49 76511
6653 94 6747
0 45 76512
0 67 76511
6790 12 6802
0 43 76512
0 45 76511
6889 95 6984
0 87 76512
0 54 76511
7029 100 7129
0 45 76512
0 135 76511
7205 52 7257
0 76 76512
0 97 76511
7357 108 7465
0 100 76512
0 159 76511
7534 47 7581
0 69 76512
0 173 76511
7621 58 7679
0 40 76512
0 110 76511
7788 51 7839
0 109 76512
0 164 76511
7856 98 7954
0 17 76512
0 169 76511
8019 69 8088
0 65 76512
0 84 76511
8159 38 8197
0 71 76512
0 174 76511
8270 103 8373
0 73 76512
0 198 76511
8477 26 8503
0 104 76512
0 86 76511
8544 95 8639
0 41 76512
0 134 76511
8656 60 8716
0 17 76512
0 51 76511
8792 33 8825
0 76 76512
0 203 76511
8901 58 8959
0 76 76512
0 100 76511
8978 98 9076
0 19 76512
0 123 76511
9123 89 9212
0 47 76512
0 149 76511
9256 53 9309
0 44 76512
0 166 76511
9326 47 9373
0 17 76512
0 81 76511
9405 36 9441
0 32 76512
0 12 76511
9520 14 9534
0 79 76512
0 110 76511
9634 26 9660
0 100 76512
0 100 76511
9728 22 9750
0 68 76512
0 174 76511
9836 84 9920
0 86 76512
0 124 76511
9968 36 10004
0 48 76512
0 61 76511
10047 51 10098
0 43 76512
0 200 76511
10114 79 10193
0 16 76512
0 10 76511
10285 22 10307
0 92 76512
0 33 76511
10384 54 10438
0 77 76512
0 179 76511
10523 24 10547
0 85 76512
0 55 76511
10597 26 10623
0 50 76512
0 161 76511
10722 45 10767
0 99 76512
0 84 76511
10873 77 10950
0 106 76512
0 75 76511
11055 87 11142
0 105 76512
0 150 76511
11203 99 11302
0 61 76512
0 117 76511
11332 82 11414
0 30 76512
0 117 76511
11497 83 11580
0 83 76512
0 142 76511
11672 108 11780
0 92 76512
0 49 76511
11845 100 11945
0 65 76512
0 190 76511
11987 51 12038
0 42 76512
0 43 76511
12095 22 12117
0 57 76512
0 120 76511
12211 82 12293
0 94 76512
0 53 76511
12330 73 12403
0 37 76512
0 93 76511
12459 88 12547
0 56 76512
0 27 76511
12572 30 12602
0 25 76512
0 172 76511
12612 11 12623
0 10 76512
0 24 76511
12726 76 12802
0 103 76512
0 70 76511
12885 62 12947
0 83 76512
0 39 76511
13025 20 13045
0 78 76512
0 198 76511
13067 18 13085
0 22 76512
0 136 76511
13116 25 13141
0 31 76512
0 31 76511
13210 73 13283
0 69 76512
0 97 76511
13364 105 13469
0 81 76512
0 90 76511
13557 19 13576
0 88 76512
0 105 76511
13643 31 13674
0 67 76512
0 107 76511
13743 86 13829
0 69 76512
0 120 76511
13860 78 13938
0 31 76512
0 175 76511
13961 23 13984
0 23 76512
0 180 76511
14078 84 14162
0 94 76512
0 179 76511
14207 53 14260
0 45 76512
0 83 76511
14295 81 14376
0 35 76512
0 82 76511
14430 62 14492
0 54 76512
0 76 76511
14578 94 14672
0 86 76512
0 14 76511
14721 107 14828
0 49 76512
0 172 76511
14873 41 14914
0 45 76512
0 56 76511
14988 57 15045
0 74 76512
0 75 76511
15148 50 15198
0 103 76512
0 136 76511
15262 72 15334
0 64 76512
0 71 76511
15373 50 15423
0 39 76512
0 26 76511
15441 67 15508
0 18 76512
0 181 76511
15561 42 15603
0 53 76512
0 25 76511
15653 43 15696
0 50 76512
0 115 76511
15754 107 15861
0 58 76512
0 24 76511
15908 82 15990
0 47 76512
0 82 76511
16087 94 16181
0 97 76512
0 54 76511
16271 22 16293
0 90 76512
0 183 76511
16344 20 16364
0 51 76512
0 95 76511
16376 86 16462
0 12 76512
0 138 76511
16546 67 16613
0 84 76512
0 21 76511
16650 20 16670
0 37 76512
0 153 76511
16765 66 16831
0 95 76512
0 108 76511
16895 14 16909
0 64 76512
0 149 76511
16960 47 17007
0 51 76512
0 124 76511
17086 105 17191
0 79 76512
0 196 76511
17283 97 17380
0 92 76512
0 204 76511
17393 31 17424
0 13 76512
0 202 76511
17474 63 17537
0 50 76512
0 106 76511
17613 33 17646
0 76 76512
0 41 76511
17675 73 17748
0 29 76512
0 20 76511
17820 85 17905
0 72 76512
0 121 76511
17976 94 18070
0 71 76512
0 74 76511
18160 12 18172
0 90 76512
0 88 76511
18248 84 18332
0 76 76512
0 118 76511
18347 59 18406
0 15 76512
0 50 76511
18471 18 18489
0 65 76512
0 68 76511
18542 76 18618
0 53 76512
0 78 76511
18700 71 18771
0 82 76512
0 44 76511
18825 17 18842
0 54 76512
0 183 76511
18940 97 19037
0 98 76512
0 46 76511
19124 47 19171
0 87 76512
0 185 76511
19230 74 19304
0 59 76512
0 178 76511
19409 12 19421
0 105 76512
0 119 76511
19435 94 19529
0 14 76512
0 99 76511
19554 20 19574
0 25 76512
0 74 76511
19661 101 19762
0 87 76512
0 198 76511
19795 11 19806
0 33 76512
0 173 76511
19835 97 19932
0 29 76512
0 49 76511
19975 64 20039
0 43 76512
0 75 76511
20064 45 20109
0 25 76512
0 202 76511
20206 44 20250
0 97 76512
0 17 76511
20265 79 20344
0 15 76512
0 48 76511
20448 42 20490
0 104 76512
0 33 76511
20500 75 20575
0 10 76512
0 181 76511
20647 73 20720
0 72 76512
0 142 76511
20760 69 20829
0 40 76512
0 33 76511
20853 47 20900
0 24 76512
0 36 76511
20996 51 21047
0 96 76512
0 150 76511
21080 64 21144
0 33 76512
0 76 76511
21198 50 21248
0 54 76512
0 149 76511
21310 29 21339
0 62 76512
0 149 76511
21398 48 21446
0 59 76512
0 194 76511
21479 71 21550
0 33 76512
0 119 76511
21653 59 21712
0 103 76512
0 31 76511
21736 103 21839
0 24 76512
0 80 76511
21851 106 21957
0 12 76512
0 31 76511
22060 12 22072
0 103 76512
0 64 76511
22111 60 22171
0 39 76512
0 115 76511
22245 97 22342
0 74 76512
0 74 76511
22359 16 22375
0 17 76512
0 177 76511
22420 17 22437
0 45 76512
0 106 76511
22536 84 22620
0 99 76512
0 56 76511
22666 73 22739
0 46 76512
0 204 76511
22796 91 22887
0 57 76512
0 68 76511
22934 35 22969
0 47 76512
0 152 76511
22987 22 23009
0 18 76512
0 163 76511
23089 14 23103
0 80 76512
0 105 76511
23203 43 23246
0 100 76512
0 195 76511
23290 37 23327
0 44 76512
0 197 76511
23355 65 23420
0 28 76512
0 102 76511
23438 87 23525
0 18 76512
0 29 76511
23562 42 23604
0 37 76512
0 136 76511
23695 90 23785
0 91 76512
0 61 76511
23817 52 23869
0 32 76512
0 176 76511
23926 51 23977
0 57 76512
0 88 76511
24052 90 24142
0 75 76512
0 123 76511
24181 95 24276
0 39 76512
0 202 76511
24355 23 24378
0 79 76512
0 38 76511
24449 15 24464
0 71 76512
0 73 76511
24501 42 24543
0 37 76512
0 208 76511
24621 102 24723
0 78 76512
0 121 76511
24741 52 24793
0 18 76512
0 66 76511
24861 31 24892
0 68 76512
0 150 76511
24977 59 25036
0 85 76512
0 131 76511
25048 83 25131
0 12 76512
0 87 76511
25161 62 25223
0 30 76512
0 130 76511
25309 30 25339
0 86 76512
0 83 76511
25418 103 25521
0 79 76512
0 22 76511
25621 61 25682
0 100 76512
0 102 76511
25772 102 25874
0 90 76512
0 43 76511
25902 68 25970
0 28 76512
0 137 76511
26064 51 26115
0 94 76512
0 95 76511
26181 63 26244
0 66 76512
0 53 76511
26293 96 26389
0 49 76512
0 86 76511
26475 22 26497
0 86 76512
0 161 76511
26604 18 26622
0 107 76512
0 90 76511
26632 44 26676
0 10 76512
0 104 76511
26751 109 26860
0 75 76512
0 171 76511
26875 41 26916
0 15 76512
0 33 76511
26945 10 26955
0 29 76512
0 198 76511
26983 55 27038
0 28 76512
0 107 76511
27084 24 27108
0 46 76512
0 117 76511
27187 29 27216
0 79 76512
0 199 76511
27324 58 27382
0 108 76512
0 54 76511
27407 104 27511
0 25 76512
0 172 76511
27615 82 27697
0 104 76512
0 22 76511
27748 87 27835
0 51 76512
0 28 76511
27924 55 27979
0 89 76512
0 142 76511
28028 67 28095
0 49 76512
0 66 76511
28129 81 28210
0 34 76512
0 67 76511
28224 65 28289
0 14 76512
0 187 76511
28343 95 28438
0 54 76512
0 112 76511
28524 75 28599
0 86 76512
0 25 76511
28649 18 28667
0 50 76512
0 154 76511
28748 82 28830
0 81 76512
0 154 76511
28873 63 28936
0 43 76512
0 70 76511
29004 47 29051
0 68 76512
0 153 76511
29096 67 29163
0 45 76512
0 162 76511
29269 106 29375
0 106 76512
0 177 76511
29387 20 29407
0 12 76512
0 43 76511
29428 26 29454
0 21 76512
0 118 76511
29530 58 29588
0 76 76512
0 131 76511
29632 43 29675
0 44 76512
0 17 76511
29739 57 29796
0 64 76512
0 140 76511
29827 64 29891
0 31 76512
0 152 76511
29964 59 30023
0 73 76512
0 104 76511
30077 28 30105
0 54 76512
0 46 76511
30151 55 30206
0 46 76512
0 156 76511
30278 90 30368
0 72 76512
0 62 76511
30460 34 30494
0 92 76512
0 193 76511
30568 38 30606
0 74 76512
0 193 76511
30660 74 30734
0 54 76512
0 199 76511
30792 91 30883
0 58 76512
0 102 76511
30934 105 31039
0 51 76512
0 141 76511
31134 104 31238
0 95 76512
0 23 76511
31256 62 31318
0 18 76512
0 134 76511
31389 10 31399
0 71 76512
0 185 76511
31473 25 31498
0 74 76512
0 95 76511
31589 83 31672
0 91 76512
0 110 76511
31702 84 31786
0 30 76512
0 148 76511
31797 11 31808
0 11 76512
0 118 76511
31903 88 31991
0 95 76512
0 24 76511
32072 22 32094
0 81 76512
0 146 76511
32175 18 32193
0 81 76512
0 184 76511
32261 57 32318
0 68 76512
0 108 76511
32380 18 32398
0 62 76512
0 69 76511
32504 78 32582
0 106 76512
0 83 76511
32603 52 32655
0 21 76512
0 188 76511
32672 83 32755
0 17 76512
0 124 76511
32850 106 32956
0 95 76512
0 65 76511
32972 106 33078
0 16 76512
0 98 76511
33119 13 33132
0 41 76512
0 164 76511
33226 38 33264
0 94 76512
0 125 76511
33285 23 33308
0 21 76512
0 93 76511
33410 94 33504
0 102 76512
0 139 76511
33601 42 33643
0 97 76512
0 194 76511
33686 52 33738
0 43 76512
0 178 76511
33791 38 33829
0 53 76512
0 117 76511
33888 105 33993
0 59 76512
0 109 76511
34099 50 34149
0 106 76512
0 160 76511
34161 103 34264
0 12 76512
0 146 76511
34350 99 34449
0 86 76512
0 39 76511
34500 59 34559
0 51 76512
0 152 76511
34622 105 34727
0 63 76512
0 23 76511
34755 31 34786
0 28 76512
0 103 76511
34854 81 34935
0 68 76512
0 31 76511
35033 92 35125
0 98 76512
0 39 76511
35168 33 35201
0 43 76512
0 143 76511
35278 11 35289
0 77 76512
0 66 76511
35304 26 35330
0 15 76512
0 174 76511
35426 86 35512
0 96 76512
0 63 76511
35532 83 35615
0 20 76512
0 191 76511
35702 105 35807
0 87 76512
0 157 76511
35909 98 36007
0 102 76512
0 156 76511
36041 77 36118
0 34 76512
0 110 76511
36130 98 36228
0 12 76512
0 199 76511
36271 33 36304
0 43 76512
0 89 76511
36375 17 36392
0 71 76512
0 98 76511
36455 36 36491
0 63 76512
0 128 76511
36501 109 36610
0 10 76512
0 92 76511
36681 77 36758
0 71 76512
0 192 76511
36771 91 36862
0 13 76512
0 117 76511
36943 83 37026
0 81 76512
0 78 76511
37046 85 37131
0 20 76512
0 179 76511
37182 39 37221
0 51 76512
0 110 76511
37240 89 37329
0 19 76512
0 63 76511
37358 79 37437
0 29 76512
0 104 76511
37472 13 37485
0 35 76512
0 136 76511
37547 86 37633
0 62 76512
0 156 76511
37656 74 37730
0 23 76512
0 15 76511
37742 97 37839
0 12 76512
0 85 76511
37885 97 37982
0 46 76512
0 56 76511
38067 89 38156
0 85 76512
0 77 76511
38260 95 38355
0 104 76512
0 171 76511
38448 51 38499
0 93 76512
0 96 76511
38558 10 38568
0 59 76512
0 101 76511
38596 88 38684
0 28 76512
0 174 76511
38724 62 38786
0 40 76512
0 59 76511
38801 107 38908
0 15 76512
0 101 76511
38994 68 39062
0 86 76512
0 98 76511
39089 88 39177
0 27 76512
0 112 76511
39286 51 39337
0 109 76512
0 26 76511
39372 96 39468
0 35 76512
0 189 76511
39528 60 39588
0 60 76512
0 87 76511
39655 26 39681
0 67 76512
0 199 76511
39694 36 39730
0 13 76512
0 192 76511
39760 31 39791
0 30 76512
0 63 76511
39863 39 39902
0 72 76512
0 150 76511
