1002
101 61 162
0 101 76570
0 183 76569
172 91 263
0 10 76570
0 26 76569
296 47 343
0 33 76570
0 186 76569
404 15 419
0 61 76570
0 153 76569
438 33 471
0 19 76570
0 49 76569
493 49 542
0 22 76570
0 104 76569
622 65 687
0 80 76570
0 36 76569
767 74 841
0 80 76570
0 96 76569
916 59 975
0 75 76570
0 121 76569
1045 40 1085
0 70 76570
0 132 76569
1187 66 1253
0 102 76570
0 18 76569
1341 72 1413
0 88 76570
0 13 76569
1469 93 1562
0 56 76570
0 173 76569
1590 20 1610
0 28 76570
0 12 76569
1621 66 1687
0 11 76570
0 199 76569
1760 71 1831
0 73 76570
0 171 76569
1922 51 1973
0 91 76570
0 82 76569
2054 33 2087
0 81 76570
0 81 76569
2176 17 2193
0 89 76570
0 179 76569
2285 32 2317
0 92 76570
0 49 76569
2350 74 2424
0 33 76570
0 93 76569
2469 52 2521
0 45 76570
0 46 76569
2574 20 2594
0 53 76570
0 130 76569
2675 102 2777
0 81 76570
0 20 76569
2830 109 2939
0 53 76570
0 126 76569
2955 70 3025
0 16 76570
0 179 76569
3069 77 3146
0 44 76570
0 205 76569
3188 13 3201
0 42 76570
0 207 76569
3243 106 3349
0 42 76570
0 78 76569
3391 66 3457
0 42 76570
0 163 76569
3514 88 3602
0 57 76570
0 72 76569
3664 55 3719
0 62 76570
0 104 76569
3736 12 3748
0 17 76570
0 99 76569
3788 70 3858
0 40 76570
0 81 76569
3926 99 4025
0 68 76570
0 148 76569
4036 44 4080
0 11 76570
0 70 76569
4096 88 4184
0 16 76570
0 49 76569
4220 32 4252
0 36 76570
0 209 76569
4317 64 4381
0 65 76570
0 69 76569
4481 36 4517
0 100 76570
0 178 76569
4560 35 4595
0 43 76570
0 84 76569
4675 106 4781
0 80 76570
0 38 76569
4810 53 4863
0 29 76570
0 15 76569
4909 22 4931
0 46 76570
0 99 76569
4993 23 5016
0 62 76570
0 148 76569
5118 89 5207
0 102 76570
0 95 76569
5231 77 5308
0 24 76570
0 188 76569
5384 18 5402
0 76 76570
0 205 76569
5432 72 5504
0 30 76570
0 32 76569
5514 17 5531
0 10 76570
0 207 76569
5579 57 5636
0 48 76570
0 66 76569
5701 11 5712
0 65 76570
0 59 76569
5800 76 5876
0 88 76570
0 142 76569
5940 92 6032
0 64 76570
0 60 76569
6105 64 6169
0 73 76570
0 27 76569
6238 105 6343
0 69 76570
0 92 76569
6382 25 6407
0 39 76570
0 34 76569
6467 68 6535
0 60 76570
0 87 76569
6577 99 6676
0 42 76570
0 173 76569
6715 25 6740
0 39 76570
0 124 76569
6830 79 6909
0 90 76570
0 157 76569
6984 75 7059
0 75 76570
0 61 76569
7098 107 7205
0 39 76570
0 164 76569
7262 83 7345
0 57 76570
0 131 76569
7427 54 7481
0 82 76570
0 145 76569
7496 18 7514
0 15 76570
0 156 76569
7575 29 7604
0 61 76570
0 148 76569
7657 79 7736
0 53 76570
0 91 76569
7839 69 7908
0 103 76570
0 170 76569
8006 48 8054
0 98 76570
0 33 76569
8108 87 8195
0 54 76570
0 156 76569
8262 32 8294
0 67 76570
0 189 76569
8319 46 8365
0 25 76570
0 183 76569
8417 15 8432
0 52 76570
0 129 76569
8460 48 8508
0 28 76570
0 127 76569
8555 105 8660
0 47 76570
0 77 76569
8713 20 8733
0 53 76570
0 129 76569
8834 11 8845
0 101 76570
0 79 76569
8920 50 8970
0 75 76570
0 109 76569
9075 41 9116
0 105 76570
0 175 76569
9174 104 9278
0 58 76570
0 107 76569
9311 15 9326
0 33 76570
0 61 76569
9423 50 9473
0 97 76570
0 154 76569
9511 57 9568
0 38 76570
0 160 76569
9590 12 9602
0 22 76570
0 44 76569
9641 93 9734
0 39 76570
0 12 76569
9796 85 9881
0 62 76570
0 14 76569
9982 11 9993
0 101 76570
0 89 76569
10065 62 10127
0 72 76570
0 177 76569
10225 98 10323
0 98 76570
0 184 76569
10343 101 10444
0 20 76570
0 125 76569
10458 14 10472
0 14 76570
0 201 76569
10507 19 10526
0 35 76570
0 199 76569
10597 82 10679
0 71 76570
0 135 76569
10700 17 10717
0 21 76570
0 64 76569
10779 91 10870
0 62 76570
0 50 76569
10925 41 10966
0 55 76570
0 127 76569
11053 20 11073
0 87 76570
0 179 76569
11176 72 11248
0 103 76570
0 91 76569
11327 82 11409
0 79 76570
0 206 76569
11456 94 11550
0 47 76570
0 27 76569
11618 16 11634
0 68 76570
0 184 76569
11706 80 11786
0 72 76570
0 80 76569
11856 10 11866
0 70 76570
0 27 76569
11941 22 11963
0 75 76570
0 208 76569
12046 16 12062
0 83 76570
0 102 76569
12149 59 12208
0 87 76570
0 141 76569
12254 93 12347
0 46 76570
0 76 76569
12429 97 12526
0 82 76570
0 21 76569
12581 81 12662
0 55 76570
0 58 76569
12719 23 12742
0 57 76570
0 66 76569
12773 105 12878
0 31 76570
0 104 76569
12961 18 12979
0 83 76570
0 27 76569
13043 83 13126
0 64 76570
0 177 76569
13189 54 13243
0 63 76570
0 118 76569
13350 26 13376
0 107 76570
0 160 76569
13400 61 13461
0 24 76570
0 133 76569
13498 59 13557
0 37 76570
0 127 76569
13577 55 13632
0 20 76570
0 50 76569
13672 40 13712
0 40 76570
0 69 76569
13776 15 13791
0 64 76570
0 147 76569
13835 100 13935
0 44 76570
0 191 76569
14025 62 14087
0 90 76570
0 126 76569
14162 95 14257
0 75 76570
0 167 76569
14295 46 14341
0 38 76570
0 42 76569
14389 79 14468
0 48 76570
0 82 76569
14522 34 14556
0 54 76570
0 163 76569
14596 32 14628
0 40 76570
0 21 76569
14661 67 14728
0 33 76570
0 79 76569
14832 103 14935
0 104 76570
0 28 76569
14995 10 15005
0 60 76570
0 49 76569
15059 36 15095
0 54 76570
0 73 76569
15184 73 15257
0 89 76570
0 75 76569
15278 61 15339
0 21 76570
0 69 76569
15439 41 15480
0 100 76570
0 10 76569
15559 26 15585
0 79 76570
0 202 76569
15655 59 15714
0 70 76570
0 113 76569
15746 73 15819
0 32 76570
0 68 76569
15921 70 15991
0 102 76570
0 71 76569
16063 47 16110
0 72 76570
0 119 76569
16163 85 16248
0 53 76570
0 102 76569
16314 92 16406
0 66 76570
0 162 76569
16489 26 16515
0 83 76570
0 74 76569
16561 76 16637
0 46 76570
0 58 76569
16721 94 16815
0 84 76570
0 137 76569
16899 60 16959
0 84 76570
0 118 76569
16975 35 17010
0 16 76570
0 60 76569
17047 98 17145
0 37 76570
0 27 76569
17207 56 17263
0 62 76570
0 155 76569
17303 61 17364
0 40 76570
0 132 76569
17471 105 17576
0 107 76570
0 176 76569
17611 82 17693
0 35 76570
0 158 76569
17759 17 17776
0 66 76570
0 152 76569
17844 29 17873
0 68 76570
0 50 76569
17973 44 18017
0 100 76570
0 111 76569
18120 46 18166
0 103 76570
0 174 76569
18244 73 18317
0 78 76570
0 72 76569
18348 91 18439
0 31 76570
0 101 76569
18453 70 18523
0 14 76570
0 70 76569
18630 60 18690
0 107 76570
0 83 76569
18765 60 18825
0 75 76570
0 120 76569
18934 84 19018
0 109 76570
0 41 76569
19121 97 19218
0 103 76570
0 189 76569
19263 85 19348
0 45 76570
0 170 76569
19440 61 19501
0 92 76570
0 12 76569
19576 102 19678
0 75 76570
0 200 76569
19750 35 19785
0 72 76570
0 162 76569
19842 108 19950
0 57 76570
0 99 76569
20011 23 20034
0 61 76570
0 169 76569
20123 33 20156
0 89 76570
0 100 76569
20201 12 20213
0 45 76570
0 166 76569
20232 49 20281
0 19 76570
0 160 76569
20298 36 20334
0 17 76570
0 126 76569
20389 35 20424
0 55 76570
0 95 76569
20515 84 20599
0 91 76570
0 133 76569
20690 99 20789
0 91 76570
0 147 76569
20827 76 20903
0 38 76570
0 35 76569
20968 66 21034
0 65 76570
0 89 76569
21101 42 21143
0 67 76570
0 180 76569
21238 46 21284
0 95 76570
0 24 76569
21339 48 21387
0 55 76570
0 157 76569
21421 36 21457
0 34 76570
0 59 76569
21528 65 21593
0 71 76570
0 183 76569
21681 38 21719
0 88 76570
0 69 76569
21773 102 21875
0 54 76570
0 97 76569
21982 90 22072
0 107 76570
0 124 76569
22114 81 22195
0 42 76570
0 209 76569
22304 62 22366
0 109 76570
0 142 76569
22382 91 22473
0 16 76570
0 111 76569
22501 10 22511
0 28 76570
0 129 76569
22580 96 22676
0 69 76570
0 40 76569
22779 41 22820
0 103 76570
0 85 76569
22858 86 22944
0 38 76570
0 129 76569
23016 90 23106
0 72 76570
0 137 76569
23186 102 23288
0 80 76570
0 48 76569
23308 93 23401
0 20 76570
0 145 76569
23499 107 23606
0 98 76570
0 109 76569
23698 61 23759
0 92 76570
0 129 76569
23845 90 23935
0 86 76570
0 167 76569
23984 29 24013
0 49 76570
0 118 76569
24071 20 24091
0 58 76570
0 39 76569
24123 56 24179
0 32 76570
0 117 76569
24271 62 24333
0 92 76570
0 73 76569
24354 80 24434
0 21 76570
0 45 76569
24476 23 24499
0 42 76570
0 19 76569
24513 100 24613
0 14 76570
0 191 76569
24660 85 24745
0 47 76570
0 125 76569
24778 27 24805
0 33 76570
0 60 76569
24821 85 24906
0 16 76570
0 114 76569
24981 107 25088
0 75 76570
0 92 76569
25152 99 25251
0 64 76570
0 183 76569
25305 60 25365
0 54 76570
0 176 76569
25469 45 25514
0 104 76570
0 67 76569
25538 87 25625
0 24 76570
0 108 76569
25709 57 25766
0 84 76570
0 112 76569
25823 12 25835
0 57 76570
0 122 76569
25944 108 26052
0 109 76570
0 172 76569
26108 70 26178
0 56 76570
0 90 76569
26258 90 26348
0 80 76570
0 84 76569
26429 63 26492
0 81 76570
0 111 76569
26583 16 26599
0 91 76570
0 89 76569
26622 91 26713
0 23 76570
0 69 76569
26724 13 26737
0 11 76570
0 50 76569
26754 77 26831
0 17 76570
0 123 76569
26881 79 26960
0 50 76570
0 44 76569
26987 102 27089
0 27 76570
0 157 76569
27132 108 27240
0 43 76570
0 25 76569
27327 15 27342
0 87 76570
0 168 76569
27409 42 27451
0 67 76570
0 78 76569
27532 87 27619
0 81 76570
0 72 76569
27675 89 27764
0 56 76570
0 105 76569
27785 95 27880
0 21 76570
0 35 76569
27953 22 27975
0 73 76570
0 181 76569
28049 24 28073
0 74 76570
0 159 76569
28168 108 28276
0 95 76570
0 104 76569
28290 37 28327
0 14 76570
0 15 76569
28341 69 28410
0 14 76570
0 15 76569
28493 43 28536
0 83 76570
0 60 76569
28606 108 28714
0 70 76570
0 79 76569
28766 82 28848
0 52 76570
0 197 76569
28911 104 29015
0 63 76570
0 54 76569
29093 68 29161
0 78 76570
0 174 76569
29260 42 29302
0 99 76570
0 133 76569
29322 62 29384
0 20 76570
0 35 76569
29476 72 29548
0 92 76570
0 13 76569
29570 83 29653
0 22 76570
0 184 76569
29731 34 29765
0 78 76570
0 50 76569
29783 56 29839
0 18 76570
0 148 76569
29850 47 29897
0 11 76570
0 130 76569
29970 38 30008
0 73 76570
0 54 76569
30027 95 30122
0 19 76570
0 199 76569
30225 97 30322
0 103 76570
0 57 76569
30418 85 30503
0 96 76570
0 44 76569
30547 59 30606
0 44 76570
0 65 76569
30695 17 30712
0 89 76570
0 84 76569
30736 82 30818
0 24 76570
0 69 76569
30848 78 30926
0 30 76570
0 160 76569
31025 44 31069
0 99 76570
0 60 76569
31157 105 31262
0 88 76570
0 121 76569
31349 37 31386
0 87 76570
0 174 76569
31459 86 31545
0 73 76570
0 135 76569
31639 66 31705
0 94 76570
0 54 76569
31765 18 31783
0 60 76570
0 41 76569
31807 59 31866
0 24 76570
0 105 76569
31917 71 31988
0 51 76570
0 138 76569
32007 94 32101
0 19 76570
0 154 76569
32179 82 32261
0 78 76570
0 141 76569
32365 78 32443
0 104 76570
0 142 76569
32505 54 32559
0 62 76570
0 120 76569
32572 53 32625
0 13 76570
0 109 76569
32660 31 32691
0 35 76570
0 110 76569
32744 98 32842
0 53 76570
0 38 76569
32924 57 32981
0 82 76570
0 96 76569
33078 84 33162
0 97 76570
0 208 76569
33198 50 33248
0 36 76570
0 197 76569
33287 26 33313
0 39 76570
0 17 76569
33365 40 33405
0 52 76570
0 35 76569
33424 24 33448
0 19 76570
0 126 76569
33521 72 33593
0 73 76570
0 102 76569
33691 55 33746
0 98 76570
0 93 76569
33845 25 33870
0 99 76570
0 12 76569
33914 78 33992
0 44 76570
0 135 76569
34097 103 34200
0 105 76570
0 114 76569
34236 64 34300
0 36 76570
0 11 76569
34339 49 34388
0 39 76570
0 154 76569
34486 97 34583
0 98 76570
0 29 76569
34624 100 34724
0 41 76570
0 149 76569
34780 74 34854
0 56 76570
0 107 76569
34925 24 34949
0 71 76570
0 125 76569
34993 95 35088
0 44 76570
0 126 76569
35171 63 35234
0 83 76570
0 168 76569
35301 59 35360
0 67 76570
0 90 76569
35397 76 35473
0 37 76570
0 208 76569
35499 14 35513
0 26 76570
0 131 76569
35610 83 35693
0 97 76570
0 87 76569
35759 82 35841
0 66 76570
0 161 76569
35909 81 35990
0 68 76570
0 182 76569
36057 44 36101
0 67 76570
0 119 76569
36111 59 36170
0 10 76570
0 158 76569
36203 85 36288
0 33 76570
0 154 76569
36357 107 36464
0 69 76570
0 120 76569
36497 50 36547
0 33 76570
0 123 76569
36559 24 36583
0 12 76570
0 112 76569
36642 14 36656
0 59 76570
0 70 76569
36702 105 36807
0 46 76570
0 102 76569
36860 73 36933
0 53 76570
0 81 76569
36948 84 37032
0 15 76570
0 40 76569
37091 86 37177
0 59 76570
0 162 76569
37240 81 37321
0 63 76570
0 181 76569
37342 41 37383
0 21 76570
0 111 76569
37465 14 37479
0 82 76570
0 188 76569
37560 39 37599
0 81 76570
0 11 76569
37617 29 37646
0 18 76570
0 80 76569
37660 25 37685
0 14 76570
0 205 76569
37708 96 37804
0 23 76570
0 158 76569
37875 92 37967
0 71 76570
0 102 76569
38042 84 38126
0 75 76570
0 138 76569
38228 62 38290
0 102 76570
0 42 76569
38354 78 38432
0 64 76570
0 29 76569
38525 47 38572
0 93 76570
0 100 76569
38664 28 38692
0 92 76570
0 83 76569
38737 44 38781
0 45 76570
0 155 76569
38885 64 38949
0 104 76570
0 29 76569
38993 11 39004
0 44 76570
0 173 76569
39037 70 39107
0 33 76570
0 129 76569
39130 14 39144
0 23 76570
0 133 76569
39235 25 39260
0 91 76570
0 202 76569
39364 26 39390
0 104 76570
0 148 76569
39489 35 39524
0 99 76570
0 105 76569
39601 98 39699
0 77 76570
0 85 76569
39728 97 39825
0 29 76570
0 99 76569
39874 29 39903
0 49 76570
0 146 76569
39968 79 40047
0 65 76570
0 102 76569
40067 53 40120
0 20 76570
0 13 76569
