1002
22 78 100
0 22 76527
0 113 76526
154 36 190
0 54 76527
0 151 76526
224 54 278
0 34 76527
0 105 76526
371 31 402
0 93 76527
0 136 76526
502 52 554
0 100 76527
0 70 76526
592 71 663
0 38 76527
0 41 76526
754 53 807
0 91 76527
0 87 76526
822 73 895
0 15 76527
0 180 76526
971 48 1019
0 76 76527
0 143 76526
1038 60 1098
0 19 76527
0 165 76526
1134 97 1231
0 36 76527
0 24 76526
1284 85 1369
0 53 76527
0 126 76526
1425 46 1471
0 56 76527
0 41 76526
1495 60 1555
0 24 76527
0 101 76526
1618 60 1678
0 63 76527
0 152 76526
1744 54 1798
0 66 76527
0 183 76526
1856 19 1875
0 58 76527
0 170 76526
1957 73 2030
0 82 76527
0 69 76526
2091 95 2186
0 61 76527
0 32 76526
2218 76 2294
0 32 76527
0 132 76526
2309 65 2374
0 15 76527
0 182 76526
2443 58 2501
0 69 76527
0 92 76526
2546 77 2623
0 45 76527
0 111 76526
2709 44 2753
0 86 76527
0 69 76526
2817 63 2880
0 64 76527
0 101 76526
2917 86 3003
0 37 76527
0 97 76526
3044 39 3083
0 41 76527
0 124 76526
3184 20 3204
0 101 76527
0 53 76526
3239 94 3333
0 35 76527
0 37 76526
3386 102 3488
0 53 76527
0 26 76526
3557 75 3632
0 69 76527
0 49 76526
3735 54 3789
0 103 76527
0 163 76526
3882 43 3925
0 93 76527
0 20 76526
4016 42 4058
0 91 76527
0 52 76526
4157 79 4236
0 99 76527
0 145 76526
4291 104 4395
0 55 76527
0 71 76526
4504 82 4586
0 109 76527
0 137 76526
4631 44 4675
0 45 76527
0 119 76526
4709 83 4792
0 34 76527
0 109 76526
4839 49 4888
0 47 76527
0 135 76526
4984 15 4999
0 96 76527
0 68 76526
5069 43 5112
0 70 76527
0 153 76526
5145 62 5207
0 33 76527
0 44 76526
5266 30 5296
0 59 76527
0 156 76526
5405 83 5488
0 109 76527
0 178 76526
5516 102 5618
0 28 76527
0 166 76526
5654 37 5691
0 36 76527
0 49 76526
5714 99 5813
0 23 76527
0 24 76526
5911 86 5997
0 98 76527
0 198 76526
6061 50 6111
0 64 76527
0 182 76526
6140 109 6249
0 29 76527
0 170 76526
6275 83 6358
0 26 76527
0 114 76526
6370 11 6381
0 12 76527
0 181 76526
6416 61 6477
0 35 76527
0 143 76526
6576 27 6603
0 99 76527
0 63 76526
6615 38 6653
0 12 76527
0 77 76526
6697 63 6760
0 44 76527
0 121 76526
6777 96 6873
0 17 76527
0 83 76526
6937 89 7026
0 64 76527
0 111 76526
7051 38 7089
0 25 76527
0 20 76526
7128 82 7210
0 39 76527
0 153 76526
7241 53 7294
0 31 76527
0 195 76526
7350 35 7385
0 56 76527
0 18 76526
7456 44 7500
0 71 76527
0 170 76526
7572 107 7679
0 72 76527
0 15 76526
7780 48 7828
0 101 76527
0 69 76526
7841 73 7914
0 13 76527
0 122 76526
7969 87 8056
0 55 76527
0 57 76526
8115 50 8165
0 59 76527
0 50 76526
8205 15 8220
0 40 76527
0 36 76526
8292 47 8339
0 72 76527
0 147 76526
8394 86 8480
0 55 76527
0 73 76526
8497 43 8540
0 17 76527
0 29 76526
8609 17 8626
0 69 76527
0 87 76526
8642 75 8717
0 16 76527
0 78 76526
8756 66 8822
0 39 76527
0 75 76526
8919 12 8931
0 97 76527
0 56 76526
9017 57 9074
0 86 76527
0 165 76526
9096 78 9174
0 22 76527
0 177 76526
9187 95 9282
0 13 76527
0 93 76526
9292 36 9328
0 10 76527
0 54 76526
9405 39 9444
0 77 76527
0 142 76526
9546 62 9608
0 102 76527
0 201 76526
9669 76 9745
0 61 76527
0 151 76526
9771 43 9814
0 26 76527
0 207 76526
9860 19 9879
0 46 76527
0 44 76526
9915 14 9929
0 36 76527
0 170 76526
9990 104 10094
0 61 76527
0 166 76526
10175 61 10236
0 81 76527
0 151 76526
10304 39 10343
0 68 76527
0 83 76526
10392 19 10411
0 49 76527
0 142 76526
10455 103 10558
0 44 76527
0 145 76526
10657 74 10731
0 99 76527
0 62 76526
10810 58 10868
0 79 76527
0 189 76526
10904 90 10994
0 36 76527
0 117 76526
11075 44 11119
0 81 76527
0 194 76526
11161 101 11262
0 42 76527
0 146 76526
11351 46 11397
0 89 76527
0 195 76526
11436 23 11459
0 39 76527
0 197 76526
11546 96 11642
0 87 76527
0 119 76526
11674 68 11742
0 32 76527
0 114 76526
11786 66 11852
0 44 76527
0 32 76526
11922 56 11978
0 70 76527
0 170 76526
12057 107 12164
0 79 76527
0 25 76526
12243 80 12323
0 79 76527
0 180 76526
12417 81 12498
0 94 76527
0 175 76526
12532 24 12556
0 34 76527
0 71 76526
12590 10 12600
0 34 76527
0 75 76526
12666 22 12688
0 66 76527
0 195 76526
12702 49 12751
0 14 76527
0 136 76526
12761 90 12851
0 10 76527
0 94 76526
12923 105 13028
0 72 76527
0 78 76526
13064 81 13145
0 36 76527
0 105 76526
13231 20 13251
0 86 76527
0 14 76526
13346 85 13431
0 95 76527
0 29 76526
13460 14 13474
0 29 76527
0 43 76526
13549 92 13641
0 75 76527
0 67 76526
13730 36 13766
0 89 76527
0 148 76526
13779 11 13790
0 13 76527
0 58 76526
13836 18 13854
0 46 76527
0 122 76526
13881 39 13920
0 27 76527
0 150 76526
13935 89 14024
0 15 76527
0 160 76526
14042 18 14060
0 18 76527
0 56 76526
14074 91 14165
0 14 76527
0 11 76526
14208 62 14270
0 43 76527
0 164 76526
14336 15 14351
0 66 76527
0 176 76526
14424 21 14445
0 73 76527
0 106 76526
14538 50 14588
0 93 76527
0 194 76526
14695 54 14749
0 107 76527
0 204 76526
14795 41 14836
0 46 76527
0 131 76526
14910 78 14988
0 74 76527
0 184 76526
15000 30 15030
0 12 76527
0 160 76526
15104 91 15195
0 74 76527
0 137 76526
15243 31 15274
0 48 76527
0 203 76526
15382 78 15460
0 108 76527
0 184 76526
15563 105 15668
0 103 76527
0 63 76526
15750 41 15791
0 82 76527
0 193 76526
15871 75 15946
0 80 76527
0 169 76526
16017 102 16119
0 71 76527
0 160 76526
16167 29 16196
0 48 76527
0 196 76526
16223 38 16261
0 27 76527
0 209 76526
16362 27 16389
0 101 76527
0 112 76526
16429 98 16527
0 40 76527
0 129 76526
16613 22 16635
0 86 76527
0 171 76526
16712 96 16808
0 77 76527
0 72 76526
16849 18 16867
0 41 76527
0 142 76526
16952 51 17003
0 85 76527
0 118 76526
17056 106 17162
0 53 76527
0 207 76526
17203 104 17307
0 41 76527
0 34 76526
17331 80 17411
0 24 76527
0 31 76526
17513 45 17558
0 102 76527
0 117 76526
17613 85 17698
0 55 76527
0 32 76526
17755 42 17797
0 57 76527
0 94 76526
17897 21 17918
0 100 76527
0 92 76526
18003 45 18048
0 85 76527
0 181 76526
18066 59 18125
0 18 76527
0 18 76526
18200 50 18250
0 75 76527
0 162 76526
18349 18 18367
0 99 76527
0 155 76526
18415 31 18446
0 48 76527
0 153 76526
18524 91 18615
0 78 76527
0 195 76526
18709 54 18763
0 94 76527
0 101 76526
18780 71 18851
0 17 76527
0 128 76526
18864 96 18960
0 13 76527
0 61 76526
18974 42 19016
0 14 76527
0 12 76526
19063 89 19152
0 47 76527
0 54 76526
19164 108 19272
0 12 76527
0 108 76526
19289 34 19323
0 17 76527
0 207 76526
19410 67 19477
0 87 76527
0 91 76526
19492 68 19560
0 15 76527
0 84 76526
19572 15 19587
0 12 76527
0 100 76526
19597 100 19697
0 10 76527
0 167 76526
19774 72 19846
0 77 76527
0 135 76526
19950 39 19989
0 104 76527
0 53 76526
20059 57 20116
0 70 76527
0 157 76526
20215 80 20295
0 99 76527
0 122 76526
20340 73 20413
0 45 76527
0 101 76526
20470 83 20553
0 57 76527
0 155 76526
20634 59 20693
0 81 76527
0 13 76526
20713 67 20780
0 20 76527
0 20 76526
20799 76 20875
0 19 76527
0 82 76526
20933 37 20970
0 58 76527
0 11 76526
21017 107 21124
0 47 76527
0 37 76526
21214 28 21242
0 90 76527
0 21 76526
21297 13 21310
0 55 76527
0 89 76526
21419 106 21525
0 109 76527
0 144 76526
21579 55 21634
0 54 76527
0 165 76526
21732 96 21828
0 98 76527
0 141 76526
21929 83 22012
0 101 76527
0 191 76526
22047 81 22128
0 35 76527
0 121 76526
22146 82 22228
0 18 76527
0 88 76526
22317 108 22425
0 89 76527
0 35 76526
22447 91 22538
0 22 76527
0 60 76526
22563 85 22648
0 25 76527
0 31 76526
22744 21 22765
0 96 76527
0 81 76526
22850 36 22886
0 85 76527
0 122 76526
22963 59 23022
0 77 76527
0 188 76526
23068 72 23140
0 46 76527
0 105 76526
23172 44 23216
0 32 76527
0 36 76526
23290 95 23385
0 74 76527
0 126 76526
23491 50 23541
0 106 76527
0 22 76526
23565 27 23592
0 24 76527
0 19 76526
23656 89 23745
0 64 76527
0 178 76526
23845 18 23863
0 100 76527
0 46 76526
23944 102 24046
0 81 76527
0 139 76526
24071 108 24179
0 25 76527
0 141 76526
24261 104 24365
0 82 76527
0 95 76526
24420 102 24522
0 55 76527
0 18 76526
24581 51 24632
0 59 76527
0 99 76526
24657 40 24697
0 25 76527
0 105 76526
24759 80 24839
0 62 76527
0 61 76526
24946 77 25023
0 107 76527
0 111 76526
25060 27 25087
0 37 76527
0 156 76526
25144 93 25237
0 57 76527
0 135 76526
25292 29 25321
0 55 76527
0 166 76526
25334 29 25363
0 13 76527
0 144 76526
25391 105 25496
0 28 76527
0 52 76526
25570 66 25636
0 74 76527
0 76 76526
25662 83 25745
0 26 76527
0 108 76526
25851 103 25954
0 106 76527
0 81 76526
26057 14 26071
0 103 76527
0 168 76526
26146 53 26199
0 75 76527
0 72 76526
26267 15 26282
0 68 76527
0 93 76526
26321 29 26350
0 39 76527
0 30 76526
26365 77 26442
0 15 76527
0 21 76526
26453 54 26507
0 11 76527
0 199 76526
26612 47 26659
0 105 76527
0 125 76526
26740 26 26766
0 81 76527
0 57 76526
26807 98 26905
0 41 76527
0 54 76526
26952 33 26985
0 47 76527
0 60 76526
27094 51 27145
0 109 76527
0 203 76526
27220 53 27273
0 75 76527
0 204 76526
27351 41 27392
0 78 76527
0 199 76526
27439 51 27490
0 47 76527
0 17 76526
27553 93 27646
0 63 76527
0 89 76526
27698 89 27787
0 52 76527
0 68 76526
27866 69 27935
0 79 76527
0 113 76526
27997 12 28009
0 62 76527
0 122 76526
28041 52 28093
0 32 76527
0 45 76526
28122 52 28174
0 29 76527
0 135 76526
28248 47 28295
0 74 76527
0 197 76526
28378 24 28402
0 83 76527
0 122 76526
28499 26 28525
0 97 76527
0 196 76526
28616 61 28677
0 91 76527
0 159 76526
28757 16 28773
0 80 76527
0 110 76526
28823 50 28873
0 50 76527
0 142 76526
28956 51 29007
0 83 76527
0 113 76526
29064 31 29095
0 57 76527
0 104 76526
29191 98 29289
0 96 76527
0 121 76526
29389 52 29441
0 100 76527
0 145 76526
29495 70 29565
0 54 76527
0 33 76526
29654 103 29757
0 89 76527
0 167 76526
29849 61 29910
0 92 76527
0 48 76526
29961 64 30025
0 51 76527
0 16 76526
30089 13 30102
0 64 76527
0 155 76526
30129 21 30150
0 27 76527
0 100 76526
30216 37 30253
0 66 76527
0 182 76526
30337 39 30376
0 84 76527
0 32 76526
30388 14 30402
0 12 76527
0 45 76526
30428 30 30458
0 26 76527
0 113 76526
30535 86 30621
0 77 76527
0 133 76526
30646 40 30686
0 25 76527
0 84 76526
30732 93 30825
0 46 76527
0 185 76526
30884 57 30941
0 59 76527
0 115 76526
31038 93 31131
0 97 76527
0 206 76526
31173 100 31273
0 42 76527
0 108 76526
31362 63 31425
0 89 76527
0 97 76526
31440 16 31456
0 15 76527
0 32 76526
31545 98 31643
0 89 76527
0 208 76526
31734 92 31826
0 91 76527
0 43 76526
31878 46 31924
0 52 76527
0 152 76526
32013 64 32077
0 89 76527
0 203 76526
32164 18 32182
0 87 76527
0 36 76526
32215 22 32237
0 33 76527
0 119 76526
32250 79 32329
0 13 76527
0 107 76526
32408 36 32444
0 79 76527
0 21 76526
32527 46 32573
0 83 76527
0 39 76526
32626 32 32658
0 53 76527
0 199 76526
32761 67 32828
0 103 76527
0 71 76526
32915 74 32989
0 87 76527
0 124 76526
33049 95 33144
0 60 76527
0 161 76526
33171 82 33253
0 27 76527
0 160 76526
33278 58 33336
0 25 76527
0 60 76526
33426 99 33525
0 90 76527
0 160 76526
33589 107 33696
0 64 76527
0 108 76526
33791 99 33890
0 95 76527
0 48 76526
33948 31 33979
0 58 76527
0 49 76526
34040 100 34140
0 61 76527
0 171 76526
34231 65 34296
0 91 76527
0 48 76526
34332 70 34402
0 36 76527
0 168 76526
34441 92 34533
0 39 76527
0 169 76526
34581 53 34634
0 48 76527
0 26 76526
34720 68 34788
0 86 76527
0 198 76526
34894 73 34967
0 106 76527
0 148 76526
34983 94 35077
0 16 76527
0 190 76526
35099 70 35169
0 22 76527
0 202 76526
35209 58 35267
0 40 76527
0 28 76526
35330 57 35387
0 63 76527
0 140 76526
35426 12 35438
0 39 76527
0 148 76526
35470 107 35577
0 32 76527
0 92 76526
35630 35 35665
0 53 76527
0 32 76526
35697 36 35733
0 32 76527
0 16 76526
35747 16 35763
0 14 76527
0 160 76526
35781 32 35813
0 18 76527
0 53 76526
35850 88 35938
0 37 76527
0 55 76526
36028 16 36044
0 90 76527
0 128 76526
36138 33 36171
0 94 76527
0 194 76526
36183 89 36272
0 12 76527
0 79 76526
36348 69 36417
0 76 76527
0 127 76526
36507 45 36552
0 90 76527
0 74 76526
36608 63 36671
0 56 76527
0 192 76526
36761 51 36812
0 90 76527
0 204 76526
36880 97 36977
0 68 76527
0 10 76526
37029 45 37074
0 52 76527
0 208 76526
37157 60 37217
0 83 76527
0 21 76526
37307 67 37374
0 90 76527
0 12 76526
37385 57 37442
0 11 76527
0 118 76526
37453 50 37503
0 11 76527
0 65 76526
37573 83 37656
0 70 76527
0 185 76526
37688 67 37755
0 32 76527
0 149 76526
37840 78 37918
0 85 76527
0 194 76526
37934 12 37946
0 16 76527
0 127 76526
37978 27 38005
0 32 76527
0 137 76526
38039 99 38138
0 34 76527
0 187 76526
38198 40 38238
0 60 76527
0 75 76526
38319 92 38411
0 81 76527
0 82 76526
38473 34 38507
0 62 76527
0 81 76526
38544 44 38588
0 37 76527
0 49 76526
38647 87 38734
0 59 76527
0 88 76526
38787 76 38863
0 53 76527
0 11 76526
38931 54 38985
0 68 76527
0 129 76526
39065 103 39168
0 80 76527
0 127 76526
39276 76 39352
0 108 76527
0 81 76526
39394 76 39470
0 42 76527
0 155 76526
39493 56 39549
0 23 76527
0 37 76526
