1002
24 73 97
0 24 74079
0 163 74078
112 77 189
0 15 74079
0 198 74078
271 79 350
0 82 74079
0 17 74078
441 59 500
0 91 74079
0 140 74078
583 34 617
0 83 74079
0 134 74078
655 85 740
0 38 74079
0 115 74078
818 91 909
0 78 74079
0 77 74078
928 98 1026
0 19 74079
0 50 74078
1118 58 1176
0 92 74079
0 42 74078
1206 68 1274
0 30 74079
0 37 74078
1378 49 1427
0 104 74079
0 170 74078
1441 26 1467
0 14 74079
0 119 74078
1517 71 1588
0 50 74079
0 173 74078
1641 41 1682
0 53 74079
0 99 74078
1766 10 1776
0 84 74079
0 156 74078
1802 25 1827
0 26 74079
0 184 74078
1898 35 1933
0 71 74079
0 34 74078
1951 105 2056
0 18 74079
0 44 74078
2100 29 2129
0 44 74079
0 46 74078
2208 16 2224
0 79 74079
0 44 74078
2304 71 2375
0 80 74079
0 147 74078
2415 46 2461
0 40 74079
0 152 74078
2485 31 2516
0 24 74079
0 134 74078
2618 107 2725
0 102 74079
0 137 74078
2783 78 2861
0 58 74079
0 89 74078
2882 89 2971
0 21 74079
0 84 74078
3012 94 3106
0 41 74079
0 32 74078
3207 49 3256
0 101 74079
0 97 74078
3335 104 3439
0 79 74079
0 33 74078
3531 52 3583
0 92 74079
0 99 74078
3625 59 3684
0 42 74079
0 161 74078
3710 39 3749
0 26 74079
0 174 74078
3769 80 3849
0 20 74079
0 145 74078
3889 89 3978
0 40 74079
0 204 74078
4019 18 4037
0 41 74079
0 159 74078
4115 54 4169
0 78 74079
0 59 74078
4185 70 4255
0 16 74079
0 11 74078
4306 10 4316
0 51 74079
0 177 74078
4362 37 4399
0 46 74079
0 24 74078
4446 49 4495
0 47 74079
0 13 74078
4521 96 4617
0 26 74079
0 121 74078
4722 92 4814
0 105 74079
0 189 74078
4863 100 4963
0 49 74079
0 177 74078
5033 88 5121
0 70 74079
0 145 74078
5227 25 5252
0 106 74079
0 154 74078
5265 84 5349
0 13 74079
0 66 74078
5449 91 5540
0 100 74079
0 64 74078
5597 14 5611
0 57 74079
0 199 74078
5705 51 5756
0 94 74079
0 29 74078
5817 32 5849
0 61 74079
0 120 74078
5886 55 5941
0 37 74079
0 68 74078
5973 93 6066
0 32 74079
0 118 74078
6117 46 6163
0 51 74079
0 108 74078
6188 11 6199
0 25 74079
0 121 74078
6289 90 6379
0 90 74079
0 147 74078
6396 19 6415
0 17 74079
0 169 74078
6440 97 6537
0 25 74079
0 187 74078
6595 29 6624
0 58 74079
0 85 74078
6715 78 6793
0 91 74079
0 60 74078
6819 71 6890
0 26 74079
0 169 74078
6986 13 6999
0 96 74079
0 97 74078
7042 94 7136
0 43 74079
0 120 74078
7241 81 7322
0 105 74079
0 15 74078
7377 97 7474
0 55 74079
0 53 74078
7513 47 7560
0 39 74079
0 30 74078
7592 99 7691
0 32 74079
0 100 74078
7723 22 7745
0 32 74079
0 186 74078
7757 82 7839
0 12 74079
0 183 74078
7878 93 7971
0 39 74079
0 206 74078
8028 61 8089
0 57 74079
0 195 74078
8113 106 8219
0 24 74079
0 102 74078
8263 84 8347
0 44 74079
0 31 74078
8379 28 8407
0 32 74079
0 45 74078
8461 29 8490
0 54 74079
0 45 74078
8585 16 8601
0 95 74079
0 26 74078
8683 93 8776
0 82 74079
0 205 74078
8794 65 8859
0 18 74079
0 108 74078
8935 56 8991
0 76 74079
0 139 74078
9085 98 9183
0 94 74079
0 86 74078
9282 46 9328
0 99 74079
0 163 74078
9431 39 9470
0 103 74079
0 107 74078
9565 108 9673
0 95 74079
0 10 74078
9688 70 9758
0 15 74079
0 194 74078
9770 10 9780
0 12 74079
0 41 74078
9847 12 9859
0 67 74079
0 199 74078
9966 14 9980
0 107 74079
0 51 74078
10086 56 10142
0 106 74079
0 160 74078
10216 27 10243
0 74 74079
0 60 74078
10348 58 10406
0 105 74079
0 38 74078
10453 30 10483
0 47 74079
0 113 74078
10539 88 10627
0 56 74079
0 72 74078
10647 53 10700
0 20 74079
0 72 74078
10768 70 10838
0 68 74079
0 25 74078
10903 45 10948
0 65 74079
0 12 74078
11016 26 11042
0 68 74079
0 107 74078
11065 101 11166
0 23 74079
0 13 74078
11199 26 11225
0 33 74079
0 170 74078
11331 45 11376
0 106 74079
0 189 74078
11430 97 11527
0 54 74079
0 18 74078
11631 39 11670
0 104 74079
0 55 74078
11697 24 11721
0 27 74079
0 71 74078
11770 70 11840
0 49 74079
0 90 74078
11905 82 11987
0 65 74079
0 168 74078
12045 11 12056
0 58 74079
0 26 74078
12147 87 12234
0 91 74079
0 30 74078
12340 88 12428
0 106 74079
0 84 74078
12508 86 12594
0 80 74079
0 125 74078
12696 93 12789
0 102 74079
0 125 74078
12847 11 12858
0 58 74079
0 49 74078
12965 32 12997
0 107 74079
0 30 74078
13058 85 13143
0 61 74079
0 101 74078
13163 52 13215
0 20 74079
0 29 74078
13298 87 13385
0 83 74079
0 20 74078
13401 27 13428
0 16 74079
0 208 74078
13489 84 13573
0 61 74079
0 161 74078
13592 13 13605
0 19 74079
0 53 74078
13686 65 13751
0 81 74079
0 108 74078
13817 84 13901
0 66 74079
0 29 74078
13923 60 13983
0 22 74079
0 85 74078
14058 91 14149
0 75 74079
0 171 74078
14178 45 14223
0 29 74079
0 139 74078
14277 77 14354
0 54 74079
0 193 74078
14400 100 14500
0 46 74079
0 10 74078
14569 105 14674
0 69 74079
0 110 74078
14703 25 14728
0 29 74079
0 50 74078
14827 96 14923
0 99 74079
0 174 74078
15031 49 15080
0 108 74079
0 60 74078
15091 15 15106
0 11 74079
0 30 74078
15191 105 15296
0 85 74079
0 14 74078
15331 43 15374
0 35 74079
0 191 74078
15427 96 15523
0 53 74079
0 143 74078
15630 85 15715
0 107 74079
0 180 74078
15752 102 15854
0 37 74079
0 62 74078
15921 66 15987
0 67 74079
0 181 74078
16032 45 16077
0 45 74079
0 189 74078
16162 11 16173
0 85 74079
0 28 74078
16191 72 16263
0 18 74079
0 180 74078
16323 28 16351
0 60 74079
0 202 74078
16369 10 16379
0 18 74079
0 116 74078
16398 96 16494
0 19 74079
0 87 74078
16542 33 16575
0 48 74079
0 99 74078
16661 20 16681
0 86 74079
0 28 74078
16733 69 16802
0 52 74079
0 206 74078
16882 100 16982
0 80 74079
0 92 74078
16999 19 17018
0 17 74079
0 208 74078
17029 61 17090
0 11 74079
0 164 74078
17161 22 17183
0 71 74079
0 169 74078
17270 68 17338
0 87 74079
0 57 74078
17359 22 17381
0 21 74079
0 196 74078
17481 85 17566
0 100 74079
0 79 74078
17607 63 17670
0 41 74079
0 49 74078
17685 80 17765
0 15 74079
0 206 74078
17859 78 17937
0 94 74079
0 168 74078
17970 101 18071
0 33 74079
0 196 74078
18082 38 18120
0 11 74079
0 10 74078
18187 65 18252
0 67 74079
0 115 74078
18308 46 18354
0 56 74079
0 178 74078
18447 104 18551
0 93 74079
0 78 74078
18572 29 18601
0 21 74079
0 75 74078
18687 47 18734
0 86 74079
0 58 74078
18813 77 18890
0 79 74079
0 192 74078
18913 60 18973
0 23 74079
0 51 74078
19081 15 19096
0 108 74079
0 175 74078
19135 64 19199
0 39 74079
0 62 74078
19239 51 19290
0 40 74079
0 12 74078
19312 109 19421
0 22 74079
0 61 74078
19453 34 19487
0 32 74079
0 54 74078
19497 38 19535
0 10 74079
0 14 74078
19593 56 19649
0 58 74079
0 23 74078
19752 90 19842
0 103 74079
0 88 74078
19873 35 19908
0 31 74079
0 36 74078
20000 34 20034
0 92 74079
0 204 74078
20061 93 20154
0 27 74079
0 184 74078
20255 93 20348
0 101 74079
0 53 74078
20397 26 20423
0 49 74079
0 209 74078
20479 102 20581
0 56 74079
0 130 74078
20671 92 20763
0 90 74079
0 167 74078
20861 103 20964
0 98 74079
0 181 74078
21045 87 21132
0 81 74079
0 121 74078
21154 37 21191
0 22 74079
0 55 74078
21257 82 21339
0 66 74079
0 29 74078
21383 75 21458
0 44 74079
0 194 74078
21485 21 21506
0 27 74079
0 197 74078
21573 68 21641
0 67 74079
0 13 74078
21668 78 21746
0 27 74079
0 103 74078
21787 55 21842
0 41 74079
0 18 74078
21852 69 21921
0 10 74079
0 81 74078
21958 59 22017
0 37 74079
0 78 74078
22065 15 22080
0 48 74079
0 27 74078
22123 92 22215
0 43 74079
0 60 74078
22279 105 22384
0 64 74079
0 103 74078
22485 13 22498
0 101 74079
0 191 74078
22563 33 22596
0 65 74079
0 34 74078
22630 77 22707
0 34 74079
0 95 74078
22814 62 22876
0 107 74079
0 101 74078
22902 49 22951
0 26 74079
0 29 74078
22976 52 23028
0 25 74079
0 55 74078
23108 26 23134
0 80 74079
0 24 74078
23185 54 23239
0 51 74079
0 131 74078
23311 89 23400
0 72 74079
0 71 74078
23423 78 23501
0 23 74079
0 47 74078
23519 98 23617
0 18 74079
0 141 74078
23631 83 23714
0 14 74079
0 56 74078
23764 63 23827
0 50 74079
0 84 74078
23876 39 23915
0 49 74079
0 42 74078
23935 59 23994
0 20 74079
0 95 74078
24009 96 24105
0 15 74079
0 37 74078
24180 10 24190
0 75 74079
0 61 74078
24240 37 24277
0 50 74079
0 17 74078
24332 61 24393
0 55 74079
0 148 74078
24460 93 24553
0 67 74079
0 82 74078
24584 67 24651
0 31 74079
0 69 74078
24732 37 24769
0 81 74079
0 16 74078
24850 49 24899
0 81 74079
0 36 74078
24963 50 25013
0 64 74079
0 152 74078
25078 104 25182
0 65 74079
0 119 74078
25239 72 25311
0 57 74079
0 174 74078
25400 34 25434
0 89 74079
0 107 74078
25508 74 25582
0 74 74079
0 159 74078
25594 41 25635
0 12 74079
0 120 74078
25717 42 25759
0 82 74079
0 20 74078
25815 49 25864
0 56 74079
0 201 74078
25947 14 25961
0 83 74079
0 113 74078
26024 101 26125
0 63 74079
0 143 74078
26149 73 26222
0 24 74079
0 154 74078
26318 62 26380
0 96 74079
0 174 74078
26394 56 26450
0 14 74079
0 103 74078
26510 66 26576
0 60 74079
0 137 74078
26604 104 26708
0 28 74079
0 104 74078
26751 10 26761
0 43 74079
0 136 74078
26809 34 26843
0 48 74079
0 67 74078
26903 32 26935
0 60 74079
0 201 74078
26991 82 27073
0 56 74079
0 92 74078
27091 91 27182
0 18 74079
0 89 74078
27249 24 27273
0 67 74079
0 14 74078
27296 64 27360
0 23 74079
0 126 74078
27411 69 27480
0 51 74079
0 16 74078
27534 85 27619
0 54 74079
0 84 74078
27697 43 27740
0 78 74079
0 131 74078
27798 48 27846
0 58 74079
0 151 74078
27922 87 28009
0 76 74079
0 206 74078
28064 22 28086
0 55 74079
0 104 74078
28131 66 28197
0 45 74079
0 51 74078
28292 66 28358
0 95 74079
0 124 74078
28399 96 28495
0 41 74079
0 174 74078
28567 97 28664
0 72 74079
0 208 74078
28760 93 28853
0 96 74079
0 59 74078
28945 81 29026
0 92 74079
0 30 74078
29069 88 29157
0 43 74079
0 135 74078
29180 19 29199
0 23 74079
0 64 74078
29308 78 29386
0 109 74079
0 11 74078
29477 50 29527
0 91 74079
0 193 74078
29580 19 29599
0 53 74079
0 52 74078
29648 94 29742
0 49 74079
0 76 74078
29758 20 29778
0 16 74079
0 121 74078
29842 39 29881
0 64 74079
0 64 74078
29984 62 30046
0 103 74079
0 26 74078
30138 90 30228
0 92 74079
0 21 74078
30293 31 30324
0 65 74079
0 62 74078
30396 36 30432
0 72 74079
0 105 74078
30532 24 30556
0 100 74079
0 16 74078
30652 85 30737
0 96 74079
0 197 74078
30802 32 30834
0 65 74079
0 30 74078
30850 80 30930
0 16 74079
0 146 74078
30964 16 30980
0 34 74079
0 62 74078
31023 57 31080
0 43 74079
0 108 74078
31181 103 31284
0 101 74079
0 110 74078
31297 39 31336
0 13 74079
0 196 74078
31352 69 31421
0 16 74079
0 89 74078
31450 12 31462
0 29 74079
0 115 74078
31548 30 31578
0 86 74079
0 50 74078
31682 52 31734
0 104 74079
0 141 74078
31750 40 31790
0 16 74079
0 134 74078
31824 91 31915
0 34 74079
0 113 74078
31986 108 32094
0 71 74079
0 93 74078
32155 97 32252
0 61 74079
0 100 74078
32359 18 32377
0 107 74079
0 125 74078
32434 44 32478
0 57 74079
0 107 74078
32569 92 32661
0 91 74079
0 205 74078
32713 25 32738
0 52 74079
0 128 74078
32816 26 32842
0 78 74079
0 201 74078
32887 73 32960
0 45 74079
0 176 74078
33022 78 33100
0 62 74079
0 174 74078
33142 54 33196
0 42 74079
0 73 74078
33299 24 33323
0 103 74079
0 29 74078
33410 16 33426
0 87 74079
0 37 74078
33515 83 33598
0 89 74079
0 158 74078
33614 99 33713
0 16 74079
0 19 74078
33728 38 33766
0 15 74079
0 49 74078
33806 93 33899
0 40 74079
0 126 74078
33971 93 34064
0 72 74079
0 193 74078
34090 100 34190
0 26 74079
0 183 74078
34267 50 34317
0 77 74079
0 46 74078
34416 42 34458
0 99 74079
0 77 74078
34518 36 34554
0 60 74079
0 102 74078
34628 47 34675
0 74 74079
0 27 74078
34771 97 34868
0 96 74079
0 13 74078
34929 33 34962
0 61 74079
0 63 74078
34996 12 35008
0 34 74079
0 113 74078
35068 50 35118
0 60 74079
0 84 74078
35199 10 35209
0 81 74079
0 119 74078
35288 107 35395
0 79 74079
0 125 74078
35406 46 35452
0 11 74079
0 99 74078
35489 94 35583
0 37 74079
0 154 74078
35666 39 35705
0 83 74079
0 161 74078
35757 87 35844
0 52 74079
0 87 74078
35921 69 35990
0 77 74079
0 39 74078
36035 50 36085
0 45 74079
0 77 74078
36139 87 36226
0 54 74079
0 167 74078
36278 13 36291
0 52 74079
0 143 74078
36332 77 36409
0 41 74079
0 199 74078
36511 46 36557
0 102 74079
0 142 74078
36643 87 36730
0 86 74079
0 139 74078
36786 41 36827
0 56 74079
0 84 74078
36880 93 36973
0 53 74079
0 183 74078
37015 109 37124
0 42 74079
0 32 74078
37216 91 37307
0 92 74079
0 94 74078
37383 67 37450
0 76 74079
0 69 74078
37506 23 37529
0 56 74079
0 72 74078
37617 57 37674
0 88 74079
0 119 74078
37745 76 37821
0 71 74079
0 143 74078
37871 16 37887
0 50 74079
0 128 74078
37907 31 37938
0 20 74079
0 208 74078
38032 24 38056
0 94 74079
0 41 74078
38097 76 38173
0 41 74079
0 97 74078
38232 69 38301
0 59 74079
0 18 74078
38392 60 38452
0 91 74079
0 80 74078
38502 95 38597
0 50 74079
0 148 74078
38616 12 38628
0 19 74079
0 194 74078
38695 39 38734
0 67 74079
0 170 74078
38823 86 38909
0 89 74079
0 191 74078
39011 15 39026
0 102 74079
0 111 74078
39119 21 39140
0 93 74079
0 105 74078
39224 39 39263
0 84 74079
0 16 74078
