1002
12 85 97
0 12 76494
0 28 76493
203 89 292
0 106 76494
0 185 76493
371 81 452
0 79 76494
0 180 76493
472 102 574
0 20 76494
0 203 76493
628 58 686
0 54 76494
0 136 76493
793 14 807
0 107 76494
0 54 76493
850 11 861
0 43 76494
0 122 76493
947 23 970
0 86 76494
0 62 76493
1065 44 1109
0 95 76494
0 113 76493
1191 37 1228
0 82 76494
0 61 76493
1282 81 1363
0 54 76494
0 89 76493
1388 18 1406
0 25 76494
0 81 76493
1513 30 1543
0 107 76494
0 15 76493
1592 22 1614
0 49 76494
0 12 76493
1676 31 1707
0 62 76494
0 118 76493
1783 73 1856
0 76 76494
0 66 76493
1944 84 2028
0 88 76494
0 146 76493
2125 39 2164
0 97 76494
0 131 76493
2215 57 2272
0 51 76494
0 46 76493
2376 54 2430
0 104 76494
0 153 76493
2483 44 2527
0 53 76494
0 103 76493
2623 62 2685
0 96 76494
0 131 76493
2757 102 2859
0 72 76494
0 121 76493
2887 104 2991
0 28 76494
0 140 76493
3084 65 3149
0 93 76494
0 171 76493
3203 108 3311
0 54 76494
0 181 76493
3332 10 3342
0 21 76494
0 84 76493
3422 12 3434
0 80 76494
0 207 76493
3534 91 3625
0 100 76494
0 200 76493
3679 83 3762
0 54 76494
0 65 76493
3851 95 3946
0 89 76494
0 31 76493
3994 15 4009
0 48 76494
0 83 76493
4034 12 4046
0 25 76494
0 93 76493
4058 18 4076
0 12 76494
0 45 76493
4106 90 4196
0 30 76494
0 73 76493
4287 17 4304
0 91 76494
0 197 76493
4412 43 4455
0 108 76494
0 163 76493
4538 64 4602
0 83 76494
0 184 76493
4641 39 4680
0 39 76494
0 185 76493
4710 37 4747
0 30 76494
0 130 76493
4852 54 4906
0 105 76494
0 85 76493
4935 99 5034
0 29 76494
0 190 76493
5080 74 5154
0 46 76494
0 39 76493
5166 10 5176
0 12 76494
0 24 76493
5240 37 5277
0 64 76494
0 152 76493
5291 78 5369
0 14 76494
0 38 76493
5383 11 5394
0 14 76494
0 154 76493
5477 56 5533
0 83 76494
0 39 76493
5588 42 5630
0 55 76494
0 84 76493
5710 50 5760
0 80 76494
0 98 76493
5806 35 5841
0 46 76494
0 107 76493
5881 35 5916
0 40 76494
0 105 76493
5945 34 5979
0 29 76494
0 186 76493
5993 64 6057
0 14 76494
0 142 76493
6164 69 6233
0 107 76494
0 178 76493
6315 103 6418
0 82 76494
0 104 76493
6507 58 6565
0 89 76494
0 31 76493
6578 62 6640
0 13 76494
0 45 76493
6671 12 6683
0 31 76494
0 48 76493
6718 62 6780
0 35 76494
0 15 76493
6851 62 6913
0 71 76494
0 144 76493
6985 87 7072
0 72 76494
0 159 76493
7127 102 7229
0 55 76494
0 150 76493
7329 38 7367
0 100 76494
0 58 76493
7460 88 7548
0 93 76494
0 159 76493
7595 56 7651
0 47 76494
0 38 76493
7710 64 7774
0 59 76494
0 148 76493
7880 99 7979
0 106 76494
0 41 76493
8076 92 8168
0 97 76494
0 157 76493
8181 101 8282
0 13 76494
0 115 76493
8325 55 8380
0 43 76494
0 172 76493
8489 27 8516
0 109 76494
0 146 76493
8556 51 8607
0 40 76494
0 16 76493
8632 64 8696
0 25 76494
0 91 76493
8740 107 8847
0 44 76494
0 80 76493
8915 34 8949
0 68 76494
0 150 76493
9031 22 9053
0 82 76494
0 62 76493
9132 36 9168
0 79 76494
0 71 76493
9199 101 9300
0 31 76494
0 73 76493
9338 81 9419
0 38 76494
0 31 76493
9492 69 9561
0 73 76494
0 187 76493
9665 57 9722
0 104 76494
0 148 76493
9816 83 9899
0 94 76494
0 194 76493
9991 50 10041
0 92 76494
0 208 76493
10101 69 10170
0 60 76494
0 153 76493
10241 50 10291
0 71 76494
0 71 76493
10381 99 10480
0 90 76494
0 117 76493
10514 39 10553
0 34 76494
0 140 76493
10651 17 10668
0 98 76494
0 174 76493
10761 87 10848
0 93 76494
0 85 76493
10904 33 10937
0 56 76494
0 84 76493
10992 15 11007
0 55 76494
0 66 76493
11021 107 11128
0 14 76494
0 122 76493
11142 41 11183
0 14 76494
0 161 76493
11194 82 11276
0 11 76494
0 147 76493
11320 20 11340
0 44 76494
0 208 76493
11400 89 11489
0 60 76494
0 105 76493
11598 75 11673
0 109 76494
0 62 76493
11689 19 11708
0 16 76494
0 172 76493
11748 58 11806
0 40 76494
0 207 76493
11890 90 11980
0 84 76494
0 141 76493
12079 90 12169
0 99 76494
0 199 76493
12240 70 12310
0 71 76494
0 116 76493
12344 26 12370
0 34 76494
0 16 76493
12443 39 12482
0 73 76494
0 176 76493
12585 39 12624
0 103 76494
0 149 76493
12697 86 12783
0 73 76494
0 29 76493
12869 19 12888
0 86 76494
0 157 76493
12905 14 12919
0 17 76494
0 130 76493
12988 36 13024
0 69 76494
0 40 76493
13131 65 13196
0 107 76494
0 58 76493
13221 69 13290
0 25 76494
0 185 76493
13301 66 13367
0 11 76494
0 54 76493
13474 45 13519
0 107 76494
0 160 76493
13614 79 13693
0 95 76494
0 82 76493
13739 16 13755
0 46 76494
0 156 76493
13765 99 13864
0 10 76494
0 122 76493
13947 76 14023
0 83 76494
0 93 76493
14084 13 14097
0 61 76494
0 88 76493
14146 24 14170
0 49 76494
0 81 76493
14267 20 14287
0 97 76494
0 102 76493
14306 55 14361
0 19 76494
0 53 76493
14377 28 14405
0 16 76494
0 200 76493
14461 21 14482
0 56 76494
0 161 76493
14520 42 14562
0 38 76494
0 29 76493
14632 57 14689
0 70 76494
0 38 76493
14709 88 14797
0 20 76494
0 175 76493
14833 73 14906
0 36 76494
0 93 76493
14961 12 14973
0 55 76494
0 50 76493
15052 78 15130
0 79 76494
0 117 76493
15145 31 15176
0 15 76494
0 27 76493
15266 15 15281
0 90 76494
0 143 76493
15347 56 15403
0 66 76494
0 29 76493
15510 75 15585
0 107 76494
0 141 76493
15672 81 15753
0 87 76494
0 80 76493
15774 95 15869
0 21 76494
0 34 76493
15889 39 15928
0 20 76494
0 175 76493
16003 33 16036
0 75 76494
0 82 76493
16050 15 16065
0 14 76494
0 149 76493
16146 63 16209
0 81 76494
0 83 76493
16305 48 16353
0 96 76494
0 162 76493
16421 97 16518
0 68 76494
0 56 76493
16559 11 16570
0 41 76494
0 30 76493
16670 65 16735
0 100 76494
0 47 76493
16788 57 16845
0 53 76494
0 125 76493
16919 101 17020
0 74 76494
0 87 76493
17093 29 17122
0 73 76494
0 92 76493
17199 87 17286
0 77 76494
0 85 76493
17356 14 17370
0 70 76494
0 70 76493
17436 10 17446
0 66 76494
0 41 76493
17482 43 17525
0 36 76494
0 67 76493
17587 62 17649
0 62 76494
0 54 76493
17662 67 17729
0 13 76494
0 65 76493
17819 41 17860
0 90 76494
0 206 76493
17911 82 17993
0 51 76494
0 19 76493
18076 30 18106
0 83 76494
0 44 76493
18157 88 18245
0 51 76494
0 16 76493
18267 62 18329
0 22 76494
0 183 76493
18349 51 18400
0 20 76494
0 17 76493
18464 41 18505
0 64 76494
0 169 76493
18522 72 18594
0 17 76494
0 124 76493
18643 98 18741
0 49 76494
0 201 76493
18831 68 18899
0 90 76494
0 110 76493
18969 98 19067
0 70 76494
0 177 76493
19137 82 19219
0 70 76494
0 60 76493
19249 51 19300
0 30 76494
0 164 76493
19391 56 19447
0 91 76494
0 160 76493
19537 16 19553
0 90 76494
0 193 76493
19633 58 19691
0 80 76494
0 163 76493
19755 86 19841
0 64 76494
0 116 76493
19875 28 19903
0 34 76494
0 88 76493
19988 44 20032
0 85 76494
0 177 76493
20140 24 20164
0 108 76494
0 23 76493
20219 56 20275
0 55 76494
0 87 76493
20316 91 20407
0 41 76494
0 205 76493
20427 67 20494
0 20 76494
0 15 76493
20561 16 20577
0 67 76494
0 16 76493
20646 42 20688
0 69 76494
0 47 76493
20728 67 20795
0 40 76494
0 31 76493
20869 96 20965
0 74 76494
0 13 76493
21038 38 21076
0 73 76494
0 29 76493
21135 70 21205
0 59 76494
0 66 76493
21240 65 21305
0 35 76494
0 71 76493
21315 17 21332
0 10 76494
0 117 76493
21351 72 21423
0 19 76494
0 149 76493
21511 50 21561
0 88 76494
0 135 76493
21654 107 21761
0 93 76494
0 77 76493
21820 108 21928
0 59 76494
0 171 76493
22020 97 22117
0 92 76494
0 197 76493
22196 100 22296
0 79 76494
0 171 76493
22350 45 22395
0 54 76494
0 90 76493
22484 52 22536
0 89 76494
0 187 76493
22576 69 22645
0 40 76494
0 94 76493
22664 38 22702
0 19 76494
0 124 76493
22801 61 22862
0 99 76494
0 167 76493
22880 108 22988
0 18 76494
0 44 76493
23045 93 23138
0 57 76494
0 162 76493
23162 95 23257
0 24 76494
0 181 76493
23348 11 23359
0 91 76494
0 54 76493
23425 99 23524
0 66 76494
0 45 76493
23594 92 23686
0 70 76494
0 166 76493
23758 33 23791
0 72 76494
0 10 76493
23851 83 23934
0 60 76494
0 144 76493
23985 108 24093
0 51 76494
0 134 76493
24138 18 24156
0 45 76494
0 138 76493
24263 96 24359
0 107 76494
0 53 76493
24446 36 24482
0 87 76494
0 30 76493
24494 73 24567
0 12 76494
0 90 76493
24598 73 24671
0 31 76494
0 183 76493
24771 88 24859
0 100 76494
0 98 76493
24928 22 24950
0 69 76494
0 20 76493
25001 47 25048
0 51 76494
0 98 76493
25090 65 25155
0 42 76494
0 160 76493
25219 27 25246
0 64 76494
0 72 76493
25268 67 25335
0 22 76494
0 76 76493
25435 41 25476
0 100 76494
0 52 76493
25583 77 25660
0 107 76494
0 84 76493
25759 17 25776
0 99 76494
0 201 76493
25842 11 25853
0 66 76494
0 63 76493
25885 89 25974
0 32 76494
0 110 76493
26075 27 26102
0 101 76494
0 171 76493
26150 32 26182
0 48 76494
0 66 76493
26224 24 26248
0 42 76494
0 177 76493
26286 94 26380
0 38 76494
0 157 76493
26409 27 26436
0 29 76494
0 72 76493
26509 30 26539
0 73 76494
0 125 76493
26632 107 26739
0 93 76494
0 94 76493
26829 87 26916
0 90 76494
0 130 76493
26971 51 27022
0 55 76494
0 55 76493
27059 66 27125
0 37 76494
0 54 76493
27165 73 27238
0 40 76494
0 88 76493
27342 106 27448
0 104 76494
0 38 76493
27501 54 27555
0 53 76494
0 15 76493
27632 47 27679
0 77 76494
0 29 76493
27725 34 27759
0 46 76494
0 195 76493
27845 81 27926
0 86 76494
0 196 76493
27952 107 28059
0 26 76494
0 17 76493
28084 86 28170
0 25 76494
0 195 76493
28273 55 28328
0 103 76494
0 122 76493
28436 61 28497
0 108 76494
0 63 76493
28545 43 28588
0 48 76494
0 122 76493
28674 18 28692
0 86 76494
0 200 76493
28778 85 28863
0 86 76494
0 195 76493
28938 21 28959
0 75 76494
0 14 76493
28997 61 29058
0 38 76494
0 141 76493
29137 95 29232
0 79 76494
0 83 76493
29266 48 29314
0 34 76494
0 25 76493
29390 10 29400
0 76 76494
0 204 76493
29448 37 29485
0 48 76494
0 205 76493
29546 83 29629
0 61 76494
0 170 76493
29644 62 29706
0 15 76494
0 81 76493
29773 83 29856
0 67 76494
0 172 76493
29872 108 29980
0 16 76494
0 162 76493
30075 66 30141
0 95 76494
0 84 76493
30249 85 30334
0 108 76494
0 191 76493
30346 47 30393
0 12 76494
0 53 76493
30499 23 30522
0 106 76494
0 138 76493
30620 76 30696
0 98 76494
0 117 76493
30707 90 30797
0 11 76494
0 202 76493
30821 48 30869
0 24 76494
0 129 76493
30956 91 31047
0 87 76494
0 83 76493
31096 73 31169
0 49 76494
0 169 76493
31225 48 31273
0 56 76494
0 86 76493
31309 27 31336
0 36 76494
0 115 76493
31414 47 31461
0 78 76494
0 182 76493
31565 95 31660
0 104 76494
0 140 76493
31759 31 31790
0 99 76494
0 65 76493
31840 90 31930
0 50 76494
0 113 76493
31969 34 32003
0 39 76494
0 165 76493
32042 10 32052
0 39 76494
0 72 76493
32137 69 32206
0 85 76494
0 160 76493
32247 109 32356
0 41 76494
0 56 76493
32416 27 32443
0 60 76494
0 137 76493
32503 16 32519
0 60 76494
0 184 76493
32563 42 32605
0 44 76494
0 107 76493
32699 68 32767
0 94 76494
0 111 76493
32819 94 32913
0 52 76494
0 14 76493
32974 43 33017
0 61 76494
0 76 76493
33030 86 33116
0 13 76494
0 62 76493
33134 92 33226
0 18 76494
0 181 76493
33288 65 33353
0 62 76494
0 120 76493
33405 48 33453
0 52 76494
0 44 76493
33531 55 33586
0 78 76494
0 114 76493
33605 73 33678
0 19 76494
0 182 76493
33784 35 33819
0 106 76494
0 122 76493
33834 25 33859
0 15 76494
0 162 76493
33880 72 33952
0 21 76494
0 180 76493
34030 11 34041
0 78 76494
0 44 76493
34084 48 34132
0 43 76494
0 84 76493
34167 70 34237
0 35 76494
0 147 76493
34288 30 34318
0 51 76494
0 84 76493
34372 52 34424
0 54 76494
0 178 76493
34501 14 34515
0 77 76494
0 46 76493
34546 71 34617
0 31 76494
0 62 76493
34657 18 34675
0 40 76494
0 177 76493
34733 73 34806
0 58 76494
0 182 76493
34846 23 34869
0 40 76494
0 114 76493
34890 82 34972
0 21 76494
0 143 76493
34991 82 35073
0 19 76494
0 67 76493
35161 75 35236
0 88 76494
0 182 76493
35309 51 35360
0 73 76494
0 143 76493
35402 63 35465
0 42 76494
0 165 76493
35567 107 35674
0 102 76494
0 57 76493
35688 12 35700
0 14 76494
0 115 76493
35799 11 35810
0 99 76494
0 204 76493
35872 95 35967
0 62 76494
0 114 76493
35987 39 36026
0 20 76494
0 125 76493
36043 50 36093
0 17 76494
0 181 76493
36166 66 36232
0 73 76494
0 105 76493
36298 50 36348
0 66 76494
0 114 76493
36425 35 36460
0 77 76494
0 29 76493
36539 43 36582
0 79 76494
0 183 76493
36605 56 36661
0 23 76494
0 181 76493
36757 47 36804
0 96 76494
0 127 76493
36852 15 36867
0 48 76494
0 99 76493
36891 51 36942
0 24 76494
0 76 76493
36984 77 37061
0 42 76494
0 155 76493
37156 50 37206
0 95 76494
0 123 76493
37257 73 37330
0 51 76494
0 55 76493
37438 14 37452
0 108 76494
0 89 76493
37512 19 37531
0 60 76494
0 174 76493
37563 44 37607
0 32 76494
0 135 76493
37707 35 37742
0 100 76494
0 115 76493
37766 93 37859
0 24 76494
0 197 76493
37910 26 37936
0 51 76494
0 136 76493
38020 101 38121
0 84 76494
0 123 76493
38150 44 38194
0 29 76494
0 184 76493
38269 15 38284
0 75 76494
0 101 76493
38368 23 38391
0 84 76494
0 165 76493
38435 107 38542
0 44 76494
0 47 76493
38636 97 38733
0 94 76494
0 192 76493
38832 43 38875
0 99 76494
0 43 76493
38951 75 39026
0 76 76494
0 70 76493
39047 61 39108
0 21 76494
0 169 76493
