1002
11 91 102
0 11 75098
0 108 75097
156 64 220
0 54 75098
0 56 75097
325 89 414
0 105 75098
0 154 75097
463 45 508
0 49 75098
0 88 75097
544 57 601
0 36 75098
0 68 75097
702 27 729
0 101 75098
0 171 75097
760 65 825
0 31 75098
0 188 75097
846 23 869
0 21 75098
0 79 75097
948 17 965
0 79 75098
0 179 75097
1070 78 1148
0 105 75098
0 195 75097
1243 60 1303
0 95 75098
0 159 75097
1361 37 1398
0 58 75098
0 174 75097
1451 103 1554
0 53 75098
0 108 75097
1567 88 1655
0 13 75098
0 139 75097
1742 45 1787
0 87 75098
0 154 75097
1852 30 1882
0 65 75098
0 50 75097
1954 36 1990
0 72 75098
0 61 75097
2097 38 2135
0 107 75098
0 110 75097
2237 10 2247
0 102 75098
0 152 75097
2280 43 2323
0 33 75098
0 201 75097
2357 13 2370
0 34 75098
0 48 75097
2430 29 2459
0 60 75098
0 51 75097
2520 17 2537
0 61 75098
0 30 75097
2640 64 2704
0 103 75098
0 104 75097
2810 104 2914
0 106 75098
0 190 75097
2961 50 3011
0 47 75098
0 164 75097
3025 109 3134
0 14 75098
0 209 75097
3232 97 3329
0 98 75098
0 116 75097
3429 56 3485
0 100 75098
0 16 75097
3589 85 3674
0 104 75098
0 108 75097
3749 94 3843
0 75 75098
0 108 75097
3861 96 3957
0 18 75098
0 71 75097
3974 63 4037
0 17 75098
0 144 75097
4083 18 4101
0 46 75098
0 49 75097
4161 60 4221
0 60 75098
0 112 75097
4276 70 4346
0 55 75098
0 165 75097
4378 86 4464
0 32 75098
0 176 75097
4505 104 4609
0 41 75098
0 175 75097
4678 28 4706
0 69 75098
0 61 75097
4737 79 4816
0 31 75098
0 119 75097
4887 93 4980
0 71 75098
0 177 75097
5024 83 5107
0 44 75098
0 143 75097
5173 31 5204
0 66 75098
0 33 75097
5244 82 5326
0 40 75098
0 166 75097
5356 56 5412
0 30 75098
0 32 75097
5475 19 5494
0 63 75098
0 16 75097
5541 44 5585
0 47 75098
0 31 75097
5616 52 5668
0 31 75098
0 131 75097
5769 101 5870
0 101 75098
0 139 75097
5916 94 6010
0 46 75098
0 68 75097
6060 29 6089
0 50 75098
0 74 75097
6173 84 6257
0 84 75098
0 174 75097
6329 83 6412
0 72 75098
0 139 75097
6482 51 6533
0 70 75098
0 69 75097
6568 53 6621
0 35 75098
0 169 75097
6693 31 6724
0 72 75098
0 14 75097
6803 59 6862
0 79 75098
0 133 75097
6958 103 7061
0 96 75098
0 88 75097
7155 79 7234
0 94 75098
0 181 75097
7254 69 7323
0 20 75098
0 48 75097
7389 94 7483
0 66 75098
0 41 75097
7545 64 7609
0 62 75098
0 26 75097
7632 18 7650
0 23 75098
0 42 75097
7741 69 7810
0 91 75098
0 130 75097
7837 50 7887
0 27 75098
0 31 75097
7970 64 8034
0 83 75098
0 106 75097
8061 36 8097
0 27 75098
0 83 75097
8194 44 8238
0 97 75098
0 201 75097
8267 44 8311
0 29 75098
0 103 75097
8356 36 8392
0 45 75098
0 118 75097
8442 44 8486
0 50 75098
0 34 75097
8515 108 8623
0 29 75098
0 136 75097
8715 38 8753
0 92 75098
0 128 75097
8827 18 8845
0 74 75098
0 50 75097
8914 80 8994
0 69 75098
0 86 75097
9022 98 9120
0 28 75098
0 68 75097
9155 92 9247
0 35 75098
0 203 75097
9318 32 9350
0 71 75098
0 125 75097
9410 10 9420
0 60 75098
0 45 75097
9500 93 9593
0 80 75098
0 69 75097
9654 97 9751
0 61 75098
0 10 75097
9766 109 9875
0 15 75098
0 93 75097
9934 50 9984
0 59 75098
0 140 75097
10068 62 10130
0 84 75098
0 47 75097
10145 40 10185
0 15 75098
0 27 75097
10288 31 10319
0 103 75098
0 22 75097
10412 59 10471
0 93 75098
0 21 75097
10568 23 10591
0 97 75098
0 113 75097
10688 80 10768
0 97 75098
0 162 75097
10849 78 10927
0 81 75098
0 102 75097
10992 47 11039
0 65 75098
0 129 75097
11107 105 11212
0 68 75098
0 181 75097
11312 63 11375
0 100 75098
0 54 75097
11434 37 11471
0 59 75098
0 77 75097
11556 73 11629
0 85 75098
0 206 75097
11694 51 11745
0 65 75098
0 41 75097
11780 69 11849
0 35 75098
0 138 75097
11923 91 12014
0 74 75098
0 10 75097
12049 43 12092
0 35 75098
0 27 75097
12200 24 12224
0 108 75098
0 36 75097
12237 16 12253
0 13 75098
0 199 75097
12347 51 12398
0 94 75098
0 120 75097
12425 62 12487
0 27 75098
0 98 75097
12565 61 12626
0 78 75098
0 140 75097
12676 67 12743
0 50 75098
0 25 75097
12775 23 12798
0 32 75098
0 162 75097
12896 84 12980
0 98 75098
0 182 75097
12991 59 13050
0 11 75098
0 71 75097
13150 21 13171
0 100 75098
0 72 75097
13236 46 13282
0 65 75098
0 139 75097
13374 36 13410
0 92 75098
0 93 75097
13464 60 13524
0 54 75098
0 47 75097
13604 20 13624
0 80 75098
0 96 75097
13673 92 13765
0 49 75098
0 107 75097
13837 85 13922
0 72 75098
0 56 75097
14015 42 14057
0 93 75098
0 67 75097
14142 90 14232
0 85 75098
0 202 75097
14277 27 14304
0 45 75098
0 174 75097
14314 107 14421
0 10 75098
0 65 75097
14498 76 14574
0 77 75098
0 131 75097
14619 13 14632
0 45 75098
0 108 75097
14645 51 14696
0 13 75098
0 175 75097
14754 26 14780
0 58 75098
0 76 75097
14828 36 14864
0 48 75098
0 36 75097
14886 45 14931
0 22 75098
0 87 75097
14973 102 15075
0 42 75098
0 28 75097
15103 95 15198
0 28 75098
0 105 75097
15307 53 15360
0 109 75098
0 188 75097
15427 57 15484
0 67 75098
0 113 75097
15529 89 15618
0 45 75098
0 122 75097
15662 49 15711
0 44 75098
0 96 75097
15819 14 15833
0 108 75098
0 199 75097
15876 99 15975
0 43 75098
0 155 75097
16014 38 16052
0 39 75098
0 60 75097
16151 53 16204
0 99 75098
0 191 75097
16288 63 16351
0 84 75098
0 178 75097
16364 62 16426
0 13 75098
0 139 75097
16494 50 16544
0 68 75098
0 104 75097
16561 65 16626
0 17 75098
0 105 75097
16735 86 16821
0 109 75098
0 119 75097
16922 61 16983
0 101 75098
0 53 75097
17061 109 17170
0 78 75098
0 58 75097
17219 65 17284
0 49 75098
0 184 75097
17294 94 17388
0 10 75098
0 50 75097
17462 25 17487
0 74 75098
0 173 75097
17588 88 17676
0 101 75098
0 108 75097
17706 82 17788
0 30 75098
0 84 75097
17818 35 17853
0 30 75098
0 74 75097
17934 54 17988
0 81 75098
0 48 75097
18035 54 18089
0 47 75098
0 85 75097
18104 27 18131
0 15 75098
0 188 75097
18192 61 18253
0 61 75098
0 68 75097
18286 66 18352
0 33 75098
0 20 75097
18404 11 18415
0 52 75098
0 152 75097
18449 70 18519
0 34 75098
0 101 75097
18609 74 18683
0 90 75098
0 83 75097
18711 34 18745
0 28 75098
0 142 75097
18804 89 18893
0 59 75098
0 176 75097
18930 105 19035
0 37 75098
0 113 75097
19070 45 19115
0 35 75098
0 92 75097
19148 89 19237
0 33 75098
0 187 75097
19247 27 19274
0 10 75098
0 114 75097
19351 17 19368
0 77 75098
0 163 75097
19453 33 19486
0 85 75098
0 137 75097
19505 66 19571
0 19 75098
0 185 75097
19608 107 19715
0 37 75098
0 180 75097
19769 105 19874
0 54 75098
0 184 75097
19907 29 19936
0 33 75098
0 203 75097
20005 93 20098
0 69 75098
0 31 75097
20186 55 20241
0 88 75098
0 116 75097
20265 78 20343
0 24 75098
0 199 75097
20377 82 20459
0 34 75098
0 76 75097
20477 13 20490
0 18 75098
0 26 75097
20568 61 20629
0 78 75098
0 42 75097
20720 97 20817
0 91 75098
0 28 75097
20833 102 20935
0 16 75098
0 101 75097
21022 97 21119
0 87 75098
0 162 75097
21196 19 21215
0 77 75098
0 177 75097
21324 94 21418
0 109 75098
0 178 75097
21430 38 21468
0 12 75098
0 157 75097
21539 27 21566
0 71 75098
0 148 75097
21600 88 21688
0 34 75098
0 179 75097
21772 69 21841
0 84 75098
0 120 75097
21946 79 22025
0 105 75098
0 58 75097
22124 13 22137
0 99 75098
0 130 75097
22220 16 22236
0 83 75098
0 132 75097
22261 39 22300
0 25 75098
0 78 75097
22355 80 22435
0 55 75098
0 180 75097
22453 31 22484
0 18 75098
0 176 75097
22582 44 22626
0 98 75098
0 49 75097
22705 10 22715
0 79 75098
0 16 75097
22746 67 22813
0 31 75098
0 144 75097
22884 60 22944
0 71 75098
0 41 75097
22981 14 22995
0 37 75098
0 138 75097
23054 51 23105
0 59 75098
0 26 75097
23188 86 23274
0 83 75098
0 82 75097
23323 104 23427
0 49 75098
0 74 75097
23469 60 23529
0 42 75098
0 182 75097
23619 94 23713
0 90 75098
0 61 75097
23734 80 23814
0 21 75098
0 133 75097
23912 61 23973
0 98 75098
0 68 75097
23993 103 24096
0 20 75098
0 77 75097
24172 79 24251
0 76 75098
0 65 75097
24344 33 24377
0 93 75098
0 63 75097
24484 17 24501
0 107 75098
0 104 75097
24568 62 24630
0 67 75098
0 114 75097
24657 49 24706
0 27 75098
0 83 75097
24789 89 24878
0 83 75098
0 192 75097
24926 80 25006
0 48 75098
0 102 75097
25045 47 25092
0 39 75098
0 202 75097
25140 109 25249
0 48 75098
0 49 75097
25332 27 25359
0 83 75098
0 27 75097
25426 19 25445
0 67 75098
0 119 75097
25542 57 25599
0 97 75098
0 71 75097
25671 68 25739
0 72 75098
0 28 75097
25752 65 25817
0 13 75098
0 175 75097
25883 16 25899
0 66 75098
0 117 75097
25940 103 26043
0 41 75098
0 50 75097
26097 55 26152
0 54 75098
0 102 75097
26251 66 26317
0 99 75098
0 71 75097
26385 87 26472
0 68 75098
0 56 75097
26552 76 26628
0 80 75098
0 63 75097
26662 106 26768
0 34 75098
0 37 75097
26832 92 26924
0 64 75098
0 104 75097
27000 97 27097
0 76 75098
0 138 75097
27173 65 27238
0 76 75098
0 186 75097
27284 91 27375
0 46 75098
0 142 75097
27484 24 27508
0 109 75098
0 122 75097
27521 43 27564
0 13 75098
0 205 75097
27648 55 27703
0 84 75098
0 98 75097
27792 81 27873
0 89 75098
0 142 75097
27963 100 28063
0 90 75098
0 194 75097
28167 62 28229
0 104 75098
0 75 75097
28303 96 28399
0 74 75098
0 85 75097
28503 33 28536
0 104 75098
0 125 75097
28592 39 28631
0 56 75098
0 15 75097
28660 97 28757
0 29 75098
0 31 75097
28812 32 28844
0 55 75098
0 124 75097
28888 24 28912
0 44 75098
0 44 75097
28981 26 29007
0 69 75098
0 51 75097
29022 82 29104
0 15 75098
0 82 75097
29202 106 29308
0 98 75098
0 182 75097
29359 49 29408
0 51 75098
0 129 75097
29423 61 29484
0 15 75098
0 180 75097
29537 48 29585
0 53 75098
0 145 75097
29617 49 29666
0 32 75098
0 106 75097
29753 13 29766
0 87 75098
0 88 75097
29862 51 29913
0 96 75098
0 58 75097
29930 37 29967
0 17 75098
0 142 75097
29982 81 30063
0 15 75098
0 121 75097
30112 84 30196
0 49 75098
0 93 75097
30266 55 30321
0 70 75098
0 155 75097
30348 96 30444
0 27 75098
0 139 75097
30476 18 30494
0 32 75098
0 170 75097
30566 42 30608
0 72 75098
0 207 75097
30623 56 30679
0 15 75098
0 69 75097
30743 21 30764
0 64 75098
0 23 75097
30801 35 30836
0 37 75098
0 34 75097
30929 14 30943
0 93 75098
0 24 75097
31011 80 31091
0 68 75098
0 98 75097
31126 61 31187
0 35 75098
0 90 75097
31214 78 31292
0 27 75098
0 186 75097
31307 49 31356
0 15 75098
0 91 75097
31451 36 31487
0 95 75098
0 178 75097
31571 88 31659
0 84 75098
0 20 75097
31676 15 31691
0 17 75098
0 10 75097
31720 35 31755
0 29 75098
0 29 75097
31840 53 31893
0 85 75098
0 156 75097
31947 84 32031
0 54 75098
0 118 75097
32116 15 32131
0 85 75098
0 150 75097
32182 50 32232
0 51 75098
0 143 75097
32272 82 32354
0 40 75098
0 111 75097
32387 39 32426
0 33 75098
0 102 75097
32481 10 32491
0 55 75098
0 199 75097
32519 80 32599
0 28 75098
0 10 75097
32639 49 32688
0 40 75098
0 32 75097
32745 47 32792
0 57 75098
0 169 75097
32895 76 32971
0 103 75098
0 93 75097
32990 10 33000
0 19 75098
0 116 75097
33084 39 33123
0 84 75098
0 156 75097
33217 62 33279
0 94 75098
0 84 75097
33358 96 33454
0 79 75098
0 42 75097
33489 57 33546
0 35 75098
0 59 75097
33625 24 33649
0 79 75098
0 80 75097
33734 28 33762
0 85 75098
0 188 75097
33844 57 33901
0 82 75098
0 42 75097
34004 49 34053
0 103 75098
0 136 75097
34161 30 34191
0 108 75098
0 205 75097
34269 17 34286
0 78 75098
0 23 75097
34329 22 34351
0 43 75098
0 65 75097
34371 99 34470
0 20 75098
0 174 75097
34526 38 34564
0 56 75098
0 169 75097
34607 76 34683
0 43 75098
0 115 75097
34752 67 34819
0 69 75098
0 101 75097
34868 67 34935
0 49 75098
0 12 75097
34998 36 35034
0 63 75098
0 148 75097
35054 22 35076
0 20 75098
0 22 75097
35110 81 35191
0 34 75098
0 101 75097
35205 53 35258
0 14 75098
0 15 75097
35299 39 35338
0 41 75098
0 31 75097
35397 55 35452
0 59 75098
0 205 75097
35521 43 35564
0 69 75098
0 201 75097
35632 68 35700
0 68 75098
0 91 75097
35745 28 35773
0 45 75098
0 139 75097
35879 46 35925
0 106 75098
0 17 75097
35954 38 35992
0 29 75098
0 75 75097
36068 29 36097
0 76 75098
0 76 75097
36150 82 36232
0 53 75098
0 88 75097
36275 92 36367
0 43 75098
0 175 75097
36450 74 36524
0 83 75098
0 29 75097
36593 58 36651
0 69 75098
0 72 75097
36694 23 36717
0 43 75098
0 180 75097
36809 108 36917
0 92 75098
0 136 75097
36980 105 37085
0 63 75098
0 117 75097
37157 11 37168
0 72 75098
0 136 75097
37268 28 37296
0 100 75098
0 118 75097
37336 68 37404
0 40 75098
0 193 75097
37467 104 37571
0 63 75098
0 118 75097
37626 83 37709
0 55 75098
0 167 75097
37788 47 37835
0 79 75098
0 83 75097
37919 90 38009
0 84 75098
0 115 75097
38084 97 38181
0 75 75098
0 144 75097
38229 94 38323
0 48 75098
0 122 75097
38388 29 38417
0 65 75098
0 80 75097
38458 53 38511
0 41 75098
0 54 75097
38527 20 38547
0 16 75098
0 58 75097
38634 54 38688
0 87 75098
0 81 75097
38727 17 38744
0 39 75098
0 104 75097
38801 13 38814
0 57 75098
0 81 75097
38909 85 38994
0 95 75098
0 22 75097
39007 92 39099
0 13 75098
0 13 75097
39175 80 39255
0 76 75098
0 103 75097
39284 34 39318
0 29 75098
0 206 75097
39378 108 39486
0 60 75098
0 109 75097
