1002
58 56 114
0 58 75650
0 204 75649
124 80 204
0 10 75650
0 163 75649
274 41 315
0 70 75650
0 136 75649
366 47 413
0 51 75650
0 81 75649
510 18 528
0 97 75650
0 132 75649
589 32 621
0 61 75650
0 107 75649
649 101 750
0 28 75650
0 49 75649
784 45 829
0 34 75650
0 75 75649
871 18 889
0 42 75650
0 110 75649
976 20 996
0 87 75650
0 153 75649
1053 12 1065
0 57 75650
0 121 75649
1165 11 1176
0 100 75650
0 59 75649
1206 44 1250
0 30 75650
0 186 75649
1341 22 1363
0 91 75650
0 196 75649
1377 105 1482
0 14 75650
0 174 75649
1495 76 1571
0 13 75650
0 16 75649
1645 30 1675
0 74 75650
0 42 75649
1767 88 1855
0 92 75650
0 67 75649
1906 68 1974
0 51 75650
0 108 75649
2009 90 2099
0 35 75650
0 90 75649
2151 49 2200
0 52 75650
0 76 75649
2255 61 2316
0 55 75650
0 104 75649
2347 34 2381
0 31 75650
0 113 75649
2472 92 2564
0 91 75650
0 101 75649
2622 108 2730
0 58 75650
0 77 75649
2815 46 2861
0 85 75650
0 74 75649
2928 53 2981
0 67 75650
0 145 75649
3018 29 3047
0 37 75650
0 106 75649
3152 77 3229
0 105 75650
0 102 75649
3290 64 3354
0 61 75650
0 179 75649
3398 49 3447
0 44 75650
0 67 75649
3506 58 3564
0 59 75650
0 143 75649
3600 85 3685
0 36 75650
0 171 75649
3757 17 3774
0 72 75650
0 94 75649
3837 26 3863
0 63 75650
0 35 75649
3964 69 4033
0 101 75650
0 193 75649
4115 23 4138
0 82 75650
0 98 75649
4169 95 4264
0 31 75650
0 68 75649
4349 13 4362
0 85 75650
0 170 75649
4437 55 4492
0 75 75650
0 40 75649
4534 76 4610
0 42 75650
0 49 75649
4675 33 4708
0 65 75650
0 40 75649
4800 17 4817
0 92 75650
0 188 75649
4861 12 4873
0 44 75650
0 116 75649
4902 18 4920
0 29 75650
0 204 75649
4970 95 5065
0 50 75650
0 48 75649
5173 18 5191
0 108 75650
0 112 75649
5245 12 5257
0 54 75650
0 102 75649
5315 23 5338
0 58 75650
0 45 75649
5405 52 5457
0 67 75650
0 110 75649
5483 55 5538
0 26 75650
0 157 75649
5577 21 5598
0 39 75650
0 177 75649
5612 87 5699
0 14 75650
0 149 75649
5775 39 5814
0 76 75650
0 72 75649
5891 58 5949
0 77 75650
0 35 75649
6011 42 6053
0 62 75650
0 17 75649
6078 105 6183
0 25 75650
0 146 75649
6274 38 6312
0 91 75650
0 196 75649
6394 82 6476
0 82 75650
0 177 75649
6557 18 6575
0 81 75650
0 132 75649
6631 67 6698
0 56 75650
0 186 75649
6711 39 6750
0 13 75650
0 136 75649
6833 105 6938
0 83 75650
0 141 75649
7004 30 7034
0 66 75650
0 48 75649
7097 80 7177
0 63 75650
0 63 75649
7275 22 7297
0 98 75650
0 128 75649
7355 36 7391
0 58 75650
0 97 75649
7407 43 7450
0 16 75650
0 52 75649
7504 81 7585
0 54 75650
0 132 75649
7665 51 7716
0 80 75650
0 80 75649
7803 14 7817
0 87 75650
0 148 75649
7881 31 7912
0 64 75650
0 187 75649
7947 54 8001
0 35 75650
0 167 75649
8050 81 8131
0 49 75650
0 43 75649
8221 25 8246
0 90 75650
0 111 75649
8309 42 8351
0 63 75650
0 53 75649
8389 90 8479
0 38 75650
0 63 75649
8553 67 8620
0 74 75650
0 44 75649
8722 58 8780
0 102 75650
0 26 75649
8825 49 8874
0 45 75650
0 136 75649
8900 10 8910
0 26 75650
0 145 75649
8977 30 9007
0 67 75650
0 93 75649
9022 40 9062
0 15 75650
0 205 75649
9161 79 9240
0 99 75650
0 118 75649
9267 24 9291
0 27 75650
0 110 75649
9383 86 9469
0 92 75650
0 102 75649
9558 14 9572
0 89 75650
0 204 75649
9593 54 9647
0 21 75650
0 160 75649
9682 107 9789
0 35 75650
0 63 75649
9829 12 9841
0 40 75650
0 128 75649
9882 12 9894
0 41 75650
0 61 75649
9938 87 10025
0 44 75650
0 155 75649
10058 16 10074
0 33 75650
0 179 75649
10142 61 10203
0 68 75650
0 65 75649
10299 99 10398
0 96 75650
0 108 75649
10445 93 10538
0 47 75650
0 97 75649
10580 33 10613
0 42 75650
0 57 75649
10695 30 10725
0 82 75650
0 169 75649
10812 53 10865
0 87 75650
0 121 75649
10972 11 10983
0 107 75650
0 106 75649
11061 37 11098
0 78 75650
0 42 75649
11168 100 11268
0 70 75650
0 14 75649
11290 52 11342
0 22 75650
0 88 75649
11369 94 11463
0 27 75650
0 91 75649
11527 97 11624
0 64 75650
0 41 75649
11717 84 11801
0 93 75650
0 189 75649
11901 10 11911
0 100 75650
0 114 75649
11991 37 12028
0 80 75650
0 207 75649
12061 14 12075
0 33 75650
0 109 75649
12180 93 12273
0 105 75650
0 65 75649
12307 49 12356
0 34 75650
0 115 75649
12373 105 12478
0 17 75650
0 133 75649
12513 68 12581
0 35 75650
0 94 75649
12593 29 12622
0 12 75650
0 63 75649
12672 26 12698
0 50 75650
0 52 75649
12793 104 12897
0 95 75650
0 10 75649
12944 29 12973
0 47 75650
0 151 75649
13010 50 13060
0 37 75650
0 82 75649
13158 48 13206
0 98 75650
0 161 75649
13282 89 13371
0 76 75650
0 128 75649
13403 93 13496
0 32 75650
0 131 75649
13559 15 13574
0 63 75650
0 85 75649
13587 86 13673
0 13 75650
0 174 75649
13710 22 13732
0 37 75650
0 102 75649
13815 24 13839
0 83 75650
0 163 75649
13891 86 13977
0 52 75650
0 79 75649
14030 105 14135
0 53 75650
0 126 75649
14156 21 14177
0 21 75650
0 209 75649
14227 37 14264
0 50 75650
0 111 75649
14306 91 14397
0 42 75650
0 74 75649
14419 35 14454
0 22 75650
0 172 75649
14472 39 14511
0 18 75650
0 99 75649
14580 22 14602
0 69 75650
0 204 75649
14706 73 14779
0 104 75650
0 14 75649
14814 31 14845
0 35 75650
0 78 75649
14895 106 15001
0 50 75650
0 73 75649
15071 52 15123
0 70 75650
0 133 75649
15134 107 15241
0 11 75650
0 147 75649
15283 18 15301
0 42 75650
0 94 75649
15392 25 15417
0 91 75650
0 171 75649
15486 33 15519
0 69 75650
0 93 75649
15544 26 15570
0 25 75650
0 158 75649
15639 74 15713
0 69 75650
0 35 75649
15732 106 15838
0 19 75650
0 127 75649
15910 71 15981
0 72 75650
0 132 75649
16035 42 16077
0 54 75650
0 85 75649
16120 94 16214
0 43 75650
0 129 75649
16289 56 16345
0 75 75650
0 142 75649
16361 64 16425
0 16 75650
0 72 75649
16442 47 16489
0 17 75650
0 45 75649
16517 98 16615
0 28 75650
0 37 75649
16665 77 16742
0 50 75650
0 66 75649
16833 79 16912
0 91 75650
0 110 75649
16970 36 17006
0 58 75650
0 99 75649
17110 91 17201
0 104 75650
0 91 75649
17305 58 17363
0 104 75650
0 103 75649
17466 108 17574
0 103 75650
0 161 75649
17648 97 17745
0 74 75650
0 161 75649
17790 53 17843
0 45 75650
0 139 75649
17875 92 17967
0 32 75650
0 89 75649
18054 87 18141
0 87 75650
0 115 75649
18232 105 18337
0 91 75650
0 50 75649
18412 51 18463
0 75 75650
0 113 75649
18533 18 18551
0 70 75650
0 198 75649
18575 89 18664
0 24 75650
0 74 75649
18757 102 18859
0 93 75650
0 193 75649
18951 22 18973
0 92 75650
0 117 75649
19074 37 19111
0 101 75650
0 37 75649
19175 71 19246
0 64 75650
0 133 75649
19258 66 19324
0 12 75650
0 79 75649
19365 11 19376
0 41 75650
0 43 75649
19400 22 19422
0 24 75650
0 103 75649
19505 40 19545
0 83 75650
0 175 75649
19612 86 19698
0 67 75650
0 107 75649
19794 15 19809
0 96 75650
0 156 75649
19895 19 19914
0 86 75650
0 188 75649
19972 106 20078
0 58 75650
0 27 75649
20114 76 20190
0 36 75650
0 14 75649
20232 36 20268
0 42 75650
0 164 75649
20328 87 20415
0 60 75650
0 31 75649
20498 104 20602
0 83 75650
0 113 75649
20655 91 20746
0 53 75650
0 86 75649
20773 60 20833
0 27 75650
0 141 75649
20920 60 20980
0 87 75650
0 30 75649
21032 17 21049
0 52 75650
0 16 75649
21128 82 21210
0 79 75650
0 58 75649
21270 96 21366
0 60 75650
0 125 75649
21428 90 21518
0 62 75650
0 76 75649
21622 72 21694
0 104 75650
0 101 75649
21780 15 21795
0 86 75650
0 31 75649
21883 103 21986
0 88 75650
0 76 75649
22094 96 22190
0 108 75650
0 18 75649
22214 15 22229
0 24 75650
0 11 75649
22334 89 22423
0 105 75650
0 130 75649
22489 53 22542
0 66 75650
0 73 75649
22624 27 22651
0 82 75650
0 36 75649
22706 41 22747
0 55 75650
0 180 75649
22845 21 22866
0 98 75650
0 102 75649
22888 23 22911
0 22 75650
0 157 75649
23009 97 23106
0 98 75650
0 191 75649
23190 107 23297
0 84 75650
0 119 75649
23361 28 23389
0 64 75650
0 32 75649
23488 95 23583
0 99 75650
0 184 75649
23599 37 23636
0 16 75650
0 19 75649
23698 82 23780
0 62 75650
0 123 75649
23851 88 23939
0 71 75650
0 168 75649
23960 46 24006
0 21 75650
0 59 75649
24048 84 24132
0 42 75650
0 69 75649
24144 86 24230
0 12 75650
0 99 75649
24261 88 24349
0 31 75650
0 122 75649
24420 92 24512
0 71 75650
0 54 75649
24581 41 24622
0 69 75650
0 24 75649
24645 82 24727
0 23 75650
0 90 75649
24804 29 24833
0 77 75650
0 205 75649
24931 100 25031
0 98 75650
0 100 75649
25118 48 25166
0 87 75650
0 188 75649
25255 64 25319
0 89 75650
0 57 75649
25363 43 25406
0 44 75650
0 203 75649
25509 77 25586
0 103 75650
0 180 75649
25680 108 25788
0 94 75650
0 39 75649
25839 106 25945
0 51 75650
0 55 75649
26029 23 26052
0 84 75650
0 145 75649
26106 13 26119
0 54 75650
0 177 75649
26153 92 26245
0 34 75650
0 81 75649
26342 58 26400
0 97 75650
0 137 75649
26455 71 26526
0 55 75650
0 129 75649
26582 96 26678
0 56 75650
0 148 75649
26720 108 26828
0 42 75650
0 110 75649
26917 38 26955
0 89 75650
0 122 75649
27046 55 27101
0 91 75650
0 125 75649
27175 56 27231
0 74 75650
0 200 75649
27250 36 27286
0 19 75650
0 127 75649
27356 19 27375
0 70 75650
0 165 75649
27441 38 27479
0 66 75650
0 206 75649
27537 87 27624
0 58 75650
0 78 75649
27690 32 27722
0 66 75650
0 169 75649
27733 59 27792
0 11 75650
0 209 75649
27848 52 27900
0 56 75650
0 198 75649
27949 104 28053
0 49 75650
0 179 75649
28081 53 28134
0 28 75650
0 66 75649
28153 33 28186
0 19 75650
0 164 75649
28262 17 28279
0 76 75650
0 33 75649
28374 109 28483
0 95 75650
0 127 75649
28578 87 28665
0 95 75650
0 64 75649
28751 80 28831
0 86 75650
0 155 75649
28896 75 28971
0 65 75650
0 10 75649
29042 105 29147
0 71 75650
0 120 75649
29181 67 29248
0 34 75650
0 83 75649
29355 43 29398
0 107 75650
0 201 75649
29429 91 29520
0 31 75650
0 93 75649
29615 26 29641
0 95 75650
0 31 75649
29729 87 29816
0 88 75650
0 133 75649
29836 20 29856
0 20 75650
0 167 75649
29867 70 29937
0 11 75650
0 96 75649
30012 66 30078
0 75 75650
0 201 75649
30156 84 30240
0 78 75650
0 153 75649
30280 55 30335
0 40 75650
0 116 75649
30374 98 30472
0 39 75650
0 47 75649
30483 58 30541
0 11 75650
0 65 75649
30587 20 30607
0 46 75650
0 138 75649
30678 88 30766
0 71 75650
0 108 75649
30818 103 30921
0 52 75650
0 119 75649
30943 42 30985
0 22 75650
0 59 75649
31076 13 31089
0 91 75650
0 44 75649
31116 31 31147
0 27 75650
0 94 75649
31159 27 31186
0 12 75650
0 122 75649
31250 14 31264
0 64 75650
0 44 75649
31314 100 31414
0 50 75650
0 191 75649
31459 24 31483
0 45 75650
0 49 75649
31503 28 31531
0 20 75650
0 92 75649
31572 85 31657
0 41 75650
0 98 75649
31764 10 31774
0 107 75650
0 123 75649
31868 102 31970
0 94 75650
0 126 75649
32066 48 32114
0 96 75650
0 28 75649
32130 81 32211
0 16 75650
0 142 75649
32243 11 32254
0 32 75650
0 182 75649
32294 72 32366
0 40 75650
0 140 75649
32471 37 32508
0 105 75650
0 206 75649
32542 58 32600
0 34 75650
0 57 75649
32633 108 32741
0 33 75650
0 141 75649
32786 87 32873
0 45 75650
0 169 75649
32885 79 32964
0 12 75650
0 208 75649
33002 75 33077
0 38 75650
0 182 75649
33182 27 33209
0 105 75650
0 65 75649
33311 45 33356
0 102 75650
0 21 75649
33377 40 33417
0 21 75650
0 179 75649
33488 73 33561
0 71 75650
0 52 75649
33587 48 33635
0 26 75650
0 113 75649
33721 78 33799
0 86 75650
0 131 75649
33850 67 33917
0 51 75650
0 140 75649
33993 49 34042
0 76 75650
0 184 75649
34097 51 34148
0 55 75650
0 136 75649
34208 92 34300
0 60 75650
0 91 75649
34376 90 34466
0 76 75650
0 43 75649
34530 97 34627
0 64 75650
0 201 75649
34690 91 34781
0 63 75650
0 24 75649
34808 76 34884
0 27 75650
0 25 75649
34972 72 35044
0 88 75650
0 51 75649
35055 18 35073
0 11 75650
0 139 75649
35118 86 35204
0 45 75650
0 22 75649
35237 51 35288
0 33 75650
0 131 75649
35393 93 35486
0 105 75650
0 146 75649
35530 16 35546
0 44 75650
0 112 75649
35605 55 35660
0 59 75650
0 55 75649
35750 89 35839
0 90 75650
0 178 75649
35857 21 35878
0 18 75650
0 138 75649
35961 14 35975
0 83 75650
0 60 75649
36053 98 36151
0 78 75650
0 11 75649
36221 14 36235
0 70 75650
0 14 75649
36331 29 36360
0 96 75650
0 104 75649
36453 72 36525
0 93 75650
0 120 75649
36633 74 36707
0 108 75650
0 128 75649
36744 22 36766
0 37 75650
0 207 75649
36859 11 36870
0 93 75650
0 180 75649
36880 35 36915
0 10 75650
0 75 75649
36950 56 37006
0 35 75650
0 34 75649
37047 30 37077
0 41 75650
0 145 75649
37153 12 37165
0 76 75650
0 195 75649
37187 107 37294
0 22 75650
0 124 75649
37350 64 37414
0 56 75650
0 152 75649
37448 75 37523
0 34 75650
0 56 75649
37567 53 37620
0 44 75650
0 153 75649
37684 34 37718
0 64 75650
0 162 75649
37755 77 37832
0 37 75650
0 18 75649
37861 65 37926
0 29 75650
0 157 75649
38027 11 38038
0 101 75650
0 25 75649
38093 28 38121
0 55 75650
0 103 75649
38155 12 38167
0 34 75650
0 89 75649
38236 53 38289
0 69 75650
0 168 75649
38300 68 38368
0 11 75650
0 153 75649
38394 49 38443
0 26 75650
0 51 75649
38537 92 38629
0 94 75650
0 126 75649
38655 34 38689
0 26 75650
0 119 75649
38721 98 38819
0 32 75650
0 129 75649
