500
2875 4 17015
7716 21 20002
2503 35 17716
802 19 16471
1326 69 12005
1160 6 6371
8757 89 24727
4394 25 19771
2542 34 3233
8562 20 17443
4716 36 7064
3801 64 8180
4209 52 6090
5253 87 21267
1149 41 7097
4436 55 6348
1000 71 8368
10408 52 18949
2217 7 4579
767 18 19865
2527 45 3184
6709 34 7496
18153 7 22489
72 55 1046
5688 43 7565
10641 83 20917
2643 34 23901
4991 10 5732
14639 26 20126
2910 100 14930
5541 24 16992
4124 3 16040
3859 85 17041
9044 39 19138
21801 69 24206
6258 97 15947
4960 50 13372
1417 32 1930
13911 45 14355
17042 17 22500
11352 57 23324
11920 25 18870
4062 8 7333
4344 69 6025
1357 13 20460
3860 52 10161
3966 82 6433
18724 31 22731
14242 25 21333
1501 25 8854
6286 95 20103
4222 18 6087
5527 46 8579
3200 41 16473
12499 83 19776
7505 65 11855
3076 66 10343
12361 98 18791
12891 64 24773
1796 69 23958
835 26 8370
16917 49 23166
9030 75 21242
295 55 19313
18184 31 24886
1550 38 3538
6811 51 18946
3640 44 22257
2255 85 3051
3392 58 24434
1107 30 3092
2320 1 21072
576 93 3710
1592 91 5620
2710 57 6891
7018 17 23990
4564 66 22645
314 72 20390
3064 18 4090
1180 91 16067
6326 9 11245
6034 70 16649
4116 73 4623
6204 63 23571
927 51 5983
4965 4 10766
4337 48 23851
16013 83 16332
8338 30 9371
9569 24 21820
8342 5 17409
2285 93 4270
3760 48 23501
802 91 18129
1132 17 7716
5336 92 6503
6374 93 12460
200 21 18774
646 84 2477
3135 74 16460
5315 20 8279
2626 39 3215
3307 60 20131
1450 76 3966
1741 9 16981
3484 28 11869
8358 90 17594
2724 51 4046
4438 20 7172
6077 25 20306
4021 20 16949
8387 70 14145
4789 37 6455
7651 15 23514
5030 87 6143
11066 4 13242
16867 90 20236
3664 12 21652
7492 1 14846
8062 78 19167
9239 61 13457
4972 19 18093
1369 4 2935
8 11 2679
5640 35 7632
209 87 7626
23005 97 24981
2818 69 7506
11178 62 22112
7539 59 10587
11664 52 11870
7486 35 15614
4970 76 8899
8289 51 19578
18176 14 22288
775 48 10685
4221 17 5685
1882 43 16409
759 62 19677
1329 87 24784
7881 6 15708
8694 40 20256
2842 16 6045
14919 78 22981
4422 92 8287
6740 12 16939
3340 52 9777
2745 62 19326
7668 6 8554
2534 52 3203
2194 39 5169
15971 100 20188
5241 11 9644
22970 1 23440
9793 33 15747
3187 4 3887
2006 94 13995
1504 8 21289
2343 85 2491
5384 6 13632
17477 11 22628
3930 20 19040
14550 3 19172
2392 73 5620
10833 21 19394
2979 74 15126
7054 67 17937
2044 33 4472
7281 2 16615
3502 25 22099
18334 72 22677
1983 6 7524
8736 31 19245
268 62 22185
20229 45 22983
14386 100 24081
292 80 23898
2254 91 4327
840 90 2043
13195 14 19872
1728 26 6351
5235 6 22752
204 9 2141
16305 38 24246
3452 31 19371
662 65 17249
168 33 13498
753 33 12424
187 86 2175
2655 97 5500
6826 26 24704
7213 91 11912
8357 99 24521
15813 18 18602
9069 3 22884
15558 94 22595
6648 34 7008
1433 10 14690
15461 5 16268
13670 58 14361
269 25 6511
2263 61 7799
2983 38 8141
19669 2 24033
1152 26 17604
7128 43 13330
947 9 6703
7155 99 7920
5753 63 6869
4412 26 5618
2111 84 22375
5849 50 6449
3300 3 15263
5954 57 24428
5804 9 22194
4183 21 17927
12086 55 24187
4621 56 8796
9447 15 22012
3771 22 19743
15171 95 18156
6596 55 16049
3907 8 18319
5032 69 8865
15360 36 22827
1158 12 12872
2157 48 3633
4476 43 5021
13123 95 17010
1198 66 1453
2944 65 4029
4564 29 6719
9743 7 16899
6194 63 9118
4947 1 18277
5280 64 14586
13763 56 21037
649 36 4303
67 41 2256
1477 74 22388
15521 48 19322
19161 83 20183
17688 17 21426
496 21 19141
5690 73 9612
2194 33 17959
6890 18 7696
1326 73 11621
6048 62 22095
2176 91 6081
6966 99 20205
5847 40 18360
16224 88 20010
3481 83 7896
2507 30 9586
7498 25 14381
2209 20 5993
20816 83 23403
12652 58 22252
3215 79 23820
4058 100 21999
14347 1 17884
688 24 24816
2488 37 22428
1158 46 7459
690 48 6915
401 21 11458
508 45 6849
11316 59 17270
2897 53 11316
941 15 18304
7212 56 24247
11970 16 13963
1624 59 7929
1266 95 7592
1730 90 7686
1924 77 10345
6880 46 14260
240 21 15230
5856 86 10733
3505 63 16855
3867 71 18326
3794 56 10495
3252 62 7682
3699 87 8750
21275 88 24439
648 70 3036
1382 3 7568
9543 28 14370
4689 31 24908
5792 97 10876
1112 18 20409
2484 74 21606
15911 6 24420
1817 51 4878
760 81 9764
17149 61 17673
11782 48 24733
11446 41 13834
2346 98 4404
2074 55 12404
7324 13 15971
361 71 626
9144 95 24844
16 63 22971
1599 41 17483
7362 39 19115
3505 62 11713
6005 92 21111
2640 9 7037
18568 100 23424
14840 84 19228
1537 97 17332
5718 65 16058
12430 63 14642
2754 71 22350
670 57 3796
7002 94 13659
10325 81 14273
2119 99 5949
158 71 10150
1346 7 20468
7886 14 20383
17457 88 20520
897 25 20687
971 10 6961
11792 64 15582
2452 58 5780
1090 82 11991
664 62 6672
1040 12 4186
12737 80 15525
869 51 16364
17801 6 19389
3946 91 5624
991 28 21481
9811 72 13969
4312 3 6145
16137 97 22267
553 55 17987
18014 100 19593
3554 59 10271
9995 44 15957
2384 19 17351
9619 43 13742
6845 12 6954
9884 97 19714
741 80 2411
19939 68 23776
11613 87 20878
2145 1 21105
5778 26 9204
4626 64 18177
4680 61 5131
833 3 12326
2139 23 11703
7055 57 22131
3750 3 13349
5186 60 6928
5652 65 21123
15376 3 17362
8916 21 18024
12440 2 20967
3798 35 19363
5052 20 9988
2966 32 11878
6587 51 12832
91 79 413
10234 54 15958
5389 89 22957
3377 44 16094
15164 25 16061
5360 26 14046
2464 95 13417
5288 70 11910
20480 98 23680
4981 47 19459
2797 96 12329
11508 94 21513
13089 80 18410
3295 54 6260
6130 50 16109
5573 85 11531
5965 31 7494
19868 68 23829
1208 38 4198
7270 59 23779
4559 34 6060
4643 16 21023
328 78 16729
2969 51 12001
5960 58 8026
3779 47 15183
6097 42 6457
9602 29 12302
2182 86 21252
8756 34 23153
1875 70 21635
4160 94 9290
1436 63 4575
19326 76 21199
5680 68 20303
5857 89 6572
60 100 18876
11654 36 23965
12241 15 13833
468 25 7421
4158 57 23366
3496 28 13257
6615 24 11383
16080 2 23683
6516 1 18739
1770 39 18335
2635 74 12034
15819 13 16039
223 39 19492
2010 50 19839
5986 38 14597
3565 4 17840
4989 47 13608
2590 37 15766
10840 4 14366
2580 47 4631
10387 98 20300
1164 3 3095
17102 95 19242
15202 83 18314
3031 36 9116
3804 41 17882
1143 75 5266
16193 94 22913
267 59 1766
9008 54 18801
11661 26 16764
8687 22 10502
12083 67 21974
6875 19 6906
1833 100 15657
654 16 3451
1470 1 6158
482 88 1984
906 25 5238
2577 2 7751
3915 60 14265
4322 29 13516
166 5 172
8287 77 21028
12036 3 16511
1179 37 4387
9811 80 19798
11668 7 24620
21789 93 23300
16119 36 23819
4236 83 21234
7518 69 15404
2900 87 14109
2456 45 19260
6147 54 10468
6579 41 9914
15379 5 15610
4215 41 5934
2560 25 3395
18400 11 18708
7274 50 24501
1696 22 22656
13461 40 16384
526 25 17101
1822 73 6909
2362 53 19617
2455 3 7154
1740 44 22860
1880 73 16099
7434 49 22586
6034 29 11280
1357 4 2280
7283 84 24054
5465 54 7501
6152 93 7743
16924 79 23267
7674 5 22664
4759 44 20735
5417 11 6980
16577 81 22552
1882 14 3282
7812 37 21489
337 8 411
4975 54 5282
2421 89 22832
9817 72 18789
6713 20 15052
2484 61 7126
2605 54 21269
3570 43 3799
7761 58 19744
549 60 9287
3528 8 5777
1045 43 3569
11828 5 16064
7453 44 10989
10724 20 23949
