500
217 97 6289
1297 24 4742
11415 100 12952
1931 55 21815
3333 57 11384
9705 1 13721
4854 57 10772
7544 19 21457
966 30 19081
1174 81 11963
14372 13 20356
4943 21 16503
7824 100 10402
14618 5 20332
4593 39 15502
2059 22 11430
3903 27 15762
1171 97 19997
1345 15 16045
16823 21 17470
2598 44 5764
4483 31 18264
754 28 5524
1183 75 11556
18375 73 19624
2451 17 2623
5016 90 7384
10193 18 21709
7069 52 20310
1044 32 12783
2817 88 14418
3512 87 18684
3357 21 6109
5119 10 5554
2404 42 6248
3247 2 20092
389 70 20918
12268 91 14371
6206 21 18193
10396 75 16694
1224 79 12970
1687 41 15679
3447 85 14835
2205 39 3608
6862 58 21515
4387 60 4550
2014 12 3560
1515 13 1646
1842 97 8573
3015 47 5664
2166 22 6125
4616 76 24539
10122 21 19492
3149 25 12131
1591 95 3654
2434 75 23942
23855 41 24756
1633 41 16693
718 88 1704
1055 23 14610
8089 4 18142
22635 2 22930
210 41 5657
2980 95 24319
7477 100 8433
5656 70 7271
3860 89 7116
313 69 1325
12582 54 14213
5773 99 8189
5613 29 8537
8525 92 10335
19864 29 24559
1765 71 15095
7428 69 11878
6815 52 16771
6289 8 6393
3462 78 11692
2107 23 6203
4464 90 12031
12653 41 20912
1716 14 4693
5657 61 11444
562 24 8504
20060 21 23481
1822 51 20003
13301 72 13726
7749 83 22588
5989 25 13164
1181 21 21456
4022 7 7443
8010 16 21058
13356 6 16654
2445 12 7287
2911 1 16161
4036 32 8922
2034 94 17297
4517 42 5898
554 51 3296
6794 4 19738
7952 48 14625
16004 36 18501
1185 1 6636
908 29 14096
6940 19 9240
5824 2 14158
19816 72 24926
7349 1 15244
1042 63 4601
6809 79 8330
4659 76 19840
2900 71 13520
14512 19 17353
1793 69 20955
6171 36 13705
674 12 3251
3102 4 5043
1850 96 19004
8091 30 9537
4383 24 14467
3576 22 10589
3999 2 24136
14547 63 21755
9315 56 16358
4389 79 21012
826 50 11285
1910 98 4011
13239 85 14727
5594 38 10221
2754 37 21104
1194 66 18690
15310 91 24224
13380 76 17713
1493 9 2904
2252 43 23826
5349 35 6512
1328 5 19583
5716 20 18619
9273 32 11647
2356 3 8268
1798 77 11982
3443 27 18277
15151 15 24034
2780 46 10265
13312 79 23217
5662 93 24772
6121 89 7919
2835 18 20895
1633 96 15020
3678 22 23744
5555 35 18883
25 22 1696
16451 51 19264
3061 96 6717
4672 21 24928
7751 27 14199
4145 7 6091
10904 55 24062
1610 85 18580
2351 26 22856
7367 73 10582
2477 93 21927
4035 61 10026
4904 44 24599
1767 8 18836
6430 23 24101
2753 89 17003
15045 58 19483
5038 80 13840
2117 40 6467
14289 8 15930
3300 7 18134
5969 2 11226
3298 34 13044
1791 79 4229
1062 28 10368
8359 73 15030
513 16 4899
10534 85 19967
3200 99 11143
12430 41 22592
1081 47 15898
1202 42 14149
824 18 7869
11493 53 12891
5429 79 15237
3882 68 24559
3158 32 19551
1325 84 24491
5306 31 7592
13709 3 17515
9676 20 10721
4824 21 5523
1615 1 18804
7330 87 23464
5266 70 5767
4797 16 16985
15146 16 16523
1781 60 10973
5144 91 14779
9913 48 23479
7503 48 10730
17977 87 19857
834 15 18339
4477 99 12728
1312 84 4707
14140 91 16476
507 3 16941
11804 35 17780
14681 40 18826
6636 7 14422
5461 33 14473
3157 75 12157
21320 56 24635
4074 91 24305
2127 55 4982
4235 71 15497
7968 72 22279
13704 14 15718
3915 30 20888
876 73 18057
588 32 16467
1770 89 10358
3625 41 6023
813 81 6283
13082 54 20220
2695 48 9581
10000 35 21635
12831 5 16166
11296 49 12623
12023 44 18005
8886 91 17127
2264 20 18777
17238 4 17833
4822 25 21697
7 74 19454
8864 79 18622
9640 58 14567
11976 62 21847
8039 52 17587
5402 30 12917
18885 77 20787
5103 81 24152
15362 98 21682
5945 86 23165
8142 44 14381
18858 29 18887
6345 86 6446
1601 77 11309
1607 36 1976
11104 36 12529
847 82 18531
2271 83 2914
6050 69 6865
3163 94 16284
10345 51 10810
2910 99 20261
22981 15 23808
3661 13 7423
2676 1 7816
7310 14 9861
293 23 3517
3869 35 13944
6926 51 18665
11871 23 20970
5119 67 6482
15455 82 20486
15817 27 17709
5253 14 16870
14418 93 24718
2338 95 24798
1274 44 5912
3876 20 21888
2064 14 4140
4261 84 20968
19303 72 19505
6718 12 18884
5342 80 18183
13919 97 25000
2793 77 24329
1395 8 11184
9409 35 14942
89 75 22910
4545 71 6844
6658 62 12235
9618 16 16700
1999 72 21290
1171 37 2043
1709 95 15973
2464 40 5041
1268 10 23327
3450 80 5860
615 13 21269
14364 16 22950
5880 20 7787
3033 67 17863
3630 72 7045
5913 50 15343
20920 30 23118
5025 5 20953
22559 71 23643
14366 22 21241
4166 60 7753
5708 63 18297
15206 86 23730
10328 16 14962
8885 17 23802
13471 35 22682
7169 73 22855
1939 61 4496
1959 57 22943
1682 26 6991
1180 86 6808
2136 16 20918
8147 54 14170
14643 80 19515
13067 99 23101
19595 92 20513
7155 51 8934
14673 42 21753
15861 52 23231
6438 17 10443
3583 97 21099
7765 41 8513
3615 20 10443
10796 37 14633
1956 41 17879
7110 47 10650
3159 59 4010
4258 61 22476
4863 6 5765
1208 94 24449
15055 56 24486
21629 98 24199
5373 21 5398
14461 17 15997
196 5 7835
10771 45 13809
4702 22 20972
12420 7 20915
4493 36 12391
14141 83 18185
15103 87 19970
2882 85 17394
2115 44 10641
19492 22 21880
1814 40 4086
1420 46 17705
8213 62 12565
216 57 9405
895 62 20034
1059 40 3144
3047 25 4510
9249 39 19585
3128 24 3761
5704 40 15302
4978 53 19608
3946 3 6248
2200 10 4004
6612 55 12986
1842 10 20681
14457 75 22993
1992 69 7881
5401 26 15805
463 38 14323
19289 79 24237
23021 61 23766
6623 88 23157
7671 45 14856
8505 89 13336
6410 22 6991
18692 55 23903
14765 6 24461
7446 58 19424
728 65 3532
2061 33 2192
2694 51 11441
15044 86 20184
2753 11 15223
6786 32 11839
848 7 5667
14701 33 17823
4383 82 14617
4853 83 9384
10098 88 11197
445 5 11696
10404 10 19124
4947 91 19580
730 21 2898
3120 20 15471
15893 74 23939
6075 20 8111
1165 59 6799
3092 6 19678
12851 100 19379
5581 50 16594
8606 33 24994
8667 21 11736
1681 97 17122
1873 63 8116
19491 89 20106
5126 12 14327
11628 44 21710
1156 61 7632
1677 83 19037
2560 19 4558
969 78 24099
13486 75 21989
7620 32 11555
730 34 7166
812 12 10483
13321 39 23313
2138 30 21843
10652 93 19381
3623 74 4314
1303 27 16268
22364 22 23614
2458 66 6077
2924 93 7256
11487 13 18156
11658 68 13954
1586 22 19140
6463 21 6706
2255 43 17604
5431 96 5578
9940 53 17688
19214 6 21311
4203 56 7025
2338 11 18547
11475 18 20698
3304 24 11410
20192 53 21109
16794 92 19318
7092 83 19354
1031 100 6277
15974 4 18189
8421 60 21567
14641 62 16724
7584 59 9860
14546 35 23578
2948 30 22971
6954 64 19341
11032 71 11104
2275 51 3158
5723 7 20650
4373 53 7433
18673 82 20705
1636 100 12329
13972 12 19028
11421 3 24983
931 94 11714
4718 6 15360
556 68 15082
683 3 8232
1136 33 17880
1408 8 2555
6099 81 19301
5411 12 6390
6964 55 16296
5968 61 19460
202 87 5453
4153 73 6664
20511 53 23757
18291 18 19871
2835 20 21785
5601 44 7169
15521 78 22092
5539 31 22042
1208 65 17279
13449 68 19868
9361 39 13525
13750 74 16027
1805 74 11197
11309 24 14164
4313 92 9709
1683 4 21850
3066 34 21727
1810 65 2682
16540 12 21196
4652 68 6152
1009 59 4522
5778 32 6962
6874 64 15950
6526 28 10814
2345 21 12615
3156 80 23579
6640 71 16114
12288 55 14053
13359 8 13677
4758 77 20289
2328 100 6432
1535 30 4771
4439 58 5398
7697 40 20323
2546 100 18092
616 100 1194
2468 16 3453
2761 53 5354
2259 40 8681
1192 56 3949
