500
8023 12 15620
908 90 14971
5933 49 8360
178 78 1932
4090 51 5261
8175 42 12257
4806 29 9508
2177 24 21500
8212 65 20150
20134 56 21802
435 66 1852
1462 99 21224
7589 78 24890
15261 56 22495
2319 67 24916
17637 31 22724
637 47 2243
1465 30 14109
4301 47 6078
5963 4 20942
12543 75 19061
2681 79 10725
256 73 8174
5398 83 16133
1527 80 10766
4992 61 11109
4661 48 15142
966 64 12617
1447 33 17848
3640 48 6134
132 20 3505
1963 42 14900
3407 77 21035
13034 50 19077
21113 47 24074
14380 3 21622
4744 63 24839
518 82 24589
2821 61 6755
124 97 22819
4337 60 18573
6051 70 13127
6180 77 10495
2074 55 2903
3988 99 24533
5160 98 7246
5073 45 9553
3323 49 24303
2598 77 9382
2104 25 4785
2193 40 24481
6712 25 14726
315 6 2159
7726 20 22349
1583 84 3278
868 63 1599
9384 36 10396
12210 37 19510
1719 7 5274
5030 96 9726
3914 91 17568
4740 83 13648
3978 32 6090
7156 90 22541
324 54 21809
10310 42 19723
6957 13 18144
15229 77 18184
4476 82 24998
2655 57 5948
5774 72 21519
5782 28 18952
4893 3 7213
279 57 2627
16013 13 17838
10725 46 20437
4827 27 12327
1706 42 15804
3943 66 9051
2429 96 11366
6267 46 10940
10844 84 14748
1555 53 23764
845 72 5567
6938 33 19799
16699 69 22222
3204 74 8124
1859 80 16382
17919 22 23409
4323 61 13245
3707 34 4660
6177 33 22311
1050 49 2528
63 88 2910
11143 50 23900
13138 80 22498
1995 36 20698
6828 56 8529
225 82 2437
5808 54 8278
377 91 22421
12928 73 19026
11124 59 18590
7211 15 20872
3671 59 6606
9303 33 24181
5260 30 15923
6608 8 19635
2140 66 6973
7600 50 13301
2212 3 9122
7963 25 10563
7094 69 16674
2311 16 20741
16488 98 24728
1591 23 13979
4995 95 6316
2410 14 17175
10987 30 12489
3468 3 5814
4537 93 8624
6642 16 21035
16685 36 23730
1472 50 11725
2432 50 3164
75 55 408
12820 67 17253
7729 77 14628
10215 43 23994
16161 90 16983
690 43 3533
926 33 11222
3257 79 8085
2002 76 3510
6828 60 7464
6571 66 7464
14810 37 22630
7758 86 22755
3105 41 7067
10073 61 10877
6992 78 11355
14024 32 19511
7642 1 23783
11202 25 19697
801 14 15740
840 9 3288
325 14 1898
337 66 22079
3314 45 10257
481 77 8150
15814 95 17366
5363 65 8697
8771 34 16884
7631 9 8924
2722 30 23571
4170 60 6163
13796 10 24361
10637 30 15169
3419 72 5792
8339 48 18096
10839 59 22589
629 30 3099
2721 80 24326
14946 2 17152
7022 49 19849
1569 61 1994
1534 92 15853
6968 74 24316
10888 20 11873
1470 46 5911
3179 13 23784
5111 52 6880
3983 34 17803
6759 94 16221
2416 43 10635
941 17 7612
105 100 5132
5906 7 7081
6075 81 20902
517 68 11257
17412 12 21481
6538 67 16135
537 28 20771
3320 66 9339
7223 85 14688
2699 16 19749
6674 37 11620
4019 19 22839
2032 22 12471
2450 6 21485
3500 85 10279
13061 81 20680
1405 19 2361
4511 2 4533
17564 50 24586
701 13 5577
4745 85 17250
11142 46 19293
11983 40 20261
2803 39 8920
20733 26 22428
2320 47 6733
270 93 1761
2461 91 3663
5408 69 6253
20817 75 21364
20238 84 24166
1408 51 21531
6326 26 9811
905 64 6514
156 53 7505
1090 22 12725
4935 10 11728
197 93 6144
10775 63 14714
5972 73 17877
1163 25 11994
1487 14 15200
13543 16 19595
6598 27 21527
8744 10 18583
3845 83 9813
12209 30 15827
347 1 4656
13222 56 19020
10166 54 11893
24277 43 24603
1178 74 19093
11766 39 16103
144 93 5455
3081 49 11666
1184 46 15699
17366 57 17944
1207 61 3265
1777 17 9484
5076 90 7756
2710 15 22353
8169 25 9831
12695 50 21705
4773 66 20902
2042 64 22678
11595 94 16878
5954 68 21932
12293 32 20877
394 12 7248
2089 68 22347
5352 42 19764
1240 70 22245
5183 60 10050
702 18 5701
20504 50 24655
17714 72 21191
21794 25 24662
4109 72 12727
6736 36 14836
5859 62 6234
7595 51 17749
2911 45 19706
5639 19 12542
7534 89 16374
10384 19 21439
6335 14 13621
1656 78 21415
6435 18 10853
18093 34 24542
1557 21 3662
3824 39 13900
15909 15 24101
10539 54 24037
12621 37 19612
5167 1 20105
4768 81 19113
3193 28 18609
2564 73 12653
13549 22 17019
14225 79 19391
4272 42 18583
9552 24 24710
5573 29 22761
4382 81 23079
6249 79 20610
10573 2 16183
6835 34 8847
5013 8 12790
4013 54 8859
2168 96 2359
1873 50 12440
2546 56 3174
13758 50 20879
17376 98 21451
7058 81 16836
19190 74 20641
3912 47 7889
5435 79 8249
2656 77 15099
12742 48 14831
3281 67 24414
6710 75 11835
5753 34 22992
2557 66 3196
19458 55 23742
987 76 17120
2139 65 9428
7062 19 19133
11092 8 15996
3252 66 19202
2519 45 6066
11997 34 16837
4180 98 8995
4559 80 19717
17303 24 19496
3929 24 6934
1981 25 9291
10665 38 24045
5339 71 11144
2474 90 7943
2057 6 14390
23146 25 23684
11166 15 23214
175 85 3728
15252 12 18982
4696 85 24015
7242 84 16038
6263 35 16418
116 75 24968
2257 3 13404
665 84 16817
8212 56 17601
481 61 13354
2005 81 11138
935 40 6618
10579 90 12763
4516 68 20915
1985 20 6622
12482 63 17602
14740 39 16372
1552 91 19430
4825 94 18893
15794 18 16430
2249 25 2649
2619 69 4407
6284 52 16237
16825 87 18865
984 34 5545
156 51 19272
6601 12 14442
531 58 9009
917 31 17864
8486 41 12098
5466 19 18537
6442 92 13762
493 26 16740
7215 22 17783
17659 31 19007
11719 91 15272
10711 81 17155
5204 10 22612
661 39 2607
5580 11 20803
2437 58 5797
5869 89 7222
4443 32 4545
10613 52 24743
2970 95 20245
8128 89 11288
8876 97 23507
4002 52 10650
1085 42 5784
3335 41 21964
5940 29 22484
2869 54 10488
4130 32 4740
1851 71 16610
1690 18 5162
7595 93 13199
6303 24 14798
6293 55 18071
6763 23 12143
16066 33 24135
6805 32 8913
7155 55 22868
821 43 19168
8793 3 24802
7475 17 17594
9913 22 15284
5360 82 14795
13 25 20699
7865 100 16607
6674 17 20119
4921 79 23966
12446 5 20913
1937 48 21413
2068 35 19620
6749 77 18464
4639 66 17131
7405 90 14335
16330 85 21841
14628 47 24094
1237 6 9504
5133 44 14133
9438 6 23812
732 83 13661
15241 79 19072
2549 83 12581
15507 92 17359
7580 56 20407
21119 48 21823
4875 9 9525
2860 4 6515
3656 32 4213
4010 75 9512
3932 83 12892
3783 93 9138
7371 74 15148
1503 9 3723
4511 6 6124
13505 9 20500
683 22 10681
7705 23 18938
14126 71 19154
15762 7 19913
11846 22 14227
346 46 3645
2519 35 19144
14876 35 23818
816 82 15816
5362 4 23200
569 8 10991
12147 28 21211
6453 45 15577
5075 39 22876
2078 29 3974
7644 54 8450
250 6 3449
44 8 5152
12047 99 23112
276 45 4244
10724 11 18701
6212 64 12693
20479 45 24850
15217 77 17429
11203 45 16552
719 78 24107
666 11 20933
6232 27 12244
5834 90 21851
7280 100 15174
1501 89 10762
3537 94 6699
17181 48 24950
7759 40 21963
12489 27 21199
131 47 5693
8643 51 24915
6240 88 8371
10725 78 24732
3926 92 17987
6865 50 23508
14028 66 16410
1341 9 1712
18278 61 20227
17912 8 22507
14677 39 24288
15684 1 20350
11911 95 14086
2002 40 19340
13680 2 14134
642 13 6452
4376 92 20622
2649 91 14674
7280 29 14513
1472 62 20136
18061 73 19855
3371 80 4116
7069 81 13264
18833 42 19129
1686 19 8250
2466 49 22069
1215 75 4271
7839 43 8455
2041 61 20874
12770 38 17300
16201 60 20539
6224 86 6409
3570 56 3951
2494 93 12423
5599 32 22084
884 18 1582
9087 50 11225
107 75 3262
4873 41 8085
281 17 993
13092 54 23246
12043 89 17808
2600 20 6956
8729 14 14880
4153 49 22630
227 14 15982
4647 35 15989
4724 65 8690
