500
4579 15 5052
3928 37 21480
5363 97 11813
3456 1 12420
23516 53 24344
4335 7 7542
17302 80 18540
669 16 22916
3534 44 18647
9194 51 21321
7806 95 22375
12070 60 21910
2781 38 3888
6753 60 11064
1507 66 19678
2020 2 7278
1090 25 13302
1541 26 20868
1134 100 7680
12119 59 18373
4098 32 6128
1166 97 21915
7169 29 9374
5500 83 10162
5935 35 19044
1727 2 1923
9586 95 12412
3147 75 11339
698 93 8910
3869 61 7752
6088 87 24821
3135 47 4592
4454 53 6360
9878 79 23984
7342 28 8969
2513 41 22859
7333 73 16910
12764 82 20300
493 45 6274
5373 3 12097
2626 21 7569
5806 47 13834
2556 45 22469
12808 5 20086
3464 24 5219
16371 39 23087
18011 5 24608
12611 99 19901
12928 82 21071
10164 1 15543
5721 11 21369
1060 52 6881
3375 66 11614
15408 5 18025
8983 29 20757
1772 4 14273
9284 31 23642
5569 6 20039
3469 23 13978
19315 9 22503
5262 2 16431
6128 92 12671
9545 73 21905
5747 34 7507
7 2 1810
4308 50 7356
4066 46 24249
11166 37 12657
5250 90 22318
6089 65 20108
1093 2 13256
376 59 1089
270 68 6753
7687 30 20008
950 98 15470
9435 45 18133
21694 35 22744
6701 53 10741
11085 3 24844
4365 55 7680
3092 29 24682
14922 7 21506
18448 50 19054
6862 21 8193
114 63 5615
5625 60 8065
4575 12 6782
4337 7 8860
6137 21 18547
1048 20 3668
6304 18 20810
15830 52 18616
2253 43 17509
4955 64 22405
3712 46 7244
7451 18 22413
5787 29 5888
5989 88 11975
5399 72 6667
1087 80 21621
6811 38 8889
5780 25 5939
9749 74 12579
6584 72 11485
1853 92 5402
6320 36 12358
17977 39 21039
4802 71 19768
5747 34 15113
4323 12 6087
14715 22 17340
584 58 5143
6653 57 9745
5772 7 13995
5372 62 20835
6430 23 11694
3501 78 12582
3828 64 6336
11512 51 23562
6228 69 19753
1636 59 2677
16494 84 23158
4597 82 22656
16517 36 24085
7893 97 18593
4788 29 23302
8847 69 11463
3274 24 8235
4562 17 6236
14011 73 24959
868 6 13760
3753 3 4319
1970 73 6803
626 80 22512
6391 89 15136
3844 90 15447
6759 88 9530
5484 22 18734
3306 45 9620
3021 83 21860
2426 19 11664
3799 17 7023
3538 50 23547
3257 20 10550
7342 45 23401
72 92 11930
5216 60 8520
2658 65 3982
3045 87 5740
15414 31 20468
2082 60 16995
1136 39 14422
10051 57 21824
4877 57 12263
20826 64 24818
7302 14 15368
10429 15 15218
333 65 20292
1168 26 12014
4929 10 18659
16321 59 20984
2457 3 19563
7731 82 9702
7239 48 12442
13164 21 14478
12272 34 22285
2167 70 13620
2262 19 4845
1702 56 6250
941 78 1845
2825 97 24571
9596 15 17930
1520 18 5443
11416 91 24007
8601 47 14148
9 44 4997
5544 62 17802
4181 98 8892
2197 58 6345
4619 38 6844
5707 71 13513
13496 31 13784
1225 57 17149
1612 75 22459
2283 6 2626
1198 87 3889
20642 76 21317
4935 76 10530
1057 75 3539
4662 53 20926
1204 76 3942
1638 37 2716
3718 54 15766
4679 16 11484
6442 56 19401
17972 83 24335
571 67 18499
4988 29 21944
511 16 8394
2995 54 6916
10379 6 11024
2541 10 7950
3859 27 11255
1531 87 24907
22327 8 23660
5308 46 15437
6960 30 12764
6916 9 23220
1026 88 17049
2039 64 11173
8651 34 15252
6152 58 8749
7571 10 17440
2098 64 4147
5315 28 10782
1856 16 6104
1118 9 12472
3659 74 24277
2977 36 8834
6455 97 7123
2782 55 12359
3832 19 10026
19117 11 24319
16604 13 17205
7353 48 21253
21354 60 21689
14808 51 22363
476 91 3682
10781 67 20681
28 24 3059
5773 65 12922
3357 44 9115
4544 59 20836
9840 28 18461
7798 63 19445
1928 44 18467
6432 8 11659
6890 26 23198
2075 17 14982
3790 18 14766
3128 12 3323
2022 9 5921
11820 16 14127
6788 99 13348
13286 57 22863
6663 89 19672
16987 80 22307
15311 66 24752
10884 13 10960
597 76 23837
1835 27 13835
1620 27 18069
2943 99 9649
3199 95 7635
20457 44 20558
13544 51 24107
1493 30 19034
1124 76 17145
3227 72 15355
7283 100 18554
2428 44 12512
2513 12 5225
13022 20 14832
1678 40 7048
1015 87 4571
752 23 20987
6716 99 13604
11375 53 19729
5609 43 24858
18215 88 24167
5736 14 16204
10503 11 18073
793 35 6368
4609 28 6430
7758 69 8664
7424 1 16219
501 76 22600
3727 80 8070
3679 92 12990
7052 82 11971
225 37 16755
2806 87 20210
7781 49 14590
229 46 17194
79 29 17873
9032 20 11891
751 51 5657
5369 65 24833
1119 86 5400
5366 6 24019
5225 91 7896
2980 14 11738
5251 4 8819
6172 76 16547
1268 45 18046
19227 23 21312
2448 93 16997
13254 12 15816
10210 53 21011
1381 53 5736
5395 95 14022
3114 87 10289
1160 18 5750
143 14 9614
3911 9 23625
642 85 2650
16059 13 20102
969 61 11718
1278 17 21126
3286 61 12395
8722 21 15674
1362 86 2171
16036 59 21907
94 50 19605
3613 86 7488
5125 24 19067
22204 27 24721
13349 4 23155
14936 66 23471
14765 12 16980
4572 71 17871
6536 20 17103
7667 14 13567
686 90 12885
1400 59 22996
652 90 16327
768 43 2386
3093 94 8932
3542 93 5406
11340 16 15178
3373 81 12068
94 49 6794
6791 8 8932
7968 32 9377
6321 72 18099
7274 13 19337
2730 14 8988
6493 39 20710
5932 97 18139
6432 7 15515
13029 76 18999
9029 64 16240
14500 84 18656
6273 25 14469
14776 6 22481
4420 14 7917
1560 19 3053
1606 68 8246
13290 55 23543
3547 76 5906
10693 54 18244
7642 73 11567
3048 100 6768
2801 63 18872
429 73 3997
7704 88 19751
3001 44 19775
8013 77 20550
7249 33 16440
12457 10 21298
1357 46 11927
1090 6 1542
1928 47 4536
287 18 2579
12966 63 19720
970 46 7345
3890 14 7704
2699 70 16475
7294 30 21050
2698 13 8409
7689 34 10804
3255 8 14849
4857 92 16792
16595 24 24827
1963 56 7104
6646 30 20813
19622 69 23201
9620 82 22308
1771 49 4422
11440 44 22878
1705 77 15368
937 79 2996
2655 26 6038
7578 11 23843
5900 11 12253
1173 98 5973
10049 31 19941
5524 22 15626
3312 30 12869
2452 91 4141
7443 38 7698
15059 75 17681
906 78 3961
3023 21 15665
4933 13 20616
2842 92 14620
2789 21 21563
4091 44 22263
3366 61 4600
2308 68 12917
4631 98 6573
37 82 12245
2156 62 19444
2343 69 24565
9899 53 23610
792 11 4663
20778 85 24750
5618 29 23841
14237 6 15115
3072 58 20626
6706 89 23149
22803 13 24881
4733 75 6682
7086 73 9511
7823 38 21068
61 42 5450
2572 36 10860
2046 75 4125
6046 78 24757
14432 32 18716
4441 70 15778
5009 96 18604
13610 35 19533
1427 68 22861
1330 95 2061
11503 84 22646
19258 7 24413
5037 89 22682
11823 23 14152
5402 80 11422
3396 33 4102
13358 2 15219
2032 23 23929
10015 75 15136
806 28 2231
672 58 14400
2780 32 6521
3126 51 20541
4761 56 19446
5118 50 23771
13642 82 16813
9517 71 14979
6107 54 8418
3008 100 5116
5263 20 24207
2471 39 11506
860 19 5511
3828 28 14097
364 5 14033
6906 39 11000
10351 44 15741
1728 65 3260
8454 93 20836
2408 83 24695
2792 80 2872
20878 18 22984
7498 94 9713
18252 81 22213
6377 81 18101
6547 21 22304
6557 31 13830
7203 17 12848
19 70 9182
1621 26 15182
1954 25 7180
1618 76 8709
20593 74 23585
5194 32 23496
5014 4 17836
23724 66 24245
1706 61 6144
7306 93 11730
3591 88 6424
2094 61 9049
2063 67 7617
790 32 12886
16307 54 23789
3133 93 5104
1955 83 3661
17511 38 19359
1503 86 14532
8603 70 11180
6150 5 11151
2074 31 5262
9274 40 14493
5067 19 17255
5800 80 8362
4777 30 9748
4952 69 13226
728 14 18483
4176 47 23741
14637 71 24485
7295 93 21300
2613 54 2974
1603 83 9896
12024 3 21485
2714 94 6915
11330 94 16607
3638 44 18311
1128 50 10297
