500
3444 14 15257
20100 16 23733
12762 86 17984
11970 29 19427
6656 60 8543
1280 54 8930
10131 66 13194
7426 65 16576
8749 59 17674
1792 51 6376
237 17 20283
13501 70 24722
2074 24 8537
5696 89 15777
16698 35 18761
15645 60 24704
10944 78 23795
2648 15 10224
6883 28 7763
3023 37 4253
2782 49 4863
1527 84 11174
1776 17 4131
5015 6 12077
3446 36 5421
1191 88 1651
5150 26 14762
1177 60 9200
21186 24 22160
6056 30 16880
8346 88 24119
6625 98 19036
3707 53 20445
2298 42 9389
26 17 6563
3696 100 14461
1054 89 2517
3583 33 4304
5196 41 19464
10921 64 14963
2094 37 6383
5340 62 13102
3734 52 20827
3968 80 9762
2565 93 13250
5721 35 23853
13543 21 13752
10514 80 11294
1960 91 16908
8186 49 21872
5857 30 8174
13754 62 14451
5401 97 19271
6199 50 8635
5531 35 16549
10716 68 22445
1152 20 24705
353 44 20265
2704 32 12644
4278 75 7144
9094 36 19387
6254 24 12988
11631 2 16895
2545 43 4931
443 1 20505
1054 15 16374
1246 71 14896
7446 54 10640
1163 12 16807
1256 39 4594
546 45 4623
7664 86 14033
2766 96 18707
599 7 16105
2759 80 6742
15663 57 19322
2944 1 9684
4987 79 20252
4774 40 7506
1042 78 24686
140 90 7584
111 78 3283
13923 78 23954
8887 89 20664
17211 44 21759
976 7 1432
11716 26 21417
1951 11 5444
8364 96 11647
142 17 6394
5720 51 14543
8725 12 9007
2225 21 7268
2763 43 4750
11367 66 15985
11094 32 21539
10853 45 21968
114 73 7200
4586 41 16033
5285 48 15805
5673 15 14643
2232 71 18479
9530 62 17360
5710 45 7433
9209 1 23776
8290 69 15916
6746 55 7756
8880 11 17371
17177 77 19662
1161 13 20144
7354 71 18933
1268 78 7595
4612 19 14946
2204 50 7397
3690 15 6516
15468 1 21420
15119 26 21342
15000 84 22348
6616 17 23710
2830 97 7934
6422 8 6701
16371 88 24939
10470 31 14516
9902 39 18705
5093 27 13814
7697 27 11277
3241 30 18752
3848 79 24277
11299 51 13360
2710 34 8924
4030 4 23151
1441 4 6062
6552 76 17005
8401 47 14599
7561 50 11922
15109 99 23093
1258 38 20607
9272 51 19610
569 8 7012
6222 89 11488
3726 67 3797
3838 53 22560
3470 50 4108
17795 72 19785
911 40 14133
5456 32 23718
3001 33 20083
7543 88 19201
10469 98 20494
14263 50 22522
11857 16 19347
6873 1 14948
3265 92 23918
1572 53 4299
8098 17 15510
2073 2 2154
5957 82 14859
2883 38 4747
5584 57 6801
215 68 1511
245 97 24959
4635 15 6294
1347 12 5199
633 2 19515
562 83 9161
3164 92 10976
4387 43 22683
3481 69 16406
8209 4 11644
7561 49 11708
2695 64 19919
2265 58 13924
20464 47 23664
9135 25 12505
6190 81 10049
3206 29 24253
3909 64 16613
4812 13 20016
1731 41 6417
83 32 14132
6780 23 7145
405 32 3499
16224 40 19512
19112 57 23618
1414 38 21284
4892 19 5120
2302 79 23411
6340 38 6389
17028 66 19462
8139 21 18144
11820 3 21247
1172 18 15435
4608 19 15351
1065 54 6024
5134 65 19708
11210 65 22226
2706 9 6295
18603 64 23410
5461 44 5609
1735 87 13182
1595 29 6276
1709 40 3178
27 55 8357
2192 5 17610
5882 43 16694
1444 63 23243
4039 64 4464
24499 33 24663
20034 26 24252
1936 94 2176
1163 9 16942
3325 77 4859
11690 34 16083
2762 22 7719
11113 85 13312
9211 24 12598
13434 3 17670
1721 11 2470
12509 70 12824
2222 12 13856
10342 9 13599
6848 24 12157
276 81 13625
3466 36 24739
14884 74 15651
500 65 2814
7063 39 19123
5031 12 7204
4604 88 16169
10902 78 24407
12713 93 24109
9535 27 14637
6575 18 13002
1558 54 2615
256 28 13115
17616 58 20441
22193 27 22366
380 51 7420
14564 21 23938
5245 75 22369
129 49 24401
5756 43 19883
21002 23 23168
4089 4 14842
1386 69 10993
2298 51 13181
2583 73 4100
7754 54 19271
4027 83 23745
5320 94 19518
4154 65 15079
2342 20 15379
2822 89 21956
68 67 16211
2045 21 16262
11887 64 15023
5614 23 19096
7320 95 10920
11919 5 15613
21959 79 23001
21451 32 22370
313 60 10356
1673 73 8906
1897 16 20690
11735 87 19782
3984 74 15715
301 67 11487
5290 43 9699
7040 3 9837
29 90 20326
4547 12 16935
864 24 20803
1572 67 11941
15042 3 21947
414 23 3970
3455 25 14440
3825 100 10169
721 41 12521
1634 48 23706
17280 1 22013
10441 74 22529
12940 23 15067
5456 86 16676
2609 93 20563
15054 4 19423
6262 62 20018
10555 46 13115
672 59 15791
872 71 5323
4638 72 18663
2174 62 13480
7253 99 16407
4144 6 12723
13568 26 21770
5425 99 10580
668 100 17711
351 85 2081
3215 29 7429
3375 39 9062
3075 60 20912
704 7 17725
12774 5 24687
6177 63 22033
6632 33 6766
5828 24 22675
5203 100 24522
4854 11 11456
15216 82 16551
8550 13 13002
7613 23 23599
7918 34 18267
3937 16 21054
17126 97 17854
3568 50 8485
2940 36 3308
16488 75 21431
5432 54 20152
10925 72 21269
1918 66 12467
7134 36 11756
5272 45 18764
6895 56 7134
3724 11 23788
3089 61 22503
11274 84 20094
2589 69 17990
10379 1 13242
3658 92 13533
18839 9 20080
3527 19 5362
3317 27 10139
1629 7 6973
12092 58 18152
13270 6 14931
2360 4 2387
3700 35 7382
4942 20 16161
9528 32 13738
1014 35 20900
799 40 23088
4178 44 23570
2473 66 7372
3393 81 15968
4718 48 10895
6696 49 13072
13719 44 18795
2622 28 14017
6793 95 17941
12027 91 13419
9730 71 21814
10294 59 16344
2781 37 3954
5206 24 20173
7393 51 11520
2349 14 23368
7471 60 17141
2360 60 2967
696 16 8036
8142 77 17455
12327 36 22014
2992 41 17085
10379 66 11725
2889 94 3411
549 88 22479
3887 76 22196
1408 68 6053
2152 20 15612
2641 83 16940
92 20 2882
7644 40 13948
2031 76 15469
4160 43 16956
2786 57 24237
6597 52 12674
2370 93 6988
9943 35 21823
18333 11 21342
4761 87 10302
12143 12 16817
64 52 20478
9275 56 22496
10209 53 18947
4100 35 9552
3321 91 21520
13800 46 17516
5438 1 19430
6636 63 10417
4818 39 17258
5800 24 23819
1719 79 21884
4151 87 18636
4263 71 20747
1609 67 10103
5988 34 10656
854 6 9813
1538 12 20154
9508 28 11386
9318 76 16291
13625 59 17454
7618 94 16884
2231 91 14082
2119 30 4763
177 84 23599
7565 96 19613
3521 56 11292
3780 28 4583
20413 69 22326
12510 11 17397
9478 18 16356
5121 32 9246
3808 16 15597
12145 68 19874
2119 70 2987
12462 59 22580
1513 99 10346
6564 5 23546
2797 71 4087
477 32 17432
21132 3 23353
3249 78 12354
279 79 1899
4617 51 24307
18508 75 23832
3918 21 20095
5442 66 5706
8822 38 21871
5713 76 7884
4826 1 24123
7395 43 24350
13193 92 19012
4410 94 6945
1858 71 9917
3270 26 5724
6780 33 9169
8005 10 23135
6950 59 9478
810 38 11725
14024 99 14666
2243 10 20846
7446 32 12561
4184 4 8834
14887 86 20069
3203 39 14117
4621 7 18884
7344 30 9932
1532 19 21493
1094 73 10634
10221 38 23114
3865 48 24637
1052 99 17040
6875 69 17459
13136 27 16966
7143 83 24561
7302 100 20094
10157 7 16039
1444 39 2604
2563 4 11166
10229 38 11308
9361 31 12747
9757 88 14161
4994 71 6256
2942 78 13596
5519 30 22961
3413 19 3559
3692 19 12304
2746 74 4957
652 54 11181
3437 68 9325
16539 79 17909
5304 25 17955
1853 65 13882
7470 96 14761
593 31 4629
16896 5 22271
3489 39 17833
1529 92 1680
10463 4 24616
451 77 7938
5771 47 15269
1350 98 1689
7238 1 22279
6278 94 15400
3228 17 7411
4995 16 7230
3940 79 17557
2893 14 10739
9718 37 17690
6565 73 8619
2812 76 3023
9297 66 21839
1097 82 13261
12690 21 16098
2698 91 7342
953 85 22439
1119 90 11982
11445 52 22575
363 35 3758
7148 48 11347
4041 33 17239
5361 65 9280
