500
5102 83 24345
12875 33 14699
1880 80 15443
17887 44 21541
19820 61 20404
2353 77 3814
16880 98 24429
727 100 4420
886 6 2343
3606 89 24381
11173 75 11596
4615 25 8482
4153 10 5308
15201 11 24616
1563 86 3851
12959 15 16709
371 88 12455
4958 43 5617
2851 85 13847
5864 55 6512
1106 27 19697
1737 91 7334
4580 18 11926
12720 85 17925
1919 23 6336
2984 78 5190
5617 29 6614
6802 19 22138
19728 23 24961
18379 33 19071
1516 38 6661
1713 64 22371
7712 29 9563
11545 6 15516
5036 31 14150
3116 15 5651
1829 84 15853
441 73 7326
3019 23 15217
7603 14 12438
6592 31 21364
9176 43 17578
13 92 2796
2418 29 4757
301 7 18773
5382 38 7709
934 91 9500
3664 62 5014
11105 97 19339
11272 15 19747
23043 34 24362
3076 2 11865
6893 20 11186
2791 52 3096
6646 13 10471
758 36 4339
550 38 3802
5051 1 5553
2969 90 4451
2905 28 7148
1173 63 14022
807 75 3506
15011 89 15784
13426 46 14844
3025 1 18654
73 22 5330
18871 70 20720
5024 22 6320
3788 51 17387
8620 10 9444
11547 17 21111
9048 91 20417
8975 74 21180
1899 46 18733
1581 27 13152
8410 94 19339
3945 36 11780
8049 50 24142
7601 26 15815
2677 26 15170
7165 25 10713
5898 15 16786
859 54 4430
13679 82 15339
11110 75 12691
17110 82 22649
10441 19 18512
447 81 2058
1707 4 23672
3578 84 24123
685 8 6527
9691 56 17306
2038 53 17543
1967 19 7645
2815 49 5465
250 55 6757
4366 12 20233
9501 11 14271
6383 33 23981
1054 39 17300
908 73 21353
1149 28 14582
3337 39 17948
5154 40 18813
8394 30 10366
16 53 15978
11301 70 12403
19874 100 22751
319 83 1587
4391 45 8443
505 77 2563
1369 61 3036
14878 71 17349
807 34 12544
467 1 7908
2691 9 21578
12521 19 20069
14001 14 24606
9305 67 14163
1523 5 24168
7514 13 23967
2283 19 12877
1896 77 14144
2495 85 12297
5130 68 14398
10188 88 21949
8413 68 24043
7616 36 12518
18 61 10926
4433 44 5384
5694 53 17449
7526 92 8496
4125 43 19449
10971 64 16692
7079 20 24503
4809 72 24535
283 10 19980
11573 42 13555
3705 59 8027
7863 68 9865
4227 10 8847
2117 68 7971
7539 67 7679
1791 98 14008
530 19 4929
292 78 16076
4780 73 14670
1670 37 4536
9320 98 15892
7443 24 23668
5824 20 6876
6990 48 20393
14182 25 16578
984 25 5164
3279 24 4253
1589 46 3810
2240 80 4251
8084 32 13435
4553 32 6310
3798 30 18801
1976 4 19329
1454 32 3967
207 8 6989
5989 8 12824
113 38 2433
525 33 16908
16279 44 20342
1965 13 2702
15488 28 19072
2732 75 8893
4393 69 20705
1708 89 12125
1706 1 2770
9787 58 19997
6957 74 21690
1879 37 15963
4050 64 20802
2573 37 4802
1167 59 19802
2133 78 21511
318 36 6372
303 99 19982
2053 82 20446
2784 40 24440
12660 18 17589
6306 23 17107
2701 60 23700
9699 7 23949
2627 70 21282
8864 8 19665
2088 11 14825
4372 88 18702
11086 39 13781
498 20 3763
5504 77 16079
720 27 10526
4598 88 15536
2815 34 16654
4647 88 13746
1122 46 1564
1574 78 22630
6990 18 15008
2685 30 2849
5454 76 24224
1754 90 18478
1404 13 2300
10452 11 21731
1931 59 10007
5355 43 21823
4959 46 18471
4044 16 8722
4016 75 14902
3526 2 15761
7450 29 13388
5046 71 7950
2871 39 4763
945 3 1084
2097 16 6863
7462 34 23822
4491 53 17085
20954 14 21761
1861 68 5722
1810 39 2526
12058 38 24342
992 19 3425
9810 92 24839
3736 10 6510
10686 6 22815
7254 48 16789
5690 52 16125
3235 49 6941
15055 98 24676
2913 45 8906
9084 57 15530
1275 80 5525
12353 67 18815
4268 4 14262
1817 31 23991
1525 40 23886
8693 25 10995
8401 34 14442
1650 73 6093
18155 71 23078
2119 13 13227
4133 37 19710
14954 33 19195
5278 7 18664
3966 9 7029
6287 64 10046
879 32 6847
4019 49 20306
1575 15 3815
6642 12 9608
5109 74 24094
1931 9 10747
6104 35 7746
1722 10 2852
1635 19 6512
139 82 20572
1496 29 16237
17991 88 18557
14190 87 20425
545 70 3588
4071 75 7700
3291 18 6087
612 41 3932
429 41 6298
474 44 8357
14672 88 15467
1980 73 16526
10576 59 16592
5546 61 19364
16906 28 21687
793 37 11430
2029 30 20713
4512 49 7476
11943 43 21224
5658 65 14491
1015 58 14393
2899 94 4474
11030 70 15938
6923 33 23175
2200 66 16713
20625 93 21593
3328 4 12578
586 53 6150
950 49 23034
3757 10 18256
477 62 1588
5890 51 23773
5647 70 13962
13523 65 16912
1613 65 17680
9091 84 14778
6880 32 23472
4694 28 12426
2582 14 22520
4094 77 5257
5280 63 13128
12675 19 24385
272 12 15589
16770 84 23259
6260 1 6339
2837 24 7794
8884 31 22235
10779 67 11959
8060 83 23040
8796 97 9675
11121 22 23121
4957 27 9362
19616 46 21606
18823 39 24520
1017 75 7191
1200 94 15470
1729 20 14694
18359 76 20627
13671 90 14825
10939 45 16745
1412 95 3542
6690 28 14617
6610 58 19284
765 1 14801
15165 70 17779
16077 91 24657
6965 43 7492
6970 39 23560
1479 43 7535
3822 81 6082
4160 26 5539
6872 32 21271
3070 15 18407
6072 94 21851
15823 52 20618
4273 22 9873
6925 31 8774
4450 39 5411
2690 11 22592
9789 45 18371
4833 40 12049
4538 83 22751
2245 64 4606
3802 26 22074
2579 48 5203
138 65 22699
1136 18 3057
3923 3 21432
6660 37 16874
160 94 11284
2334 62 4992
4810 62 5222
211 93 5728
2264 45 9088
2317 37 7884
10695 28 23364
8260 27 19290
5443 54 16213
773 90 20401
9400 8 21583
4336 29 15399
1950 84 6132
11038 66 24969
15467 62 18329
2598 65 6635
9746 68 17148
1808 42 13356
3591 49 22351
5694 87 16879
5340 84 19390
18682 25 24382
4940 28 7625
11030 39 23694
2976 29 19089
540 47 3941
3343 55 6486
6053 53 17793
6178 88 20918
14099 57 17300
2223 65 8938
1351 83 6949
1262 58 15423
2077 8 14085
18605 18 19047
4089 91 24625
17551 55 20507
1547 64 24737
19985 69 22464
3431 99 22479
49 30 8747
4444 21 14653
709 74 17196
11108 37 24420
7806 92 24769
1776 64 8396
2113 85 17264
16091 30 22654
13368 89 23141
2269 80 6182
6321 36 8175
5011 67 7460
18763 73 19556
9702 22 14983
2927 78 3460
6496 22 21334
9580 48 22127
9381 79 22411
861 97 7625
6702 48 6891
4932 65 12049
2537 25 20780
2446 85 23819
3417 64 15922
16145 57 24002
3529 2 6101
4137 58 18161
594 36 23133
3908 49 18617
3642 83 17248
3277 50 7383
2165 38 2624
6448 71 14300
1200 93 3778
5037 51 15912
21199 100 23782
3640 38 7398
1569 9 14524
3625 69 15676
4601 48 5166
526 5 3568
5992 41 24352
3139 100 5705
2572 52 7734
15394 68 24916
7421 51 22124
10275 15 18988
4966 9 7261
2957 10 9330
3336 93 19890
7044 59 22331
110 84 16436
1624 69 12100
6062 88 17616
18779 50 23304
6970 40 13311
5129 81 6884
3040 12 20906
1674 33 4556
2038 6 9271
3101 11 14141
8811 20 23644
486 53 564
14434 81 14588
10152 64 18565
4526 30 24410
4587 39 6763
18253 40 23462
13098 82 19294
6024 35 24910
462 79 17907
8771 95 24580
4959 49 5380
1421 32 8218
1117 78 21319
4858 43 17135
11852 3 23762
5281 58 12906
14028 71 14737
625 27 7208
8515 42 21461
20148 86 24324
4546 3 7416
5909 1 8408
11860 41 17229
5363 53 6376
349 100 6118
11334 30 15740
1751 77 10994
3775 59 23976
7305 24 17830
3193 91 6693
8649 9 23356
6973 19 10069
6132 51 10578
3943 25 16086
7067 86 24266
6266 3 10305
11578 20 17181
22270 43 24777
20826 81 21408
586 97 19636
17608 87 18551
2368 71 11642
2610 39 3897
6641 57 12780
19369 49 21905
3051 56 14165
1792 80 14413
6885 74 9067
3775 50 4241
22075 53 24429
793 56 11733
