500
125 2 7058
19131 74 23556
1653 3 23010
2797 99 16732
1104 47 8619
985 77 5065
642 37 10874
14082 3 21194
9500 47 24046
7080 1 8302
442 67 2729
1661 38 7533
4511 37 10416
2667 77 24699
3649 37 13131
4460 26 5848
5422 92 11438
18094 60 18416
20212 30 24615
7243 29 8866
1833 11 20862
474 32 1588
12486 66 15473
2709 83 7101
675 75 2190
5055 80 20726
1902 6 22534
4738 12 4770
16945 42 21390
1380 9 2814
3921 33 21318
7052 63 12219
1448 33 2309
22888 95 24536
277 46 21337
1808 38 2332
8768 94 19387
7207 51 17412
5476 60 7118
21607 86 22703
5907 3 17858
9148 55 19449
15273 67 21849
2543 27 17940
1671 14 15701
10526 23 21553
3569 47 14463
2344 65 9312
2272 88 7691
1406 40 2602
1673 97 6972
8907 51 11411
120 43 7374
2725 57 15412
905 61 8821
2251 43 20603
2704 35 5701
17348 52 21743
4813 36 8807
10847 78 12933
5704 29 15651
13121 82 16421
7392 63 13634
13540 74 24532
10515 46 20521
1180 75 16013
20847 28 21261
5846 10 21668
10434 84 21352
11822 27 13188
4740 98 6989
586 49 24547
4562 61 9487
18234 3 22967
6304 8 11712
4926 60 13300
1068 99 9346
1500 93 1777
11040 35 14704
4679 51 14352
10065 29 22770
148 65 16688
13230 3 17942
3938 33 11114
1624 69 3299
19380 40 21250
1524 98 18147
1613 35 13699
7343 62 23339
5918 98 23927
6441 22 22090
1638 98 23927
589 89 21229
226 30 19167
5641 77 10970
18505 21 18713
2682 54 2915
15140 52 23374
14638 21 15221
1257 68 22447
2094 64 4258
7968 19 23367
1620 32 23133
3014 30 7635
792 31 2310
352 77 5225
4287 86 8509
2793 41 4972
12107 47 22894
12954 97 18922
425 80 8784
546 4 17218
2874 99 24981
1046 4 10574
581 28 5169
6912 83 24907
9435 29 23521
1942 18 21040
3083 83 4907
9451 62 24252
5328 87 14554
6533 53 18185
5664 4 7847
458 88 6308
3021 81 4841
5283 5 6563
17427 63 22924
11820 65 20314
14515 46 21605
3388 28 6470
6106 5 6985
5169 57 8099
1976 7 15967
9097 25 24210
3639 73 19106
7928 13 13698
9917 22 14582
1284 100 3166
5711 100 11643
14416 5 22633
6846 98 12253
2716 52 2818
6308 16 12461
15935 27 24388
10815 37 20935
8868 53 20595
17231 14 17963
4899 93 19229
1708 11 21152
12211 50 18032
195 39 1410
6378 47 24592
283 81 19996
659 75 15998
15811 38 17632
625 42 17105
3687 59 17443
8588 43 23611
2697 83 5206
12232 35 21306
1856 33 8252
10148 43 19006
17669 32 20053
7467 54 9886
1106 87 20019
5512 84 11347
5342 34 16660
5856 63 7856
21468 28 21955
11007 68 21879
16175 35 21100
5200 6 16357
6743 28 11029
8666 98 20855
2033 27 13097
17442 53 24218
4088 100 17133
5319 1 6790
6778 85 18767
2865 50 7013
635 78 1708
12740 32 20261
6632 52 13199
230 69 12470
436 40 21779
2188 97 7738
899 24 16899
217 39 18270
1792 25 2034
5708 37 7321
1121 76 5531
5968 63 20869
783 62 17588
9047 6 22223
4907 24 5334
1258 27 6126
21563 30 23422
5708 35 18352
1291 15 6405
6991 73 15799
1346 30 24781
24207 88 24898
6587 75 9246
19273 37 20241
1489 41 21125
817 4 4948
901 19 20663
2426 35 24988
1325 59 7074
596 20 15939
3538 2 24117
4835 21 16426
9317 10 13806
4232 45 4485
2609 26 8494
1179 35 7398
12203 37 16705
2888 26 7453
4885 14 24117
4231 37 22492
18569 60 22609
6299 22 7534
7268 49 17951
2702 88 17627
3130 78 17421
8310 39 9049
7747 18 13908
2598 51 15154
19764 75 22945
367 13 4609
913 59 19038
14693 45 24398
2581 83 21159
6006 28 13458
2306 15 10164
9860 78 23756
5232 67 18617
1040 74 24078
7257 46 24757
2621 96 4771
5268 87 11739
674 66 741
4165 7 13300
11698 5 12416
500 61 23567
2364 63 5979
7626 6 7738
5015 3 6697
1866 14 19716
13616 13 21902
4963 91 16434
3352 76 6337
7378 89 8739
384 11 18371
6754 56 11411
945 33 12383
4960 61 18218
17825 93 21665
4158 71 5791
11772 63 19468
2688 47 7592
8463 28 12366
4291 100 20538
1157 94 3951
5566 68 19872
5588 2 6637
2305 55 3525
3821 28 10072
1947 50 7915
518 50 6652
15960 57 16591
10923 16 11436
6071 39 19016
4078 46 5271
3149 86 17481
3718 23 22283
347 82 2710
12552 65 23361
5246 34 12220
5723 30 17758
6622 5 19590
389 20 3769
22048 4 24213
1680 47 3120
21240 96 24421
20188 48 20494
638 48 7493
8114 17 9245
5964 99 16970
6502 91 15272
6640 2 19079
19353 34 24340
4432 71 15806
1979 86 16203
516 19 2818
9332 26 13225
1923 29 18159
4429 6 23888
3950 8 10782
13944 14 18978
1731 46 6512
4217 33 13545
15111 75 22493
5331 31 7519
1279 86 15620
2655 64 10287
34 29 1363
4383 31 6086
13672 66 23112
2397 73 13850
6062 7 23788
17193 87 18563
1764 57 12656
12859 50 17002
8477 78 20750
3140 77 24194
6724 21 6756
834 53 22778
19845 94 23310
3981 60 19108
8150 46 22669
17267 90 18068
3390 33 6318
12717 34 21405
3682 51 7126
14087 56 22859
2940 91 10882
2988 11 12151
2607 72 20294
246 36 24447
6256 23 12851
18968 30 24109
21640 27 22498
1185 80 20968
7812 51 17272
6677 53 22703
14356 47 17483
2036 55 7113
522 29 2124
12267 69 17135
487 38 17608
1462 72 10946
3791 1 7335
4889 3 20127
6501 45 23892
880 16 24627
9157 98 13608
12197 90 23350
15658 36 24266
6207 43 22335
670 47 23337
5782 8 24643
2171 67 19439
814 67 16804
2831 21 21943
1021 94 20376
17111 54 24768
3026 58 16467
9860 99 24480
12106 62 21661
2886 24 8550
1229 42 5122
17819 84 24740
6307 12 8155
2187 61 12472
6298 83 13103
566 90 22601
11565 61 17451
4986 44 6453
7223 46 21708
6995 9 23573
6759 63 8626
7025 56 7620
4185 1 22200
2487 27 3091
655 80 19721
12511 16 15771
1736 32 3375
6001 5 22251
1829 95 7264
257 61 16738
316 30 749
2839 46 11645
2175 49 10292
12509 59 24632
5527 79 19933
1869 34 16536
7317 70 20220
4221 28 20940
67 28 11921
4953 45 20286
235 83 1171
2395 96 3472
3231 27 4221
14941 80 24365
2343 62 20502
16353 71 23358
1559 33 22044
11875 4 14619
1353 35 16457
9962 72 17977
2407 25 5506
4519 52 5738
3372 59 21950
3289 39 5247
15302 49 17647
21419 10 23006
4125 35 7843
1744 82 13661
2674 73 20695
3853 3 9909
6210 49 19287
2978 2 16601
3699 1 20622
10462 71 11686
16953 32 21015
3600 66 14466
4853 72 15295
4151 26 15686
2916 15 23144
5354 18 6908
3382 99 20880
3717 27 24477
2681 50 24997
7981 63 11941
637 88 8647
16585 38 19140
3288 34 5801
14302 60 22385
7105 91 14789
736 69 18020
4002 19 24758
7393 57 9115
6339 55 24857
2405 47 5716
3777 75 20952
13479 95 23744
18152 14 19510
5521 30 7318
4618 43 11401
1281 35 16505
5843 35 10751
19461 57 21189
1459 96 3729
6408 78 8116
6176 73 6511
925 51 5220
5886 71 17476
17032 39 24420
7169 5 14663
12859 80 23146
3170 83 21488
2975 26 13030
24193 29 24745
2268 19 7034
5713 62 14969
3702 59 6107
3902 78 22858
5280 89 20292
331 27 13640
832 61 6363
2168 73 5168
14827 85 15864
6653 19 11039
1782 34 4088
1092 25 8272
9272 63 20484
3615 57 17595
6849 39 12644
11881 37 13712
7287 61 22701
825 28 8866
12397 9 22062
6809 93 19970
7705 5 16262
3147 85 8584
2715 90 16348
1116 31 7335
13951 75 16588
605 12 11335
772 97 22213
4020 20 20023
44 9 3658
13688 5 14460
1118 64 15581
18582 40 21972
3171 3 12357
5639 55 5910
2503 6 8820
1703 87 8163
6918 8 13309
1296 87 3508
2835 73 5946
564 56 15709
14850 53 24071
1017 100 2438
2101 68 4164
1916 34 14693
3078 49 9478
1269 91 5357
