500
609 74 16709
11903 87 22127
5197 56 17904
4504 80 6792
3321 14 13365
44 83 2605
1510 19 8911
1548 60 18916
7593 19 21666
1916 91 7172
6687 17 20894
7320 33 16279
12924 87 14416
1115 7 6959
9644 63 18045
16261 11 19858
1852 35 13215
1760 99 3349
7188 43 15538
15258 85 21966
9608 27 11306
7619 38 19501
10010 53 16835
7628 26 23968
4255 15 8408
1683 72 4516
2074 67 6893
4091 58 23582
2437 76 18836
18745 48 18884
4240 100 24531
8862 52 23010
5425 60 21743
5643 35 11013
4129 44 19826
9670 32 20922
329 17 24200
7134 25 24956
2721 41 13782
3857 89 13300
2059 59 6343
4936 34 14387
2503 27 13423
4231 12 11500
15125 73 19416
4590 31 8185
2165 92 6133
1915 22 20876
6223 89 21329
2934 3 4004
17552 10 22081
4067 18 22873
7561 44 19403
4308 71 5317
1397 58 4745
8812 1 22669
1089 63 5786
3442 42 7588
10062 25 21866
8612 80 19532
5668 16 8606
2560 52 3508
16206 33 17115
5819 82 6444
7742 64 14115
3754 23 8421
1010 19 12359
10309 1 16122
15936 21 21472
2668 65 8019
4582 46 22112
19396 57 23619
7442 33 10674
887 81 24309
16119 45 20177
3051 33 5069
8652 64 9816
6097 24 9420
7773 68 16973
6075 11 14015
9832 30 16082
1190 44 3519
9507 24 20935
3894 44 12173
2289 40 10620
1774 21 11355
9461 82 24592
22908 73 23283
4515 31 17953
672 47 8619
5338 64 14698
9288 39 24354
3115 8 4279
9895 66 12851
11848 93 20814
1087 5 10312
5069 39 9592
1650 36 10190
644 42 14055
2156 75 21157
1216 10 15864
11955 23 24208
15980 20 18713
1249 86 20822
2803 25 5725
5791 43 12551
1860 24 8831
9551 32 13736
1834 63 2591
5607 52 18390
17088 13 18186
6077 87 11515
16938 21 17653
6782 2 24031
10146 50 14635
11112 23 20271
6224 70 6939
11538 54 18775
13899 50 22075
1547 79 14076
5497 56 6648
1344 95 2003
11291 30 22670
4142 34 8345
2642 79 5037
4366 33 22476
10714 61 11297
1469 23 13414
819 60 20571
2479 81 10501
3577 84 6582
10101 27 19772
14777 5 21175
5126 77 6005
13893 33 24204
9840 74 16554
2219 35 12346
2373 96 4425
973 35 13072
11027 64 17935
1350 47 19869
604 28 2593
2216 19 11551
2836 73 12529
13371 65 21993
3970 34 4659
8314 68 22613
2462 49 22560
17130 74 23160
1213 60 22296
5161 85 10568
1321 72 12524
4657 29 10955
9304 30 9433
3013 48 10081
21689 35 22306
11131 20 21171
10559 65 21519
2250 70 23215
581 45 2997
10096 32 12779
16253 17 21196
5850 22 6523
7547 88 24352
4473 4 13529
14758 29 23990
18540 23 21448
2015 92 8945
1127 15 6430
6075 68 6593
16111 17 21131
3735 83 11267
17187 30 17978
2987 48 19823
9335 53 24423
1560 61 5458
1286 65 3085
5958 57 7365
16779 18 24136
7316 25 11993
1195 35 6570
10127 18 13522
9208 6 12243
17673 61 23679
21530 62 23809
9830 52 23921
18728 75 22095
2663 16 5808
3052 5 13323
8762 7 23778
7229 39 8443
18873 61 20031
7021 43 11154
8046 9 8744
768 68 17806
3042 41 16579
515 27 22690
305 95 1816
456 70 2802
28 21 9243
18255 9 24313
5586 26 7400
523 26 13829
4317 57 8470
2612 99 6834
2862 73 20409
274 27 12050
918 87 3750
758 61 23018
15980 62 18274
700 34 12219
18 83 17971
4417 68 6992
1658 19 18640
5549 83 7823
659 98 7358
5664 22 20134
866 56 22360
2716 15 5545
2174 39 5331
2257 45 22081
5307 32 23378
4679 6 20364
3387 67 19258
6861 33 13785
7546 91 16819
3738 13 5397
13295 16 18746
5251 56 6206
1161 31 20428
6825 45 7353
9670 12 24958
2826 65 4978
5690 58 14223
2579 65 4023
21347 55 23632
4472 80 20265
3455 38 9056
3785 73 5470
3083 76 20077
2011 60 24562
17792 67 20223
7541 4 17323
394 31 5670
15196 16 23854
3624 83 11882
2711 87 12348
7551 35 8818
1115 62 7921
8168 99 12631
15164 85 21436
4672 84 18963
3724 88 12823
4228 33 9608
1562 39 22114
1612 98 19823
3548 9 17722
1329 58 14285
9171 70 12953
6177 20 15328
15957 21 21709
3527 51 8137
13514 81 13637
14529 70 23522
7994 26 14502
2438 57 18750
5347 2 10320
250 96 8267
1343 89 9588
7434 81 16032
10352 55 21206
331 22 3096
2519 50 14313
1431 1 21082
6647 28 15565
2802 25 19155
15811 61 21480
1572 13 9419
6245 83 8246
8030 100 16035
5243 46 12057
12965 33 13112
205 43 4764
10336 9 24825
4575 14 13226
3384 35 16665
4843 82 16844
4372 33 14730
2379 90 4859
4760 21 17898
13588 48 24670
5569 19 10532
4194 60 4967
5598 4 6022
16288 23 18592
7191 94 16013
392 79 1781
17135 8 24779
2999 37 21226
6796 44 14664
3888 94 16070
1529 30 23298
2429 13 12839
4658 19 18917
2772 64 10830
9945 37 22466
2567 22 4321
3513 96 7254
4570 97 5645
2420 84 23113
9148 88 20164
4249 96 22910
1803 97 15852
5949 56 13608
6 20 8403
183 71 20549
11383 76 12443
5124 90 17126
5316 80 8728
12961 1 20808
713 60 12734
5767 32 12969
16 83 1668
5485 83 17819
2555 97 21484
3631 66 23966
7987 92 22478
6089 83 17780
100 84 12023
2627 2 4643
3361 10 4514
9920 89 20489
2067 54 16000
732 33 4199
10047 6 15362
1855 58 6728
10416 97 21997
15193 21 17793
1656 31 23383
3498 59 6165
8345 4 18638
15053 28 23773
14571 91 20559
4849 13 14432
8697 42 11389
1840 83 2890
20462 37 22411
1703 66 18427
5417 80 15196
898 44 4768
4195 60 5223
3601 20 5156
1152 93 24698
7153 90 14440
3024 94 4606
5079 4 10673
2333 97 7250
3827 4 5339
6541 61 23964
2253 15 19827
11907 22 14772
2042 80 7677
7547 31 19154
1270 47 5376
502 23 10508
5607 21 12498
2386 98 14020
11640 13 15017
6699 56 6926
4469 46 4816
20179 88 23466
11854 88 20022
5441 25 19544
12010 16 12414
463 81 688
6986 23 12523
9883 6 21584
7840 62 22829
5057 62 16408
4158 5 6938
15954 86 17229
16410 32 16676
14920 54 15592
3816 38 6772
3565 55 13165
8362 9 20521
1701 69 12321
2716 71 3706
10419 95 20652
1883 95 23184
1382 73 19156
5763 96 16235
379 1 1329
9305 83 18963
62 63 596
783 20 1493
310 94 22100
6756 58 15637
4500 78 18375
5051 34 5809
14645 41 24478
1692 12 22843
7357 93 12427
9988 93 12646
462 99 11004
4476 41 4951
6333 40 10773
8302 32 24585
13301 50 17885
11097 43 15134
15275 56 20103
6705 34 21656
1457 24 9879
689 61 4694
19435 86 23657
6436 58 15574
1466 54 11460
12697 81 16405
4313 32 23244
907 67 5221
1938 77 24355
2798 70 16897
15236 8 21193
5535 16 10429
1624 20 18274
273 36 5077
361 54 6212
7258 70 18684
1604 56 6710
5509 33 22703
11574 14 12435
1693 71 11833
6320 98 17850
1705 29 10276
6104 27 6883
9719 57 11295
3165 8 5816
11046 3 12414
6773 14 10932
3214 63 19543
5310 58 12442
22265 28 24808
12831 80 13994
222 62 5749
5833 47 6260
1578 37 15859
17632 58 24792
3346 58 23095
5646 22 16363
14863 99 17577
10954 58 23904
2391 58 21643
7614 39 12353
5432 91 23745
10540 13 13867
2526 97 17929
2557 51 6376
9105 19 23336
1337 47 10961
3897 56 4236
5020 4 16455
808 89 5086
6083 62 16947
1419 68 9624
2332 7 15523
12 7 4900
3098 43 21310
2138 12 14157
2251 32 8360
1776 96 18524
13098 19 15594
2477 61 24009
270 24 10621
15124 71 22105
4898 33 5805
6748 76 7540
5222 11 22299
3279 62 9257
4959 90 14184
9209 42 24974
1937 65 20554
307 43 12160
5985 12 14801
1613 28 17793
806 86 10611
7483 47 13696
7602 16 22504
483 50 7981
1930 43 11629
8552 11 19869
9930 6 12396
5363 43 21493
13412 64 15475
767 69 21407
16261 97 20922
626 17 3166
8677 29 23710
1787 73 2891
1734 85 16795
5584 11 21660
