500
2576 85 14677
4605 19 5505
1860 73 11212
146 46 10314
1280 66 7921
2701 20 7087
17206 2 19614
5863 53 18490
9420 6 10820
259 40 5673
5131 76 15077
15556 33 23866
3429 69 10437
15763 41 20507
5104 30 7724
708 48 22350
8635 44 19439
1796 55 21199
675 95 6543
5214 68 23596
5189 3 6895
3336 85 16081
5623 72 12006
1771 79 6034
6472 94 20442
3683 8 3908
8220 57 12152
9308 2 11905
11839 44 18935
12089 77 20165
5523 40 21228
5124 98 5860
279 57 5008
239 77 17154
2005 48 7131
3 100 2618
4624 55 4966
640 70 14086
18179 29 20440
13041 93 14408
12090 59 19245
14743 47 22089
2995 2 17861
553 77 1620
548 29 3136
537 16 24044
7333 49 10828
2136 75 2889
4249 46 4506
4298 96 8106
5041 68 8615
13817 13 16229
7529 28 12139
13079 90 17773
6674 81 22850
6878 86 11684
2671 93 23767
15242 15 22495
8108 89 18968
17968 65 19556
2008 49 7000
15211 94 24358
1507 64 24618
2670 28 18840
1922 78 24958
2213 22 13387
819 45 16277
14700 100 19467
12305 65 12831
15892 45 17466
4002 47 24007
7099 10 12939
401 11 20067
324 37 4013
5166 4 15118
6267 45 8942
2612 76 7554
4309 28 8792
5147 16 20451
1709 76 12388
13107 4 21735
4553 48 13198
2016 73 4944
18068 74 20804
2715 13 24724
8875 5 23482
11089 57 15056
4986 40 24110
9396 36 21891
6843 7 17740
7788 99 14532
5345 72 6820
4987 9 24961
5459 1 6734
22268 81 24442
18445 100 22832
4345 89 16551
4290 52 16033
6060 53 6779
3176 74 15941
5502 78 19340
15743 56 21280
3566 75 20420
20900 96 22418
13313 91 14071
2302 51 17616
14649 37 17405
13006 40 24050
6179 83 24758
6408 49 12719
6454 36 16803
691 27 12258
7240 17 9606
19179 70 20638
6578 100 9237
3580 50 5320
9059 70 23395
10799 20 24248
20121 57 21462
9655 71 11198
5495 58 6985
6505 57 10688
725 74 19778
2923 96 11807
9231 83 19172
15434 51 23286
18386 100 22252
3083 65 22932
2500 80 3666
7514 100 16589
2639 68 16156
11031 34 17874
9622 35 21142
2634 6 2884
2857 76 3554
5256 20 23657
11880 25 19911
5949 59 22860
14183 60 14604
3442 10 16969
251 64 6550
3436 11 4819
4322 12 19938
9195 7 17088
12249 68 14460
3277 54 17567
2522 83 16720
1063 36 8960
6998 16 18612
7635 68 11235
1694 99 22926
6437 57 11845
6754 14 24511
2703 29 4102
748 78 915
17197 79 20705
394 35 18363
6838 19 8276
3569 94 6764
2428 79 15588
6575 52 15839
6910 95 7451
13459 82 24109
3814 24 12650
2068 42 14920
14975 22 16502
2204 10 7516
11939 19 12600
3108 37 19936
558 74 5140
1249 39 7390
5409 89 11398
9720 67 21899
22533 59 24242
17875 21 19173
14118 60 18933
2077 89 6457
11837 76 24572
13152 60 22328
2617 61 7285
3868 43 4541
4232 65 15447
8733 50 21514
15467 87 19360
1189 16 3869
13032 10 22672
1588 84 2621
9063 42 12387
1456 82 20382
6002 45 23578
2991 19 3565
2557 36 5225
8438 78 16025
6205 12 19871
9740 27 20599
16800 49 24158
8760 54 23468
4679 8 7541
289 39 23783
6068 2 15523
3232 21 4883
2320 14 24849
11084 15 22768
6166 9 20679
582 16 16575
10487 63 22742
17347 58 24999
4208 82 8625
8162 9 14445
782 61 3137
3131 32 5128
10127 11 19105
9402 9 24330
8563 89 24484
9558 5 20978
22102 47 22908
3365 13 21911
3068 49 14314
571 48 14173
7320 37 10206
4417 28 23147
10383 33 24207
17780 24 20495
15885 23 22355
6791 49 21103
3609 30 20706
11702 52 21056
5802 4 7075
5105 56 12005
511 35 4649
585 65 24921
3390 73 7531
1895 61 6791
9645 94 24828
4125 57 22202
2843 10 19975
4707 21 6978
5771 26 18487
2306 2 2341
1423 22 12895
8639 42 21129
561 12 7268
5758 41 15952
7511 47 20738
4815 94 15871
2231 84 17985
5280 74 14252
3106 45 4048
11220 56 13437
1731 39 5481
5272 61 12828
744 97 13289
2514 41 4313
1298 17 24075
16633 57 18891
15075 37 15916
4852 5 18084
3660 25 6481
3433 97 4728
4258 3 8874
361 68 3734
5944 26 19893
2501 35 5243
367 32 2947
4689 18 21589
3844 11 23693
3635 20 14286
3680 79 6167
923 9 6961
12260 14 15623
575 50 4254
5048 6 16173
9822 3 14293
323 16 9604
124 79 21088
15708 35 17988
1829 83 5593
377 5 20562
7655 71 19538
21163 24 22882
14416 25 17672
5099 14 6507
2849 84 6741
7939 39 9169
7748 73 15482
6961 15 16860
6478 23 20936
13608 99 22975
1542 81 18403
2489 72 3296
4000 23 24613
10778 84 14651
4146 48 12692
437 62 23506
4313 39 5926
5054 84 19989
13968 88 22788
4643 87 11962
4396 78 13766
6364 74 19348
2277 26 17954
6163 97 11415
8005 69 10818
11176 24 20199
7467 88 19192
5610 26 21071
5337 82 8947
11113 70 14833
14252 71 14574
1251 37 12281
2311 56 21388
4849 8 18576
3306 86 13369
1726 52 2087
2919 36 7010
6975 91 20888
1211 88 7698
10333 20 10985
5909 99 12505
11564 35 14896
16523 96 19917
6519 27 10365
1027 52 16713
16297 2 16423
14374 87 20718
4645 70 8995
1183 32 20545
18185 47 19454
13232 25 17962
10415 86 24744
15000 3 19952
4219 1 18251
2146 80 16019
1739 11 6742
10620 23 12270
1787 2 12611
2027 94 12976
5480 95 12234
4238 95 6299
19445 7 21892
17064 9 21931
2471 33 14672
2911 85 5253
3062 86 8805
17200 31 19412
3692 12 23615
6926 13 16904
397 99 5832
4664 86 4823
3193 9 4439
6 11 3530
12641 43 24961
15779 58 16014
4764 61 9909
8729 46 23132
11391 42 12135
227 4 15246
9166 88 23303
12914 44 23789
2481 53 6398
6496 89 20339
4293 90 24733
17 51 14984
1846 56 6632
2118 54 20511
7576 17 10964
9015 66 9084
16346 64 22645
1640 11 23658
12786 70 21687
6693 42 12938
1442 85 1814
5304 17 22782
4905 32 21858
6129 11 16768
2676 77 3482
3933 70 6625
275 97 20991
2654 8 7678
5804 78 23448
5969 62 12870
2879 9 6634
2547 36 7214
12197 38 16018
1711 14 12829
14442 40 18850
117 89 2364
1692 65 3058
2795 17 20562
5092 37 5637
1270 19 14637
6719 48 23719
17881 24 24548
8997 20 21075
835 40 1561
590 10 11474
8538 7 9914
7419 78 13509
7917 89 10315
618 39 19601
73 19 560
18856 35 23990
1231 96 1413
1367 10 2142
7984 49 12253
6232 89 16617
302 48 13042
662 36 17150
3632 61 15534
3010 98 4738
3599 13 3800
1961 44 2135
4327 54 16273
10689 39 14189
4562 76 24881
5626 52 17527
3929 45 8279
14046 20 18414
4491 27 22113
188 18 22644
58 8 14255
12032 100 13082
997 78 5553
1991 98 4101
6746 12 23678
3124 51 24370
7717 64 12893
4220 39 4706
751 51 24822
2692 10 12805
903 14 23460
14813 62 19712
4518 28 13699
5305 92 17017
510 36 5300
14399 12 20573
590 82 6851
6986 88 14221
2027 72 13313
2191 34 6394
5762 84 9355
670 65 15355
1718 60 12312
11817 4 20233
3353 64 20635
21641 18 21845
20008 95 23828
7889 21 14003
5591 4 22210
6596 40 16622
725 64 4952
4960 27 8360
2577 22 14392
2810 46 4536
1491 43 6545
13712 29 22689
21905 45 22057
1389 64 20995
3360 39 6057
2696 3 7026
3838 49 21093
1093 47 13470
10163 40 12732
5497 37 12311
14484 35 21258
16715 18 19368
3164 17 7292
2441 4 7591
3091 37 21103
738 8 5421
15854 42 17747
5735 88 7232
4266 32 24830
14967 10 20404
6707 33 19050
7533 62 17880
20780 81 24370
1918 61 11213
21412 54 24862
19453 88 20608
18719 27 21271
941 93 8012
261 66 20723
5541 77 11467
5088 86 5792
7451 29 7509
3323 99 4253
8277 44 21371
4554 71 7151
5534 42 9984
4944 16 9484
421 91 5599
992 9 23414
2795 25 8181
3960 16 18057
13627 58 16784
4458 68 16925
675 50 19840
6344 64 8090
6498 13 18261
