500
6113 48 6313
4294 80 15551
18805 20 22094
8589 35 15046
12721 62 18500
11789 25 17576
8223 70 19020
13516 2 24266
1693 24 10942
851 91 10605
4115 24 23155
3205 99 22236
5152 3 23553
1307 76 5433
11527 47 15181
7497 55 16095
10894 81 15501
3763 91 17892
4603 48 5468
4330 42 20970
4283 10 17994
10085 47 17913
6580 7 11180
10179 4 22337
4354 55 21521
1813 25 20957
15240 18 24982
6765 23 9972
4944 89 20154
141 47 11924
64 26 1285
3326 60 3870
2617 42 3632
125 28 576
13415 6 21532
4792 39 16222
4443 27 17546
8480 30 24852
4660 28 12773
13056 94 13155
18915 47 21485
13428 75 21542
2382 8 24251
3139 50 10157
3419 11 21864
20850 6 21430
12447 86 18464
86 13 6050
4308 55 10501
2624 65 4936
10550 95 11918
2148 82 4169
2916 9 21403
4060 78 24915
15834 13 16002
13459 6 18313
671 21 22663
10506 29 23688
4276 57 22610
4570 40 7017
4656 21 5118
5827 97 15276
11635 77 16428
2057 85 3024
12607 51 12943
18874 74 19353
909 32 21187
2909 77 14852
3478 54 6249
6373 98 21903
13278 76 22544
14498 80 18681
431 42 1422
4020 89 7117
6247 25 23666
2361 54 13150
1949 30 2707
2571 86 22944
7707 73 11284
8126 81 9745
2000 25 4892
4341 71 20492
3541 28 4311
656 22 23017
7147 62 18984
3272 6 9698
12537 50 21759
14505 100 17368
7499 66 19710
6160 67 12548
5442 87 6162
545 97 10652
13756 74 17437
348 39 5573
5684 85 19349
1602 28 21229
8032 17 16969
3870 52 22850
189 14 4107
1955 22 2265
9088 65 23440
7064 25 16604
4275 23 20245
22676 22 24593
1426 18 8302
8649 17 11540
639 97 19190
6551 37 14753
6633 26 18950
2936 34 10853
5090 16 21834
1199 90 3221
224 97 2185
97 33 18269
5555 86 10041
6120 96 14296
2491 44 18623
4274 10 17116
2525 72 5265
806 52 15475
6670 48 7843
899 32 2830
4425 8 6570
7112 25 8428
16846 10 17142
1736 72 5641
1417 80 10201
5807 61 13012
1435 33 14166
19833 29 24794
8398 19 10731
21151 47 21381
669 42 5016
2073 60 7837
13017 18 22983
186 70 1749
12344 95 18893
4548 86 5796
4021 98 7101
972 100 22187
7460 71 18958
28 49 2043
4619 74 20667
176 14 3532
8193 23 13070
13975 15 22124
2616 30 20867
1169 88 3877
14982 65 17607
14082 94 18769
6228 36 24580
1814 94 12287
2915 54 4949
2977 61 7083
8771 95 21886
12988 6 17042
1729 19 13132
278 46 19215
2194 31 24479
22108 10 23295
4061 34 13162
22 20 365
5328 29 8093
5251 4 11260
11442 26 21448
8286 3 22774
7167 91 19337
2574 84 6077
808 36 6656
14886 66 21955
10978 11 22775
12692 72 21120
4470 85 21787
265 66 2643
1566 52 15714
4362 44 13843
18566 69 20179
7551 42 18338
5801 11 24886
2844 91 11467
7150 84 7236
4649 88 13391
6289 75 24089
6197 99 24525
5723 21 16012
8189 87 15872
5545 29 19026
757 72 14491
4035 30 11571
3729 77 8938
269 68 2537
2945 99 5891
4065 70 10363
7632 39 19759
6571 26 10816
8077 23 23836
19030 27 24189
7185 74 19500
4337 38 5756
6532 44 10435
523 26 4451
5704 39 22265
3082 12 19537
1384 23 2210
7765 19 22944
5207 14 7296
5155 56 6221
13450 41 21486
20456 51 21922
7742 47 11523
4102 47 5459
12 22 1895
7890 19 19899
4822 66 5800
1203 56 12227
1189 39 23913
3365 25 6334
464 12 5948
875 50 18611
13174 70 23522
3942 53 5370
7071 25 23915
18872 4 20430
2353 3 2717
3404 8 6828
1633 18 8109
1878 46 3536
5162 23 6574
11816 42 14348
984 63 15370
5400 48 18579
9111 36 17505
5201 97 16211
230 11 5582
2645 39 19161
6056 34 6803
3392 12 21140
883 81 7218
3262 69 6873
9126 76 15089
5396 78 21731
69 77 550
501 29 19302
3758 75 15225
3894 72 10983
4528 64 16144
18076 22 18257
8158 32 22155
14872 36 21453
11370 96 19738
1369 31 7719
4612 27 14612
20692 69 23409
2269 5 7871
4207 51 20447
1684 3 21427
9569 85 24039
1806 9 2588
224 41 15859
3860 93 5503
2410 25 17311
3745 13 23716
14400 40 22965
6432 98 15033
16790 14 19445
1321 36 17842
441 29 11221
1152 60 2148
17417 76 23470
1135 33 12886
13938 58 20122
1121 47 12451
6697 100 7196
1710 76 6616
19037 54 20235
4821 97 19140
4056 2 13548
16713 3 18732
12209 71 14961
4726 49 12783
10783 42 23744
1098 21 3972
2347 5 18916
4732 10 16747
16892 12 19070
1208 32 19512
623 13 11143
1189 91 21747
1483 45 20019
7211 74 9507
4835 95 6547
7805 77 14701
12000 37 15336
6724 39 7540
5551 43 23335
5405 4 7676
3677 84 7364
19019 36 19582
3078 26 16289
11844 21 21001
1126 97 12024
7916 79 24817
843 53 2203
2856 22 7368
5902 83 16256
5917 58 8790
1636 14 5027
6810 16 10979
21222 50 23736
18185 95 20584
5966 94 11742
19098 36 21663
14033 35 22748
9775 30 19505
654 88 4596
6795 62 21337
17936 28 18048
3503 88 17330
3662 85 19063
635 7 2999
2183 98 9115
7744 19 13254
47 1 3687
4802 35 10287
13032 24 18837
11610 37 23232
4774 76 19079
2574 48 12095
767 67 8011
293 40 16891
2946 78 24921
8104 25 13024
8922 15 11080
2106 39 9880
9551 84 19932
5686 47 6006
202 87 3158
17819 63 18202
9296 61 24648
5133 34 6363
6213 98 19057
526 89 13111
6559 48 13148
3808 15 11787
17900 76 23100
9960 99 13327
6900 12 21273
16857 26 17430
6551 90 7457
4378 3 6354
1349 83 6393
2272 64 13567
7142 21 24862
5787 84 6219
16465 77 20259
3530 32 9111
8429 39 24068
4583 64 18917
9551 78 10522
4363 77 10431
6155 58 12253
16793 55 20443
7044 7 7664
8433 43 10613
801 10 3769
7460 38 10534
3040 20 5130
251 4 24241
6676 43 11010
5505 49 23361
175 63 2917
9111 71 17345
9567 42 12597
18212 57 24964
15706 10 21709
16448 56 23265
4840 87 10573
14719 98 24326
1322 52 5903
5217 84 6901
3633 69 14363
202 78 6415
19206 25 23479
3480 38 12661
9944 25 20915
7527 28 14089
2461 47 13454
10393 53 24711
9494 78 20351
5822 67 18655
19052 97 24609
4551 70 15751
7885 24 11388
7225 43 21769
6679 22 13636
6848 45 18318
521 5 20969
14023 1 18881
1152 85 15056
10756 29 18142
6092 13 22626
7491 18 12851
1960 51 3193
11356 3 20338
1915 88 21229
3668 29 23182
5715 72 14918
1265 26 23441
17494 60 18047
5852 43 6485
12696 87 18057
7251 37 19531
10139 44 11270
6630 50 15728
7761 92 17300
3775 87 24493
19448 71 19706
831 3 24130
1211 86 22271
773 44 11972
1815 44 3678
3599 47 3649
3842 86 20846
6927 71 22973
824 88 4931
9390 35 13066
5496 16 17941
752 13 17675
14349 19 24631
6429 33 10874
4038 25 6595
4123 30 19112
6143 4 11742
7362 18 16827
527 41 24898
1341 99 20936
6572 34 7236
757 66 2915
5163 19 7476
12680 19 20272
715 94 3412
3476 21 4793
2564 99 24762
3144 46 4081
2947 81 15537
9681 54 16298
2754 100 10714
18455 46 22227
1663 9 18568
1452 3 18486
1391 40 5603
7258 12 9653
6570 71 7722
947 66 1017
19038 65 20014
5075 42 12500
1112 98 4336
7187 8 23637
4185 97 7854
754 57 7429
1724 40 3818
3581 17 16930
1832 5 20341
1406 51 6003
1835 13 14870
1142 72 20717
8571 52 14227
2181 47 22291
455 45 670
1980 15 11325
5813 43 22857
6526 88 23138
19513 80 20837
14218 66 15286
1171 39 14792
9277 82 12419
6435 41 9296
6945 89 9199
189 96 12861
906 56 2282
6575 61 14725
3738 98 9208
6804 89 9769
9219 6 11733
2896 20 24728
4782 28 8835
9369 20 19822
4412 6 6798
3278 13 13738
752 79 2023
5278 63 8068
10377 15 24857
12850 93 13081
4009 55 4802
12549 91 19124
23701 18 24133
3682 90 23590
1909 81 17426
1219 67 14461
2795 41 18012
