500
1286 1 3005
11035 14 15774
6637 79 13134
6020 23 14023
774 33 2044
2780 55 4476
2125 16 2704
4041 70 19085
4059 33 17832
1081 32 7261
6735 8 9437
9286 36 11534
4740 88 6544
711 11 24584
2228 16 7394
3688 69 13410
1762 34 10713
3178 84 5699
309 93 18782
395 92 17035
2671 33 18199
6918 99 18061
76 56 5193
6641 6 11553
4331 7 21517
12235 77 20795
14440 38 18756
4152 2 21794
2172 6 4084
803 34 20389
12483 45 16084
5269 53 21093
5393 79 9618
540 12 5788
16447 78 23908
5513 89 7631
3935 51 6475
8438 45 16110
3136 40 24270
7598 2 24394
20875 85 23988
830 39 17312
2074 51 21134
20371 33 24363
16016 97 19788
4237 91 22981
716 47 15844
5972 86 18905
10772 68 15139
2363 51 21848
1210 90 16908
1168 64 3095
1699 77 23775
325 23 5754
3857 94 4341
1701 85 21356
192 6 11786
14371 56 23703
4057 28 9448
4506 55 16340
15662 95 21730
4931 59 10616
3181 38 21118
3705 11 15110
4611 4 16821
164 97 6690
4772 80 9901
9347 10 17656
17795 75 21901
3136 27 6635
3174 20 16670
18452 84 19660
9905 26 18553
9507 36 18482
37 48 10663
4193 58 5060
3231 8 21549
1258 72 5801
4271 47 11448
3507 33 16616
2747 83 11718
18044 47 19520
838 36 18408
8616 47 13985
129 16 23007
304 50 7098
21442 97 24186
15209 67 22136
7286 37 18154
6139 18 19471
10610 32 18411
4658 10 11941
4373 2 9618
1918 56 7828
479 63 3706
3129 7 22142
1382 9 19484
12403 84 14563
2609 23 13228
380 28 10018
6035 19 18862
2931 68 9261
4073 51 5392
1479 52 5958
1490 93 5531
1701 33 9998
13579 19 22377
10284 37 13559
3721 92 8163
4272 14 4755
16102 47 18440
16123 4 16507
911 37 7433
8631 22 17051
5616 41 8432
7056 48 10554
10172 93 13867
740 73 1690
7323 29 8780
17395 75 21753
14372 21 14774
1263 99 21467
110 21 6693
1557 71 7553
7754 80 20894
8059 53 14669
4605 17 9547
3695 98 4790
424 43 23412
4938 77 12773
624 10 18072
337 34 3130
18135 80 19659
5122 78 22269
1827 87 5957
6726 67 22084
4630 37 15474
6815 13 20777
13317 62 24665
7465 27 20719
1661 11 10800
4180 4 7134
5552 76 7452
3134 6 7737
2931 89 21169
6709 70 8705
8150 89 9678
5762 29 7212
6093 3 10514
13103 82 14086
4550 98 7982
283 94 2608
1255 80 20047
6433 61 6789
14919 52 24095
3449 21 13036
5179 77 21198
6649 33 7118
12179 60 23635
582 85 17760
48 85 21620
7088 31 16028
331 54 1953
5600 14 23361
11326 84 22296
7444 62 12630
3827 88 6095
2344 58 3269
6045 23 6277
965 54 7297
14421 49 19898
6567 34 22423
2552 34 18386
4514 100 23449
2027 34 6332
6308 78 14866
7217 76 9447
1533 51 20881
4922 28 10660
20981 66 21267
7593 36 14650
10659 59 15571
785 33 1742
7210 88 7722
3016 88 12805
13431 35 20691
4318 14 6767
3945 8 22389
903 3 17075
10203 36 19641
4502 3 18613
1893 95 4618
1345 47 17025
3943 8 14718
3101 24 6293
325 20 3845
12999 95 21892
5659 90 23907
7507 63 9099
4364 87 14519
3998 59 11581
8461 77 9743
18485 74 19116
5922 19 14452
1464 6 17670
100 10 11414
10263 23 12946
3183 100 15088
84 91 15378
5559 47 5802
3633 97 13352
540 46 1511
23394 91 24740
2805 88 22652
16605 79 20662
1800 88 3230
1770 40 4143
7842 35 20324
11172 78 23692
6920 57 18409
16258 47 21376
9217 16 15037
5694 79 7067
5113 95 7105
4803 82 5925
3219 50 23190
788 13 7012
3891 62 4266
11236 12 18269
10619 5 11714
2387 11 5356
14025 96 17272
3984 29 24826
1564 5 3983
5394 15 13084
214 60 17951
21828 10 24659
23818 13 23846
4675 77 14909
10668 84 14526
3508 85 7125
3971 78 6651
2429 34 5177
440 46 10670
5474 65 8723
1683 52 6488
18946 3 22746
5385 88 7248
3835 19 20630
6932 87 15703
14492 64 16097
13134 7 18468
3219 41 7837
5219 12 7205
8506 5 18645
3635 46 17213
1994 30 10823
3349 31 21734
6587 12 6966
3302 91 16840
4884 27 9071
5516 26 15316
1430 21 12914
6059 98 21566
1806 61 9943
11851 26 21330
2956 42 22925
1496 94 16381
4390 52 20275
8693 91 13816
4692 7 6535
1629 74 16027
11605 7 22633
207 51 16499
17194 84 24709
6513 91 8189
22146 78 24860
2709 90 23424
5188 29 20687
21462 99 22027
4204 3 21791
1809 96 2716
1425 86 2846
7488 7 18958
403 80 5342
3423 83 11548
21035 62 24056
15255 87 21035
4622 97 20818
1196 8 3636
2742 83 12149
2608 74 20132
125 39 12315
5771 62 17567
2162 24 6244
1629 64 7006
5506 86 18844
3103 61 15602
6286 97 8438
1619 56 19967
909 5 16567
15152 93 23859
14771 25 17036
4755 7 17337
6325 14 8473
3521 17 11700
3525 41 18447
14716 11 15505
4810 14 7370
3465 86 4221
2874 15 12236
1999 57 2738
4451 6 6950
4942 39 23309
4490 9 22865
4317 93 6685
5449 83 8112
4980 68 19315
1855 83 14189
9868 92 21711
8518 88 8703
345 40 6387
7559 42 14319
6177 26 13150
20933 70 22381
6136 77 8323
7572 17 16073
246 58 6665
1670 58 18547
5440 43 7687
16408 96 25000
15257 80 19719
1647 33 12171
6657 71 15648
2864 17 11008
9238 71 19671
23977 37 24953
5125 84 7284
10771 27 22102
1787 26 5850
2151 22 5588
9779 49 13167
6552 15 18177
1157 9 18800
17161 78 18937
4425 66 20724
11198 19 24305
4244 42 7116
21914 91 24144
5906 32 12095
3201 23 7585
10839 30 11478
19275 77 22204
5424 10 16964
7102 33 7300
6482 68 20138
3062 42 6418
6505 74 13344
7837 87 13195
2765 38 13421
20 36 21340
9303 37 16103
6923 23 8072
3897 27 5552
4327 73 5848
5930 36 12777
19144 30 24793
16027 7 16061
12980 98 16909
7213 95 14618
1924 15 5892
4085 94 5118
4142 16 7224
1938 7 2461
5094 62 7707
12570 57 21088
9047 23 24667
5333 9 13130
4903 31 16977
17175 23 18970
11219 99 14556
3295 86 6104
4115 63 8913
4892 20 18602
2075 27 15627
7310 75 21700
1168 79 17429
8306 33 16220
2912 97 20575
7367 16 8163
6430 31 15124
3313 98 19111
7968 89 13308
2243 100 6268
6587 50 15543
13049 5 16948
23590 83 24759
1527 22 17062
5637 30 24608
1587 34 18960
4785 13 7098
2293 33 21076
19146 68 21400
3230 88 24669
1251 19 21057
9294 40 21132
4294 68 19416
11504 99 16960
11172 48 24454
4855 30 6537
8206 1 16641
150 24 17810
7124 58 14768
6403 67 14364
17136 60 20873
1984 46 8976
5759 42 12860
7654 91 17144
5332 72 6066
15969 9 22352
3803 67 22728
8434 45 10331
2857 26 24276
14127 59 21867
6568 87 21323
3534 16 4216
3094 6 21346
1132 59 13071
5555 69 12675
1410 47 24939
7333 45 7568
3350 9 4498
809 97 17284
3549 4 12558
5633 38 6352
14121 36 14630
3077 30 24281
5105 63 15628
1919 64 6315
3846 42 6868
370 2 2571
1582 86 21431
2624 20 5394
1618 69 3090
1691 7 6062
6252 44 16361
2968 80 11581
6393 35 22339
20700 1 22335
2351 69 4621
2616 43 3319
5473 10 13271
5101 26 11537
972 29 6103
18343 80 19699
3257 4 13203
3736 36 13552
7352 60 16794
1654 95 5884
13088 16 14247
3092 37 6112
3021 23 6549
752 36 7941
2286 84 22382
6414 26 12134
2725 98 3051
7623 17 13692
17001 23 20735
6551 8 7160
16432 69 20339
6243 13 6649
37 69 3386
14622 92 15177
11243 14 24443
3646 4 5330
4318 57 24296
8976 89 13343
2341 75 13261
2527 7 22696
9304 32 23379
355 91 19844
4205 60 5485
9928 62 15015
2217 81 19236
4795 35 6240
6731 37 22851
7560 46 13366
132 41 676
2702 44 16308
6831 24 8941
979 30 14031
1406 93 9040
4208 27 8487
13852 39 22520
11470 75 15771
21825 81 23983
621 34 2498
3069 66 17621
2519 9 2963
1683 83 3366
