500
271 22 23694
5981 65 7272
9185 8 17435
9433 45 12902
5067 80 9617
1442 30 4809
1147 72 10645
5511 88 15705
1034 83 24226
7791 100 24441
4795 98 9856
11808 22 19655
1472 91 24127
554 68 3764
4183 31 7462
12449 42 18237
6183 77 9176
21717 20 22236
4990 17 6944
1660 40 17033
5500 41 24479
5748 37 10956
4490 24 8558
6426 67 13079
6224 46 13528
6751 50 8503
11570 7 20408
1360 93 6160
4099 59 22600
4524 29 6812
4858 53 13850
6675 32 19906
9994 68 12771
18108 85 22361
1243 81 6679
5771 22 16348
3611 41 13705
2436 51 14430
5727 93 16376
461 74 3517
3754 2 20796
203 55 24475
11639 37 23499
11283 17 17093
4378 11 12861
6841 56 10424
1738 21 4575
3750 57 4679
8721 8 13912
31 26 23981
4826 92 12766
8501 30 9214
445 61 5439
12282 50 14820
20323 44 22626
3845 66 13871
1967 1 2444
5858 34 14296
60 62 19538
5783 17 23954
706 49 7310
985 53 11099
1318 56 15315
4453 49 5928
6820 68 21968
148 4 8698
1656 78 5113
571 31 2912
8816 13 17491
9188 6 19798
3285 18 7877
919 96 11634
13518 48 23255
7082 34 13784
6571 47 12976
19146 5 24449
3790 79 16157
5189 80 7485
5225 75 8418
430 41 8661
879 81 19881
3737 3 10630
5838 79 11604
9806 19 11416
16411 6 21371
7643 21 22053
4911 69 23742
12513 96 24699
20681 48 21802
1360 35 3931
10173 24 12596
2371 79 16848
3045 9 21270
3442 35 16837
8621 74 19210
6731 57 8453
5384 65 5754
7636 65 22095
8796 87 18283
8393 5 18638
5570 36 8897
17549 76 24554
17212 29 22189
12301 4 17088
3235 28 23762
1459 83 23345
117 67 4917
15903 1 18909
4256 23 20123
6755 58 8303
2666 1 16147
4880 39 11952
1079 54 5817
598 9 1681
12368 85 19203
6051 18 18623
12355 18 21646
4277 79 4752
14985 54 24238
3088 72 15368
1778 10 7568
1736 6 9230
4995 89 6829
1484 39 17510
571 13 7202
1337 51 13303
713 31 19712
11383 10 15184
3965 68 9907
445 37 14032
18034 64 18939
2354 16 21412
7480 93 7645
1042 53 22646
4830 65 8899
3808 56 19111
936 71 7923
4780 60 19835
1134 89 24902
12059 73 17946
1336 50 21201
4516 43 24053
536 75 24129
5013 80 20286
2962 35 8819
10162 56 20476
12536 90 17308
2760 47 5483
4926 5 20911
1440 6 2316
5165 42 11825
166 20 8929
6620 41 12640
3760 74 20745
10225 3 14117
8268 81 13561
5339 4 5364
2236 66 7024
404 72 17875
5839 70 8256
12680 82 19210
1876 72 3220
19732 76 20140
448 93 2141
946 41 3246
7124 14 14002
2665 74 5813
15411 34 24762
347 46 18454
12164 68 18256
5002 60 24129
5026 100 18820
2573 14 3268
2027 17 6692
10989 15 24589
4902 100 12077
6979 72 9635
16025 95 24491
12330 33 19871
507 44 24811
16638 51 23525
12532 3 14336
16177 51 21150
3959 16 13446
3329 10 6558
14650 98 20300
3768 79 15436
1054 20 5243
1297 9 10029
5153 49 22286
3261 94 3858
2532 77 16005
6890 41 14728
7638 19 10407
4690 74 15940
5335 78 6255
18629 14 22617
6020 53 6578
6897 45 23582
5243 75 20090
18109 19 23755
13588 90 17701
196 95 18610
174 30 22795
6965 82 19425
3877 20 9889
9733 44 21505
7428 14 22200
818 84 17410
13 77 4698
4577 41 22164
6332 88 7060
13457 88 22306
10011 100 21376
4802 43 20412
4345 61 22560
7266 16 16680
4684 63 22189
704 28 9272
4647 19 23975
1288 76 23518
2330 3 10073
18940 4 23315
2048 76 3753
8177 98 9879
6097 76 23832
3769 18 5008
1377 3 23092
15964 48 18097
2985 52 4682
22029 44 22608
776 19 21102
6450 81 11215
6244 93 19026
18410 92 19496
2805 34 9142
1792 53 7284
6633 8 20629
2979 91 17293
2322 93 2628
8588 67 9772
665 72 22012
4536 28 15087
9407 6 22444
1356 89 10435
3608 48 4511
4850 84 5095
180 30 8074
8117 20 15876
1757 30 20865
3415 5 8206
1911 3 23424
5572 70 20208
2932 21 22117
16415 59 23709
3133 84 20286
6331 25 16371
3145 78 7449
7472 30 11761
2291 34 9323
4211 63 5826
5160 59 8942
2954 36 5189
6138 42 10095
998 10 17728
3329 78 7070
21945 52 23856
2901 9 10820
8966 79 11180
9851 81 13158
16014 64 21632
1353 13 14926
4767 6 7380
879 21 17836
852 55 14336
97 46 377
3861 57 21107
16780 68 23544
1014 32 4799
18105 42 19801
13861 90 16611
4925 52 6983
1111 88 13257
531 77 16872
12841 35 14083
6360 68 20537
5088 46 5731
6522 85 24192
8462 29 10596
8889 46 23384
4897 6 4920
9496 48 9673
5702 97 12847
1699 86 3851
1277 91 3237
3755 29 13873
7499 92 10383
1074 31 3993
13220 79 16204
250 56 13290
3274 75 17294
1997 33 15767
9826 24 18150
20 98 749
7744 84 12069
925 15 6051
5014 37 22638
6735 45 18817
5333 95 19116
2545 74 14545
3843 99 18584
7185 51 21929
3194 73 22446
14948 31 23758
4819 47 11578
5348 79 5921
3450 24 6899
6247 71 21423
1506 96 6415
2969 61 4614
13394 39 17710
19508 73 23918
14553 19 21619
1453 49 14520
2361 28 3043
4057 66 4531
5131 3 23775
1901 54 10381
4519 65 16596
5387 17 21868
1048 70 7182
18502 85 20888
10413 92 14684
59 45 5234
10954 27 15526
1478 46 18513
5352 3 9331
5986 93 19558
10210 83 21378
2350 36 7191
7054 87 9842
1438 43 3755
6580 82 7065
8226 5 14443
3930 99 6607
3392 2 3464
1478 35 12439
6783 20 22520
15039 38 18912
5331 12 16694
12307 21 14580
399 23 15754
19254 77 19607
21794 75 23693
5831 90 20891
10427 21 10681
4871 41 16349
9363 2 18702
353 65 15831
3411 91 16414
1872 60 10422
7 20 565
18846 60 24651
20413 100 20888
4659 25 20009
8886 93 16080
1860 15 6814
3718 4 5720
2538 99 3926
6196 46 10429
3590 64 24601
6281 7 17486
2402 15 21822
2968 10 13431
3950 66 16491
13352 86 14988
4997 72 7464
460 46 23966
484 69 6936
14153 5 23630
2451 16 4324
5855 62 18989
18178 12 19007
3180 98 23369
7317 87 15986
9633 23 23973
4459 3 19228
6013 67 10190
1778 29 4229
2997 8 19419
5589 16 6274
5236 9 16319
1540 43 10380
381 82 9441
6430 8 11595
5429 37 10622
787 37 12212
4509 9 15476
5970 78 11465
2610 99 11336
38 35 4440
12054 37 15438
3811 65 12599
5827 4 7438
20474 77 22257
1811 80 21103
962 47 7906
6546 16 23933
2698 83 4239
2076 95 19902
977 62 5740
15007 92 16324
1502 9 5804
469 7 1591
3490 5 8714
4027 21 9540
1927 60 10860
2813 49 3965
3310 60 8784
14066 36 16926
4501 57 20079
4963 66 17382
551 37 18314
2064 91 8547
1895 8 10162
5846 7 15574
2284 90 19127
17 94 17447
6086 7 17158
21001 28 21706
3761 7 5116
7570 95 14550
6321 66 8650
23830 77 24257
6466 8 23951
11453 62 24149
2641 85 24882
17330 65 23991
11235 53 17188
7121 28 18767
3881 43 17813
5379 15 13160
6440 8 20562
4947 83 8902
7551 57 17070
8490 27 9463
11512 51 20907
14114 4 14735
13736 86 23671
2299 12 20310
15720 89 16986
4423 51 20148
504 24 5544
4312 37 21459
402 30 23616
14938 13 16186
5132 91 19178
1705 42 23073
4150 40 24370
12042 91 23875
698 28 1773
11876 24 20779
107 5 1756
18569 50 24900
1946 98 16796
3759 45 18410
5717 25 6886
6410 80 18954
370 70 11799
6538 37 21135
6715 98 14669
910 85 6288
17297 27 23189
5577 3 15741
3093 74 16923
3557 41 18832
4748 87 17245
3760 90 9963
4427 38 12295
141 25 8433
2882 75 5484
1978 55 7143
1530 33 3409
8160 43 12967
3363 81 5188
11645 31 17059
14695 66 19572
726 78 941
5271 90 6616
9813 19 21130
1832 27 5436
384 86 18854
1852 37 16503
2513 88 2721
958 21 8713
16 20 6437
9820 57 22382
10356 93 13229
6038 28 6645
9759 62 21220
