402
13 50 63
0 13 32610
0 146 32609
141 66 207
0 78 32610
0 141 32609
296 102 398
0 89 32610
0 20 32609
430 37 467
0 32 32610
0 180 32609
479 64 543
0 12 32610
0 197 32609
628 70 698
0 85 32610
0 31 32609
777 69 846
0 79 32610
0 90 32609
926 60 986
0 80 32610
0 75 32609
1083 37 1120
0 97 32610
0 81 32609
1156 96 1252
0 36 32610
0 92 32609
1283 98 1381
0 31 32610
0 56 32609
1485 86 1571
0 104 32610
0 25 32609
1594 73 1667
0 23 32610
0 126 32609
1709 26 1735
0 42 32610
0 187 32609
1797 78 1875
0 62 32610
0 103 32609
1950 104 2054
0 75 32610
0 145 32609
2111 82 2193
0 57 32610
0 84 32609
2292 49 2341
0 99 32610
0 110 32609
2362 19 2381
0 21 32610
0 95 32609
2436 21 2457
0 55 32610
0 118 32609
2543 82 2625
0 86 32610
0 44 32609
2703 104 2807
0 78 32610
0 64 32609
2914 84 2998
0 107 32610
0 45 32609
3022 25 3047
0 24 32610
0 107 32609
3081 25 3106
0 34 32610
0 55 32609
3192 101 3293
0 86 32610
0 155 32609
3397 88 3485
0 104 32610
0 167 32609
3541 87 3628
0 56 32610
0 106 32609
3677 80 3757
0 49 32610
0 180 32609
3781 55 3836
0 24 32610
0 28 32609
3940 59 3999
0 104 32610
0 198 32609
4033 69 4102
0 34 32610
0 26 32609
4186 74 4260
0 84 32610
0 173 32609
4276 81 4357
0 16 32610
0 75 32609
4459 98 4557
0 102 32610
0 204 32609
4653 58 4711
0 96 32610
0 126 32609
4774 21 4795
0 63 32610
0 140 32609
4902 19 4921
0 107 32610
0 69 32609
5024 97 5121
0 103 32610
0 183 32609
5186 29 5215
0 65 32610
0 99 32609
5253 31 5284
0 38 32610
0 42 32609
5367 23 5390
0 83 32610
0 43 32609
5400 30 5430
0 10 32610
0 165 32609
5484 84 5568
0 54 32610
0 49 32609
5671 33 5704
0 103 32610
0 129 32609
5771 69 5840
0 67 32610
0 128 32609
5893 25 5918
0 53 32610
0 72 32609
5933 108 6041
0 15 32610
0 182 32609
6140 43 6183
0 99 32610
0 179 32609
6273 102 6375
0 90 32610
0 174 32609
6455 108 6563
0 80 32610
0 147 32609
6608 79 6687
0 45 32610
0 182 32609
6758 102 6860
0 71 32610
0 83 32609
6954 54 7008
0 94 32610
0 169 32609
7081 15 7096
0 73 32610
0 174 32609
7130 54 7184
0 34 32610
0 22 32609
7253 91 7344
0 69 32610
0 179 32609
7354 69 7423
0 10 32610
0 112 32609
7471 76 7547
0 48 32610
0 103 32609
7631 97 7728
0 84 32610
0 99 32609
7811 70 7881
0 83 32610
0 157 32609
7980 59 8039
0 99 32610
0 96 32609
8131 20 8151
0 92 32610
0 10 32609
8181 56 8237
0 30 32610
0 78 32609
8273 94 8367
0 36 32610
0 134 32609
8449 15 8464
0 82 32610
0 42 32609
8541 19 8560
0 77 32610
0 83 32609
8595 47 8642
0 35 32610
0 178 32609
8659 109 8768
0 17 32610
0 152 32609
8779 36 8815
0 11 32610
0 175 32609
8851 77 8928
0 36 32610
0 122 32609
8977 100 9077
0 49 32610
0 176 32609
9103 91 9194
0 26 32610
0 87 32609
9290 33 9323
0 96 32610
0 107 32609
9400 57 9457
0 77 32610
0 134 32609
9506 64 9570
0 49 32610
0 121 32609
9639 50 9689
0 69 32610
0 183 32609
9763 68 9831
0 74 32610
0 87 32609
9930 33 9963
0 99 32610
0 205 32609
9999 92 10091
0 36 32610
0 21 32609
10133 41 10174
0 42 32610
0 108 32609
10222 78 10300
0 48 32610
0 67 32609
10402 26 10428
0 102 32610
0 171 32609
10442 73 10515
0 14 32610
0 148 32609
10571 41 10612
0 56 32610
0 178 32609
10644 45 10689
0 32 32610
0 203 32609
10781 73 10854
0 92 32610
0 73 32609
10931 66 10997
0 77 32610
0 82 32609
11048 56 11104
0 51 32610
0 174 32609
11146 76 11222
0 42 32610
0 16 32609
11314 67 11381
0 92 32610
0 104 32609
11434 57 11491
0 53 32610
0 103 32609
11586 41 11627
0 95 32610
0 197 32609
11686 94 11780
0 59 32610
0 26 32609
11871 14 11885
0 91 32610
0 86 32609
11958 39 11997
0 73 32610
0 87 32609
12106 63 12169
0 109 32610
0 108 32609
12188 50 12238
0 19 32610
0 171 32609
12346 64 12410
0 108 32610
0 201 32609
12467 12 12479
0 57 32610
0 151 32609
12546 101 12647
0 67 32610
0 56 32609
12672 15 12687
0 25 32610
0 127 32609
12746 108 12854
0 59 32610
0 146 32609
12940 11 12951
0 86 32610
0 169 32609
13052 34 13086
0 101 32610
0 143 32609
13189 56 13245
0 103 32610
0 98 32609
13333 58 13391
0 88 32610
0 69 32609
13444 42 13486
0 53 32610
0 200 32609
13503 77 13580
0 17 32610
0 103 32609
13672 30 13702
0 92 32610
0 186 32609
13751 34 13785
0 49 32610
0 38 32609
13853 104 13957
0 68 32610
0 127 32609
14063 59 14122
0 106 32610
0 190 32609
14147 59 14206
0 25 32610
0 206 32609
14216 73 14289
0 10 32610
0 205 32609
14311 103 14414
0 22 32610
0 126 32609
14432 13 14445
0 18 32610
0 138 32609
14550 45 14595
0 105 32610
0 206 32609
14643 71 14714
0 48 32610
0 150 32609
14812 97 14909
0 98 32610
0 190 32609
14994 51 15045
0 85 32610
0 26 32609
15117 104 15221
0 72 32610
0 60 32609
15294 56 15350
0 73 32610
0 18 32609
15404 90 15494
0 54 32610
0 191 32609
15548 38 15586
0 54 32610
0 148 32609
15688 29 15717
0 102 32610
0 187 32609
15823 101 15924
0 106 32610
0 19 32609
15992 15 16007
0 68 32610
0 103 32609
16105 33 16138
0 98 32610
0 88 32609
16157 76 16233
0 19 32610
0 134 32609
16281 70 16351
0 48 32610
0 126 32609
16420 41 16461
0 69 32610
0 149 32609
16503 46 16549
0 42 32610
0 45 32609
16599 99 16698
0 50 32610
0 163 32609
