402
23 16 39
0 23 29706
0 202 29705
49 27 76
0 10 29706
0 168 29705
129 72 201
0 53 29706
0 57 29705
302 100 402
0 101 29706
0 70 29705
511 104 615
0 109 29706
0 190 29705
676 13 689
0 61 29706
0 168 29705
779 22 801
0 90 29706
0 54 29705
840 87 927
0 39 29706
0 97 29705
968 22 990
0 41 29706
0 150 29705
1074 98 1172
0 84 29706
0 152 29705
1202 106 1308
0 30 29706
0 109 29705
1351 18 1369
0 43 29706
0 101 29705
1463 26 1489
0 94 29706
0 29 29705
1570 51 1621
0 81 29706
0 102 29705
1703 41 1744
0 82 29706
0 50 29705
1761 21 1782
0 17 29706
0 147 29705
1803 43 1846
0 21 29706
0 22 29705
1905 88 1993
0 59 29706
0 161 29705
2049 36 2085
0 56 29706
0 170 29705
2137 81 2218
0 52 29706
0 110 29705
2326 92 2418
0 108 29706
0 60 29705
2521 88 2609
0 103 29706
0 156 29705
2648 45 2693
0 39 29706
0 74 29705
2704 74 2778
0 11 29706
0 95 29705
2849 27 2876
0 71 29706
0 139 29705
2952 36 2988
0 76 29706
0 33 29705
3068 92 3160
0 80 29706
0 93 29705
3265 54 3319
0 105 29706
0 200 29705
3424 107 3531
0 105 29706
0 127 29705
3631 92 3723
0 100 29706
0 154 29705
3826 63 3889
0 103 29706
0 134 29705
3918 90 4008
0 29 29706
0 55 29705
4112 83 4195
0 104 29706
0 77 29705
4225 56 4281
0 30 29706
0 111 29705
4362 36 4398
0 81 29706
0 178 29705
4458 80 4538
0 60 29706
0 141 29705
4554 57 4611
0 16 29706
0 31 29705
4704 26 4730
0 93 29706
0 52 29705
4813 54 4867
0 83 29706
0 106 29705
4967 65 5032
0 100 29706
0 23 29705
5134 69 5203
0 102 29706
0 124 29705
5250 55 5305
0 47 29706
0 187 29705
5381 87 5468
0 76 29706
0 208 29705
5565 108 5673
0 97 29706
0 115 29705
5725 11 5736
0 52 29706
0 55 29705
5750 36 5786
0 14 29706
0 130 29705
5829 13 5842
0 43 29706
0 65 29705
5905 54 5959
0 63 29706
0 102 29705
6018 62 6080
0 59 29706
0 38 29705
6145 18 6163
0 65 29706
0 20 29705
6211 23 6234
0 48 29706
0 202 29705
6314 16 6330
0 80 29706
0 69 29705
6370 82 6452
0 40 29706
0 22 29705
6463 93 6556
0 11 29706
0 45 29705
6632 66 6698
0 76 29706
0 101 29705
6720 82 6802
0 22 29706
0 122 29705
6886 76 6962
0 84 29706
0 134 29705
6994 44 7038
0 32 29706
0 114 29705
7083 91 7174
0 45 29706
0 37 29705
7265 73 7338
0 91 29706
0 81 29705
7393 44 7437
0 55 29706
0 74 29705
7542 36 7578
0 105 29706
0 183 29705
7629 106 7735
0 51 29706
0 49 29705
7766 80 7846
0 31 29706
0 123 29705
7868 56 7924
0 22 29706
0 89 29705
7969 64 8033
0 45 29706
0 20 29705
8101 44 8145
0 68 29706
0 103 29705
8227 23 8250
0 82 29706
0 178 29705
8262 38 8300
0 12 29706
0 17 29705
8316 48 8364
0 16 29706
0 137 29705
8382 18 8400
0 18 29706
0 25 29705
8411 85 8496
0 11 29706
0 93 29705
8517 86 8603
0 21 29706
0 97 29705
8710 97 8807
0 107 29706
0 137 29705
8830 106 8936
0 23 29706
0 204 29705
9005 23 9028
0 69 29706
0 21 29705
9088 106 9194
0 60 29706
0 63 29705
9274 12 9286
0 80 29706
0 13 29705
9334 30 9364
0 48 29706
0 47 29705
9420 96 9516
0 56 29706
0 120 29705
9531 14 9545
0 15 29706
0 28 29705
9608 25 9633
0 63 29706
0 17 29705
9676 66 9742
0 43 29706
0 49 29705
9848 94 9942
0 106 29706
0 53 29705
10003 72 10075
0 61 29706
0 133 29705
10109 19 10128
0 34 29706
0 100 29705
10210 102 10312
0 82 29706
0 198 29705
10355 37 10392
0 43 29706
0 17 29705
10500 108 10608
0 108 29706
0 76 29705
10686 49 10735
0 78 29706
0 83 29705
10758 36 10794
0 23 29706
0 43 29705
10804 59 10863
0 10 29706
0 74 29705
10874 27 10901
0 11 29706
0 54 29705
10991 83 11074
0 90 29706
0 174 29705
11180 67 11247
0 106 29706
0 104 29705
11312 12 11324
0 65 29706
0 161 29705
11378 13 11391
0 54 29706
0 174 29705
11451 77 11528
0 60 29706
0 191 29705
11600 65 11665
0 72 29706
0 126 29705
11684 10 11694
0 19 29706
0 140 29705
11709 99 11808
0 15 29706
0 59 29705
11820 103 11923
0 12 29706
0 159 29705
11989 77 12066
0 66 29706
0 194 29705
12094 48 12142
0 28 29706
0 179 29705
12205 98 12303
0 63 29706
0 37 29705
12339 15 12354
0 36 29706
0 107 29705
12396 64 12460
0 42 29706
0 137 29705
12473 104 12577
0 13 29706
0 42 29705
12667 67 12734
0 90 29706
0 134 29705
12784 107 12891
0 50 29706
0 46 29705
12907 109 13016
0 16 29706
0 61 29705
13125 42 13167
0 109 29706
0 152 29705
13179 43 13222
0 12 29706
0 103 29705
13323 43 13366
0 101 29706
0 136 29705
13426 106 13532
0 60 29706
0 103 29705
13563 20 13583
0 31 29706
0 55 29705
13624 54 13678
0 41 29706
0 121 29705
13785 37 13822
0 107 29706
0 87 29705
13860 93 13953
0 38 29706
0 117 29705
13975 106 14081
0 22 29706
0 53 29705
14184 62 14246
0 103 29706
0 125 29705
14258 94 14352
0 12 29706
0 148 29705
14382 12 14394
0 30 29706
0 126 29705
14443 89 14532
0 49 29706
0 113 29705
14617 32 14649
0 85 29706
0 150 29705
14744 21 14765
0 95 29706
0 104 29705
14782 85 14867
0 17 29706
0 51 29705
14918 63 14981
0 51 29706
0 105 29705
15079 95 15174
0 98 29706
0 149 29705
15276 97 15373
0 102 29706
0 96 29705
15389 74 15463
0 16 29706
0 169 29705
15517 105 15622
0 54 29706
0 147 29705
15637 76 15713
0 15 29706
0 62 29705
15749 40 15789
0 36 29706
0 182 29705
