402
44 15 59
0 44 28611
0 37 28610
114 86 200
0 55 28611
0 122 28610
245 94 339
0 45 28611
0 130 28610
433 41 474
0 94 28611
0 177 28610
540 96 636
0 66 28611
0 103 28610
718 38 756
0 82 28611
0 18 28610
815 93 908
0 59 28611
0 12 28610
940 38 978
0 32 28611
0 55 28610
994 48 1042
0 16 28611
0 179 28610
1060 89 1149
0 18 28611
0 151 28610
1175 21 1196
0 26 28611
0 152 28610
1209 107 1316
0 13 28611
0 105 28610
1408 50 1458
0 92 28611
0 44 28610
1509 17 1526
0 51 28611
0 50 28610
1552 68 1620
0 26 28611
0 73 28610
1654 109 1763
0 34 28611
0 31 28610
1835 68 1903
0 72 28611
0 122 28610
1917 54 1971
0 14 28611
0 37 28610
1984 40 2024
0 13 28611
0 90 28610
2045 99 2144
0 21 28611
0 93 28610
2229 74 2303
0 85 28611
0 61 28610
2393 61 2454
0 90 28611
0 16 28610
2548 46 2594
0 94 28611
0 168 28610
2659 93 2752
0 65 28611
0 45 28610
2796 25 2821
0 44 28611
0 51 28610
2878 80 2958
0 57 28611
0 196 28610
3006 74 3080
0 48 28611
0 14 28610
3159 31 3190
0 79 28611
0 86 28610
3244 79 3323
0 54 28611
0 143 28610
3420 87 3507
0 97 28611
0 136 28610
3553 13 3566
0 46 28611
0 33 28610
3675 97 3772
0 109 28611
0 61 28610
3795 36 3831
0 23 28611
0 18 28610
3902 34 3936
0 71 28611
0 33 28610
3977 83 4060
0 41 28611
0 70 28610
4086 79 4165
0 26 28611
0 171 28610
4259 10 4269
0 94 28611
0 191 28610
4357 66 4423
0 88 28611
0 14 28610
4476 62 4538
0 53 28611
0 72 28610
4577 11 4588
0 39 28611
0 158 28610
4656 37 4693
0 68 28611
0 81 28610
4779 33 4812
0 86 28611
0 108 28610
4905 15 4920
0 93 28611
0 183 28610
4941 28 4969
0 21 28611
0 163 28610
5059 79 5138
0 90 28611
0 80 28610
5228 22 5250
0 90 28611
0 134 28610
5285 98 5383
0 35 28611
0 45 28610
5474 50 5524
0 91 28611
0 124 28610
5547 106 5653
0 23 28611
0 13 28610
5745 48 5793
0 92 28611
0 17 28610
5871 68 5939
0 78 28611
0 59 28610
6013 56 6069
0 74 28611
0 149 28610
6106 82 6188
0 37 28611
0 50 28610
6231 55 6286
0 43 28611
0 23 28610
6314 39 6353
0 28 28611
0 20 28610
6364 105 6469
0 11 28611
0 29 28610
6495 29 6524
0 26 28611
0 166 28610
6614 104 6718
0 90 28611
0 41 28610
6732 14 6746
0 14 28611
0 49 28610
6837 94 6931
0 91 28611
0 90 28610
7006 97 7103
0 75 28611
0 47 28610
7153 85 7238
0 50 28611
0 194 28610
7284 33 7317
0 46 28611
0 77 28610
7342 39 7381
0 25 28611
0 117 28610
7433 29 7462
0 52 28611
0 177 28610
7499 89 7588
0 37 28611
0 192 28610
7609 12 7621
0 21 28611
0 41 28610
7652 77 7729
0 31 28611
0 24 28610
7792 82 7874
0 63 28611
0 143 28610
7976 71 8047
0 102 28611
0 77 28610
8148 28 8176
0 101 28611
0 123 28610
8194 91 8285
0 18 28611
0 68 28610
8388 16 8404
0 103 28611
0 152 28610
8467 33 8500
0 63 28611
0 151 28610
8609 54 8663
0 109 28611
0 51 28610
8695 28 8723
0 32 28611
0 31 28610
8766 103 8869
0 43 28611
0 107 28610
8933 55 8988
0 64 28611
0 92 28610
9015 107 9122
0 27 28611
0 127 28610
9177 104 9281
0 55 28611
0 45 28610
9332 72 9404
0 51 28611
0 166 28610
9509 85 9594
0 105 28611
0 73 28610
9620 71 9691
0 26 28611
0 71 28610
9756 97 9853
0 65 28611
0 126 28610
9922 29 9951
0 69 28611
0 148 28610
9996 30 10026
0 45 28611
0 124 28610
10114 85 10199
0 88 28611
0 147 28610
10248 16 10264
0 49 28611
0 183 28610
10356 104 10460
0 92 28611
0 205 28610
10500 50 10550
0 40 28611
0 120 28610
10588 106 10694
0 38 28611
0 116 28610
10749 76 10825
0 55 28611
0 85 28610
10887 74 10961
0 62 28611
0 75 28610
11007 43 11050
0 46 28611
0 65 28610
11080 38 11118
0 30 28611
0 65 28610
11165 19 11184
0 47 28611
0 198 28610
11215 105 11320
0 31 28611
0 26 28610
11377 46 11423
0 57 28611
0 16 28610
11463 84 11547
0 40 28611
0 172 28610
11573 87 11660
0 26 28611
0 185 28610
11729 93 11822
0 69 28611
0 96 28610
11920 90 12010
0 98 28611
0 144 28610
12118 24 12142
0 108 28611
0 108 28610
12195 35 12230
0 53 28611
0 129 28610
12335 12 12347
0 105 28611
0 86 28610
12422 82 12504
0 75 28611
0 144 28610
12527 94 12621
0 23 28611
0 28 28610
12728 98 12826
0 107 28611
0 37 28610
12860 13 12873
0 34 28611
0 14 28610
12961 51 13012
0 88 28611
0 91 28610
13116 68 13184
0 104 28611
0 204 28610
13257 35 13292
0 73 28611
0 76 28610
13358 21 13379
0 66 28611
0 197 28610
13422 61 13483
0 43 28611
0 94 28610
13592 33 13625
0 109 28611
0 47 28610
13662 98 13760
0 37 28611
0 110 28610
13822 82 13904
0 62 28611
0 171 28610
13968 63 14031
0 64 28611
0 33 28610
14046 41 14087
0 15 28611
0 157 28610
14186 10 14196
0 99 28611
0 165 28610
14241 31 14272
0 45 28611
0 49 28610
14345 56 14401
0 73 28611
0 82 28610
14484 40 14524
0 83 28611
0 98 28610
14566 72 14638
0 42 28611
0 52 28610
14674 101 14775
0 36 28611
0 42 28610
14856 20 14876
0 81 28611
0 77 28610
14925 42 14967
0 49 28611
0 134 28610
15074 79 15153
0 107 28611
0 144 28610
15228 25 15253
0 75 28611
0 86 28610
15264 38 15302
0 11 28611
0 160 28610
15347 62 15409
0 45 28611
0 111 28610
15459 37 15496
0 50 28611
0 14 28610
15571 26 15597
0 75 28611
0 11 28610
15699 75 15774
0 102 28611
0 101 28610
