402
28 98 126
0 28 31165
0 63 31164
157 65 222
0 31 31165
0 25 31164
267 67 334
0 45 31165
0 23 31164
368 66 434
0 34 31165
0 60 31164
542 98 640
0 108 31165
0 162 31164
698 45 743
0 58 31165
0 140 31164
815 51 866
0 72 31165
0 171 31164
939 107 1046
0 73 31165
0 130 31164
1103 15 1118
0 57 31165
0 171 31164
1131 81 1212
0 13 31165
0 11 31164
1291 60 1351
0 79 31165
0 88 31164
1421 98 1519
0 70 31165
0 204 31164
1545 58 1603
0 26 31165
0 98 31164
1647 93 1740
0 44 31165
0 84 31164
1831 103 1934
0 91 31165
0 17 31164
2039 54 2093
0 105 31165
0 178 31164
2153 13 2166
0 60 31165
0 14 31164
2249 22 2271
0 83 31165
0 75 31164
2334 71 2405
0 63 31165
0 164 31164
2440 64 2504
0 35 31165
0 40 31164
2532 108 2640
0 28 31165
0 132 31164
2657 28 2685
0 17 31165
0 86 31164
2734 26 2760
0 49 31165
0 52 31164
2790 85 2875
0 30 31165
0 63 31164
2952 67 3019
0 77 31165
0 166 31164
3060 36 3096
0 41 31165
0 174 31164
3112 71 3183
0 16 31165
0 146 31164
3248 60 3308
0 65 31165
0 181 31164
3325 33 3358
0 17 31165
0 134 31164
3440 99 3539
0 82 31165
0 87 31164
3602 62 3664
0 63 31165
0 42 31164
3707 16 3723
0 43 31165
0 207 31164
3782 76 3858
0 59 31165
0 148 31164
3888 70 3958
0 30 31165
0 195 31164
4034 72 4106
0 76 31165
0 122 31164
4173 87 4260
0 67 31165
0 198 31164
4301 104 4405
0 41 31165
0 132 31164
4513 15 4528
0 108 31165
0 195 31164
4597 24 4621
0 69 31165
0 136 31164
4711 15 4726
0 90 31165
0 183 31164
4817 77 4894
0 91 31165
0 147 31164
4998 105 5103
0 104 31165
0 95 31164
5158 90 5248
0 55 31165
0 53 31164
5356 81 5437
0 108 31165
0 142 31164
5489 55 5544
0 52 31165
0 12 31164
5644 72 5716
0 100 31165
0 176 31164
5793 66 5859
0 77 31165
0 189 31164
5880 59 5939
0 21 31165
0 205 31164
6011 40 6051
0 72 31165
0 190 31164
6140 80 6220
0 89 31165
0 179 31164
6252 107 6359
0 32 31165
0 137 31164
6438 49 6487
0 79 31165
0 89 31164
6569 30 6599
0 82 31165
0 41 31164
6671 18 6689
0 72 31165
0 88 31164
6716 88 6804
0 27 31165
0 87 31164
6907 48 6955
0 103 31165
0 149 31164
6994 18 7012
0 39 31165
0 184 31164
7042 50 7092
0 30 31165
0 131 31164
7157 95 7252
0 65 31165
0 191 31164
7361 30 7391
0 109 31165
0 147 31164
7450 84 7534
0 59 31165
0 25 31164
7631 95 7726
0 97 31165
0 138 31164
7790 61 7851
0 64 31165
0 186 31164
7917 44 7961
0 66 31165
0 103 31164
8055 55 8110
0 94 31165
0 188 31164
8162 45 8207
0 52 31165
0 151 31164
8280 38 8318
0 73 31165
0 199 31164
8374 46 8420
0 56 31165
0 101 31164
8434 31 8465
0 14 31165
0 121 31164
8478 10 8488
0 13 31165
0 71 31164
8542 62 8604
0 54 31165
0 70 31164
8713 75 8788
0 109 31165
0 109 31164
8815 34 8849
0 27 31165
0 173 31164
8950 11 8961
0 101 31165
0 76 31164
9036 82 9118
0 75 31165
0 17 31164
9206 24 9230
0 88 31165
0 45 31164
9245 95 9340
0 15 31165
0 86 31164
9400 92 9492
0 60 31165
0 191 31164
9580 19 9599
0 88 31165
0 15 31164
9632 40 9672
0 33 31165
0 79 31164
9771 45 9816
0 99 31165
0 117 31164
9878 93 9971
0 62 31165
0 178 31164
10037 44 10081
0 66 31165
0 187 31164
10131 16 10147
0 50 31165
0 44 31164
10250 16 10266
0 103 31165
0 116 31164
10312 59 10371
0 46 31165
0 132 31164
10424 75 10499
0 53 31165
0 165 31164
10517 28 10545
0 18 31165
0 153 31164
10607 56 10663
0 62 31165
0 33 31164
10752 107 10859
0 89 31165
0 109 31164
10904 22 10926
0 45 31165
0 96 31164
10936 32 10968
0 10 31165
0 168 31164
11021 34 11055
0 53 31165
0 57 31164
11100 69 11169
0 45 31165
0 108 31164
11193 90 11283
0 24 31165
0 156 31164
11316 59 11375
0 33 31165
0 81 31164
11431 39 11470
0 56 31165
0 80 31164
11516 80 11596
0 46 31165
0 126 31164
11642 36 11678
0 46 31165
0 13 31164
11734 54 11788
0 56 31165
0 138 31164
11812 10 11822
0 24 31165
0 161 31164
11907 104 12011
0 85 31165
0 17 31164
12078 63 12141
0 67 31165
0 92 31164
12183 85 12268
0 42 31165
0 36 31164
12296 98 12394
0 28 31165
0 185 31164
12462 12 12474
0 68 31165
0 57 31164
12576 17 12593
0 102 31165
0 76 31164
12690 40 12730
0 97 31165
0 119 31164
12824 41 12865
0 94 31165
0 161 31164
12902 53 12955
0 37 31165
0 202 31164
13009 26 13035
0 54 31165
0 184 31164
13049 59 13108
0 14 31165
0 184 31164
13131 55 13186
0 23 31165
0 149 31164
13277 103 13380
0 91 31165
0 118 31164
13401 17 13418
0 21 31165
0 51 31164
13463 13 13476
0 45 31165
0 97 31164
13570 106 13676
0 94 31165
0 118 31164
13774 20 13794
0 98 31165
0 25 31164
13812 89 13901
0 18 31165
0 57 31164
14009 69 14078
0 108 31165
0 129 31164
14129 37 14166
0 51 31165
0 87 31164
14203 86 14289
0 37 31165
0 11 31164
14337 52 14389
0 48 31165
0 84 31164
14405 30 14435
0 16 31165
0 125 31164
14462 34 14496
0 27 31165
0 150 31164
14565 60 14625
0 69 31165
0 181 31164
14666 65 14731
0 41 31165
0 178 31164
14780 86 14866
0 49 31165
0 206 31164
14952 53 15005
0 86 31165
0 97 31164
15045 67 15112
0 40 31165
0 55 31164
15181 99 15280
0 69 31165
0 45 31164
15388 101 15489
0 108 31165
0 156 31164
15499 18 15517
0 10 31165
0 44 31164
15612 57 15669
0 95 31165
0 128 31164
