402
59 96 155
0 59 29983
0 96 29982
228 84 312
0 73 29983
0 170 29982
397 94 491
0 85 29983
0 121 29982
534 48 582
0 43 29983
0 13 29982
656 35 691
0 74 29983
0 83 29982
707 39 746
0 16 29983
0 144 29982
816 86 902
0 70 29983
0 143 29982
957 72 1029
0 55 29983
0 106 29982
1077 34 1111
0 48 29983
0 73 29982
1132 100 1232
0 21 29983
0 141 29982
1310 58 1368
0 78 29983
0 195 29982
1427 79 1506
0 59 29983
0 89 29982
1614 100 1714
0 108 29983
0 105 29982
1732 106 1838
0 18 29983
0 101 29982
1902 15 1917
0 64 29983
0 180 29982
1973 74 2047
0 56 29983
0 209 29982
2081 64 2145
0 34 29983
0 77 29982
2215 41 2256
0 70 29983
0 127 29982
2277 51 2328
0 21 29983
0 128 29982
2342 86 2428
0 14 29983
0 77 29982
2505 68 2573
0 77 29983
0 113 29982
2662 80 2742
0 89 29983
0 139 29982
2850 20 2870
0 108 29983
0 127 29982
2930 39 2969
0 60 29983
0 126 29982
3010 17 3027
0 41 29983
0 156 29982
3074 82 3156
0 47 29983
0 88 29982
3218 51 3269
0 62 29983
0 198 29982
3350 22 3372
0 81 29983
0 42 29982
3417 32 3449
0 45 29983
0 30 29982
3478 16 3494
0 29 29983
0 92 29982
3576 50 3626
0 82 29983
0 23 29982
3733 44 3777
0 107 29983
0 78 29982
3815 76 3891
0 38 29983
0 115 29982
3958 27 3985
0 67 29983
0 173 29982
4088 99 4187
0 103 29983
0 183 29982
4271 47 4318
0 84 29983
0 63 29982
4362 100 4462
0 44 29983
0 135 29982
4534 76 4610
0 72 29983
0 87 29982
4622 34 4656
0 12 29983
0 88 29982
4763 85 4848
0 107 29983
0 70 29982
4951 98 5049
0 103 29983
0 50 29982
5157 56 5213
0 108 29983
0 150 29982
5229 25 5254
0 16 29983
0 65 29982
5339 51 5390
0 85 29983
0 61 29982
5439 84 5523
0 49 29983
0 23 29982
5615 89 5704
0 92 29983
0 94 29982
5758 13 5771
0 54 29983
0 178 29982
5851 52 5903
0 80 29983
0 76 29982
5914 46 5960
0 11 29983
0 16 29982
6065 12 6077
0 105 29983
0 40 29982
6155 25 6180
0 78 29983
0 109 29982
6234 98 6332
0 54 29983
0 80 29982
6381 13 6394
0 49 29983
0 108 29982
6468 85 6553
0 74 29983
0 79 29982
6582 90 6672
0 29 29983
0 178 29982
6765 92 6857
0 93 29983
0 205 29982
6935 107 7042
0 78 29983
0 12 29982
7115 13 7128
0 73 29983
0 35 29982
7213 45 7258
0 85 29983
0 74 29982
7284 53 7337
0 26 29983
0 74 29982
7352 107 7459
0 15 29983
0 10 29982
7538 23 7561
0 79 29983
0 93 29982
7654 89 7743
0 93 29983
0 54 29982
7771 45 7816
0 28 29983
0 182 29982
7838 14 7852
0 22 29983
0 116 29982
7927 17 7944
0 75 29983
0 52 29982
7961 87 8048
0 17 29983
0 137 29982
8106 86 8192
0 58 29983
0 82 29982
8215 59 8274
0 23 29983
0 144 29982
8383 43 8426
0 109 29983
0 30 29982
8535 96 8631
0 109 29983
0 172 29982
8699 89 8788
0 68 29983
0 38 29982
8815 15 8830
0 27 29983
0 160 29982
8853 72 8925
0 23 29983
0 82 29982
8947 48 8995
0 22 29983
0 33 29982
9037 41 9078
0 42 29983
0 95 29982
9127 28 9155
0 49 29983
0 39 29982
9216 52 9268
0 61 29983
0 181 29982
9296 72 9368
0 28 29983
0 137 29982
9466 78 9544
0 98 29983
0 208 29982
9565 32 9597
0 21 29983
0 85 29982
9673 74 9747
0 76 29983
0 170 29982
9809 13 9822
0 62 29983
0 42 29982
9914 14 9928
0 92 29983
0 95 29982
9981 84 10065
0 53 29983
0 80 29982
10150 40 10190
0 85 29983
0 23 29982
10209 90 10299
0 19 29983
0 76 29982
10350 13 10363
0 51 29983
0 195 29982
10437 46 10483
0 74 29983
0 13 29982
10586 64 10650
0 103 29983
0 21 29982
10664 24 10688
0 14 29983
0 147 29982
10730 43 10773
0 42 29983
0 156 29982
10872 82 10954
0 99 29983
0 54 29982
10982 52 11034
0 28 29983
0 159 29982
11126 12 11138
0 92 29983
0 99 29982
11196 95 11291
0 58 29983
0 83 29982
11323 16 11339
0 32 29983
0 91 29982
11372 81 11453
0 33 29983
0 95 29982
11518 106 11624
0 65 29983
0 87 29982
11654 77 11731
0 30 29983
0 68 29982
11789 12 11801
0 58 29983
0 150 29982
11824 27 11851
0 23 29983
0 205 29982
11922 104 12026
0 71 29983
0 202 29982
12119 92 12211
0 93 29983
0 56 29982
12317 30 12347
0 106 29983
0 25 29982
12425 88 12513
0 78 29983
0 120 29982
12567 76 12643
0 54 29983
0 162 29982
12698 89 12787
0 55 29983
0 118 29982
12846 25 12871
0 59 29983
0 59 29982
12919 70 12989
0 48 29983
0 177 29982
13066 14 13080
0 77 29983
0 161 29982
13159 22 13181
0 79 29983
0 76 29982
13277 104 13381
0 96 29983
0 12 29982
13427 55 13482
0 46 29983
0 140 29982
13563 76 13639
0 81 29983
0 86 29982
13722 66 13788
0 83 29983
0 26 29982
13842 101 13943
0 54 29983
0 14 29982
14023 80 14103
0 80 29983
0 74 29982
14203 76 14279
0 100 29983
0 28 29982
14336 72 14408
0 57 29983
0 128 29982
14517 66 14583
0 109 29983
0 197 29982
14604 28 14632
0 21 29983
0 181 29982
14679 36 14715
0 47 29983
0 122 29982
14776 99 14875
0 61 29983
0 208 29982
14889 18 14907
0 14 29983
0 32 29982
14987 106 15093
0 80 29983
0 67 29982
15120 47 15167
0 27 29983
0 108 29982
15222 10 15232
0 55 29983
0 149 29982
15340 42 15382
0 108 29983
0 136 29982
15438 47 15485
0 56 29983
0 62 29982
15569 59 15628
0 84 29983
0 183 29982
15679 76 15755
0 51 29983
0 29 29982
15849 63 15912
0 94 29983
0 145 29982
16014 73 16087
0 102 29983
0 162 29982
