402
93 81 174
0 93 30802
0 91 30801
220 106 326
0 46 30802
0 125 30801
368 107 475
0 42 30802
0 16 30801
531 96 627
0 56 30802
0 149 30801
666 47 713
0 39 30802
0 156 30801
822 86 908
0 109 30802
0 174 30801
925 72 997
0 17 30802
0 153 30801
1057 59 1116
0 60 30802
0 33 30801
1194 81 1275
0 78 30802
0 64 30801
1375 87 1462
0 100 30802
0 147 30801
1496 34 1530
0 34 30802
0 179 30801
1545 69 1614
0 15 30802
0 62 30801
1685 45 1730
0 71 30802
0 147 30801
1753 27 1780
0 23 30802
0 154 30801
1791 95 1886
0 11 30802
0 45 30801
1947 34 1981
0 61 30802
0 176 30801
2058 56 2114
0 77 30802
0 115 30801
2151 73 2224
0 37 30802
0 160 30801
2298 55 2353
0 74 30802
0 131 30801
2457 39 2496
0 104 30802
0 84 30801
2581 70 2651
0 85 30802
0 196 30801
2703 93 2796
0 52 30802
0 135 30801
2860 98 2958
0 64 30802
0 81 30801
3022 42 3064
0 64 30802
0 61 30801
3120 45 3165
0 56 30802
0 69 30801
3269 106 3375
0 104 30802
0 124 30801
3480 19 3499
0 105 30802
0 120 30801
3604 82 3686
0 105 30802
0 47 30801
3721 84 3805
0 35 30802
0 139 30801
3836 103 3939
0 31 30802
0 100 30801
3952 80 4032
0 13 30802
0 151 30801
4111 33 4144
0 79 30802
0 170 30801
4159 98 4257
0 15 30802
0 164 30801
4309 45 4354
0 52 30802
0 119 30801
4364 66 4430
0 10 30802
0 196 30801
4537 90 4627
0 107 30802
0 184 30801
4713 93 4806
0 86 30802
0 23 30801
4832 12 4844
0 26 30802
0 84 30801
4933 14 4947
0 89 30802
0 27 30801
4979 46 5025
0 32 30802
0 81 30801
5114 40 5154
0 89 30802
0 203 30801
5252 12 5264
0 98 30802
0 46 30801
5359 36 5395
0 95 30802
0 199 30801
5466 58 5524
0 71 30802
0 54 30801
5583 108 5691
0 59 30802
0 117 30801
5759 47 5806
0 68 30802
0 70 30801
5828 79 5907
0 22 30802
0 46 30801
5990 30 6020
0 83 30802
0 68 30801
6080 33 6113
0 60 30802
0 174 30801
6199 88 6287
0 86 30802
0 130 30801
6353 81 6434
0 66 30802
0 26 30801
6470 23 6493
0 36 30802
0 83 30801
6518 33 6551
0 25 30802
0 13 30801
6632 34 6666
0 81 30802
0 102 30801
6762 37 6799
0 96 30802
0 46 30801
6825 10 6835
0 26 30802
0 15 30801
6851 33 6884
0 16 30802
0 145 30801
6921 66 6987
0 37 30802
0 42 30801
7067 75 7142
0 80 30802
0 77 30801
7246 72 7318
0 104 30802
0 150 30801
7373 72 7445
0 55 30802
0 89 30801
7468 57 7525
0 23 30802
0 148 30801
7580 19 7599
0 55 30802
0 34 30801
7633 98 7731
0 34 30802
0 195 30801
7754 16 7770
0 23 30802
0 96 30801
7843 50 7893
0 73 30802
0 190 30801
7942 81 8023
0 49 30802
0 52 30801
8072 107 8179
0 49 30802
0 41 30801
8200 43 8243
0 21 30802
0 43 30801
8332 51 8383
0 89 30802
0 162 30801
8398 96 8494
0 15 30802
0 152 30801
8567 50 8617
0 73 30802
0 186 30801
8720 49 8769
0 103 30802
0 77 30801
8795 70 8865
0 26 30802
0 36 30801
8945 80 9025
0 80 30802
0 139 30801
9105 76 9181
0 80 30802
0 170 30801
9226 18 9244
0 45 30802
0 182 30801
9296 74 9370
0 52 30802
0 72 30801
9390 80 9470
0 20 30802
0 72 30801
9522 74 9596
0 52 30802
0 79 30801
9637 14 9651
0 41 30802
0 71 30801
9665 26 9691
0 14 30802
0 182 30801
9796 72 9868
0 105 30802
0 88 30801
9885 71 9956
0 17 30802
0 156 30801
10050 56 10106
0 94 30802
0 138 30801
10135 65 10200
0 29 30802
0 10 30801
10286 36 10322
0 86 30802
0 120 30801
10407 101 10508
0 85 30802
0 110 30801
10555 45 10600
0 47 30802
0 64 30801
10610 75 10685
0 10 30802
0 136 30801
10726 61 10787
0 41 30802
0 184 30801
10868 41 10909
0 81 30802
0 101 30801
10926 37 10963
0 17 30802
0 187 30801
11062 43 11105
0 99 30802
0 15 30801
11117 36 11153
0 12 30802
0 121 30801
11190 28 11218
0 37 30802
0 190 30801
11305 31 11336
0 87 30802
0 173 30801
11422 62 11484
0 86 30802
0 132 30801
11502 45 11547
0 18 30802
0 206 30801
11628 15 11643
0 81 30802
0 159 30801
11716 84 11800
0 73 30802
0 128 30801
11875 87 11962
0 75 30802
0 25 30801
12013 20 12033
0 51 30802
0 22 30801
12110 46 12156
0 77 30802
0 108 30801
12233 80 12313
0 77 30802
0 143 30801
12408 92 12500
0 95 30802
0 151 30801
12530 58 12588
0 30 30802
0 169 30801
12634 84 12718
0 46 30802
0 137 30801
12763 89 12852
0 45 30802
0 22 30801
12862 28 12890
0 10 30802
0 74 30801
12971 55 13026
0 81 30802
0 34 30801
13108 67 13175
0 82 30802
0 81 30801
13210 25 13235
0 35 30802
0 134 30801
13312 61 13373
0 77 30802
0 163 30801
13456 91 13547
0 83 30802
0 37 30801
13645 74 13719
0 98 30802
0 198 30801
13789 98 13887
0 70 30802
0 164 30801
13974 48 14022
0 87 30802
0 171 30801
14055 109 14164
0 33 30802
0 169 30801
14218 23 14241
0 54 30802
0 72 30801
14305 31 14336
0 64 30802
0 107 30801
14369 19 14388
0 33 30802
0 13 30801
14398 86 14484
0 10 30802
0 151 30801
14518 87 14605
0 34 30802
0 138 30801
14650 89 14739
0 45 30802
0 46 30801
14830 76 14906
0 91 30802
0 92 30801
14954 78 15032
0 48 30802
0 76 30801
15139 74 15213
0 107 30802
0 147 30801
15249 66 15315
0 36 30802
0 131 30801
15373 23 15396
0 58 30802
0 183 30801
15438 57 15495
0 42 30802
0 107 30801
15563 31 15594
0 68 30802
0 194 30801
15638 18 15656
0 44 30802
0 85 30801
15715 32 15747
0 59 30802
0 186 30801
