402
12 11 23
0 12 31658
0 32 31657
61 27 88
0 38 31658
0 40 31657
118 70 188
0 30 31658
0 31 31657
224 72 296
0 36 31658
0 106 31657
390 92 482
0 94 31658
0 128 31657
494 91 585
0 12 31658
0 131 31657
596 32 628
0 11 31658
0 189 31657
701 27 728
0 73 31658
0 90 31657
771 24 795
0 43 31658
0 113 31657
810 104 914
0 15 31658
0 178 31657
986 101 1087
0 72 31658
0 124 31657
1154 78 1232
0 67 31658
0 182 31657
1284 100 1384
0 52 31658
0 41 31657
1474 102 1576
0 90 31658
0 120 31657
1680 20 1700
0 104 31658
0 153 31657
1742 75 1817
0 42 31658
0 131 31657
1833 63 1896
0 16 31658
0 24 31657
1972 20 1992
0 76 31658
0 22 31657
2032 51 2083
0 40 31658
0 103 31657
2128 65 2193
0 45 31658
0 182 31657
2235 101 2336
0 42 31658
0 189 31657
2350 27 2377
0 14 31658
0 152 31657
2416 37 2453
0 39 31658
0 88 31657
2507 17 2524
0 54 31658
0 194 31657
2566 43 2609
0 42 31658
0 193 31657
2711 81 2792
0 102 31658
0 83 31657
2832 55 2887
0 40 31658
0 139 31657
2971 96 3067
0 84 31658
0 140 31657
3106 19 3125
0 39 31658
0 44 31657
3173 69 3242
0 48 31658
0 103 31657
3284 22 3306
0 42 31658
0 199 31657
3361 100 3461
0 55 31658
0 148 31657
3506 22 3528
0 45 31658
0 63 31657
3538 108 3646
0 10 31658
0 209 31657
3698 42 3740
0 52 31658
0 127 31657
3835 28 3863
0 95 31658
0 14 31657
3918 52 3970
0 55 31658
0 170 31657
4067 53 4120
0 97 31658
0 172 31657
4199 94 4293
0 79 31658
0 14 31657
4378 101 4479
0 85 31658
0 169 31657
4517 60 4577
0 38 31658
0 16 31657
4660 24 4684
0 83 31658
0 40 31657
4713 24 4737
0 29 31658
0 205 31657
4749 67 4816
0 12 31658
0 111 31657
4859 69 4928
0 43 31658
0 200 31657
4942 76 5018
0 14 31658
0 179 31657
5113 54 5167
0 95 31658
0 139 31657
5179 35 5214
0 12 31658
0 53 31657
5304 53 5357
0 90 31658
0 53 31657
5443 32 5475
0 86 31658
0 141 31657
5556 86 5642
0 81 31658
0 85 31657
5733 91 5824
0 91 31658
0 13 31657
5888 84 5972
0 64 31658
0 184 31657
6022 80 6102
0 50 31658
0 138 31657
6203 18 6221
0 101 31658
0 78 31657
6288 87 6375
0 67 31658
0 209 31657
6425 72 6497
0 50 31658
0 180 31657
6520 52 6572
0 23 31658
0 123 31657
6650 75 6725
0 78 31658
0 57 31657
6791 34 6825
0 66 31658
0 130 31657
6839 31 6870
0 14 31658
0 74 31657
6928 88 7016
0 58 31658
0 149 31657
7051 99 7150
0 35 31658
0 117 31657
7194 16 7210
0 44 31658
0 154 31657
7223 92 7315
0 13 31658
0 111 31657
7395 25 7420
0 80 31658
0 62 31657
7515 81 7596
0 95 31658
0 48 31657
7632 101 7733
0 36 31658
0 93 31657
7744 73 7817
0 11 31658
0 163 31657
7916 71 7987
0 99 31658
0 156 31657
8089 44 8133
0 102 31658
0 95 31657
8194 15 8209
0 61 31658
0 198 31657
8244 61 8305
0 35 31658
0 180 31657
8335 107 8442
0 30 31658
0 39 31657
8541 79 8620
0 99 31658
0 189 31657
8699 43 8742
0 79 31658
0 185 31657
8793 106 8899
0 51 31658
0 187 31657
8967 79 9046
0 68 31658
0 169 31657
9154 36 9190
0 108 31658
0 115 31657
9233 102 9335
0 43 31658
0 180 31657
9386 86 9472
0 51 31658
0 37 31657
9486 40 9526
0 14 31658
0 101 31657
9586 107 9693
0 60 31658
0 88 31657
9732 30 9762
0 39 31658
0 99 31657
9781 82 9863
0 19 31658
0 53 31657
9925 100 10025
0 62 31658
0 46 31657
10068 52 10120
0 43 31658
0 80 31657
10204 71 10275
0 84 31658
0 195 31657
10297 22 10319
0 22 31658
0 183 31657
10382 61 10443
0 63 31658
0 112 31657
10530 63 10593
0 87 31658
0 194 31657
10617 83 10700
0 24 31658
0 30 31657
10736 46 10782
0 36 31658
0 176 31657
10816 12 10828
0 34 31658
0 67 31657
10841 32 10873
0 13 31658
0 189 31657
10953 44 10997
0 80 31658
0 56 31657
11042 53 11095
0 45 31658
0 190 31657
11138 98 11236
0 43 31658
0 39 31657
11310 10 11320
0 74 31658
0 66 31657
11372 44 11416
0 52 31658
0 88 31657
11480 17 11497
0 64 31658
0 98 31657
11541 35 11576
0 44 31658
0 122 31657
11660 52 11712
0 84 31658
0 128 31657
11801 81 11882
0 89 31658
0 186 31657
11936 78 12014
0 54 31658
0 29 31657
12043 80 12123
0 29 31658
0 169 31657
12212 31 12243
0 89 31658
0 197 31657
12283 59 12342
0 40 31658
0 84 31657
12384 43 12427
0 42 31658
0 74 31657
12536 43 12579
0 109 31658
0 197 31657
12681 61 12742
0 102 31658
0 169 31657
12767 24 12791
0 25 31658
0 39 31657
12878 105 12983
0 87 31658
0 184 31657
13029 84 13113
0 46 31658
0 149 31657
13155 90 13245
0 42 31658
0 159 31657
13324 43 13367
0 79 31658
0 160 31657
13415 45 13460
0 48 31658
0 124 31657
13507 71 13578
0 47 31658
0 124 31657
13670 40 13710
0 92 31658
0 111 31657
13806 26 13832
0 96 31658
0 111 31657
13852 73 13925
0 20 31658
0 37 31657
13960 71 14031
0 35 31658
0 196 31657
14070 84 14154
0 39 31658
0 165 31657
14234 56 14290
0 80 31658
0 143 31657
14321 38 14359
0 31 31658
0 207 31657
14412 54 14466
0 53 31658
0 194 31657
14479 59 14538
0 13 31658
0 103 31657
14575 61 14636
0 37 31658
0 86 31657
14724 64 14788
0 88 31658
0 132 31657
14867 91 14958
0 79 31658
0 27 31657
15064 21 15085
0 106 31658
0 110 31657
15155 61 15216
0 70 31658
0 166 31657
15279 54 15333
0 63 31658
0 168 31657
15399 62 15461
0 66 31658
0 31 31657
