402
42 46 88
0 42 30205
0 50 30204
156 109 265
0 68 30205
0 44 30204
334 20 354
0 69 30205
0 36 30204
426 78 504
0 72 30205
0 28 30204
605 42 647
0 101 30205
0 75 30204
748 19 767
0 101 30205
0 40 30204
829 59 888
0 62 30205
0 135 30204
919 28 947
0 31 30205
0 30 30204
964 14 978
0 17 30205
0 157 30204
1030 16 1046
0 52 30205
0 63 30204
1056 19 1075
0 10 30205
0 16 30204
1135 16 1151
0 60 30205
0 108 30204
1177 11 1188
0 26 30205
0 108 30204
1224 73 1297
0 36 30205
0 173 30204
1365 34 1399
0 68 30205
0 22 30204
1504 37 1541
0 105 30205
0 118 30204
1598 29 1627
0 57 30205
0 25 30204
1736 51 1787
0 109 30205
0 85 30204
1822 100 1922
0 35 30205
0 83 30204
2028 24 2052
0 106 30205
0 165 30204
2153 69 2222
0 101 30205
0 148 30204
2305 80 2385
0 83 30205
0 29 30204
2479 57 2536
0 94 30205
0 55 30204
2598 84 2682
0 62 30205
0 194 30204
2764 42 2806
0 82 30205
0 155 30204
2874 86 2960
0 68 30205
0 77 30204
3009 79 3088
0 49 30205
0 18 30204
3180 108 3288
0 92 30205
0 123 30204
3327 15 3342
0 39 30205
0 162 30204
3451 103 3554
0 109 30205
0 111 30204
3579 37 3616
0 25 30205
0 165 30204
3681 57 3738
0 65 30205
0 43 30204
3846 64 3910
0 108 30205
0 171 30204
3986 40 4026
0 76 30205
0 117 30204
4075 31 4106
0 49 30205
0 89 30204
4207 11 4218
0 101 30205
0 97 30204
4321 50 4371
0 103 30205
0 128 30204
4459 106 4565
0 88 30205
0 174 30204
4591 11 4602
0 26 30205
0 71 30204
4671 50 4721
0 69 30205
0 27 30204
4768 61 4829
0 47 30205
0 47 30204
4930 22 4952
0 101 30205
0 186 30204
4976 28 5004
0 24 30205
0 202 30204
5087 60 5147
0 83 30205
0 51 30204
5157 55 5212
0 10 30205
0 198 30204
5302 17 5319
0 90 30205
0 65 30204
5388 89 5477
0 69 30205
0 171 30204
5579 66 5645
0 102 30205
0 34 30204
5670 59 5729
0 25 30205
0 55 30204
5802 32 5834
0 73 30205
0 118 30204
5844 108 5952
0 10 30205
0 124 30204
6016 31 6047
0 64 30205
0 156 30204
6057 22 6079
0 10 30205
0 142 30204
6156 64 6220
0 77 30205
0 168 30204
6317 100 6417
0 97 30205
0 71 30204
6458 96 6554
0 41 30205
0 27 30204
6575 61 6636
0 21 30205
0 49 30204
6709 61 6770
0 73 30205
0 99 30204
6796 12 6808
0 26 30205
0 176 30204
6843 93 6936
0 35 30205
0 39 30204
6956 87 7043
0 20 30205
0 167 30204
7123 38 7161
0 80 30205
0 28 30204
7173 58 7231
0 12 30205
0 144 30204
7242 83 7325
0 11 30205
0 78 30204
7422 108 7530
0 97 30205
0 109 30204
7565 84 7649
0 35 30205
0 124 30204
7735 11 7746
0 86 30205
0 91 30204
7792 30 7822
0 46 30205
0 168 30204
7854 91 7945
0 32 30205
0 117 30204
8008 25 8033
0 63 30205
0 158 30204
8127 35 8162
0 94 30205
0 21 30204
8214 13 8227
0 52 30205
0 14 30204
8257 96 8353
0 30 30205
0 79 30204
8381 91 8472
0 28 30205
0 83 30204
8525 28 8553
0 53 30205
0 65 30204
8616 80 8696
0 63 30205
0 58 30204
8786 105 8891
0 90 30205
0 149 30204
8944 14 8958
0 53 30205
0 20 30204
9039 26 9065
0 81 30205
0 26 30204
9145 82 9227
0 80 30205
0 73 30204
9332 19 9351
0 105 30205
0 138 30204
9400 97 9497
0 49 30205
0 209 30204
9548 98 9646
0 51 30205
0 166 30204
9664 48 9712
0 18 30205
0 80 30204
9777 16 9793
0 65 30205
0 203 30204
9826 68 9894
0 33 30205
0 25 30204
9945 75 10020
0 51 30205
0 176 30204
10031 108 10139
0 11 30205
0 45 30204
10181 79 10260
0 42 30205
0 129 30204
10288 98 10386
0 28 30205
0 27 30204
10428 40 10468
0 42 30205
0 117 30204
10551 62 10613
0 83 30205
0 127 30204
10643 41 10684
0 30 30205
0 158 30204
10776 51 10827
0 92 30205
0 76 30204
10917 25 10942
0 90 30205
0 97 30204
10988 91 11079
0 46 30205
0 152 30204
11185 94 11279
0 106 30205
0 54 30204
11357 49 11406
0 78 30205
0 49 30204
11466 55 11521
0 60 30205
0 195 30204
11547 91 11638
0 26 30205
0 177 30204
11658 71 11729
0 20 30205
0 192 30204
11805 55 11860
0 76 30205
0 182 30204
11921 79 12000
0 61 30205
0 151 30204
12086 49 12135
0 86 30205
0 173 30204
12221 59 12280
0 86 30205
0 134 30204
12344 99 12443
0 64 30205
0 159 30204
12525 10 12535
0 82 30205
0 139 30204
12636 81 12717
0 101 30205
0 57 30204
12812 82 12894
0 95 30205
0 209 30204
12958 57 13015
0 64 30205
0 103 30204
13090 109 13199
0 75 30205
0 12 30204
13213 101 13314
0 14 30205
0 163 30204
13399 52 13451
0 85 30205
0 153 30204
13528 35 13563
0 77 30205
0 30 30204
13580 60 13640
0 17 30205
0 105 30204
13731 67 13798
0 91 30205
0 131 30204
13865 93 13958
0 67 30205
0 179 30204
13979 99 14078
0 21 30205
0 119 30204
14152 66 14218
0 74 30205
0 153 30204
14277 98 14375
0 59 30205
0 63 30204
14451 16 14467
0 76 30205
0 12 30204
14487 10 14497
0 20 30205
0 34 30204
14606 71 14677
0 109 30205
0 201 30204
14742 11 14753
0 65 30205
0 19 30204
14833 18 14851
0 80 30205
0 125 30204
14900 74 14974
0 49 30205
0 31 30204
15040 21 15061
0 66 30205
0 177 30204
15107 95 15202
0 46 30205
0 104 30204
15248 88 15336
0 46 30205
0 208 30204
15352 39 15391
0 16 30205
0 116 30204
15403 57 15460
0 12 30205
0 136 30204
15538 58 15596
0 78 30205
0 203 30204
15662 104 15766
0 66 30205
0 99 30204
15874 65 15939
0 108 30205
0 128 30204
