402
73 34 107
0 73 32219
0 32 32218
194 71 265
0 87 32219
0 63 32218
300 64 364
0 35 32219
0 197 32218
467 43 510
0 103 32219
0 94 32218
601 51 652
0 91 32219
0 29 32218
715 37 752
0 63 32219
0 130 32218
846 66 912
0 94 32219
0 165 32218
934 97 1031
0 22 32219
0 196 32218
1111 68 1179
0 80 32219
0 96 32218
1239 49 1288
0 60 32219
0 144 32218
1394 108 1502
0 106 32219
0 161 32218
1580 37 1617
0 78 32219
0 194 32218
1661 47 1708
0 44 32219
0 113 32218
1729 66 1795
0 21 32219
0 118 32218
1880 107 1987
0 85 32219
0 209 32218
2087 32 2119
0 100 32219
0 94 32218
2193 54 2247
0 74 32219
0 83 32218
2337 86 2423
0 90 32219
0 107 32218
2512 107 2619
0 89 32219
0 39 32218
2716 98 2814
0 97 32219
0 140 32218
2914 40 2954
0 100 32219
0 77 32218
3017 61 3078
0 63 32219
0 172 32218
3093 37 3130
0 15 32219
0 202 32218
3224 77 3301
0 94 32219
0 136 32218
3330 18 3348
0 29 32219
0 50 32218
3451 102 3553
0 103 32219
0 179 32218
3653 38 3691
0 100 32219
0 143 32218
3735 21 3756
0 44 32219
0 67 32218
3792 62 3854
0 36 32219
0 99 32218
3874 57 3931
0 20 32219
0 58 32218
4031 46 4077
0 100 32219
0 90 32218
4165 103 4268
0 88 32219
0 97 32218
4354 12 4366
0 86 32219
0 171 32218
4467 18 4485
0 101 32219
0 180 32218
4540 109 4649
0 55 32219
0 44 32218
4703 66 4769
0 54 32219
0 146 32218
4840 52 4892
0 71 32219
0 204 32218
4926 77 5003
0 34 32219
0 205 32218
5099 100 5199
0 96 32219
0 68 32218
5264 99 5363
0 65 32219
0 111 32218
5457 63 5520
0 94 32219
0 32 32218
5531 11 5542
0 11 32219
0 34 32218
5624 80 5704
0 82 32219
0 83 32218
5811 103 5914
0 107 32219
0 38 32218
5934 78 6012
0 20 32219
0 59 32218
6039 72 6111
0 27 32219
0 27 32218
6144 71 6215
0 33 32219
0 203 32218
6256 95 6351
0 41 32219
0 145 32218
6431 15 6446
0 80 32219
0 56 32218
6473 90 6563
0 27 32219
0 15 32218
6640 43 6683
0 77 32219
0 153 32218
6716 92 6808
0 33 32219
0 139 32218
6860 81 6941
0 52 32219
0 57 32218
7043 45 7088
0 102 32219
0 176 32218
7169 108 7277
0 81 32219
0 195 32218
7359 21 7380
0 82 32219
0 164 32218
7436 11 7447
0 56 32219
0 179 32218
7526 47 7573
0 79 32219
0 32 32218
7620 88 7708
0 47 32219
0 195 32218
7745 53 7798
0 37 32219
0 190 32218
7831 77 7908
0 33 32219
0 201 32218
8010 106 8116
0 102 32219
0 131 32218
8190 33 8223
0 74 32219
0 85 32218
8253 24 8277
0 30 32219
0 136 32218
8312 83 8395
0 35 32219
0 136 32218
8465 88 8553
0 70 32219
0 191 32218
8634 78 8712
0 81 32219
0 205 32218
8741 64 8805
0 29 32219
0 114 32218
8912 104 9016
0 107 32219
0 43 32218
9047 107 9154
0 31 32219
0 168 32218
9221 102 9323
0 67 32219
0 85 32218
9428 91 9519
0 105 32219
0 154 32218
9593 69 9662
0 74 32219
0 40 32218
9733 45 9778
0 71 32219
0 72 32218
9804 46 9850
0 26 32219
0 126 32218
9955 99 10054
0 105 32219
0 22 32218
10152 22 10174
0 98 32219
0 35 32218
10192 106 10298
0 18 32219
0 78 32218
10350 52 10402
0 52 32219
0 142 32218
10468 83 10551
0 66 32219
0 98 32218
10626 94 10720
0 75 32219
0 82 32218
10731 95 10826
0 11 32219
0 21 32218
10905 24 10929
0 79 32219
0 177 32218
10997 49 11046
0 68 32219
0 163 32218
11099 63 11162
0 53 32219
0 121 32218
11210 66 11276
0 48 32219
0 192 32218
11380 62 11442
0 104 32219
0 18 32218
11471 55 11526
0 29 32219
0 148 32218
11547 104 11651
0 21 32219
0 199 32218
11756 104 11860
0 105 32219
0 53 32218
11947 28 11975
0 87 32219
0 132 32218
12081 42 12123
0 106 32219
0 168 32218
12154 73 12227
0 31 32219
0 49 32218
12247 46 12293
0 20 32219
0 95 32218
12354 58 12412
0 61 32219
0 124 32218
12468 84 12552
0 56 32219
0 41 32218
12590 47 12637
0 38 32219
0 110 32218
12664 64 12728
0 27 32219
0 55 32218
12798 88 12886
0 70 32219
0 114 32218
12948 34 12982
0 62 32219
0 56 32218
13052 29 13081
0 70 32219
0 51 32218
13132 85 13217
0 51 32219
0 140 32218
13245 63 13308
0 28 32219
0 88 32218
13376 34 13410
0 68 32219
0 173 32218
13496 62 13558
0 86 32219
0 200 32218
13598 63 13661
0 40 32219
0 25 32218
13732 14 13746
0 71 32219
0 171 32218
13789 13 13802
0 43 32219
0 25 32218
13909 72 13981
0 107 32219
0 82 32218
14022 98 14120
0 41 32219
0 152 32218
14163 58 14221
0 43 32219
0 40 32218
14275 91 14366
0 54 32219
0 81 32218
14449 81 14530
0 83 32219
0 50 32218
14548 19 14567
0 18 32219
0 110 32218
14615 97 14712
0 48 32219
0 176 32218
14801 90 14891
0 89 32219
0 197 32218
14989 80 15069
0 98 32219
0 191 32218
15080 32 15112
0 11 32219
0 38 32218
15221 63 15284
0 109 32219
0 111 32218
15333 80 15413
0 49 32219
0 136 32218
15498 87 15585
0 85 32219
0 120 32218
15621 37 15658
0 36 32219
0 17 32218
15761 19 15780
0 103 32219
0 114 32218
15836 86 15922
0 56 32219
0 162 32218
15954 31 15985
0 32 32219
0 52 32218
16011 101 16112
0 26 32219
0 13 32218
16163 52 16215
0 51 32219
0 80 32218
16236 94 16330
0 21 32219
0 156 32218
16428 95 16523
0 98 32219
0 22 32218
16578 65 16643
0 55 32219
0 181 32218
16748 18 16766
0 105 32219
0 98 32218
16788 83 16871
0 22 32219
0 179 32218
16913 29 16942
0 42 32219
0 99 32218
16995 37 17032
0 53 32219
0 201 32218
