402
66 109 175
0 66 31046
0 48 31045
188 75 263
0 13 31046
0 102 31045
338 75 413
0 75 31046
0 22 31045
517 94 611
0 104 31046
0 21 31045
699 105 804
0 88 31046
0 125 31045
890 87 977
0 86 31046
0 79 31045
1029 88 1117
0 52 31046
0 101 31045
1197 105 1302
0 80 31046
0 33 31045
1320 104 1424
0 18 31046
0 37 31045
1515 75 1590
0 91 31046
0 139 31045
1673 79 1752
0 83 31046
0 107 31045
1797 24 1821
0 45 31046
0 75 31045
1916 23 1939
0 95 31046
0 51 31045
2014 12 2026
0 75 31046
0 36 31045
2055 32 2087
0 29 31046
0 195 31045
2156 29 2185
0 69 31046
0 188 31045
2266 104 2370
0 81 31046
0 180 31045
2391 96 2487
0 21 31046
0 115 31045
2554 42 2596
0 67 31046
0 206 31045
2623 47 2670
0 27 31046
0 62 31045
2709 94 2803
0 39 31046
0 82 31045
2841 80 2921
0 38 31046
0 186 31045
2997 80 3077
0 76 31046
0 154 31045
3148 81 3229
0 71 31046
0 97 31045
3337 92 3429
0 108 31046
0 209 31045
3534 25 3559
0 105 31046
0 53 31045
3579 29 3608
0 20 31046
0 150 31045
3624 79 3703
0 16 31046
0 94 31045
3746 17 3763
0 43 31046
0 118 31045
3834 23 3857
0 71 31046
0 178 31045
3877 26 3903
0 20 31046
0 189 31045
3953 16 3969
0 50 31046
0 139 31045
3981 41 4022
0 12 31046
0 149 31045
4048 30 4078
0 26 31046
0 205 31045
4150 108 4258
0 72 31046
0 57 31045
4310 12 4322
0 52 31046
0 31 31045
4408 90 4498
0 86 31046
0 18 31045
4543 18 4561
0 45 31046
0 64 31045
4611 58 4669
0 50 31046
0 138 31045
4722 50 4772
0 53 31046
0 209 31045
4838 68 4906
0 66 31046
0 170 31045
4995 106 5101
0 89 31046
0 66 31045
5169 88 5257
0 68 31046
0 191 31045
5362 101 5463
0 105 31046
0 123 31045
5538 65 5603
0 75 31046
0 195 31045
5618 31 5649
0 15 31046
0 94 31045
5745 96 5841
0 96 31046
0 157 31045
5936 107 6043
0 95 31046
0 204 31045
6114 30 6144
0 71 31046
0 114 31045
6234 54 6288
0 90 31046
0 135 31045
6340 47 6387
0 52 31046
0 14 31045
6460 67 6527
0 73 31046
0 141 31045
6600 10 6610
0 73 31046
0 92 31045
6629 94 6723
0 19 31046
0 42 31045
6733 72 6805
0 10 31046
0 44 31045
6909 56 6965
0 104 31046
0 195 31045
7024 56 7080
0 59 31046
0 71 31045
7178 63 7241
0 98 31046
0 92 31045
7281 45 7326
0 40 31046
0 143 31045
7415 33 7448
0 89 31046
0 14 31045
7519 88 7607
0 71 31046
0 10 31045
7690 12 7702
0 83 31046
0 29 31045
7796 91 7887
0 94 31046
0 51 31045
7918 71 7989
0 31 31046
0 209 31045
8010 109 8119
0 21 31046
0 130 31045
8212 70 8282
0 93 31046
0 149 31045
8308 28 8336
0 26 31046
0 61 31045
8377 92 8469
0 41 31046
0 58 31045
8500 18 8518
0 31 31046
0 63 31045
8532 66 8598
0 14 31046
0 109 31045
8623 78 8701
0 25 31046
0 104 31045
8748 77 8825
0 47 31046
0 11 31045
8913 69 8982
0 88 31046
0 47 31045
9021 40 9061
0 39 31046
0 184 31045
9082 101 9183
0 21 31046
0 163 31045
9236 35 9271
0 53 31046
0 26 31045
9332 108 9440
0 61 31046
0 41 31045
9470 44 9514
0 30 31046
0 10 31045
9613 16 9629
0 99 31046
0 134 31045
9649 93 9742
0 20 31046
0 53 31045
9835 91 9926
0 93 31046
0 85 31045
9939 14 9953
0 13 31046
0 56 31045
9995 68 10063
0 42 31046
0 165 31045
10080 74 10154
0 17 31046
0 201 31045
10165 109 10274
0 11 31046
0 122 31045
10319 37 10356
0 45 31046
0 122 31045
10403 30 10433
0 47 31046
0 60 31045
10466 69 10535
0 33 31046
0 20 31045
10580 86 10666
0 45 31046
0 48 31045
10734 47 10781
0 68 31046
0 191 31045
10860 15 10875
0 79 31046
0 99 31045
10968 60 11028
0 93 31046
0 41 31045
11096 108 11204
0 68 31046
0 119 31045
11294 55 11349
0 90 31046
0 159 31045
11420 81 11501
0 71 31046
0 148 31045
11555 54 11609
0 54 31046
0 123 31045
11623 89 11712
0 14 31046
0 104 31045
11762 23 11785
0 50 31046
0 189 31045
11863 19 11882
0 78 31046
0 188 31045
11967 107 12074
0 85 31046
0 157 31045
12097 101 12198
0 23 31046
0 132 31045
12282 89 12371
0 84 31046
0 70 31045
12451 100 12551
0 80 31046
0 175 31045
12589 62 12651
0 38 31046
0 185 31045
12715 81 12796
0 64 31046
0 50 31045
12830 105 12935
0 34 31046
0 44 31045
13000 25 13025
0 65 31046
0 159 31045
13082 25 13107
0 57 31046
0 23 31045
13118 83 13201
0 11 31046
0 68 31045
13257 52 13309
0 56 31046
0 24 31045
13373 21 13394
0 64 31046
0 54 31045
13426 63 13489
0 32 31046
0 15 31045
13576 103 13679
0 87 31046
0 188 31045
13694 14 13708
0 15 31046
0 94 31045
13794 97 13891
0 86 31046
0 81 31045
13981 103 14084
0 90 31046
0 137 31045
14095 50 14145
0 11 31046
0 131 31045
14182 91 14273
0 37 31046
0 186 31045
14351 95 14446
0 78 31046
0 160 31045
14482 71 14553
0 36 31046
0 157 31045
14566 41 14607
0 13 31046
0 187 31045
14649 39 14688
0 42 31046
0 11 31045
14774 102 14876
0 86 31046
0 108 31045
14914 44 14958
0 38 31046
0 166 31045
15032 69 15101
0 74 31046
0 70 31045
15206 61 15267
0 105 31046
0 126 31045
15277 54 15331
0 10 31046
0 137 31045
15388 64 15452
0 57 31046
0 155 31045
15507 105 15612
0 55 31046
0 183 31045
15654 109 15763
0 42 31046
0 79 31045
15815 54 15869
0 52 31046
0 165 31045
15943 60 16003
0 74 31046
0 161 31045
16021 79 16100
0 18 31046
0 176 31045
16171 93 16264
0 71 31046
0 146 31045
