402
24 17 41
0 24 30743
0 87 30742
107 64 171
0 66 30743
0 26 30742
181 90 271
0 10 30743
0 27 30742
372 25 397
0 101 30743
0 23 30742
438 77 515
0 41 30743
0 187 30742
611 104 715
0 96 30743
0 154 30742
726 20 746
0 11 30743
0 173 30742
795 29 824
0 49 30743
0 119 30742
839 37 876
0 15 30743
0 205 30742
891 76 967
0 15 30743
0 187 30742
1072 60 1132
0 105 30743
0 184 30742
1219 52 1271
0 87 30743
0 33 30742
1318 48 1366
0 47 30743
0 28 30742
1407 94 1501
0 41 30743
0 46 30742
1560 54 1614
0 59 30743
0 168 30742
1648 78 1726
0 34 30743
0 10 30742
1751 77 1828
0 25 30743
0 122 30742
1875 31 1906
0 47 30743
0 12 30742
1957 35 1992
0 51 30743
0 137 30742
2076 53 2129
0 84 30743
0 115 30742
2189 54 2243
0 60 30743
0 65 30742
2286 100 2386
0 43 30743
0 181 30742
2435 99 2534
0 49 30743
0 31 30742
2593 104 2697
0 59 30743
0 204 30742
2801 12 2813
0 104 30743
0 32 30742
2883 54 2937
0 70 30743
0 161 30742
2950 20 2970
0 13 30743
0 110 30742
3078 104 3182
0 108 30743
0 193 30742
3269 21 3290
0 87 30743
0 63 30742
3332 88 3420
0 42 30743
0 164 30742
3481 20 3501
0 61 30743
0 35 30742
3541 53 3594
0 40 30743
0 51 30742
3686 23 3709
0 92 30743
0 64 30742
3739 92 3831
0 30 30743
0 119 30742
3917 61 3978
0 86 30743
0 59 30742
4019 76 4095
0 41 30743
0 161 30742
4167 67 4234
0 72 30743
0 63 30742
4298 71 4369
0 64 30743
0 67 30742
4401 69 4470
0 32 30743
0 67 30742
4520 93 4613
0 50 30743
0 88 30742
4694 67 4761
0 81 30743
0 195 30742
4773 73 4846
0 12 30743
0 120 30742
4882 68 4950
0 36 30743
0 200 30742
4975 18 4993
0 25 30743
0 49 30742
5067 23 5090
0 74 30743
0 77 30742
5116 16 5132
0 26 30743
0 127 30742
5162 105 5267
0 30 30743
0 192 30742
5327 29 5356
0 60 30743
0 209 30742
5396 22 5418
0 40 30743
0 16 30742
5513 65 5578
0 95 30743
0 148 30742
5634 18 5652
0 56 30743
0 113 30742
5747 99 5846
0 95 30743
0 22 30742
5892 71 5963
0 46 30743
0 74 30742
6070 76 6146
0 107 30743
0 151 30742
6192 45 6237
0 46 30743
0 153 30742
6341 74 6415
0 104 30743
0 207 30742
6459 87 6546
0 44 30743
0 107 30742
6564 88 6652
0 18 30743
0 52 30742
6682 79 6761
0 30 30743
0 93 30742
6794 109 6903
0 33 30743
0 108 30742
7006 98 7104
0 103 30743
0 124 30742
7139 27 7166
0 35 30743
0 104 30742
7256 87 7343
0 90 30743
0 158 30742
7384 53 7437
0 41 30743
0 175 30742
7462 17 7479
0 25 30743
0 122 30742
7539 69 7608
0 60 30743
0 198 30742
7700 70 7770
0 92 30743
0 162 30742
7791 62 7853
0 21 30743
0 194 30742
7948 58 8006
0 95 30743
0 179 30742
8037 59 8096
0 31 30743
0 107 30742
8134 15 8149
0 38 30743
0 175 30742
8171 98 8269
0 22 30743
0 139 30742
8319 44 8363
0 50 30743
0 192 30742
8460 46 8506
0 97 30743
0 182 30742
8516 108 8624
0 10 30743
0 61 30742
8718 90 8808
0 94 30743
0 77 30742
8838 109 8947
0 30 30743
0 44 30742
9028 37 9065
0 81 30743
0 84 30742
9153 11 9164
0 88 30743
0 180 30742
9227 79 9306
0 63 30743
0 80 30742
9318 46 9364
0 12 30743
0 204 30742
9440 36 9476
0 76 30743
0 42 30742
9506 91 9597
0 30 30743
0 60 30742
9607 72 9679
0 10 30743
0 11 30742
9787 10 9797
0 108 30743
0 80 30742
9900 22 9922
0 103 30743
0 107 30742
10029 24 10053
0 107 30743
0 172 30742
10066 61 10127
0 13 30743
0 32 30742
10182 49 10231
0 55 30743
0 56 30742
10252 81 10333
0 21 30743
0 124 30742
10424 38 10462
0 91 30743
0 78 30742
10558 14 10572
0 96 30743
0 55 30742
10646 51 10697
0 74 30743
0 99 30742
10742 12 10754
0 45 30743
0 53 30742
10820 73 10893
0 66 30743
0 81 30742
10978 48 11026
0 85 30743
0 119 30742
11080 64 11144
0 54 30743
0 101 30742
11154 36 11190
0 10 30743
0 153 30742
11258 73 11331
0 68 30743
0 79 30742
11412 107 11519
0 81 30743
0 18 30742
11548 63 11611
0 29 30743
0 199 30742
11689 63 11752
0 78 30743
0 161 30742
11769 69 11838
0 17 30743
0 208 30742
11851 42 11893
0 13 30743
0 88 30742
11906 10 11916
0 13 30743
0 156 30742
11952 98 12050
0 36 30743
0 198 30742
12115 76 12191
0 65 30743
0 159 30742
12288 39 12327
0 97 30743
0 118 30742
12351 47 12398
0 24 30743
0 81 30742
12452 93 12545
0 54 30743
0 22 30742
12638 80 12718
0 93 30743
0 124 30742
12826 10 12836
0 108 30743
0 199 30742
12893 67 12960
0 57 30743
0 36 30742
13066 60 13126
0 106 30743
0 160 30742
13144 29 13173
0 18 30743
0 89 30742
13278 28 13306
0 105 30743
0 163 30742
13363 46 13409
0 57 30743
0 65 30742
13464 47 13511
0 55 30743
0 153 30742
13577 44 13621
0 66 30743
0 106 30742
13730 35 13765
0 109 30743
0 118 30742
13789 108 13897
0 24 30743
0 201 30742
13923 98 14021
0 26 30743
0 193 30742
14078 65 14143
0 57 30743
0 167 30742
14196 68 14264
0 53 30743
0 68 30742
14345 95 14440
0 81 30743
0 44 30742
14482 75 14557
0 42 30743
0 81 30742
14631 30 14661
0 74 30743
0 188 30742
14754 40 14794
0 93 30743
0 99 30742
14846 70 14916
0 52 30743
0 97 30742
14981 48 15029
0 65 30743
0 128 30742
15091 34 15125
0 62 30743
0 154 30742
15186 32 15218
0 61 30743
0 89 30742
15297 16 15313
0 79 30743
0 195 30742
15378 12 15390
0 65 30743
0 150 30742
