402
42 96 138
0 42 29538
0 162 29537
235 27 262
0 97 29538
0 103 29537
356 90 446
0 94 29538
0 110 29537
534 62 596
0 88 29538
0 35 29537
653 88 741
0 57 29538
0 25 29537
803 10 813
0 62 29538
0 179 29537
873 89 962
0 60 29538
0 11 29537
1064 101 1165
0 102 29538
0 185 29537
1188 62 1250
0 23 29538
0 43 29537
1287 46 1333
0 37 29538
0 122 29537
1442 106 1548
0 109 29538
0 15 29537
1592 41 1633
0 44 29538
0 41 29537
1654 16 1670
0 21 29538
0 43 29537
1725 41 1766
0 55 29538
0 208 29537
1780 83 1863
0 14 29538
0 105 29537
1914 42 1956
0 51 29538
0 77 29537
2051 37 2088
0 95 29538
0 55 29537
2114 47 2161
0 26 29538
0 46 29537
2202 108 2310
0 41 29538
0 71 29537
2408 72 2480
0 98 29538
0 71 29537
2562 40 2602
0 82 29538
0 30 29537
2703 63 2766
0 101 29538
0 150 29537
2841 82 2923
0 75 29538
0 151 29537
2952 60 3012
0 29 29538
0 22 29537
3076 65 3141
0 64 29538
0 91 29537
3172 67 3239
0 31 29538
0 199 29537
3344 73 3417
0 105 29538
0 184 29537
3470 73 3543
0 53 29538
0 76 29537
3579 90 3669
0 36 29538
0 185 29537
3715 68 3783
0 46 29538
0 107 29537
3854 81 3935
0 71 29538
0 136 29537
4016 50 4066
0 81 29538
0 28 29537
4116 55 4171
0 50 29538
0 136 29537
4239 69 4308
0 68 29538
0 46 29537
4341 60 4401
0 33 29538
0 128 29537
4504 49 4553
0 103 29538
0 201 29537
4616 37 4653
0 63 29538
0 31 29537
4678 36 4714
0 25 29538
0 169 29537
4794 68 4862
0 80 29538
0 85 29537
4892 38 4930
0 30 29538
0 105 29537
4943 20 4963
0 13 29538
0 43 29537
4982 68 5050
0 19 29538
0 23 29537
5138 55 5193
0 88 29538
0 137 29537
5264 53 5317
0 71 29538
0 107 29537
5360 55 5415
0 43 29538
0 88 29537
5430 81 5511
0 15 29538
0 102 29537
5545 47 5592
0 34 29538
0 161 29537
5645 108 5753
0 53 29538
0 190 29537
5799 63 5862
0 46 29538
0 29 29537
5920 22 5942
0 58 29538
0 146 29537
5954 75 6029
0 12 29538
0 104 29537
6067 77 6144
0 38 29538
0 204 29537
6231 35 6266
0 87 29538
0 173 29537
6325 14 6339
0 59 29538
0 142 29537
6349 68 6417
0 10 29538
0 20 29537
6480 23 6503
0 63 29538
0 118 29537
6606 50 6656
0 103 29538
0 83 29537
6673 41 6714
0 17 29538
0 91 29537
6749 67 6816
0 35 29538
0 40 29537
6900 39 6939
0 84 29538
0 192 29537
7026 73 7099
0 87 29538
0 62 29537
7118 36 7154
0 19 29538
0 29 29537
7179 80 7259
0 25 29538
0 83 29537
7359 104 7463
0 100 29538
0 63 29537
7537 51 7588
0 74 29538
0 150 29537
7670 39 7709
0 82 29538
0 36 29537
7755 102 7857
0 46 29538
0 39 29537
7955 90 8045
0 98 29538
0 18 29537
8085 47 8132
0 40 29538
0 117 29537
8232 109 8341
0 100 29538
0 48 29537
8385 52 8437
0 44 29538
0 204 29537
8505 80 8585
0 68 29538
0 150 29537
8658 69 8727
0 73 29538
0 58 29537
8778 29 8807
0 51 29538
0 192 29537
8897 99 8996
0 90 29538
0 142 29537
9015 37 9052
0 19 29538
0 142 29537
9093 16 9109
0 41 29538
0 170 29537
9194 67 9261
0 85 29538
0 107 29537
9336 22 9358
0 75 29538
0 100 29537
9458 97 9555
0 100 29538
0 146 29537
9632 10 9642
0 77 29538
0 40 29537
9719 77 9796
0 77 29538
0 71 29537
9832 19 9851
0 36 29538
0 107 29537
9949 72 10021
0 98 29538
0 54 29537
10035 101 10136
0 14 29538
0 47 29537
10184 40 10224
0 48 29538
0 34 29537
10257 35 10292
0 33 29538
0 59 29537
10368 18 10386
0 76 29538
0 126 29537
10419 69 10488
0 33 29538
0 78 29537
10513 55 10568
0 25 29538
0 55 29537
10664 72 10736
0 96 29538
0 64 29537
10832 80 10912
0 96 29538
0 167 29537
10974 10 10984
0 62 29538
0 35 29537
11078 98 11176
0 94 29538
0 195 29537
11200 84 11284
0 24 29538
0 76 29537
11392 30 11422
0 108 29538
0 65 29537
11480 24 11504
0 58 29538
0 147 29537
11545 105 11650
0 41 29538
0 200 29537
11669 65 11734
0 19 29538
0 75 29537
11818 66 11884
0 84 29538
0 156 29537
11899 32 11931
0 15 29538
0 106 29537
12021 94 12115
0 90 29538
0 32 29537
12155 87 12242
0 40 29538
0 96 29537
12275 64 12339
0 33 29538
0 87 29537
12377 45 12422
0 38 29538
0 190 29537
12487 69 12556
0 65 29538
0 77 29537
12592 50 12642
0 36 29538
0 182 29537
12659 54 12713
0 17 29538
0 72 29537
12788 31 12819
0 75 29538
0 41 29537
12838 39 12877
0 19 29538
0 184 29537
12940 102 13042
0 63 29538
0 42 29537
13149 62 13211
0 107 29538
0 56 29537
13230 83 13313
0 19 29538
0 87 29537
13405 65 13470
0 92 29538
0 40 29537
13579 19 13598
0 109 29538
0 119 29537
13663 73 13736
0 65 29538
0 182 29537
13763 60 13823
0 27 29538
0 204 29537
13875 66 13941
0 52 29538
0 76 29537
13957 33 13990
0 16 29538
0 146 29537
14085 27 14112
0 95 29538
0 14 29537
14207 104 14311
0 95 29538
0 82 29537
14322 46 14368
0 11 29538
0 108 29537
14472 75 14547
0 104 29538
0 159 29537
14560 78 14638
0 13 29538
0 203 29537
14740 50 14790
0 102 29538
0 202 29537
14847 97 14944
0 57 29538
0 108 29537
15010 82 15092
0 66 29538
0 36 29537
15152 43 15195
0 60 29538
0 26 29537
15224 107 15331
0 29 29538
0 17 29537
15422 108 15530
0 91 29538
0 106 29537
15560 25 15585
0 30 29538
0 85 29537
15607 63 15670
0 22 29538
0 64 29537
15723 82 15805
0 53 29538
0 181 29537
15863 35 15898
0 58 29538
0 162 29537
