402
72 41 113
0 72 30553
0 21 30552
137 92 229
0 24 30553
0 206 30552
304 83 387
0 75 30553
0 109 30552
426 87 513
0 39 30553
0 174 30552
529 96 625
0 16 30553
0 67 30552
673 77 750
0 48 30553
0 129 30552
847 46 893
0 97 30553
0 111 30552
957 104 1061
0 64 30553
0 82 30552
1117 80 1197
0 56 30553
0 57 30552
1236 86 1322
0 39 30553
0 31 30552
1363 51 1414
0 41 30553
0 40 30552
1478 85 1563
0 64 30553
0 182 30552
1610 68 1678
0 47 30553
0 143 30552
1714 64 1778
0 36 30553
0 46 30552
1837 24 1861
0 59 30553
0 136 30552
1969 83 2052
0 108 30553
0 61 30552
2125 60 2185
0 73 30553
0 119 30552
2198 25 2223
0 13 30553
0 115 30552
2291 45 2336
0 68 30553
0 80 30552
2409 12 2421
0 73 30553
0 113 30552
2463 25 2488
0 42 30553
0 187 30552
2512 89 2601
0 24 30553
0 134 30552
2693 69 2762
0 92 30553
0 157 30552
2868 61 2929
0 106 30553
0 91 30552
3007 102 3109
0 78 30553
0 207 30552
3164 62 3226
0 55 30553
0 23 30552
3251 80 3331
0 25 30553
0 114 30552
3362 104 3466
0 31 30553
0 123 30552
3482 50 3532
0 16 30553
0 91 30552
3563 63 3626
0 31 30553
0 71 30552
3701 54 3755
0 75 30553
0 67 30552
3829 62 3891
0 74 30553
0 98 30552
3919 24 3943
0 28 30553
0 12 30552
4034 61 4095
0 91 30553
0 88 30552
4149 33 4182
0 54 30553
0 119 30552
4286 79 4365
0 104 30553
0 77 30552
4469 87 4556
0 104 30553
0 35 30552
4619 85 4704
0 63 30553
0 209 30552
4738 58 4796
0 34 30553
0 167 30552
4854 97 4951
0 58 30553
0 195 30552
5048 82 5130
0 97 30553
0 151 30552
5233 60 5293
0 103 30553
0 196 30552
5355 48 5403
0 62 30553
0 85 30552
5471 34 5505
0 68 30553
0 74 30552
5516 91 5607
0 11 30553
0 47 30552
5693 13 5706
0 86 30553
0 34 30552
5813 95 5908
0 107 30553
0 86 30552
5970 91 6061
0 62 30553
0 39 30552
6122 94 6216
0 61 30553
0 170 30552
6268 92 6360
0 52 30553
0 74 30552
6434 63 6497
0 74 30553
0 171 30552
6603 94 6697
0 106 30553
0 156 30552
6795 62 6857
0 98 30553
0 11 30552
6881 83 6964
0 24 30553
0 28 30552
6995 95 7090
0 31 30553
0 28 30552
7164 26 7190
0 74 30553
0 142 30552
7295 46 7341
0 105 30553
0 167 30552
7370 69 7439
0 29 30553
0 156 30552
7506 36 7542
0 67 30553
0 143 30552
7589 93 7682
0 47 30553
0 95 30552
7701 42 7743
0 19 30553
0 146 30552
7836 93 7929
0 93 30553
0 108 30552
7970 25 7995
0 41 30553
0 96 30552
8008 37 8045
0 13 30553
0 104 30552
8144 64 8208
0 99 30553
0 89 30552
8262 76 8338
0 54 30553
0 137 30552
8351 97 8448
0 13 30553
0 34 30552
8528 24 8552
0 80 30553
0 186 30552
8609 47 8656
0 57 30553
0 41 30552
8745 87 8832
0 89 30553
0 187 30552
8862 59 8921
0 30 30553
0 149 30552
8975 97 9072
0 54 30553
0 150 30552
9102 11 9113
0 30 30553
0 144 30552
9158 11 9169
0 45 30553
0 39 30552
9197 109 9306
0 28 30553
0 168 30552
9396 10 9406
0 90 30553
0 67 30552
9432 25 9457
0 26 30553
0 195 30552
9507 30 9537
0 50 30553
0 175 30552
9589 60 9649
0 52 30553
0 25 30552
9750 52 9802
0 101 30553
0 104 30552
9842 98 9940
0 40 30553
0 24 30552
10014 58 10072
0 74 30553
0 11 30552
10087 66 10153
0 15 30553
0 107 30552
10252 40 10292
0 99 30553
0 170 30552
10399 107 10506
0 107 30553
0 76 30552
10533 83 10616
0 27 30553
0 24 30552
10661 42 10703
0 45 30553
0 23 30552
10768 23 10791
0 65 30553
0 135 30552
10868 31 10899
0 77 30553
0 113 30552
10964 58 11022
0 65 30553
0 89 30552
11125 51 11176
0 103 30553
0 206 30552
11201 69 11270
0 25 30553
0 123 30552
11327 60 11387
0 57 30553
0 152 30552
11468 39 11507
0 81 30553
0 189 30552
11550 106 11656
0 43 30553
0 119 30552
11753 38 11791
0 97 30553
0 50 30552
11818 37 11855
0 27 30553
0 61 30552
11921 51 11972
0 66 30553
0 57 30552
12055 90 12145
0 83 30553
0 20 30552
12253 13 12266
0 108 30553
0 166 30552
12313 96 12409
0 47 30553
0 204 30552
12516 51 12567
0 107 30553
0 39 30552
12671 37 12708
0 104 30553
0 138 30552
12801 57 12858
0 93 30553
0 99 30552
12921 88 13009
0 63 30553
0 23 30552
13091 95 13186
0 82 30553
0 30 30552
13218 105 13323
0 32 30553
0 209 30552
13393 40 13433
0 70 30553
0 184 30552
13470 50 13520
0 37 30553
0 90 30552
13544 27 13571
0 24 30553
0 131 30552
13581 19 13600
0 10 30553
0 25 30552
13685 90 13775
0 85 30553
0 88 30552
13863 40 13903
0 88 30553
0 120 30552
13940 31 13971
0 37 30553
0 79 30552
14051 63 14114
0 80 30553
0 110 30552
14178 58 14236
0 64 30553
0 74 30552
14289 77 14366
0 53 30553
0 79 30552
14423 93 14516
0 57 30553
0 50 30552
14565 96 14661
0 49 30553
0 13 30552
14728 28 14756
0 67 30553
0 149 30552
14845 47 14892
0 89 30553
0 10 30552
14987 63 15050
0 95 30553
0 128 30552
15115 74 15189
0 65 30553
0 200 30552
15214 59 15273
0 25 30553
0 199 30552
15343 65 15408
0 70 30553
0 70 30552
15494 33 15527
0 86 30553
0 186 30552
15541 85 15626
0 14 30553
0 118 30552
15676 100 15776
0 50 30553
0 143 30552
15842 105 15947
0 66 30553
0 32 30552
15997 20 16017
0 50 30553
0 80 30552
16094 44 16138
0 77 30553
0 87 30552
16210 103 16313
0 72 30553
0 56 30552
16355 45 16400
0 42 30553
0 29 30552
16484 49 16533
0 84 30553
0 148 30552
