402
89 88 177
0 89 30239
0 52 30238
262 98 360
0 85 30239
0 105 30238
440 41 481
0 80 30239
0 161 30238
542 95 637
0 61 30239
0 95 30238
720 21 741
0 83 30239
0 45 30238
781 37 818
0 40 30239
0 177 30238
885 54 939
0 67 30239
0 178 30238
958 26 984
0 19 30239
0 184 30238
1090 48 1138
0 106 30239
0 208 30238
1165 84 1249
0 27 30239
0 51 30238
1335 14 1349
0 86 30239
0 122 30238
1432 96 1528
0 83 30239
0 66 30238
1568 27 1595
0 40 30239
0 209 30238
1652 54 1706
0 57 30239
0 176 30238
1760 48 1808
0 54 30239
0 102 30238
1864 25 1889
0 56 30239
0 70 30238
1994 52 2046
0 105 30239
0 152 30238
2088 96 2184
0 42 30239
0 135 30238
2240 84 2324
0 56 30239
0 118 30238
2424 31 2455
0 100 30239
0 25 30238
2548 40 2588
0 93 30239
0 69 30238
2601 90 2691
0 13 30239
0 197 30238
2729 56 2785
0 38 30239
0 137 30238
2811 39 2850
0 26 30239
0 151 30238
2882 88 2970
0 32 30239
0 179 30238
2990 59 3049
0 20 30239
0 144 30238
3081 76 3157
0 32 30239
0 71 30238
3224 66 3290
0 67 30239
0 64 30238
3353 70 3423
0 63 30239
0 23 30238
3525 52 3577
0 102 30239
0 53 30238
3613 101 3714
0 36 30239
0 192 30238
3784 106 3890
0 70 30239
0 12 30238
3903 66 3969
0 13 30239
0 161 30238
4005 43 4048
0 36 30239
0 40 30238
4157 35 4192
0 109 30239
0 115 30238
4213 49 4262
0 21 30239
0 187 30238
4315 78 4393
0 53 30239
0 49 30238
4487 57 4544
0 94 30239
0 60 30238
4595 48 4643
0 51 30239
0 17 30238
4732 18 4750
0 89 30239
0 159 30238
4761 84 4845
0 11 30239
0 118 30238
4942 88 5030
0 97 30239
0 114 30238
5052 39 5091
0 22 30239
0 108 30238
5188 102 5290
0 97 30239
0 181 30238
5378 30 5408
0 88 30239
0 163 30238
5506 28 5534
0 98 30239
0 102 30238
5575 53 5628
0 41 30239
0 170 30238
5699 105 5804
0 71 30239
0 40 30238
5846 108 5954
0 42 30239
0 108 30238
6002 52 6054
0 48 30239
0 112 30238
6092 82 6174
0 38 30239
0 167 30238
6276 30 6306
0 102 30239
0 144 30238
6381 56 6437
0 75 30239
0 112 30238
6500 57 6557
0 63 30239
0 32 30238
6617 27 6644
0 60 30239
0 122 30238
6752 55 6807
0 108 30239
0 43 30238
6828 65 6893
0 21 30239
0 119 30238
6976 37 7013
0 83 30239
0 85 30238
7045 39 7084
0 32 30239
0 78 30238
7102 96 7198
0 18 30239
0 50 30238
7268 46 7314
0 70 30239
0 158 30238
7325 56 7381
0 11 30239
0 94 30238
7428 39 7467
0 47 30239
0 188 30238
7539 13 7552
0 72 30239
0 31 30238
7593 85 7678
0 41 30239
0 185 30238
7785 75 7860
0 107 30239
0 41 30238
7902 15 7917
0 42 30239
0 15 30238
7993 70 8063
0 76 30239
0 100 30238
8101 36 8137
0 38 30239
0 137 30238
8163 77 8240
0 26 30239
0 76 30238
8304 66 8370
0 64 30239
0 97 30238
8455 23 8478
0 85 30239
0 135 30238
8523 43 8566
0 45 30239
0 38 30238
8603 19 8622
0 37 30239
0 154 30238
8690 35 8725
0 68 30239
0 45 30238
8762 89 8851
0 37 30239
0 12 30238
8912 83 8995
0 61 30239
0 127 30238
9067 95 9162
0 72 30239
0 72 30238
9237 61 9298
0 75 30239
0 101 30238
9328 101 9429
0 30 30239
0 50 30238
9484 64 9548
0 55 30239
0 183 30238
9582 36 9618
0 34 30239
0 207 30238
9707 80 9787
0 89 30239
0 37 30238
9827 26 9853
0 40 30239
0 58 30238
9921 50 9971
0 68 30239
0 130 30238
10051 12 10063
0 80 30239
0 108 30238
10104 30 10134
0 41 30239
0 175 30238
10238 47 10285
0 104 30239
0 52 30238
10328 61 10389
0 43 30239
0 137 30238
10470 70 10540
0 81 30239
0 21 30238
10551 106 10657
0 11 30239
0 56 30238
10693 50 10743
0 36 30239
0 92 30238
10814 77 10891
0 71 30239
0 147 30238
10948 97 11045
0 57 30239
0 142 30238
11073 14 11087
0 28 30239
0 91 30238
11146 91 11237
0 59 30239
0 181 30238
11290 53 11343
0 53 30239
0 165 30238
11421 61 11482
0 78 30239
0 197 30238
11503 67 11570
0 21 30239
0 109 30238
11588 49 11637
0 18 30239
0 36 30238
11710 87 11797
0 73 30239
0 132 30238
11859 60 11919
0 62 30239
0 114 30238
11939 67 12006
0 20 30239
0 106 30238
12021 34 12055
0 15 30239
0 119 30238
12113 45 12158
0 58 30239
0 48 30238
12204 88 12292
0 46 30239
0 34 30238
12342 98 12440
0 50 30239
0 182 30238
12506 44 12550
0 66 30239
0 199 30238
12560 42 12602
0 10 30239
0 67 30238
12645 108 12753
0 43 30239
0 60 30238
12847 98 12945
0 94 30239
0 54 30238
13003 99 13102
0 58 30239
0 202 30238
13145 27 13172
0 43 30239
0 138 30238
13192 92 13284
0 20 30239
0 61 30238
13309 96 13405
0 25 30239
0 152 30238
13454 17 13471
0 49 30239
0 157 30238
13482 47 13529
0 11 30239
0 148 30238
13633 74 13707
0 104 30239
0 105 30238
13726 97 13823
0 19 30239
0 168 30238
13925 17 13942
0 102 30239
0 18 30238
14030 104 14134
0 88 30239
0 17 30238
14202 37 14239
0 68 30239
0 115 30238
14296 87 14383
0 57 30239
0 150 30238
14453 104 14557
0 70 30239
0 102 30238
14652 71 14723
0 95 30239
0 205 30238
14822 39 14861
0 99 30239
0 54 30238
14949 12 14961
0 88 30239
0 93 30238
14987 64 15051
0 26 30239
0 14 30238
15123 71 15194
0 72 30239
0 85 30238
15302 90 15392
0 108 30239
0 99 30238
15500 39 15539
0 108 30239
0 60 30238
15571 49 15620
0 32 30239
0 105 30238
15650 61 15711
0 30 30239
0 121 30238
15799 19 15818
0 88 30239
0 77 30238
