402
46 24 70
0 46 31081
0 80 31080
164 36 200
0 94 31081
0 142 31080
258 65 323
0 58 31081
0 103 31080
372 29 401
0 49 31081
0 58 31080
476 53 529
0 75 31081
0 51 31080
554 40 594
0 25 31081
0 153 31080
627 109 736
0 33 31081
0 13 31080
767 33 800
0 31 31081
0 57 31080
879 15 894
0 79 31081
0 44 31080
999 101 1100
0 105 31081
0 183 31080
1120 15 1135
0 20 31081
0 93 31080
1153 91 1244
0 18 31081
0 111 31080
1324 109 1433
0 80 31081
0 188 31080
1525 73 1598
0 92 31081
0 189 31080
1695 28 1723
0 97 31081
0 207 31080
1765 30 1795
0 42 31081
0 107 31080
1887 76 1963
0 92 31081
0 137 31080
1977 92 2069
0 14 31081
0 200 31080
2168 90 2258
0 99 31081
0 59 31080
2291 38 2329
0 33 31081
0 147 31080
2379 79 2458
0 50 31081
0 52 31080
2480 80 2560
0 22 31081
0 163 31080
2658 79 2737
0 98 31081
0 16 31080
2806 20 2826
0 69 31081
0 51 31080
2935 31 2966
0 109 31081
0 12 31080
3071 71 3142
0 105 31081
0 67 31080
3223 54 3277
0 81 31081
0 152 31080
3299 14 3313
0 22 31081
0 186 31080
3386 54 3440
0 73 31081
0 119 31080
3521 49 3570
0 81 31081
0 88 31080
3637 50 3687
0 67 31081
0 138 31080
3785 23 3808
0 98 31081
0 103 31080
3823 29 3852
0 15 31081
0 90 31080
3913 78 3991
0 61 31081
0 190 31080
4093 85 4178
0 102 31081
0 199 31080
4205 74 4279
0 27 31081
0 179 31080
4304 11 4315
0 25 31081
0 143 31080
4413 52 4465
0 98 31081
0 157 31080
4537 33 4570
0 72 31081
0 66 31080
4650 84 4734
0 80 31081
0 72 31080
4751 78 4829
0 17 31081
0 167 31080
4887 25 4912
0 58 31081
0 156 31080
4982 68 5050
0 70 31081
0 154 31080
5120 27 5147
0 70 31081
0 34 31080
5172 12 5184
0 25 31081
0 209 31080
5286 52 5338
0 102 31081
0 116 31080
5364 18 5382
0 26 31081
0 194 31080
5407 17 5424
0 25 31081
0 131 31080
5532 59 5591
0 108 31081
0 58 31080
5656 16 5672
0 65 31081
0 35 31080
5755 66 5821
0 83 31081
0 12 31080
5870 18 5888
0 49 31081
0 125 31080
5955 109 6064
0 67 31081
0 188 31080
6156 37 6193
0 92 31081
0 127 31080
6269 53 6322
0 76 31081
0 17 31080
6401 101 6502
0 79 31081
0 35 31080
6556 55 6611
0 54 31081
0 148 31080
6643 67 6710
0 32 31081
0 198 31080
6804 106 6910
0 94 31081
0 116 31080
7007 92 7099
0 97 31081
0 112 31080
7167 83 7250
0 68 31081
0 88 31080
7313 92 7405
0 63 31081
0 139 31080
7475 53 7528
0 70 31081
0 120 31080
7540 31 7571
0 12 31081
0 108 31080
7655 28 7683
0 84 31081
0 14 31080
7733 50 7783
0 50 31081
0 34 31080
7886 79 7965
0 103 31081
0 111 31080
8057 65 8122
0 92 31081
0 179 31080
8188 58 8246
0 66 31081
0 155 31080
8352 88 8440
0 106 31081
0 159 31080
8511 14 8525
0 71 31081
0 164 31080
8545 66 8611
0 20 31081
0 88 31080
8686 34 8720
0 75 31081
0 186 31080
8741 72 8813
0 21 31081
0 163 31080
8885 14 8899
0 72 31081
0 100 31080
8920 20 8940
0 21 31081
0 169 31080
9020 94 9114
0 80 31081
0 91 31080
9140 109 9249
0 26 31081
0 191 31080
9322 27 9349
0 73 31081
0 145 31080
9381 71 9452
0 32 31081
0 76 31080
9472 84 9556
0 20 31081
0 31 31080
9641 46 9687
0 85 31081
0 78 31080
9760 64 9824
0 73 31081
0 183 31080
9866 64 9930
0 42 31081
0 186 31080
9941 88 10029
0 11 31081
0 113 31080
10094 103 10197
0 65 31081
0 205 31080
10284 35 10319
0 87 31081
0 67 31080
10399 100 10499
0 80 31081
0 129 31080
10517 36 10553
0 18 31081
0 175 31080
10639 91 10730
0 86 31081
0 54 31080
10769 50 10819
0 39 31081
0 89 31080
10921 47 10968
0 102 31081
0 55 31080
11021 96 11117
0 53 31081
0 26 31080
11156 98 11254
0 39 31081
0 93 31080
11266 82 11348
0 12 31081
0 21 31080
11372 46 11418
0 24 31081
0 181 31080
11512 70 11582
0 94 31081
0 11 31080
11629 31 11660
0 47 31081
0 177 31080
11751 99 11850
0 91 31081
0 188 31080
11949 84 12033
0 99 31081
0 18 31080
12056 90 12146
0 23 31081
0 143 31080
12176 53 12229
0 30 31081
0 191 31080
12269 64 12333
0 40 31081
0 92 31080
12381 61 12442
0 48 31081
0 26 31080
12452 34 12486
0 10 31081
0 180 31080
12545 22 12567
0 59 31081
0 107 31080
12585 11 12596
0 18 31081
0 26 31080
12682 63 12745
0 86 31081
0 150 31080
12810 44 12854
0 65 31081
0 180 31080
12866 21 12887
0 12 31081
0 103 31080
12971 23 12994
0 84 31081
0 91 31080
13007 62 13069
0 13 31081
0 12 31080
13123 52 13175
0 54 31081
0 97 31080
13269 101 13370
0 94 31081
0 208 31080
13443 60 13503
0 73 31081
0 61 31080
13567 21 13588
0 64 31081
0 73 31080
13619 108 13727
0 31 31081
0 202 31080
13821 29 13850
0 94 31081
0 150 31080
13937 66 14003
0 87 31081
0 87 31080
14015 106 14121
0 12 31081
0 205 31080
14153 93 14246
0 32 31081
0 102 31080
14293 14 14307
0 47 31081
0 99 31080
14335 82 14417
0 28 31081
0 182 31080
14522 87 14609
0 105 31081
0 143 31080
14628 25 14653
0 19 31081
0 183 31080
14698 74 14772
0 45 31081
0 40 31080
14806 58 14864
0 34 31081
0 98 31080
14936 93 15029
0 72 31081
0 34 31080
15050 38 15088
0 21 31081
0 137 31080
15189 18 15207
0 101 31081
0 108 31080
15276 41 15317
0 69 31081
0 17 31080
15350 70 15420
0 33 31081
0 184 31080
15492 24 15516
0 72 31081
0 34 31080
15610 79 15689
0 94 31081
0 189 31080
