200
2268 22 8183
3786 85 7197
7069 59 9190
2266 19 9322
870 97 7661
4527 29 7409
7515 70 8876
1879 20 3727
577 76 6451
1556 7 2803
5252 61 9148
1392 7 6256
3716 98 8922
2403 48 6382
1654 45 6027
867 48 9171
3469 62 9024
5710 1 6874
969 42 2776
729 37 967
1246 66 4524
1719 59 5060
1354 67 5769
178 72 388
1401 19 6095
1606 48 3927
7521 49 9658
5532 4 8926
1036 20 4367
7819 78 9269
6472 47 7583
548 1 8108
3772 51 6706
3339 15 6311
4314 53 8465
1590 33 5789
1213 97 4485
1099 36 7387
6416 85 7250
6101 11 7940
260 36 4265
3582 44 8719
3186 57 3652
6757 91 8686
3860 100 6797
2808 69 6224
5893 30 8071
2412 58 7237
4406 83 6780
6696 26 8783
3280 51 9109
1001 19 4008
2822 80 7987
2340 25 4066
3344 43 5420
803 66 4562
2378 54 5977
6507 5 8673
2166 79 4358
1368 46 6265
235 89 2743
322 58 4902
3890 47 7231
992 94 3503
855 23 1625
4106 53 7349
812 92 9484
4505 46 7535
2085 20 5853
1911 11 9044
3135 57 9327
6686 12 7895
546 67 4071
542 94 6340
4294 13 9824
7774 10 8785
1501 29 4542
5793 56 7630
2339 66 6349
6273 11 6370
3678 54 3846
1988 51 5252
3093 59 4699
992 55 7027
2009 18 4062
794 6 2696
807 19 9421
3794 44 7265
1753 42 3671
4357 79 7178
125 11 9555
1758 56 2705
2706 57 7838
1185 50 2347
3723 23 8551
3610 69 5855
4525 90 6314
3912 17 9577
4054 32 7074
7160 16 7283
577 3 8643
5970 83 7292
2744 89 3118
1256 29 3178
1606 18 7846
1568 82 6514
997 3 2702
2834 20 7714
5739 93 9814
249 100 6086
2060 40 3866
177 99 6957
1098 81 6168
2442 46 7006
2514 1 5297
23 80 9347
1699 58 6848
3147 61 3904
2438 55 4969
1792 26 4982
6876 65 9310
2148 50 4934
4299 11 4429
5645 62 8145
1509 28 4650
2388 39 9365
5188 46 9742
7011 4 7345
1435 4 9265
6282 41 8161
5755 92 6846
2164 12 6281
6380 67 7741
2762 8 5709
7651 38 8909
772 72 1095
1367 19 9978
50 26 8534
2639 65 4292
2354 88 2844
5478 71 9345
758 69 3597
6424 14 7992
6265 12 7994
7379 63 7473
2103 20 7102
1534 87 7958
44 56 9030
1606 88 2362
1031 28 3774
7141 58 7322
2111 18 5138
1373 21 6298
6084 28 9103
2163 31 9622
5901 60 9057
1133 68 8422
4213 97 7672
576 79 1230
6659 81 8699
1698 61 6098
1789 2 5151
4166 15 8725
2153 21 5621
2491 1 7163
5166 61 9296
1949 46 9349
6449 24 8923
358 80 5055
1326 95 4551
2281 83 7859
6513 99 8871
2394 32 3750
3484 74 7787
2297 36 6722
1357 85 5973
118 63 4328
2018 74 9774
80 31 2321
639 27 9077
1683 3 3512
516 45 7960
7482 15 8051
1210 4 5948
999 79 3885
1097 22 3423
3372 30 7342
5419 40 5725
8055 3 8720
8026 91 8318
4954 72 5875
6529 30 8117
6604 19 6638
1927 75 4198
7353 71 8713
1730 74 9380
206 60 9617
60 65 8500
2385 66 7991
4287 84 8164
