200
4052 73 7157
5835 25 9340
3102 47 3700
4678 10 9408
555 23 982
661 12 8555
1756 2 8638
4741 98 7360
7675 42 7963
22 41 456
4694 96 8140
2174 76 9703
499 96 6254
1179 87 2572
466 56 2488
3801 60 9122
131 58 1435
3969 62 7786
3342 93 4908
1143 53 7889
8040 78 9569
999 6 3083
7811 26 8804
1286 40 2073
1801 41 6333
1077 11 7400
1830 92 8427
8013 18 8857
3184 4 7049
1801 22 6805
981 94 5977
2657 8 8803
7778 92 9330
315 9 8855
6973 12 8010
4766 83 9081
2334 7 8006
4242 62 5336
1903 5 3337
3073 57 3999
7140 93 9302
1790 19 4100
3579 20 7275
732 82 7227
2059 86 9605
2522 39 3400
914 92 7039
1454 93 7520
1457 100 8038
4229 71 5719
1958 1 3039
16 87 4421
1931 53 5607
1402 21 5549
3526 1 9993
1585 12 4915
2791 87 9276
3196 77 7769
1682 76 4622
1339 25 4393
836 44 8045
1830 26 8368
4122 6 9877
1291 3 7675
2733 95 9795
1692 60 2457
1259 73 4207
6827 84 9589
3065 28 6919
239 33 7653
6837 34 8637
6350 38 7101
748 97 9878
6639 17 9833
7306 51 8550
1857 92 9571
38 81 9286
719 92 4645
527 52 1779
3139 82 4883
5798 75 7968
5686 62 8468
8228 15 9572
5396 79 8852
4050 21 6844
2880 94 3717
3551 42 8344
957 73 2480
5183 72 7790
6321 32 9668
974 37 5982
679 56 7794
2823 9 8630
522 14 3597
2372 10 9945
3716 62 5636
1961 21 2911
79 46 7370
495 45 550
928 18 5694
13 88 4774
7422 34 9602
513 91 7374
1046 87 1388
2140 72 7078
1790 84 4748
1887 17 7777
4361 77 9082
1136 95 9405
974 37 9947
5373 83 7733
1182 98 9776
1423 54 5724
6037 75 8276
705 11 2671
7786 18 8489
5540 35 8802
4919 51 5870
7206 49 8228
5475 95 8254
6296 28 9265
604 16 3848
4665 33 5066
2545 14 9992
5494 27 6352
1431 78 5265
1794 25 3949
3648 67 7512
1907 26 8132
4607 44 4755
1308 59 8436
1980 16 3827
4612 28 7009
770 34 6063
1141 69 1742
311 70 5947
5100 47 9510
4785 49 9071
467 41 7318
6317 31 8923
3463 23 4517
5448 100 9443
1025 42 9506
1779 22 9671
4063 8 8497
961 28 2809
887 86 8306
791 19 8353
1947 25 3372
1977 9 8067
2656 28 4468
1447 14 3322
822 6 5412
3840 87 4040
149 67 3543
1934 73 9952
4965 91 5456
651 14 4536
3963 33 5066
1264 90 2123
2311 79 4560
3192 42 7230
4558 49 6472
1495 22 2714
899 65 7635
7861 92 8678
3146 58 5255
2313 27 5496
1394 38 6094
6253 90 6524
4640 38 9837
4842 39 5886
5455 27 6970
8601 38 9815
7513 5 7926
392 70 8222
3751 94 6393
6465 12 9971
4572 12 4839
8253 37 8321
5050 90 9581
5151 10 9677
2415 49 7633
1137 54 3220
2283 78 3990
3885 11 8975
482 75 3173
732 42 7489
4796 44 9301
1856 20 2244
6231 70 8452
1089 6 3509
372 45 7638
6657 37 7861
2023 27 7475
8650 31 8878
3181 53 7474
1824 47 7675
392 17 9225
5231 60 6336
