200
277 27 5843
352 58 814
2124 57 4998
2352 68 8845
5451 89 8005
1734 53 5639
5455 100 6727
3213 28 4882
3716 2 8581
9391 5 9400
2172 66 4904
2696 82 2911
2533 11 9413
543 87 2830
8626 1 9148
4234 18 8635
5070 25 6867
2787 12 3430
3334 55 5558
4159 58 7077
373 97 1264
957 60 2270
6114 10 8397
535 34 1821
5567 1 5656
6184 76 8305
2763 67 9855
1087 39 9669
1469 41 1888
2922 57 7388
839 2 7415
6097 24 6478
8454 83 9083
2199 14 4608
6177 96 8010
800 41 4990
213 87 4909
5399 68 7632
4225 50 6670
2029 6 3202
2416 97 7761
3501 55 9337
1985 4 8587
7061 54 7806
5247 8 6714
1459 72 4010
7417 14 9821
20 96 9948
2168 88 3760
3376 17 7585
5460 29 8767
1426 18 4297
913 83 7816
3146 67 4523
700 99 4076
1739 95 2059
4578 82 9843
872 41 1223
608 46 5481
1391 69 2278
2222 37 4336
1442 29 8656
1080 14 1848
1303 46 7240
5010 48 6755
1764 23 2291
1774 50 1936
137 18 6959
2658 98 8125
3802 32 5624
3344 19 5844
2020 22 2125
3004 4 7537
3601 91 5972
2603 92 5291
5449 81 6360
3774 83 8130
8 29 5508
1749 70 9616
1730 91 9629
733 67 8724
1703 37 3886
4044 16 9578
1435 47 4672
3250 32 4810
2745 37 4652
2209 30 7868
246 7 3309
3472 45 5543
960 73 6864
284 96 5064
967 36 3140
503 48 9851
608 29 2069
1625 21 3417
664 4 2886
501 15 4178
940 74 8972
1172 56 9668
7323 23 8145
3522 1 5493
4372 46 8101
4883 47 8540
3349 40 4495
96 16 9146
1576 37 9270
1880 7 2333
274 36 4462
2189 63 4150
3180 57 9028
2819 27 8469
2353 12 3517
3538 23 9186
231 63 2003
2068 34 8525
4598 3 6750
1350 10 6382
8576 16 9310
5509 23 8100
586 71 9605
1798 65 6120
509 89 6081
1797 44 2794
1280 61 4448
4353 31 8040
6835 23 9746
2242 44 9309
2034 80 6264
5362 20 6160
2924 40 8642
2007 49 9193
83 35 6343
6068 19 9255
4151 56 8502
1970 17 6076
306 83 2495
7139 58 9074
2681 96 8135
5979 49 7956
4546 6 8461
3747 45 5808
2106 50 4156
307 88 1255
2034 100 8092
704 49 9488
473 8 1829
8592 37 9691
2484 50 8990
1140 76 9286
5515 40 8343
8626 33 9384
1658 71 9734
125 41 563
1972 38 4560
1422 68 3356
8232 48 8914
2010 88 3278
1912 51 3845
6549 82 9340
1521 49 7797
947 13 8217
5457 23 8963
7048 77 8152
2565 38 2640
1922 72 5934
3166 71 6817
5321 82 5964
6560 8 7730
1897 16 3796
2413 72 9017
5437 84 8675
7544 94 8696
419 78 7963
1391 13 3423
3898 62 4269
183 1 4519
1504 52 5602
5603 33 5746
476 48 2963
3639 61 4732
2666 53 3118
959 3 9772
5466 13 5793
2189 77 8716
7730 69 9235
7864 26 9560
3284 75 7983
108 34 8961
2545 74 4995
1256 96 7997
721 20 1811
551 50 3265
2176 82 7655
1911 19 2294
23 99 7275
1709 41 2411
2239 54 5338
5270 75 7853
4099 75 4517
195 17 8740
