200
1145 89 3050
1117 28 4986
1005 45 4663
2190 68 7443
7591 79 9000
1952 38 3121
181 22 7964
2902 17 6091
6367 82 7916
891 10 6384
1606 30 7807
923 48 9057
3155 30 9851
1333 15 8723
3608 24 3938
1693 58 4498
455 70 4368
4623 51 7798
3015 20 6189
1712 73 2633
2278 66 9869
4489 30 6637
5358 51 9590
2738 14 4048
6599 1 9235
2936 87 7327
863 53 7686
4127 29 9333
1737 89 1898
1190 88 4578
5116 16 8274
1688 21 6616
35 96 5665
786 16 9012
6718 37 7217
2600 45 7325
3019 39 3791
9114 34 9216
743 12 6248
1894 21 8430
6134 94 9563
2751 13 6439
4824 7 5980
7024 32 7372
300 47 6612
768 60 1135
3130 62 4012
147 37 676
1387 26 8414
41 77 9154
2108 12 2941
577 39 7141
2223 35 8110
310 56 7092
68 33 8030
225 88 3633
2004 75 2571
4052 95 7261
3686 75 6628
469 50 3734
2176 32 5795
1363 61 4850
1157 84 9947
1495 49 2726
6036 21 8922
8428 18 8840
145 47 5990
899 50 3933
2288 10 4136
1590 9 5785
7479 39 8271
4980 58 8443
5559 34 7358
2329 37 2461
7963 30 8002
731 56 5186
7736 100 9881
1731 77 9668
5166 29 7142
4115 36 7606
241 3 9759
4332 31 5780
930 38 1892
1816 82 9152
182 39 1536
2176 65 4789
3344 3 6954
4681 99 5515
2513 97 7018
1406 42 2152
1336 73 1465
565 53 1829
8286 15 9633
1283 9 2542
2316 34 5854
5174 2 7665
6450 82 7351
5497 1 5843
7871 7 9114
3247 63 5870
6449 32 9841
5290 19 9813
2088 47 2675
1694 73 4503
1608 23 6041
1066 100 3113
4065 89 8985
1327 45 8442
7402 72 8787
4982 16 7631
1073 69 3873
464 68 8346
6687 62 7773
1475 75 2392
1497 31 8063
56 57 9314
6582 35 9766
3353 27 7344
6964 7 7704
7352 87 7516
1963 16 7919
265 62 7675
709 62 9295
512 15 7301
2465 50 2943
4248 16 5450
6452 74 7491
3888 68 9298
5514 42 6852
4114 16 9776
6428 51 9890
4851 89 7606
1848 91 3237
294 100 2444
3283 78 9374
5552 34 8811
3568 50 5841
5828 83 9602
841 47 9684
7509 62 8905
4049 83 4478
1484 67 6266
1347 45 2589
4228 44 4709
4347 62 8475
2434 3 6620
1983 9 7525
4731 22 9826
1268 24 8321
1611 42 2016
8209 46 8622
3337 75 6483
2165 51 9230
6462 84 7272
2061 57 6253
2478 87 5139
3631 75 5134
1293 48 3825
6099 96 8004
4867 10 5336
2613 37 9981
2286 15 9930
3011 81 9021
7434 47 7804
6067 38 7717
5234 44 7873
486 4 5463
190 7 1205
8350 82 9102
224 76 2197
7472 58 8963
4522 86 6851
2302 62 6275
2032 87 8196
3965 23 8634
1201 40 6925
3888 53 8880
1415 65 9372
6717 9 9730
584 22 982
952 48 9746
1905 31 3651
1429 21 1648
5170 94 6093
802 40 9286
5307 4 8697
2232 66 3099
1136 33 7858
1769 100 2416
1214 22 4560
363 25 8445
6267 24 8656
2906 69 4398
7264 13 8677
3167 76 5519
4618 88 6649
4593 54 5139
7282 86 7393
180 89 6736
2699 30 6443
