200
4158 27 6304
6087 47 7391
117 43 1158
2140 15 5165
250 47 763
1356 100 6648
2301 82 8598
221 41 2846
7487 97 8744
4970 79 7917
2468 33 5802
2399 96 9613
4921 86 8406
2533 84 6390
4056 23 4568
3636 20 8804
159 30 6080
7336 45 9250
324 89 653
4272 34 9271
4332 53 8769
1395 69 2364
2589 41 5997
3966 72 6464
2747 51 7196
1404 94 9134
2417 60 2568
4801 71 8989
2283 74 7316
2649 27 8815
535 89 4594
2000 17 9285
4416 89 4897
581 18 2056
439 24 6753
3821 69 6583
6631 56 8488
1144 20 9512
2002 59 6929
1996 98 3975
4773 58 9514
2722 54 6217
4451 63 4753
4552 44 9771
4898 95 7239
1987 19 8853
1757 48 2088
1530 56 3417
2562 52 9105
1087 72 1860
5111 65 6174
4826 84 9003
57 92 5115
25 12 9761
3214 27 9412
1776 36 4394
1213 7 6739
7773 58 9811
1291 15 4259
3426 12 5842
3624 51 9637
1507 64 5075
2543 59 2756
6664 49 8325
2272 64 4237
1596 56 2403
5244 50 8966
1086 1 7825
4256 80 4716
129 1 3782
3753 16 9163
5677 56 8340
3199 49 6203
4229 67 5656
1295 44 2069
4406 69 6716
513 58 6772
6164 27 9899
383 72 2494
311 21 6078
7506 92 8518
286 32 5968
2756 64 9169
258 48 3286
258 6 7730
1917 88 4888
806 69 2286
1648 72 4091
656 8 8407
4768 14 9134
2493 31 2586
11 74 6447
1691 60 3126
319 63 8064
420 73 1394
4488 61 8035
1438 90 7502
7420 39 8318
3208 7 3878
1340 17 5440
2366 68 5490
5415 8 9559
652 20 5045
3559 26 7002
1707 97 9418
642 4 2652
2663 94 4746
842 95 1711
365 45 8263
5398 83 6680
4281 51 8488
6208 96 8432
2511 19 6484
8714 90 9847
1812 79 9717
1002 70 8822
2746 42 7395
6467 11 7877
3160 19 5794
1683 28 7991
2606 5 9487
4337 60 6677
8865 27 9427
2170 9 5090
3598 38 3778
2153 68 6081
1751 15 2452
4655 1 4656
852 17 5840
1397 34 3513
1134 89 8178
9172 45 9611
1058 53 1368
4691 21 6255
2299 89 9979
5557 81 8717
3524 48 5287
597 17 7903
1950 72 7368
2388 57 9488
2771 13 9125
767 51 9863
1172 15 6190
3993 59 8511
1624 65 1943
142 60 2473
4245 63 7240
4481 72 8890
706 23 9742
6018 45 9943
2502 24 8917
461 13 1669
2243 96 7328
1101 11 5552
1517 11 5194
1250 12 3486
142 91 9100
3844 20 6689
285 22 5369
3353 17 8914
5073 26 7903
2609 55 9111
1416 60 1512
8265 72 9900
2015 60 7852
1289 2 4395
1335 97 9636
1423 9 1492
1227 11 7611
2209 2 2779
2640 38 8930
3008 78 7577
1135 33 6144
5327 97 9506
1166 94 5708
160 30 550
1799 60 4347
5309 39 7884
8688 30 9142
3738 20 6209
834 40 7879
7457 4 8483
445 76 8764
5011 78 9807
1137 18 5501
2307 69 6260
1245 13 4541
791 7 8612
1732 27 5974
1713 26 6398
1623 71 3866
206 42 2999
1196 99 4678
931 6 8368
6629 15 9685
6261 82 8459
4729 7 8017
6734 56 9688
2264 59 6889
3213 54 8900
