200
1981 84 4653
1587 38 7634
2288 82 4818
416 69 2673
1128 79 2378
7194 23 8599
3994 59 8368
1887 24 3284
5990 46 9117
1251 32 1689
5113 91 7643
162 40 6370
1811 56 2555
2398 24 3746
113 77 9980
1269 9 8100
5697 98 9004
1071 2 7680
6117 53 7493
2534 20 8516
3255 84 7415
6118 1 9179
6252 84 7098
2467 13 4938
5040 86 8494
9359 71 9545
1327 15 5327
250 46 5065
5191 100 6740
7173 66 8682
4778 29 6570
4395 10 4539
8266 20 8577
1395 43 9576
866 60 8771
8713 34 9474
6361 18 9390
4356 25 5016
3271 11 5687
6305 82 8236
2467 54 4942
1432 34 5249
3832 9 4994
1905 47 4907
1276 30 6671
5584 41 9939
4511 97 8821
1396 60 1601
345 87 6285
786 72 7172
6562 57 9416
2320 52 9302
5492 98 9770
6042 14 7822
3105 54 4960
3943 87 6414
6847 44 8209
2119 66 9549
2051 68 5983
2944 11 3303
2735 56 9738
2614 42 2787
2042 41 9437
3211 57 6741
8309 100 9044
602 12 5527
2066 12 7151
980 57 9656
802 38 6524
623 53 857
633 22 4172
6212 3 7414
6445 29 7504
5463 78 7835
6544 87 9313
2492 44 7175
2094 24 6363
5744 70 7895
1015 12 8498
4707 7 6963
1591 41 9443
1988 92 3577
897 3 2653
2573 58 2980
3423 35 9435
1186 96 8798
1190 33 7965
4553 82 8185
886 23 2614
6016 78 6336
2938 29 5163
382 64 3860
1159 50 3042
244 61 1042
9072 32 9361
4093 62 4513
2085 13 3702
1033 14 5632
8317 49 9307
2531 14 5409
157 63 8379
1996 55 8003
4228 37 5452
5691 63 7959
1635 14 5832
7789 27 9387
5931 14 7743
1575 88 3838
2534 10 6863
850 42 6170
5465 7 8141
4631 48 5991
5629 85 9498
3104 41 9838
2067 77 3985
8493 19 9517
1034 75 1950
9467 57 9719
4038 38 4951
4529 51 6989
1188 65 9905
8053 14 8319
2571 80 9341
910 99 3022
5726 33 8243
420 57 2271
3517 20 7652
4706 90 8232
933 70 4789
5382 69 5527
2212 14 9019
5958 81 6448
932 18 6391
7675 38 9144
286 42 9100
7083 17 8056
2162 99 4356
2503 21 3786
2657 78 5990
6602 17 8052
1633 55 9631
1625 3 9809
1620 47 8228
3604 27 5990
2310 2 4359
4212 72 5030
4017 34 4605
9178 11 9419
642 19 5855
2150 21 8121
6683 4 9216
2467 50 6222
7967 100 9940
1874 24 6899
1657 80 3611
2450 64 3611
7068 96 8219
5345 8 9428
1112 14 6280
7872 47 9765
5614 99 8110
7085 57 7952
2626 100 3274
521 12 1139
4270 34 5708
8556 84 9544
6485 46 7541
1637 17 7414
350 44 4601
1641 45 6942
4219 98 8421
1077 88 3962
7718 64 9231
1994 94 5173
2557 7 7157
148 19 9851
2831 35 9574
3166 16 4531
5428 25 9608
986 13 2664
659 8 2813
1072 80 2331
303 76 1412
3761 50 5042
8880 7 8918
5743 89 8314
457 93 8157
2012 64 5707
3983 78 5727
464 69 2132
2519 9 3434
1065 84 8965
4399 93 8958
876 34 8968
3123 54 6046
1190 54 7227
2608 71 6432
1113 64 9426
4709 37 5089
5072 84 8077
