200
3126 91 4373
1536 82 3831
652 2 4028
288 47 6535
2904 48 4069
820 22 7753
1491 17 4091
3545 45 8189
4173 54 8884
7453 86 8635
1558 53 7912
1063 49 1975
653 70 7261
2732 94 5765
925 3 2470
311 91 6019
360 61 6653
3176 74 9489
1667 43 2453
5019 31 7659
3708 37 7956
518 16 8743
799 40 9224
1092 63 3941
1215 39 9326
5433 8 8573
1366 58 4580
264 19 6966
812 9 3544
5755 39 8970
2448 47 4368
928 77 1449
2261 52 9844
1573 32 9964
1520 77 2951
3285 77 7026
401 71 2270
3638 27 6133
584 4 7644
324 65 8749
740 73 1275
1074 48 8012
5950 56 6585
2298 63 9083
2048 7 8980
482 76 679
189 68 5848
3086 98 9224
5114 76 5925
709 42 3576
2065 88 9647
2359 78 7741
894 34 8955
1550 93 9080
2751 23 7041
4863 24 8408
1894 39 8688
340 26 771
86 75 1755
2364 97 3056
2517 18 4785
1183 96 2873
365 96 5904
1950 61 2819
2932 94 3170
342 35 5412
5765 53 9373
621 69 6630
1198 88 2750
1011 12 1811
3745 43 7537
687 34 1441
3378 1 7082
899 65 3287
3715 43 5296
5462 32 9017
617 49 6647
906 55 8406
3454 55 9487
1045 54 4743
691 59 7030
4911 30 7326
2692 80 7164
5780 30 8876
6284 55 8864
1421 7 6302
4560 73 6677
6247 4 6650
1327 45 5579
1878 55 2175
1061 93 3659
1064 71 6351
1838 22 7195
2798 80 8904
5110 36 8829
7447 61 9028
1023 17 9792
4405 51 5969
1111 39 8856
4744 69 9439
509 77 643
4937 45 8045
1779 86 5571
8128 30 9002
3351 1 3694
1264 35 2404
1229 58 4166
988 29 2393
1379 75 1509
4430 22 8820
6603 62 8054
2591 84 5440
8186 65 9598
7014 30 8552
959 43 9326
2035 97 2343
3688 72 4766
962 59 8745
3574 19 9428
3881 54 7952
5753 45 8684
507 17 3560
1381 73 2701
57 81 2524
3838 92 9041
14 94 173
1710 17 1741
603 19 5394
514 46 1996
942 13 4130
5600 76 9704
206 41 9847
1290 53 1498
2194 35 6841
914 14 4330
1902 36 7094
7499 7 8614
1436 22 8543
8 34 7041
914 44 6557
714 78 8099
799 16 6953
4299 75 7208
1652 86 6390
841 54 4814
453 7 3654
2635 59 4142
4715 22 5625
1773 94 8774
1419 24 4870
3664 39 7986
4274 43 9920
3181 38 6742
1847 33 1930
2011 14 6639
7583 84 7685
7399 44 8035
4743 75 8452
428 13 5555
1941 24 9822
1542 51 4295
7846 53 8333
6560 10 9836
4092 22 6274
2762 83 8618
1897 9 3684
1393 66 5792
7567 68 7730
1663 16 2933
3357 7 4074
4598 53 6901
2417 7 6123
619 98 4329
1259 36 7801
1040 60 6802
2137 64 3844
452 77 6681
8201 10 9257
4576 64 8646
5003 1 8416
5748 54 8602
5324 68 8088
2398 8 8652
5456 68 6684
50 45 3832
1054 88 9174
1025 36 7117
5906 61 9754
766 40 9492
4654 24 9369
3172 66 6893
2781 53 8741
3849 93 6869
393 14 2698
2297 31 5398
2631 62 2848
444 32 6948
1716 61 6175
1403 78 4553
744 60 1385
