200
2273 33 5801
1209 96 1507
85 46 1497
2561 58 3565
2522 83 3579
2843 42 9844
4748 27 6048
88 63 4450
4395 2 6152
1377 67 5211
6449 79 9953
199 57 1485
1221 5 2602
4316 91 8323
660 27 6509
5033 86 5865
5930 42 7298
968 1 3489
898 3 2463
7598 98 9287
227 76 7242
4616 10 7899
4675 74 8735
3641 31 8070
2453 51 6181
1278 93 2235
5773 71 9968
1170 78 8517
1038 78 6038
1247 39 2474
576 57 3032
3266 14 3305
1205 48 6715
6526 13 8474
1616 44 7684
2257 47 2529
5113 63 8073
1944 2 6893
1914 21 8592
692 28 3462
5365 21 7430
7208 99 7494
906 32 3097
629 98 4898
2618 99 9599
3931 86 6329
5918 77 6629
4902 25 9833
2577 66 7696
1875 37 8122
4286 37 4530
64 73 6637
6955 95 7879
1711 88 6754
476 43 2804
6956 5 7243
1110 77 1279
387 29 2764
1210 80 2786
1029 29 8176
5267 25 7256
6291 44 9384
5326 15 6369
1674 36 2005
3224 5 9850
2663 60 9637
1536 74 7484
5059 34 6396
2720 93 9829
4623 23 9934
4307 98 5898
2247 12 4310
1736 74 2138
656 3 7547
7063 10 8313
6871 20 6966
1156 72 6220
684 14 7236
4079 60 7484
86 4 5859
465 6 787
2506 24 9175
226 80 1557
9166 20 9444
557 99 9699
1352 68 6930
1276 30 1653
7434 68 9994
5525 14 5696
3339 62 8794
4629 61 7920
2376 3 3372
3683 92 7325
1555 28 7932
2761 68 4015
4856 10 7406
9607 33 9943
1158 23 1462
4708 9 5002
190 23 1424
3000 97 5450
4573 91 6002
8004 61 9891
358 6 1106
1207 36 2456
1714 79 8536
8284 90 9437
3498 82 6027
934 71 3866
1759 42 1868
173 16 3110
356 28 7090
8169 75 8418
5211 61 7346
1804 3 7682
388 22 851
2423 71 3447
8460 31 9159
1235 7 1417
8535 55 8710
7019 4 9814
851 33 9468
1120 28 4910
2 36 1793
4111 41 8636
2631 65 5094
4756 59 6575
437 6 3592
3281 20 8506
6833 12 7208
3101 95 8241
4063 79 9533
8604 87 9583
4337 39 5432
5748 85 9682
3669 76 4772
3668 57 8282
5945 38 8608
8445 58 8544
3979 19 5942
119 48 5566
7934 20 9378
6008 42 8029
3043 76 4328
6716 37 9404
4836 12 9514
7782 11 9620
4456 11 5368
4255 86 7681
6700 49 9804
2671 33 8465
2370 24 9405
1192 5 1295
1241 61 3485
1106 93 1615
2330 82 9152
4133 76 6325
8754 41 9309
1059 50 7976
6648 13 9743
710 2 5380
473 32 7547
247 32 1489
2072 36 7914
2662 6 5738
1466 29 5928
1589 49 8916
1302 88 9843
3514 14 9960
710 90 4947
1076 25 5903
324 70 4434
4905 7 7858
5249 50 7081
1491 5 7413
3757 9 7065
921 21 1687
1834 93 4440
2890 96 8867
4215 71 8547
96 96 6794
5563 45 6401
2271 42 6711
573 97 739
243 73 5918
9373 32 9573
1590 57 5213
7676 72 9137
1258 12 8639
1733 48 4807
2598 17 9423
8911 42 9934
6561 70 8908
3173 98 9851
1325 84 2296
6756 18 7123
4826 100 9719
5076 63 9073
5754 46 9716
121 88 8313
