200
7623 21 7705
4642 4 8636
3284 27 6690
351 49 7344
160 91 2499
4201 90 9669
308 31 4689
997 3 4456
6827 76 7093
1237 52 2076
1334 8 1537
499 53 1334
918 60 5911
3361 31 5294
327 13 3605
1731 61 8627
2757 92 7231
2231 5 3453
218 66 4190
832 25 9371
2562 19 4951
845 86 5459
3314 42 5447
2186 22 4513
3206 100 5277
1388 66 4328
2707 21 6899
69 67 1001
5718 59 6811
7306 97 7431
4063 18 4235
1892 98 8415
92 5 6119
1082 19 8031
3392 31 5206
4378 33 5676
6735 10 8782
2041 2 2623
2412 30 3427
510 81 4337
8712 1 9128
5501 96 7106
1887 42 2005
994 77 6530
1976 8 6661
3036 37 3306
1915 31 9063
193 34 6510
3951 72 7911
2302 94 2564
6096 77 9812
907 12 6058
3503 38 4122
882 53 4141
913 88 2710
923 85 7793
3265 15 9922
2288 19 5873
9608 50 9796
588 63 4835
1844 13 6834
2366 25 3587
1612 67 7155
2157 90 2623
3863 50 4581
1641 42 3703
7541 37 9911
1674 74 8293
1459 57 3295
6020 47 7262
4788 6 9005
4394 40 5006
2287 81 6230
2345 42 2562
1099 21 8627
1650 97 9294
2069 41 3767
3601 88 8947
4095 37 8027
4986 45 6522
2883 50 6634
1335 78 8259
6406 46 9257
4314 81 6673
1307 36 6886
845 71 4278
3602 47 9165
2628 53 8724
2266 21 4154
1891 17 9865
6248 65 6382
2323 29 5722
371 11 3088
4998 34 7462
3336 55 4300
2775 5 7210
2829 26 3945
288 49 3862
2293 74 4769
625 49 4190
1615 45 9080
5266 73 8746
778 63 6238
1685 56 8425
9351 12 9528
412 84 3859
1396 41 7039
7659 83 8560
2884 53 8881
2310 26 4830
4937 100 6385
3625 72 6805
779 99 9041
2728 84 9726
1202 58 6194
529 84 1322
5502 18 9104
8606 75 9503
1222 40 9247
5906 56 9057
82 18 1814
1276 33 8525
2788 57 5845
1597 44 5515
5515 27 7866
4288 31 9995
1603 86 6826
5616 51 9829
1477 30 2437
1110 9 5740
5931 56 6641
1096 78 1356
7675 39 8104
2552 45 9673
311 33 1819
5488 34 6511
5489 36 6535
2670 4 4143
4135 38 5415
8069 62 8515
948 44 7950
6895 22 7094
6733 91 7455
3028 36 4868
6542 70 7501
1064 59 8959
2118 87 2988
2425 75 8761
1264 14 2402
3075 67 9968
1939 45 7534
4282 42 5885
3944 20 7962
462 21 8508
2585 45 6349
685 47 2788
2130 52 2492
3625 46 7975
1297 77 6786
7525 16 8431
7154 45 7557
207 6 8690
6771 71 9177
1721 9 4119
5580 60 8354
4120 64 6818
615 77 2607
1516 49 6754
3081 2 8872
380 82 7354
1105 57 6904
890 61 8113
1680 8 2690
2306 54 4310
3239 69 7171
1704 11 1838
8457 79 9847
3044 49 8050
6548 52 6818
2465 1 5000
53 50 1781
1711 2 7635
19 77 2372
6653 76 7226
1500 64 4758
1280 74 3723
2175 65 9579
2840 31 2903
2520 35 7653
6920 24 7858
2182 85 9867
2571 61 2756
6083 98 9943
163 92 6129
4396 98 8025
2587 97 8266
2186 79 6340
460 19 2561
2930 88 5960
1421 41 6867
