200
1544 34 5842
363 74 4933
6503 86 9688
2792 47 3767
977 57 5555
4782 19 9693
4665 95 5990
1604 31 5596
55 62 1917
2751 69 7460
3684 45 6433
1722 34 5308
1050 56 2613
4136 19 6290
606 71 8532
538 28 5078
992 4 9116
5547 11 6299
3243 72 4859
3035 75 8637
2402 75 2485
8286 84 8500
5978 21 7709
2759 52 3530
5930 88 8192
94 15 5683
761 80 8111
785 72 8023
2424 5 9507
5936 40 6013
2151 30 9579
8595 20 9287
2953 23 6869
272 15 748
3681 7 8498
107 7 9109
1345 9 9306
3357 90 6136
253 94 4401
114 76 8489
2 27 7230
7382 70 8400
982 93 3086
1534 96 7756
2345 2 9682
818 83 8094
7703 12 9353
6959 32 8710
1323 60 1888
339 26 1949
1911 48 6511
1609 41 7944
6088 56 7750
4785 13 6940
2527 45 3952
31 44 6083
981 54 3128
4661 42 8194
331 23 9478
1543 39 7108
245 52 6508
6598 69 7452
227 72 553
2859 22 7930
94 56 2245
3729 98 8809
1778 82 3706
3647 67 4421
2052 83 8563
401 7 1656
7135 52 9735
4894 79 6993
1272 7 1656
856 44 2402
1699 42 8197
1550 20 9475
1935 17 3909
883 36 6910
7834 47 9560
780 70 9605
2364 49 9975
984 45 5889
4275 66 6673
4443 53 8187
2383 51 3003
2513 64 9957
1793 81 6353
1868 46 8468
1751 96 5565
2578 84 8385
6414 18 9124
1504 82 9297
7150 65 8445
247 83 2391
5513 41 8863
7429 59 8038
838 4 6411
5958 99 8063
2095 22 9971
7639 25 8401
1455 19 4348
7711 6 8333
3487 16 4154
2400 86 6215
640 21 5072
4619 12 8673
7138 30 9191
692 84 3519
5057 41 5119
508 11 4901
3622 92 9059
1205 69 6419
2104 72 9408
5052 65 5399
1277 18 2284
6182 33 8785
2652 65 5008
591 28 1653
1810 1 2162
1104 75 6887
70 63 1656
2228 91 8414
3439 25 7326
76 39 8057
6750 43 8853
8378 90 9363
2482 50 9201
3099 49 6369
3236 12 4162
1851 81 9809
5331 9 6869
4933 38 6549
2059 28 8745
381 20 434
3317 32 7021
5473 68 7508
1009 81 8651
464 23 786
385 34 8136
7553 83 8757
465 99 9921
2915 8 5381
1198 7 2414
5458 98 9913
336 56 9733
2358 25 9007
848 32 4327
140 100 8880
7033 16 9364
859 25 1029
2073 2 6209
7084 28 9127
5183 8 7952
2030 10 7537
1638 99 4750
7710 55 9101
6030 32 9617
1538 17 1650
71 43 7909
2311 87 9944
6927 31 8616
250 42 1943
2795 38 5619
2896 20 3107
234 61 1032
6969 93 9238
3794 20 9948
1239 11 4434
76 39 3255
1924 26 7514
3464 19 3888
962 64 7493
3418 11 8974
8357 90 9504
6008 9 7004
558 89 7120
1629 53 5253
2640 33 9940
4982 68 5629
473 17 7804
1737 85 9430
4063 72 8029
4966 82 5138
1470 88 2042
2813 85 5740
7349 58 9977
3217 5 3670
3138 66 4578
430 7 1252
4502 45 8598
56 82 9133
1702 16 7636
432 37 2553
121 52 3493
2461 62 9192
1592 55 8537
1566 45 1736
4903 91 5411
968 98 6446
1510 66 4651
