200
1764 21 7853
1046 99 8020
3588 4 3873
3511 74 4081
1596 11 6480
572 7 4650
689 12 8238
149 77 2414
2670 32 2702
2380 45 7272
249 26 6906
510 44 9981
4120 95 7826
7131 49 9301
3729 42 5450
3224 80 6247
2478 25 5378
4399 73 9997
1936 68 4759
4349 34 5330
3153 58 9148
2576 84 7948
1172 3 4304
1655 82 5923
1196 16 7970
846 55 6637
1830 68 3708
2003 86 2829
2183 78 5756
1346 23 3162
1383 91 3485
3495 69 8707
8985 3 9392
1430 30 3337
879 54 1348
754 67 6669
2806 25 3467
453 9 4919
1579 20 5134
752 83 6680
6308 43 7162
4841 91 9588
5511 64 7954
3825 66 7400
5130 60 6593
632 39 3599
3771 34 8222
9153 46 9584
2877 44 3152
7620 12 8303
3756 95 4085
6901 11 9661
1232 36 2597
3327 97 7468
1007 47 1907
2105 24 8964
4068 75 8554
1860 69 2547
8388 64 8774
609 23 9333
2217 90 3165
5365 88 6495
286 22 401
1413 69 1988
3384 31 7217
1383 45 9032
1784 34 3371
4287 3 9355
5197 61 6188
162 36 8280
3619 73 8936
3337 35 6879
689 38 7136
991 96 1970
352 63 8811
2095 4 8377
942 84 9617
3998 44 8787
3193 98 9669
1016 18 8621
2233 38 3717
2526 70 7154
1901 40 5860
1983 11 4745
662 52 2162
5647 55 5849
5711 48 6113
4491 57 4878
6946 76 8346
2637 66 6572
7774 52 8855
452 54 5368
3403 32 8188
4434 67 5626
5714 17 8308
1593 18 6246
1429 9 8677
2512 39 9831
4850 66 8434
953 73 2348
4347 72 5863
2478 77 5973
1015 28 6603
7571 63 9596
3397 56 9295
3342 45 6381
6705 37 7301
982 58 6892
2900 91 7954
2605 53 8563
5853 41 8524
1656 19 7404
7162 70 9039
2425 51 3969
757 3 2325
2357 18 6986
1010 44 1153
5790 27 7802
3579 18 6405
1842 28 5389
5153 71 8759
3060 68 8057
2369 72 8050
3126 41 7859
863 67 4064
1702 38 8371
2510 66 7832
883 37 7368
5008 41 8801
7298 69 8963
1856 49 6450
1680 56 7955
6888 82 7069
1456 79 1611
1146 32 3303
329 21 2219
1917 42 8797
1989 34 2291
580 1 1705
23 54 6372
2862 46 3222
1779 63 2605
97 94 5284
14 8 1243
3731 58 9855
1184 12 3012
3131 9 4833
2113 30 5560
801 52 7275
1161 74 1973
1400 76 5205
5860 12 6190
735 19 819
9169 62 9690
5829 72 9142
882 42 7237
33 55 8383
2754 42 8887
1785 83 4593
3224 52 5706
5006 98 9969
2610 40 2712
244 47 645
407 48 9538
4139 89 8866
4829 56 8959
832 71 8573
1851 38 6738
2194 57 8001
1586 4 4710
1931 49 2068
964 58 5113
2078 97 9990
8205 95 9801
1762 97 2536
5502 30 8641
408 12 9660
3603 24 8333
9617 2 9633
2670 55 7415
2936 63 5750
323 15 7105
1756 43 3172
8193 19 9910
2209 95 2507
4193 100 9428
453 1 8076
5314 82 7997
730 67 1381
890 16 1914
5865 10 9962
271 74 5007
1609 81 9682
6028 65 7768
4949 99 7248
307 16 7864
4830 72 7231
572 46 9904
841 69 8335
1012 64 6633
