200
5275 33 7794
6299 17 7823
963 7 2455
292 65 9948
574 29 7730
3286 84 4181
1287 81 5676
3876 14 4013
2742 46 5923
1048 22 7926
4692 72 7803
7851 38 9730
4219 66 9915
2660 52 3536
1688 43 6576
7574 27 8190
3231 36 8530
7130 11 7265
2071 11 8498
3035 19 9656
144 50 5674
51 32 9967
5691 33 7816
7185 7 8067
674 7 2320
3919 16 7542
3636 58 5645
701 20 5129
754 91 6567
1290 63 6777
2477 41 9683
4203 63 4989
2574 10 5685
4057 42 5245
1456 1 8280
2217 54 3827
4441 97 7469
1390 72 3016
623 97 3891
6061 87 8879
3233 75 3957
1761 1 2688
6189 97 9555
2687 22 5450
1813 76 6028
1328 89 5455
1048 82 8222
1430 24 2822
7562 40 9740
3175 82 7121
2884 73 7199
66 75 6585
1702 13 2529
8009 65 8247
1331 65 4321
232 56 6485
1542 17 5756
2954 68 6208
3370 77 9483
3260 64 6671
4922 48 8273
2152 39 8382
4729 95 5164
109 83 2047
3937 93 5428
1918 4 4439
7868 49 9539
4161 94 7582
845 48 5005
2452 51 6697
2714 69 4252
296 11 7323
210 18 6423
1783 53 7702
3685 66 4488
8137 12 9967
7636 31 9068
4945 70 9632
4160 26 9021
2840 25 8449
1392 54 8964
1589 75 1780
1025 36 6131
3927 94 9832
244 17 2519
2139 82 3368
241 82 2567
3833 8 5519
1374 96 3646
5735 60 6787
1607 42 7062
1647 28 6529
2340 59 7870
342 43 6666
5572 65 7202
3750 5 9550
364 27 4731
2612 45 6866
3182 78 4119
2532 85 5077
597 98 6130
1320 31 6073
263 55 9606
1166 74 9875
457 33 7856
6981 47 7535
1489 15 7538
5471 13 5873
5000 28 5055
213 98 4946
3828 16 8444
656 2 7839
4450 62 6358
249 16 4252
1390 20 3718
61 57 4895
4783 55 6383
6310 9 8442
6117 36 9076
5707 87 9793
3603 24 4522
93 2 2516
1815 44 5679
5214 14 8197
598 16 7865
3203 57 7194
5103 71 9825
6274 34 9992
65 37 1565
7682 11 9184
2578 90 3635
846 39 1810
5896 58 8184
2064 46 5447
3302 35 8431
1202 49 9559
2156 34 2273
3307 84 7562
2528 29 6147
3699 43 5736
1927 45 6178
3659 42 9904
4086 12 9358
6738 17 7233
6842 25 7678
3930 31 9279
4025 40 9061
1505 48 2891
4804 90 6519
878 84 1435
410 71 6655
3893 21 4912
7738 6 8883
8075 28 9478
3953 8 4296
7484 72 7670
3078 99 5504
1880 97 7065
11 26 3404
721 22 1598
1638 84 7576
4578 62 5355
1201 24 2135
2827 81 5048
349 94 9281
1644 57 5409
7784 87 8154
4115 49 8718
4489 50 8071
1014 72 4954
1403 36 5142
2479 9 2650
1687 73 7289
5865 23 7578
2418 78 3693
1500 10 3368
2810 21 5677
3294 91 4985
4793 89 8906
621 5 8231
3045 17 8081
2161 99 6995
1084 18 2989
2063 97 6011
594 89 5006
526 29 2029
6658 95 9398
338 32 2566
4424 53 8975
1286 92 4364
351 100 4968
707 16 5836
2922 30 3771
2619 87 7858
6005 13 7448
1730 49 6845
2806 22 9971
4355 35 6201
164 20 7783
2585 26 3899
