200
540 94 1602
182 49 5725
3197 55 3996
2177 39 9068
278 42 2322
2028 1 9692
1423 77 7259
4140 87 8902
2995 71 5577
2049 77 5499
244 90 5720
667 68 8021
324 81 4032
3579 35 4181
177 87 3082
3492 65 9700
2521 72 5231
2092 20 5405
651 86 4104
5086 54 8447
2610 81 5547
2024 50 7406
427 82 5223
7974 78 9975
1451 100 9482
4116 40 6000
3325 100 7839
1914 17 8820
1699 79 4127
3829 17 8911
9470 7 9660
3443 35 6487
5330 32 7505
2024 74 4408
3727 91 3830
1183 4 4298
2463 9 7073
853 5 8102
17 57 3168
2960 17 4811
8669 37 9788
672 98 2704
7935 77 9566
1239 65 3014
4142 86 8945
3346 40 9901
4256 12 5946
2052 47 6326
2173 53 3949
284 49 9130
3181 7 9320
4378 11 9209
465 92 4981
2660 61 9797
1579 75 8734
5695 50 7712
2260 9 3737
5860 94 8094
480 35 1697
1417 32 1702
8951 65 9788
3209 44 8167
2045 3 4182
2207 52 3194
2029 35 2850
8528 32 9842
470 9 7601
1497 96 8796
652 47 3665
5203 43 6905
1564 17 5549
1468 59 8127
2702 55 5044
5124 17 8075
2147 99 5811
156 85 6187
4665 82 7982
6098 95 7661
1386 41 9238
1 95 6828
2643 15 4322
2398 80 4052
1110 54 2518
4209 10 7882
701 53 2410
1698 33 3405
515 7 2369
1003 24 6995
49 62 5465
735 18 8236
31 29 4718
1014 7 4060
977 31 1548
15 12 4853
1408 3 1532
2221 56 4921
3026 94 9902
1292 53 4306
5043 33 9787
270 15 9481
2600 14 6810
1558 86 4887
372 78 3022
1090 85 1991
1856 38 8469
272 29 5996
1349 40 7373
3421 28 4762
2868 41 7300
3118 61 5020
469 93 5402
6911 89 8797
633 89 5727
3778 93 9215
3653 72 5336
5815 70 8961
2161 70 5998
2386 87 9293
1298 27 4287
135 40 7236
8365 44 8596
2287 26 6320
1385 79 5899
71 16 8579
41 36 1993
7074 8 8143
2260 52 3657
22 9 5780
768 34 5491
6654 36 8772
409 53 7680
2353 13 2526
5840 47 9457
1950 4 4442
3647 8 4946
5887 40 8791
789 3 1019
381 3 5272
879 37 8716
6338 41 6419
3892 50 8590
1246 71 7069
4241 14 5939
414 57 9172
6174 86 7336
3237 69 6584
3072 65 8823
2380 67 8617
172 56 9784
2977 95 5768
1876 12 3554
4027 69 6082
3100 99 9408
6660 27 6895
562 19 4225
2818 90 7407
6563 9 7651
3423 37 9631
4972 13 8858
9080 39 9328
2740 37 9448
1652 97 2108
1776 41 4848
2460 47 4926
985 7 8043
7134 70 8002
2410 51 3412
4492 20 9387
5540 49 7127
3491 80 4020
1551 63 9354
3090 92 4378
678 89 5478
374 14 1437
6339 32 7955
1581 43 9514
4927 97 5113
4440 93 9874
3813 84 7681
619 40 5056
6118 8 9579
2791 99 3798
2730 86 5777
719 28 7810
1895 5 7460
1527 7 2542
1418 38 3235
891 60 2162
880 22 4479
744 74 846
1824 52 8652
7196 21 9552
1633 73 8632
1395 87 6285
967 52 2638
3667 80 9914
3009 46 4799
9249 60 9442
5088 17 8773
3371 18 8876
