200
701 70 5778
1259 19 5145
6484 67 6845
1592 38 4733
776 11 9663
252 7 4634
1746 55 9099
4081 39 6899
917 74 5209
2690 82 3189
2054 94 8963
3304 40 4330
4830 85 8805
7918 11 9534
76 8 8314
2512 10 4420
5077 78 7458
4747 85 6396
9122 63 9213
718 49 4918
3435 19 6892
2051 35 8984
3875 18 9632
1098 50 1269
1926 14 4195
1572 72 5254
124 33 386
5881 19 8328
1209 66 6239
2605 26 3864
5201 58 7880
8397 37 9935
6493 100 9566
448 61 7024
1030 48 8955
6384 28 7958
4291 39 8730
1422 86 4480
2345 3 7337
1498 51 8816
4811 9 5629
759 96 8608
1147 40 8317
7549 43 7860
334 15 7029
6452 91 9951
531 25 7270
2565 49 9870
1113 82 7578
589 63 6588
5827 91 7856
5577 57 7447
1197 30 7655
1693 20 7348
1257 13 2072
4238 62 7969
1703 68 2689
2201 56 4137
2181 5 4830
782 4 4738
6854 91 9756
2244 28 3567
327 86 9114
394 84 8689
1586 12 9236
4145 72 8221
390 78 1404
896 64 7047
1902 69 2193
4493 86 9016
4974 9 6390
3288 72 4871
3514 78 6716
2724 7 9006
3161 59 7964
4798 89 9973
6759 1 6795
1028 94 9333
550 56 8050
2085 86 7274
6236 26 8514
2515 64 5466
2798 47 2930
47 78 7728
3005 42 8753
884 31 5691
3895 79 4123
2487 26 5973
6076 67 7447
5892 46 7017
900 58 7309
2763 35 8458
3468 48 9154
2659 62 9813
5136 76 5816
3604 65 3768
2405 39 9802
190 70 978
708 25 3355
9584 21 9830
3339 45 9420
4058 55 9109
6368 32 9794
1101 78 9219
1076 49 4338
2910 14 4965
591 57 5163
942 62 1466
2998 43 7495
2320 60 8110
1478 57 8978
1280 74 1389
4683 88 6503
6489 32 9917
1135 33 2088
1629 85 8290
2666 34 5760
31 61 3798
3728 60 7121
6094 28 9814
5424 26 9219
4318 75 9032
1612 23 2878
3992 86 6665
115 56 1338
4795 77 9420
606 40 1542
888 6 8604
407 19 1202
4465 94 4664
1076 62 3793
1379 14 8169
1123 100 3629
1272 21 8214
1436 21 3555
3539 56 6463
2115 2 9355
555 14 2551
4931 83 9801
330 73 7605
1022 11 7173
5206 72 7516
6332 25 9314
3252 40 8467
6841 27 9892
3606 13 5134
2296 44 3684
2520 57 6539
4385 54 6788
3416 66 7591
6577 3 8076
3748 66 9479
3611 5 8609
7951 59 8609
2601 87 9559
2525 62 6746
4701 47 7177
5103 12 9075
4558 73 8795
5575 44 9681
6479 14 9066
4969 36 9010
978 37 8861
1699 14 3084
4205 38 9512
1668 86 8606
7136 65 7312
2714 24 9062
4506 61 8124
5517 90 9573
471 95 1042
2459 6 9465
4371 19 8101
659 51 1329
2134 56 4162
1772 82 3437
4444 18 4602
2037 15 9755
3894 20 5147
2234 56 5228
3916 37 6689
1630 27 5115
3645 94 7583
4912 44 9509
2036 37 7873
2934 59 6085
4471 74 7416
5801 4 7275
4243 12 5816
1248 56 7711
2440 34 7020
7573 30 8824
2133 82 9559
597 77 8601
3946 47 6542
2321 97 4999
4393 44 4754
901 27 8233
4024 65 7318
6734 31 8732
