200
2614 51 9003
2434 75 4307
778 98 5603
1170 46 9734
8667 40 9543
6087 4 7953
1829 86 4523
1107 75 4566
2707 19 8979
5852 50 8528
4514 83 5235
8223 95 9610
519 74 975
309 72 3808
2803 98 8774
2846 82 8608
9121 14 9439
3534 3 9774
7193 87 9314
1758 38 4202
2720 77 4004
3549 29 5739
2998 48 5731
5281 78 5437
3812 7 7735
705 25 3394
6513 97 7266
323 28 1508
5533 36 9969
1109 33 1639
2249 24 9896
7859 70 8678
6155 42 8387
707 32 6154
757 72 2068
950 59 4744
4135 45 9586
1717 51 7280
2056 41 9247
4468 1 9019
5044 67 7575
6414 5 9806
4197 76 8456
6288 22 6537
1871 17 2844
1929 48 4918
5695 85 8502
1926 55 9190
3064 36 4350
3212 65 8140
7491 87 8075
6897 86 7599
4299 25 9064
5780 78 7029
4723 40 7928
60 32 3110
1420 19 2076
5561 81 9260
1740 71 2478
773 72 1737
568 55 4262
2992 41 6057
3552 6 8265
592 56 3395
1421 11 2745
7031 65 7892
252 83 2904
4575 43 6243
1977 16 8467
1445 9 1737
9446 6 9483
6 29 2410
635 16 6147
1643 6 6146
2955 51 6520
3128 8 9501
4889 21 5312
345 39 6976
2505 6 4030
2424 48 5285
1324 47 7944
546 87 2651
1591 2 3215
2375 6 9567
1687 79 9432
1899 11 5635
1269 2 7669
2233 43 3621
4038 68 9793
4214 59 4734
3741 41 4024
807 84 9817
5069 34 8694
149 79 5183
890 94 1535
248 81 2700
758 70 3357
1251 61 2283
5811 59 9652
9234 76 9955
1317 41 6076
9276 8 9995
902 62 1686
798 8 9754
7378 92 9410
360 15 4009
2465 3 4119
3735 40 5648
7110 3 7252
5194 7 8635
3692 77 6788
2627 76 2783
5059 75 8491
878 81 6775
4151 5 4261
7959 11 9255
2962 73 3513
506 97 7944
954 46 3012
2999 49 4793
6420 50 8952
1109 92 8128
681 95 3629
3153 51 8825
1040 40 4359
7082 57 8942
7324 13 7341
8779 20 9628
5265 28 8318
2659 24 8582
2171 41 3720
1589 68 1852
480 37 8307
4307 54 9046
250 19 6741
2714 30 7746
1507 89 6809
542 41 5946
2232 48 8617
9192 9 9830
261 27 3444
3060 11 3600
3403 26 7415
2809 96 5677
1731 54 9170
1163 52 3889
3187 51 6095
3011 78 9162
1165 28 5404
33 80 2079
6818 28 8896
487 94 862
883 72 2375
1461 36 3216
1548 27 2650
2593 34 7576
3636 10 6469
8479 18 9700
6970 1 7618
802 20 2647
5848 8 5996
8668 58 9164
5463 51 5962
5189 49 6157
2673 15 4323
1854 20 8346
2734 84 9420
837 83 5910
5214 7 5800
2307 86 7210
1851 60 2465
1959 21 8889
4193 4 9293
4805 70 6849
3950 76 5190
1018 35 2225
6039 62 6881
4201 95 4940
5453 59 6856
4456 65 9012
609 52 3527
4118 86 9908
5553 29 5817
1328 58 2231
5388 70 8231
182 95 2960
1264 94 3359
465 36 2452
4971 52 6972
1697 50 5706
4205 73 6962
5566 94 7103
552 19 8249
3019 77 6235
6221 84 9664
149 6 4608
3441 79 7254
2731 68 5307
677 40 6334
620 67 3823
