1000
16968 79 41205
14571 84 35249
2512 65 7744
10525 28 45191
8464 8 33853
12256 75 31609
10153 75 15151
8023 6 41856
1713 7 31673
3404 40 39835
6217 32 19635
29239 80 44107
9982 68 47258
2481 53 7989
31083 45 31249
5746 85 26664
17631 38 46202
30989 9 38766
6392 64 30812
17379 81 28555
35747 22 38062
35586 5 47371
14711 30 39728
28924 22 32991
885 64 49108
2901 85 5110
19124 44 25201
4826 85 39155
19614 1 47857
26385 62 30965
35987 20 40064
4641 49 16290
9037 44 37354
26161 29 29170
13051 81 18419
32753 71 42048
13909 88 14311
38056 60 45796
35755 97 35970
3485 30 44135
30195 16 31262
23170 93 40629
6287 97 32348
37168 11 38756
39383 100 41604
2290 11 15555
18688 17 35226
2094 62 6494
449 57 9926
11767 12 36492
878 60 36710
3990 28 33938
13031 8 15819
27881 69 41739
27802 19 42913
21079 86 30103
20016 15 32222
11709 68 44257
31661 16 42009
17009 89 21020
116 20 12462
23259 21 28801
21639 26 47745
9428 9 12419
32776 33 49181
43225 63 43615
33077 83 34047
36576 83 46176
2805 42 19779
419 1 19460
9729 60 24683
8714 83 30825
40103 23 42113
31473 92 35519
11110 73 21678
21052 93 35637
17897 19 18647
24190 77 28758
30525 7 46662
18258 30 36903
1809 99 24146
28712 18 47846
34681 63 38009
23037 80 34873
30845 57 32381
27607 31 29562
31773 31 33622
25523 76 47175
28403 3 28820
25872 12 32512
15207 70 29138
12358 35 24577
34496 89 38224
1420 3 22792
21315 63 22904
27114 81 39129
36945 10 38113
22009 11 26203
36477 37 44266
30613 51 30933
2075 82 46824
18479 3 42459
9785 86 34263
15171 88 29261
36831 46 43388
35954 35 46468
18981 9 37551
20468 16 36417
8358 71 47086
31489 12 35148
15107 24 26613
2155 19 18715
6370 10 13683
40715 3 46137
6317 35 42443
28288 85 47392
3179 17 30542
27019 50 40368
3668 9 22372
22742 78 40693
25335 80 47265
9333 38 47549
33517 28 35507
6376 43 8707
27556 56 42360
20447 64 26577
25669 52 45060
10919 31 12143
34170 84 34586
24739 28 25834
10504 20 32540
25830 81 45283
36825 41 46972
3945 58 10583
25213 66 37519
22705 88 44844
10503 56 35738
23476 87 35993
10583 11 27922
15101 45 40735
36538 28 44087
17700 87 23955
5116 81 45814
25421 43 41068
32211 25 49186
13553 25 38756
20794 25 48555
3485 43 22200
19236 71 35976
8590 50 26699
1172 43 29599
27414 80 40404
37995 74 39583
32989 52 40500
10821 18 45246
36358 89 37027
18983 11 29534
28107 84 47026
46887 22 49370
10232 2 36310
32791 72 43803
17028 23 38674
18064 45 32315
11769 28 40564
511 13 29464
764 13 24841
14557 88 46364
38180 53 48324
22020 98 26111
22880 32 25207
26147 75 36354
29198 81 30400
11716 84 25635
28127 27 48563
20023 17 47534
17042 88 41282
1427 90 21870
5093 38 31148
21687 62 29168
19812 88 22737
37749 23 43098
22232 55 24193
31315 10 38100
27642 64 38846
5264 19 36545
13482 81 30843
40183 49 43224
6795 7 24371
31395 81 31585
9081 99 11195
3107 16 41949
26292 60 38081
4628 40 36260
9683 49 31579
11081 3 34752
30669 49 36384
26953 88 27510
7568 42 46548
12200 84 14830
31978 81 44576
24590 97 32852
35642 58 36459
24692 72 45153
23642 29 45099
40827 21 42827
23457 74 23808
28579 83 30460
1355 26 24386
26484 19 30831
16962 34 41645
30705 7 46828
28675 88 30708
30638 8 38643
30066 40 36483
11924 48 46207
25060 83 31040
4940 85 28469
2852 93 39019
22409 75 35090
24552 50 40188
25686 51 36528
40191 100 46767
31521 19 34194
24533 81 34812
22749 75 31366
24884 41 43669
17880 25 37560
39976 45 41749
11987 67 12169
32837 33 39046
18035 68 31986
34001 83 41937
12671 77 18150
20007 29 42291
15159 6 39884
37434 43 41811
2379 57 34086
31959 29 46504
11806 96 28421
6755 63 34144
4437 30 14998
27906 71 33225
23342 4 27406
40004 88 47787
12706 57 25192
35821 8 47634
27769 36 33744
28785 54 39443
33217 11 49333
12463 76 22379
31115 10 33484
24247 32 38387
20012 96 43069
12516 5 13830
17029 62 28615
33915 18 35416
6632 82 35642
14302 10 24903
20966 57 25151
36747 19 38321
29730 73 45955
10461 59 26612
24343 35 33307
13884 60 25106
14104 32 23776
27166 81 47573
21810 13 35342
15505 56 40704
13326 72 48082
5520 23 28266
14459 17 40237
13590 54 34541
43567 35 49089
7635 27 26342
35604 80 45580
4976 27 31517
2289 70 27788
17286 43 38313
325 72 37817
5397 29 40009
26928 96 40348
35593 86 47534
32380 27 42592
19898 23 48811
15087 99 19316
40263 8 45386
32446 30 34474
24082 19 36762
28098 10 32891
24697 54 45747
25145 14 45505
32391 42 38808
10975 13 28642
20759 92 34525
7381 88 21732
27799 95 41180
36108 43 40343
28973 97 41449
28176 97 41743
23569 5 34805
10344 99 43215
4291 24 21481
9547 45 15897
35954 19 47585
32705 53 40448
17191 94 31877
1356 97 26041
26327 42 27490
34589 85 36012
6909 22 39435
37203 50 40941
900 60 35411
22445 11 35018
2957 57 17222
8022 76 30188
21133 85 36112
24931 7 25678
22046 36 43749
31209 60 48574
2597 22 18374
18422 3 32803
32956 68 46398
20720 57 35729
16584 29 41373
31864 26 33814
15836 56 38845
28259 16 43385
7687 24 24466
21489 78 25142
4128 83 32822
41078 79 47476
3004 60 19026
31286 74 44839
30553 51 33679
8938 14 30972
16370 51 22986
31177 98 34248
42604 21 48519
17642 1 25645
31561 82 47709
685 21 24211
5287 84 40131
2216 65 3276
6981 51 27480
43129 85 49077
33235 48 33811
19172 36 27349
12048 9 20106
16185 71 24272
39345 25 45942
27849 40 41608
25923 70 42431
41319 79 44473
34140 82 35296
31336 60 34281
9952 100 26313
1612 50 16966
4153 95 35579
30619 12 40110
36246 61 41100
29527 82 30543
22797 50 46063
17054 59 48857
8581 20 22857
21581 10 29284
37280 8 38960
34086 68 39538
12890 42 16571
36329 91 44294
22828 34 34493
44488 21 48743
1935 45 34434
2535 45 40020
4129 95 41104
14544 14 49180
35491 63 37475
14455 23 23409
16165 53 35519
10533 30 33384
18747 25 26584
10532 99 33189
28410 17 31230
33099 50 34334
7587 55 31607
27512 76 41044
13329 92 36593
10936 32 32999
17004 43 24993
8756 92 23197
11308 4 39017
33641 95 45657
27704 97 44804
39080 66 49258
24209 4 44601
13294 78 28387
13004 53 35010
13860 96 29250
11490 77 19821
7604 80 32772
40879 20 41707
24289 62 49945
674 93 32509
26524 75 47655
10678 78 16230
34752 98 42048
19725 13 30273
25653 1 34991
21505 84 35207
30132 62 31207
36748 25 46265
18460 56 22635
21180 51 38513
7839 90 14582
21991 16 43504
3568 67 16601
17422 36 34423
4887 26 5421
21826 89 35822
21238 75 22601
32045 41 43376
28422 51 47543
26486 6 36781
36338 17 49058
39819 56 46602
25586 42 40178
21283 56 26555
40699 96 41778
40455 75 43107
9224 71 35967
8254 43 28814
28083 30 29141
14972 18 19604
1996 4 44069
3544 21 32101
29174 45 44030
33568 77 41727
46960 17 47818
27611 92 46862
20015 62 40615
38704 65 40926
18953 37 41356
17146 44 18541
3191 38 34146
31255 84 38509
26636 78 34035
7708 82 16916
27168 77 34492
21071 67 27541
4016 1 38116
32580 95 34058
16801 18 28632
39011 98 44294
27382 50 36729
18296 42 31193
7655 7 32754
8150 2 34194
47510 65 49955
21813 19 28277
31239 5 38822
2227 97 39690
31541 16 32439
2622 58 49047
13768 96 34201
25275 32 47902
42993 87 45707
3548 88 31034
652 43 29692
35032 30 47101
9261 86 20969
14263 51 22502
22412 72 25829
30076 97 41012
20278 80 22970
9225 18 30561
2889 43 3954
17318 13 48773
23255 77 30982
16 20 27790
25897 78 30887
12663 92 31227
40006 93 43519
18195 36 28042
7045 99 36854
27593 77 30180
1939 2 27310
26831 72 42196
35532 13 35826
10553 53 38699
21627 46 29706
16552 53 22257
15068 24 33048
32275 9 40068
33423 22 39569
30250 71 48342
33056 75 39735
4720 49 14536
29275 51 39244
35521 64 43551
10059 16 44153
38722 31 49334
4841 60 10447
26542 17 29213
40928 76 43843
3119 94 48538
12725 55 22445
1214 55 9855
31713 13 48159
12616 94 37295
16859 6 31893
17628 59 28613
23592 17 39435
256 56 24638
11367 3 44773
43464 26 49483
6894 75 42053
29461 56 31829
35532 31 44918
30395 61 38860
16843 36 25189
30781 65 31502
39023 28 43860
44122 91 45474
26291 49 26444
11642 52 15835
19825 26 45187
27020 42 36451
18646 77 38948
10135 17 20367
22640 100 34897
382 81 12877
12604 49 21286
24369 14 36683
34971 14 46924
11966 25 40898
11590 44 39024
15548 3 39630
8282 71 24100
7093 90 15572
29879 11 36992
29393 68 46048
5548 57 16982
38212 78 40081
30878 56 49938
2725 2 10424
12510 5 45554
4509 62 35712
39639 12 47149
13470 5 41559
13757 60 32554
4526 3 28154
34136 46 39060
35047 80 39880
30403 30 46374
25062 5 38771
22837 80 41359
17946 44 22905
28932 26 29993
13605 22 37887
18839 53 41224
40893 9 48592
12215 22 49570
37996 82 39746
2451 2 28673
18555 47 29490
25270 22 32950
4100 61 41584
11401 36 40836
6456 62 38144
6855 46 38407
29415 5 36553
2697 67 23038
375 69 32150
22049 74 25610
6237 47 39714
3521 53 27120
13907 27 39040
5550 42 32716
30524 71 34124
27602 62 42666
20202 80 38826
11417 11 44548
1076 17 36879
25446 45 38353
31475 79 40622
13384 73 38739
24417 26 27340
7890 82 16755
513 46 47335
7084 1 8162
12783 99 39288
37322 66 42050
35007 3 37803
31503 29 38999
2545 53 22334
6719 46 7926
28746 47 33030
31881 23 35992
8827 66 16959
8768 28 27510
5686 37 45423
21935 4 41135
14588 47 45592
5323 89 25718
41524 31 41716
42324 46 42827
11505 57 29250
2688 47 25383
10862 68 31516
8665 57 17809
12942 79 31369
31476 17 44915
30618 52 31732
36572 32 48463
3606 71 28366
37529 11 39005
1089 34 44434
11880 78 43640
45036 93 46161
32801 11 33825
34296 53 45691
24712 43 44016
27590 49 35931
5780 69 40586
18401 66 41177
15736 89 45913
31769 14 41343
38114 64 46394
17613 44 26892
21086 5 35118
15685 19 18807
15135 56 21257
28756 100 48628
6391 7 18283
28597 17 42321
10154 100 14227
20410 52 34515
12487 69 25131
25836 16 37596
11336 57 38401
34506 85 46270
9003 21 40991
18542 85 31392
28293 26 28941
13130 44 40884
14176 63 20903
18526 77 49319
31132 57 49123
7722 87 36601
20356 97 47323
19895 49 39185
15022 12 22417
18125 81 30504
32260 95 41177
26265 66 39794
1677 32 12725
31452 42 40418
33395 8 33879
6495 26 7138
6713 72 29504
19124 52 39302
13535 60 18447
4981 24 44381
1696 75 40358
3504 43 36379
3157 32 40781
7776 98 37807
29133 35 33757
30251 10 39440
12054 63 17476
25279 80 32135
29845 86 48470
2549 89 17459
13724 23 39405
35738 40 46280
2839 91 25811
1037 32 19955
23866 60 45567
30846 71 35421
5469 87 43887
3751 87 10690
40299 47 41117
868 82 41459
32530 43 37826
4088 11 14229
31315 14 31372
30089 55 31519
23528 31 31106
26642 30 38007
30485 57 33225
23994 26 33702
16858 71 29255
19312 52 27494
26511 60 43069
28449 8 42021
5069 34 15060
10565 76 40760
9500 73 49362
32088 76 48921
22227 46 47814
18806 58 33231
437 14 42467
25413 52 37705
20638 1 48147
11723 76 34935
30470 69 31688
33436 12 35154
20630 95 24479
10721 51 16413
30942 96 40622
31371 9 44153
14986 10 34983
12581 73 19188
2115 81 20453
5654 25 36216
16848 68 31522
46224 90 49476
39663 12 47799
12631 45 36668
3441 76 17324
35815 41 47269
42551 69 48987
20231 90 30245
24293 60 40106
32015 88 38971
12203 40 42478
46625 51 47828
27342 35 37446
19145 19 22725
22627 54 41983
7334 60 34682
19242 81 36358
19999 30 46178
23828 79 32095
13615 81 19422
13305 4 48986
17126 17 31806
8333 40 19688
6179 55 33221
25044 36 29716
45444 29 48353
17950 63 18433
24417 72 26475
25278 95 41681
20475 20 48823
7533 27 21219
29680 23 37835
11736 20 21930
24495 91 43705
23836 9 37618
1731 94 42037
21846 10 27104
9441 88 16249
13222 52 36588
8663 82 18755
47236 39 47486
8101 5 28533
6270 6 17791
37499 64 40323
1190 28 37158
20922 60 33608
3176 43 34225
7229 41 22212
2886 42 20616
23742 26 23917
23452 95 40513
5491 22 24099
29936 37 41198
24771 30 38501
4865 38 49415
34087 5 36887
19325 35 31579
22715 50 29145
45930 69 49411
24365 25 36489
6807 15 31774
7689 34 44081
19550 58 44646
10908 24 37885
26321 95 42760
33012 24 41572
17328 71 41341
22583 9 37437
12804 28 48242
11606 17 23492
20868 81 36607
8307 91 38787
22306 46 29694
32814 24 41504
34445 55 34946
19563 43 48259
43274 47 44072
20649 81 38419
32843 28 40446
17600 68 33219
16389 89 30203
723 15 19322
26271 7 31306
1231 25 43207
41067 72 46598
9530 86 32192
33921 66 49642
25470 29 31148
36614 34 47349
19545 73 35036
10512 58 44354
17903 28 25665
16761 97 27081
263 49 35786
25213 69 27368
27889 27 28232
736 10 22755
5101 73 45970
23559 40 33943
22117 33 47666
26234 98 39816
14499 2 41304
15475 21 25546
20341 23 28407
7649 10 27148
2679 67 40981
2714 7 36575
20109 15 21872
24638 92 30918
30999 66 48450
16055 97 30912
44731 4 48355
34312 32 43783
26815 76 43128
11530 94 13139
5149 94 40083
17476 53 37091
14240 56 25205
1302 21 40661
32525 49 40594
8525 1 34847
26374 22 30288
27685 71 32477
34763 34 35617
38623 64 41697
16291 31 34747
1429 6 17150
10368 49 13263
21923 72 44004
10973 47 42226
23444 53 36239
26571 74 35719
34263 17 45845
21998 7 37162
21296 10 45960
17983 72 20946
32760 97 45142
5444 27 37135
25590 57 26202
16890 8 38259
32597 93 36656
14407 75 29253
28209 30 44549
30298 48 34793
25300 48 48141
26284 38 49045
3773 56 14713
26489 1 42182
15541 47 48951
41539 39 49398
14710 1 32448
27800 18 34099
7706 28 38499
31404 82 37348
27617 78 31836
44087 17 44940
30424 24 30824
6865 49 31538
38306 28 47193
22117 87 38446
35397 66 47210
13921 48 20269
7880 11 10750
32286 16 41541
19192 39 24064
4659 60 44394
28673 64 32198
27770 70 34907
27269 30 43057
8707 95 43383
9515 99 34892
33295 14 34848
9676 74 29234
40080 4 44351
41568 16 42480
26095 84 47769
15378 21 47506
43562 27 47758
20590 50 48323
5149 80 38284
37266 87 48627
12417 60 49795
9529 70 23809
15210 66 26514
2378 12 20889
2077 69 24090
15348 11 37652
20464 75 36719
30252 16 45820
20885 70 29745
26777 5 40702
5469 96 13266
2254 47 9574
9991 57 36486
17595 77 30429
6591 26 36295
3577 52 15129
13657 19 31257
18622 52 29804
23961 46 35389
18729 24 49745
37886 28 47369
29703 57 40559
11413 13 33715
26344 87 27412
5874 97 36648
15257 89 41413
4616 19 12119
3614 4 6603
18375 76 25451
1885 66 7772
28914 57 41298
14386 21 42168
19567 60 31645
8828 50 31446
8100 86 44770
2738 37 17414
6146 58 35671
22950 1 26408
16423 93 22070
9183 68 10280
2162 71 3441
17963 98 32572
31 87 25343
27607 24 31391
4232 19 13821
40824 41 42054
14824 66 30211
3755 97 13285
29452 20 37833
19196 16 43574
1815 17 20371
29446 19 38955
34551 45 43916
11148 89 46292
19997 43 46982
2454 28 28496
22578 37 27867
12756 52 41265
25883 56 37987
19911 79 33958
14259 4 46125
11827 51 17591
5411 26 37589
2359 97 38533
33798 12 34081
12510 62 48777
25738 94 47077
11074 79 34352
9867 95 38987
1866 9 14786
32879 27 44392
13278 28 37359
9752 59 41103
7965 40 38552
23363 98 30659
38174 18 44757
4262 75 8665
30162 100 45580
15262 61 43014
39597 76 39699
2694 54 32289
2828 39 23892
29496 79 44588
17282 82 26560
7520 78 26342
26237 89 31570
3434 42 38537
679 17 3949
12706 90 13942
21276 64 36806
16370 18 42356
28863 45 40896
25542 85 46051
15263 90 38017
34253 4 38036
23599 31 38618
34166 23 46943
14582 29 28369
35617 50 37824
21501 68 34898
16889 91 26526
24245 25 32105
40014 54 45642
15070 31 40962
19155 42 43335
