1000
11138 12 22334
27190 78 40918
2499 36 8613
3405 2 28952
25566 81 46652
5374 40 26122
4023 75 24150
34010 37 34294
6974 16 15293
15127 24 40759
37652 14 41997
20021 85 32776
30838 3 39357
16357 83 48887
38660 67 43366
24184 96 39184
17850 96 18068
34677 40 40657
34416 63 42535
23574 54 44916
9480 36 49755
4283 16 15666
12449 65 46118
19832 51 23714
26819 10 43858
30703 25 31800
32770 23 33898
5101 21 16170
32906 96 41459
22335 80 45833
38456 2 44134
19371 25 32029
14498 82 38379
10190 34 35366
34716 22 46557
22292 88 32802
12864 7 47921
23518 48 26137
27152 1 39368
35287 50 45773
35655 90 40284
8671 42 20727
14395 27 15420
1078 60 14835
28560 57 40441
28934 62 47664
10861 86 26586
8041 71 23786
5785 83 11839
27532 69 47716
12639 42 36124
5991 12 24789
13528 64 34484
5614 13 36413
24280 6 47039
16833 65 31169
15258 93 40948
19247 35 37443
4750 33 43139
23884 60 46188
22711 69 26919
4582 30 15549
33211 72 44718
1925 27 13213
14509 13 32733
470 44 39392
11936 77 30414
18709 1 38677
31482 22 43369
31587 15 37496
1408 50 20515
2595 9 22025
32396 42 44660
23628 97 24724
16928 14 27654
16086 27 35039
31663 64 40734
32538 50 42730
24366 45 43007
4705 3 42242
20101 43 36939
3684 6 9118
14012 86 32043
34741 21 44152
11168 16 44845
23489 97 42576
38622 70 41705
30265 98 31508
29016 79 33911
20373 32 30030
28140 25 32108
4129 14 41743
32434 52 44921
1794 4 39646
34213 47 34973
29046 47 48016
22946 67 24622
32329 15 36423
2295 76 17153
27308 78 33407
2734 4 37166
22911 5 47132
493 74 48921
30323 13 49921
7387 12 38486
9911 33 41806
1755 84 22919
15466 2 27761
15825 74 17962
37515 96 40393
23192 74 49698
26503 2 43771
17729 77 35914
27895 92 35841
13556 37 33414
38706 87 48630
19530 95 26148
33310 58 42133
8274 53 36907
45223 76 45719
10301 27 28406
12697 29 21893
5117 69 11504
7797 34 12204
12169 99 25198
18205 68 46461
17780 74 32850
10906 91 35284
7178 23 31420
13852 95 33984
5325 22 24623
36442 78 46710
11432 64 37403
28393 5 46321
28687 79 30291
22972 46 34351
42952 92 44115
10054 41 18870
11900 5 33234
4725 50 29074
17036 43 22489
7031 34 43794
9701 8 42199
11193 94 38097
2791 24 49766
28864 4 38206
20995 15 26897
20439 56 26347
3706 63 13417
29500 56 47109
23164 37 33183
18023 83 25019
25609 23 26474
11866 26 37430
35765 65 46246
27676 80 31375
32235 12 37164
36942 35 44521
28372 52 39274
5860 38 27803
15036 13 25061
24228 61 34410
18040 72 19164
11961 18 15396
25916 11 33815
10660 14 31631
37267 34 48021
34040 76 43584
15609 92 43365
22381 70 30501
24212 60 43458
6457 80 42368
40475 83 44761
6195 65 32195
34204 74 40694
22919 14 45101
23397 81 23931
20532 3 47288
8749 15 15923
38078 88 38667
13172 33 37629
26626 73 39751
22538 22 30810
32361 70 40516
37761 32 39649
8203 20 10130
10950 23 46971
7170 50 18892
25015 94 31557
4528 25 13290
33635 80 48207
29598 42 48486
28877 29 39793
14821 5 39460
8283 42 42846
11816 16 48352
1153 65 48194
5822 86 30859
27709 24 30757
2135 63 33703
11437 59 33636
19317 32 34861
32403 77 47277
27669 36 48479
30989 70 39450
21864 22 40858
11792 40 37493
5320 61 41860
18204 27 21440
32525 40 40015
6268 66 30976
36924 46 41685
26694 78 30102
18806 49 32740
27181 72 48104
17468 14 30072
17393 7 23041
4975 25 27110
39146 64 46554
33401 63 35768
5655 27 43246
16663 34 43893
36245 1 36259
16534 68 37418
30814 79 41172
23717 56 36139
565 21 35240
16248 16 16465
38769 24 46077
32041 22 40484
19543 38 44090
15099 39 17705
28840 7 34709
33982 55 46077
25525 12 29113
38020 17 48039
11144 33 13934
10926 98 31301
4710 56 41087
1097 25 21665
35642 32 38251
6625 89 29088
25156 12 32939
13755 95 24161
30297 82 35208
10950 67 29965
29209 87 43014
30486 84 38522
17627 76 27674
12096 49 17801
11444 45 31607
27818 10 29876
4977 49 29327
26146 68 30235
31330 36 35141
22331 46 39995
17010 63 27983
18316 54 33588
8755 100 33265
24302 8 28291
8642 47 30846
21522 86 28027
12959 9 23782
10974 66 44490
40343 15 43263
25437 50 42178
3865 55 15176
27130 37 43673
5626 69 30277
8774 40 34071
19825 83 21877
20659 84 25780
12437 51 46779
2515 10 9901
31913 36 45192
3972 42 25764
22592 49 27005
33270 86 44718
16794 83 32761
785 70 14775
8867 91 32584
23723 11 31609
790 24 19894
34852 34 48259
23236 34 39503
30921 85 47378
33274 14 47960
19976 56 46039
23862 83 35489
15459 94 30906
2895 12 23803
40579 83 41850
19285 26 34602
36045 93 46661
24859 86 32566
45016 47 47090
34932 92 43603
16290 81 31426
28354 14 34650
41423 40 46345
32240 1 36798
2965 48 14623
24827 54 44112
26824 9 46770
24465 95 29543
25441 50 42822
1025 82 43929
18586 71 21090
6401 60 33718
28115 54 45605
9601 48 45868
31062 94 35017
19336 74 46715
18684 76 40383
24191 6 40816
20796 78 41359
5841 81 34304
25995 11 40085
7367 33 27220
27842 33 33174
9541 31 30735
3134 14 29941
21944 74 34132
26798 62 40093
36085 15 39871
1704 58 9601
43878 70 44184
29764 82 45163
13288 46 27460
2002 68 37290
33206 97 46916
29922 95 35459
37037 86 38624
258 41 42086
5209 65 29227
3520 6 32131
9491 24 32147
275 74 15861
35993 9 36850
15898 20 27461
33971 62 46804
17882 88 34305
35868 76 39261
23633 17 24989
37708 79 42081
33798 30 47257
3658 84 41961
23139 52 35986
6807 78 31293
15050 38 39191
9466 26 10593
30846 80 45055
26525 67 48205
40509 20 47706
18744 3 21648
6268 18 30753
18803 47 42991
33625 31 49732
30830 43 46564
19560 5 33545
4742 72 48310
9800 81 35636
28045 45 39062
32809 93 45188
40265 31 43863
2395 85 39005
20951 21 35117
10388 100 22808
15043 27 46057
3353 18 7113
26674 96 38541
19897 73 29695
28924 47 39582
21431 11 40970
26801 28 48891
19701 71 42978
14298 81 28529
25310 14 45017
11752 80 45751
27090 71 40235
1589 69 13187
22111 87 30562
22209 20 46768
19938 3 24991
3368 3 19965
20844 63 42262
24676 86 37719
29788 28 32962
19707 27 35278
32938 56 33176
13761 76 26596
30068 43 37084
37442 30 44374
37620 84 42958
24375 100 27725
32525 90 36081
33291 44 45395
1078 100 12752
6081 53 30630
34502 3 45376
17474 3 34403
14362 43 42010
25234 11 31740
20683 17 43152
20611 27 26147
26225 46 39698
20889 69 31731
24519 46 42401
3898 27 19061
8576 95 36609
33861 84 47969
29811 21 30033
25183 87 47753
2722 90 45557
27928 52 28736
437 90 49634
10865 100 45498
15856 86 19328
28772 57 48705
555 65 9623
8215 46 38287
21947 81 41249
16486 55 32269
12398 84 49146
34620 49 49360
34929 41 37692
22202 48 31388
36568 64 40303
30665 65 42133
37881 27 39334
44595 63 46390
20257 97 27968
19281 58 44182
5130 100 27701
20575 15 23709
18349 31 25094
22003 60 32091
32902 86 47449
36857 62 44170
18749 24 47408
4216 74 22623
3176 78 23259
25578 88 42178
23665 38 27967
30012 66 43983
2195 21 28130
20481 22 26764
915 86 42176
3203 30 48290
36787 58 43470
24376 51 34705
8107 93 12712
21811 97 24939
11395 14 21221
27053 50 47546
37397 46 42913
26454 98 33570
3080 82 30956
14125 74 28637
12298 87 47920
24963 25 31143
33587 68 48764
2444 90 26918
13308 46 39278
14747 49 16119
14963 6 25836
6129 69 49010
23089 67 35674
32267 55 39022
47673 78 49962
4465 98 36573
36090 64 44842
27960 47 29117
16179 52 25932
1356 85 25637
17638 79 20143
17642 38 40780
17168 44 45924
32688 71 43460
30067 55 42972
21803 36 44561
17425 39 21951
30456 54 34329
29718 45 37182
22614 27 40424
2984 42 21950
27590 35 34875
9184 61 35051
4683 36 10010
46044 46 47326
12342 83 24647
37873 13 40639
2600 98 26108
44918 90 47230
9212 36 18678
22471 80 48722
21562 56 28891
4892 73 32668
27677 80 31864
30069 8 37839
6533 92 29181
21507 41 37790
40976 83 47458
26921 95 32630
22611 44 48609
12118 49 33165
35505 86 46157
31115 27 34771
19890 4 45840
38306 33 43081
10935 56 45199
8116 63 27067
6887 44 27777
31905 67 47154
194 74 4369
33879 40 36790
1792 97 27522
34220 17 35741
10681 13 45555
41013 41 45618
27629 9 41586
2199 72 31193
18023 24 45422
24141 52 39502
18258 49 25212
29095 52 38104
22611 17 24781
2059 9 30228
7522 81 26274
16807 46 28849
888 69 32032
230 31 36346
8996 15 49973
40261 85 47769
25192 5 35056
44858 16 44909
40735 68 49172
24992 91 27145
2505 82 48868
21529 90 33684
9946 2 28193
36957 83 45451
39071 45 40222
24775 60 26347
15201 27 42690
27984 44 36828
37790 89 45640
3590 83 35586
16357 72 33241
17225 71 22906
508 31 30749
12063 100 22790
25828 66 38442
21005 39 26108
1529 71 20093
44033 100 44367
7965 82 27898
35469 11 43086
28354 87 39967
14286 58 38988
23847 65 43394
25521 73 42480
6995 18 49226
7035 21 42791
34064 91 39100
5065 55 34281
23542 100 40487
30129 11 46591
32131 59 34021
11087 28 13431
27406 37 34034
8613 58 39830
5244 94 16252
17790 12 32938
7032 33 15073
6669 7 36889
4187 52 25400
30538 60 31588
16480 52 20925
10177 100 16791
25249 18 36724
6678 27 46410
231 2 26551
22296 84 48646
17104 17 38593
5341 69 8086
4724 45 23666
4468 93 9298
32996 41 49383
1392 4 46296
17186 10 35180
17130 27 19253
23445 44 26068
37373 70 39865
21456 50 37944
13050 6 29579
27380 32 46325
3759 44 37334
1778 77 6200
8016 99 9079
10288 86 33403
33156 39 39420
30681 16 30887
19428 94 40902
43526 39 47428
29118 78 32623
10849 40 24781
28775 77 31621
24537 22 27407
41739 59 45550
29399 95 29940
33659 60 34283
21517 34 24745
2153 75 23453
11105 65 16475
24994 97 37720
20379 60 47768
41338 95 44703
12007 75 12705
2546 71 8105
30828 56 43685
11155 31 33843
6948 99 42708
29895 15 37147
3637 43 41014
22162 32 43830
34261 57 35810
21705 62 31080
27954 4 30313
25856 98 26922
3763 97 13389
17686 70 33856
6595 83 32557
27691 80 35552
27328 99 44977
26689 51 37110
10147 14 17338
12025 19 25252
1193 23 44791
4622 46 34742
17674 87 48377
1746 69 2142
18225 35 29194
18122 13 25915
39231 25 39731
5720 86 33652
42313 36 45341
23860 9 24956
16631 25 24029
13175 97 23987
17263 69 28968
27970 60 32821
36937 32 47072
44340 29 45125
30269 51 30960
8481 37 18839
7382 10 32990
6330 100 40285
18826 84 33937
31538 91 48137
12855 54 37589
1007 51 34421
40307 17 48520
33164 48 49514
20891 72 47802
19986 65 46036
33203 34 39365
7672 99 34127
25717 27 45012
41778 99 42274
5599 19 37310
17519 23 22960
40573 75 42943
24072 47 29046
27237 18 31028
36129 94 38783
4661 30 16854
12374 55 35439
28578 94 34499
31946 36 38764
29840 1 41885
1083 66 40321
8931 79 38086
17269 21 20831
3997 66 31197
17206 32 21498
591 78 6109
13798 85 15435
25777 74 32631
10153 33 28164
13868 42 27711
17269 14 37304
23996 88 47598
27845 26 31510
14301 71 47037
7398 34 27467
5211 85 25067
22340 65 48620
5048 92 40880
3182 77 27013
28817 2 43271
25694 95 45338
24786 2 28112
30493 89 31036
19678 73 22412
31897 42 35600
12278 4 33226
11095 77 20085
25643 23 35594
8 75 19611
5821 79 18913
8666 11 29221
36820 72 45093
8382 72 22681
23975 59 45557
36642 43 44221
10835 59 34170
16357 15 19153
8406 63 46037
29505 30 41899
4168 35 14137
15663 100 28904
8643 89 27502
38034 87 49091
42083 96 42456
24230 29 48866
1557 10 39180
3055 81 25283
13691 15 38372
10180 16 47554
32735 16 33241
30753 66 45432
2510 46 45549
33474 92 38335
6242 26 37988
27597 71 31053
9847 51 28774
27170 52 31887
30026 70 45778
4923 26 39484
2385 77 23844
34326 44 44781
24726 77 34253
4255 53 14066
16720 96 17696
13252 70 41202
37465 3 45853
28759 21 31963
41253 66 48021
93 4 33718
11397 47 39088
16339 9 37641
17991 94 36908
7777 23 27024
8676 11 20129
20731 23 36137
22595 69 23010
34169 44 48008
28730 99 42624
8600 78 29269
29695 89 40367
30332 90 46535
41759 85 45153
10174 15 35301
28755 89 44980
463 98 21991
30570 94 46034
12406 38 48385
14675 76 44882
2588 18 29421
34704 34 41268
34201 52 44169
15461 1 49385
14457 65 22774
41705 56 48266
33019 22 33836
30573 6 44835
9589 59 33201
32788 33 43445
2242 84 12578
8487 32 10524
25440 52 40266
18052 46 26598
3355 66 25707
9536 55 48044
5961 54 18825
32914 88 42529
16827 46 26596
4380 95 38415
26805 74 49142
17765 41 20148
38972 85 40987
9084 24 38157
27003 99 36240
31118 27 35445
3069 84 16884
28806 40 32284
22686 55 29634
33945 16 44954
29792 48 43156
25670 88 48440
21502 35 27050
4500 29 49700
33540 46 36103
13045 48 13507
38997 7 49448
36407 43 47240
2897 56 25329
27543 47 42644
32252 8 40114
12257 98 24706
16512 72 26098
14313 87 31088
16685 8 47470
3999 74 40402
5508 8 28372
24236 86 30506
26855 68 31831
8978 27 10908
16911 78 29466
14822 96 31632
34350 11 44190
30237 45 40105
1464 49 3391
38587 85 42797
35188 59 37097
4862 91 26039
40943 66 41954
27168 57 33389
24675 26 31402
21529 81 33192
4529 66 7390
2197 48 37967
21713 4 39547
17843 35 35743
23197 64 25582
7191 43 43575
21200 79 34874
42821 61 47528
6903 45 36119
21202 14 37939
32141 23 43059
31419 50 40809
19297 52 46096
8609 39 20041
21049 19 48288
35453 56 40625
22603 9 44169
17028 2 39741
22645 29 38044
2434 7 15703
12515 7 47054
15980 64 23348
3459 18 47245
28560 77 36765
11099 5 46234
21186 75 24141
31222 32 47883
21881 48 29462
5971 57 26754
1779 62 8423
34548 46 39705
11914 69 41522
10678 58 45426
34365 5 46290
20864 40 29953
29138 47 39240
10408 75 28230
30865 33 32718
4902 28 17383
6937 7 43607
1476 15 34698
7277 97 44865
7097 42 37992
7682 57 37583
27654 85 34745
11592 39 32499
17428 78 28152
4015 70 32535
35847 75 49284
29286 27 40689
9296 49 11028
16425 52 22094
22201 25 39866
19546 54 26847
46296 17 46653
11328 60 19231
13748 43 31793
26601 73 45420
31980 57 49275
22494 26 47891
34216 90 36161
14981 10 17137
31411 91 48111
9407 71 26020
944 6 12806
16685 62 24862
33425 93 35115
35895 66 40444
29168 17 31680
8592 35 29067
30197 22 32789
17096 10 17955
17643 65 28945
32259 92 38871
3584 79 24026
14033 57 40859
16467 48 49102
19091 49 32183
24251 33 32864
8929 4 34581
31538 20 40001
1697 14 43056
4546 42 20415
26986 95 46079
12350 57 38722
34160 74 36427
19139 21 48617
20195 95 30027
10604 89 41018
22926 23 31720
7314 100 18827
35175 86 40931
28889 28 35883
19650 23 43402
30486 68 31786
1863 89 34674
16207 22 19345
38534 86 41089
11786 24 35182
10873 69 37849
19843 85 23044
27792 62 31067
27171 11 31380
16642 24 46687
15869 81 34720
19706 30 19992
23663 27 30922
13316 38 34902
34745 3 47503
23699 21 39636
18924 44 31771
3160 4 36349
1646 95 46038
8577 1 39563
995 42 42857
28280 52 29474
23076 95 44112
33266 62 34590
34210 16 40654
28767 93 39240
36375 77 42722
13526 40 27502
22731 90 43826
29392 83 44105
11165 72 42458
16876 41 40976
7269 52 10211
30280 14 37759
6139 46 36672
21041 39 36426
33764 14 36091
1665 80 32530
30959 5 34117
31184 90 46703
5965 41 32601
15209 92 38223
6155 13 10853
5633 49 28710
4464 60 35148
34454 33 46389
18759 100 34848
7979 86 42021
2225 95 35166
32294 1 46812
10508 92 45781
11624 31 26344
34732 14 35380
20719 67 26194
32635 23 32867
14773 74 33763
622 30 3702
10828 98 47676
12016 50 48298
20862 40 42549
29946 11 34485
29053 61 44310
33208 89 42880
20163 78 27456
28125 15 43878
28311 64 28668
8475 18 9293
40962 63 49098
24054 8 27409
3559 1 38790
27140 42 46787
3860 77 13561
7476 46 41613
2637 47 32614
28532 19 31099
