1000
9675 90 23517
30084 26 30417
14501 43 18281
38936 9 46912
30804 58 46554
25767 53 40171
23426 46 30832
22491 88 38588
25558 72 32369
35123 54 38301
15734 22 36454
26902 94 42075
13663 43 27328
127 54 33528
19402 30 23396
16460 55 27357
12240 89 39010
14043 19 32158
300 57 8210
27861 6 47113
10397 49 45054
15958 81 25795
10572 11 35159
1838 85 47460
22703 70 47670
21912 96 30539
8033 86 8751
34655 22 48911
1967 44 37799
19926 22 32389
3140 32 37673
15446 67 17646
8787 75 42965
27346 97 42532
10811 40 26103
4278 30 46770
19661 30 24179
11070 84 24935
16159 99 17368
25695 77 48971
531 85 43136
3973 37 47708
12673 46 38945
33363 69 35603
24693 10 27714
20982 1 40983
6777 57 11037
36338 66 38489
16126 49 48024
8324 88 39883
34737 4 37790
11256 82 16828
13747 94 32651
28172 53 34844
9752 29 17231
25772 98 29910
7685 8 46926
9427 19 18725
5580 97 38658
35585 65 39835
22043 96 44718
25933 12 45332
20156 94 35595
1654 61 26418
18108 73 25282
23074 12 31462
27096 81 41510
5127 43 35575
6467 22 30276
26396 91 29318
23978 74 37299
23285 56 46433
20684 8 21342
9113 36 36768
28628 81 48617
32474 90 34992
8465 63 32449
28455 85 42591
14558 81 38401
20330 61 40723
18226 45 28081
10170 24 34996
10311 96 16602
1127 5 38552
26860 48 42337
36023 90 42493
32833 7 38435
11613 38 38425
27659 80 43567
15233 76 47632
35159 36 43033
9733 91 40900
32443 95 46879
38458 29 39155
10489 48 18768
1112 22 5361
37078 37 38178
23897 95 29454
27212 99 39489
4436 27 44730
17251 24 29999
34616 46 38071
5670 36 40625
12804 97 34725
10428 64 28654
9699 19 42606
32789 23 38373
19670 28 34858
40502 47 46554
18318 16 49663
15105 33 39825
20076 10 25943
25845 84 47765
27612 30 28229
27127 32 47931
7988 98 25343
35338 2 41192
13494 93 48190
4186 45 33883
32061 18 34492
30996 32 48487
6022 43 17452
13747 16 22224
36650 79 43434
43869 40 44326
3249 24 41193
7945 36 35194
921 25 34758
4429 69 5793
42793 3 46187
25561 59 36229
27590 67 30930
35516 53 36619
33260 35 35237
3557 32 18362
11740 59 42792
34533 27 41246
21899 82 34750
27748 43 45204
42000 11 49761
14256 89 31394
34417 15 47247
29396 56 34075
19736 100 29439
22881 89 30125
31604 12 35911
8540 33 22701
525 11 19044
21311 42 45526
11129 97 25569
4059 20 38453
28426 37 41284
40707 47 48602
3512 12 38544
12022 37 20285
30737 51 31512
30424 88 39460
21633 88 48181
23554 16 45025
5358 75 36076
7764 85 34006
10601 62 23413
692 96 46637
25859 80 26473
29123 55 35738
33700 71 48156
14772 26 20849
13081 20 48531
30525 19 40226
27065 77 39000
19102 26 29308
43953 14 48473
32346 11 39703
14860 31 22034
40001 98 49515
26137 98 31507
26205 38 32848
5797 49 24677
15813 41 38229
4710 73 38480
32895 34 44768
30629 51 43595
33849 37 34659
5849 92 7569
401 49 11780
21849 19 22114
36580 19 45840
12646 19 26770
5743 75 30863
11148 91 35825
16862 5 17875
5568 34 19660
18416 36 30789
24162 94 48492
28435 72 32295
33770 42 48299
44932 49 49796
12933 88 23586
9499 94 42500
37264 29 45775
1971 45 3514
6809 99 35192
6607 9 41017
17646 38 20913
24918 48 27024
32243 50 43312
8157 58 44407
30919 51 41007
33625 11 38625
20438 11 49602
15105 92 40096
7732 18 31693
22861 53 32318
7157 18 29996
8388 10 33608
21505 35 25294
163 13 14317
33837 42 48653
18325 76 39443
21368 97 38011
7552 13 48437
32572 51 43906
35189 65 48664
38050 22 40302
27305 93 46250
9588 79 33691
32706 28 39720
15231 82 31344
5885 56 12282
2376 92 17146
18157 63 26278
4371 55 13871
17979 18 26286
5232 29 27816
21590 61 38436
16619 18 31085
9411 46 39808
738 93 13334
20959 43 23671
23098 70 41223
4308 5 34775
14418 18 36419
10710 22 35743
5497 18 36584
20242 29 31035
13264 69 34598
23832 25 31526
31227 2 45937
34326 88 39723
28578 27 44647
38511 29 49137
3047 80 31463
35132 19 44649
11545 76 27492
25314 78 45542
25916 80 42185
25079 66 29311
13778 77 40145
969 94 37323
26694 3 47454
28437 43 34543
41102 73 45822
14618 96 34601
27856 30 38987
25596 52 30976
6317 98 45270
27905 91 28948
42616 90 44257
16419 25 28350
32341 24 39340
37774 3 41861
31651 58 34762
21491 96 39427
8227 79 27586
35300 20 46882
23621 37 24075
22157 30 48018
1572 19 36667
18307 7 21406
22624 53 44090
16511 17 23714
23813 18 37925
4943 72 33017
32483 46 47822
9839 11 20475
28997 49 38352
4860 74 40800
7146 47 18648
14099 67 31647
19591 26 25138
13509 46 27241
3464 90 36977
39900 37 47903
4751 3 32457
45197 93 46145
11881 1 23143
22147 96 34269
35439 53 44248
11216 21 31360
4607 22 18495
41678 52 46322
32303 37 32547
21626 99 30554
626 51 11377
3203 57 39003
21558 25 30952
39008 54 44187
24912 75 32330
9592 99 32384
10515 100 46564
15556 10 35960
29054 59 31724
30978 10 37821
37496 49 42339
18964 3 32090
27275 27 36212
39084 80 49308
4420 18 10249
22004 60 41853
18070 43 34157
24837 36 27629
42956 66 47573
30671 74 42143
35924 30 38458
6176 86 45180
19483 1 39977
6560 14 27578
8430 57 19898
9815 91 29807
9551 12 24313
13389 22 18532
26070 6 42241
18543 88 35020
1250 79 36437
32883 60 39071
34252 49 39752
20253 22 33994
20199 86 40058
36400 81 46554
29429 23 29742
22675 14 32258
6381 83 18259
8747 73 40802
17688 21 31356
15928 14 49931
8709 64 28395
24829 66 34732
31458 47 39497
40879 66 44501
23498 69 35085
313 30 44021
4479 2 48242
35475 89 41174
20920 48 36814
24739 31 26141
32866 30 35302
4674 44 34094
8272 56 47940
294 61 35075
21151 2 45967
3680 72 47867
1740 33 26430
69 82 940
31394 95 34371
21143 29 25499
6329 62 15225
5781 15 29119
4787 31 30572
21836 37 28795
31238 85 40034
6781 82 34647
33249 41 39700
36655 12 45613
32918 71 33733
34233 86 49903
6406 7 36023
31681 5 45159
23235 78 46151
12646 84 18753
21449 37 38173
12424 87 25122
29340 82 35441
14140 46 48086
6604 45 33180
18874 13 38256
1066 64 30437
10931 15 32982
3240 53 11996
30713 82 38198
23225 90 45978
2891 60 33288
5494 23 29604
6567 10 8530
19767 11 36075
12687 27 17448
15684 82 45088
23129 36 32212
1514 59 23100
27433 31 49942
494 90 45789
7974 97 35807
22269 4 32555
33112 45 36429
35369 66 39377
46366 17 46613
1572 34 27650
3814 68 48219
14879 73 28927
2474 60 17201
28179 29 45942
16944 94 44752
8184 48 49930
26487 1 30885
585 70 34576
6598 78 48413
24293 37 36739
34917 96 35349
14528 70 21723
5324 52 40354
16547 25 35062
20360 8 44223
26129 64 46462
5674 35 10442
729 82 44725
23424 66 48406
1539 45 26967
36411 33 40558
18623 15 42598
23695 86 49802
13634 61 22724
3013 39 14577
15506 48 38771
6184 9 42719
19812 63 28590
40008 31 42689
23637 3 35669
9425 25 45730
3696 47 36638
31950 65 40489
13308 1 26445
13396 74 42939
22453 24 36890
24256 97 44797
27246 51 32649
26110 99 33386
12505 55 46495
13498 43 30771
3685 59 4893
15437 48 36389
9364 2 32200
21048 83 44406
10208 97 43558
32536 50 40879
35260 98 43051
42831 35 46483
38977 18 49805
361 12 19774
38064 73 42884
15429 91 40166
35571 1 44757
33593 12 34999
36911 64 40016
6339 31 24055
3556 11 22335
7330 68 13662
19137 16 26159
20643 14 27261
42467 68 42806
10239 69 13723
32888 30 35947
8132 14 24798
20075 57 22626
11218 9 29702
18733 29 30834
32947 88 39379
18055 60 21679
23177 19 34494
26275 38 48590
12172 74 49268
26107 7 44137
7829 50 43960
14152 79 45330
24757 23 30144
26328 40 49786
22666 100 41928
34291 87 48973
33968 74 34139
2122 19 15126
13147 44 27472
981 33 42570
6289 45 25716
42390 71 45425
28266 43 35694
4156 71 45837
23390 12 48552
35922 77 44550
3136 51 28108
2612 63 23362
22933 37 24872
26318 23 37179
3669 80 19990
7171 98 43497
4094 92 34608
4282 45 31374
35586 4 40894
25536 46 48929
27370 46 30119
85 88 18759
19195 6 24627
18105 87 24056
5716 87 10355
22290 22 29343
10368 21 28276
24939 69 36249
34552 8 44003
6295 60 29681
20212 97 49884
7090 79 19329
22887 7 28166
2755 62 14578
21668 72 27887
43896 84 45912
41251 15 43858
26804 5 28330
10972 27 25302
8934 50 9385
20600 46 33798
42554 98 44472
3684 83 36404
20186 37 23913
13896 7 16388
15627 12 42929
2910 69 42039
28809 90 46545
27213 39 31069
4260 42 46510
32776 42 43033
33362 6 49119
38531 47 39789
458 99 17541
26375 27 28307
31402 21 44882
14856 78 39956
5946 99 24777
22088 2 42282
3800 74 18792
19978 18 41617
14322 65 27067
39056 18 40518
18287 69 30585
10042 59 32365
7986 62 34105
3566 28 23734
4488 38 18331
9473 29 25765
15742 1 46443
22851 77 37219
15945 72 41405
28349 89 36955
6664 90 18083
1266 73 15209
35274 100 36461
22486 3 46284
10 82 8733
15182 42 27534
24815 9 29250
210 53 34277
34948 49 43603
20899 88 25838
456 28 34476
22793 66 33469
2964 92 42074
5911 5 23657
6109 45 30020
8251 40 30766
20733 65 29125
16301 81 28313
34815 90 45723
26236 60 35479
18461 41 37505
21488 69 48836
3240 83 37533
28957 17 29369
34164 75 35654
1316 61 4600
2161 18 14638
39593 47 40341
31353 71 42391
24216 37 27546
8330 90 22185
25995 86 29879
17312 8 49989
13569 42 33424
213 34 47768
31873 43 32654
4701 86 30797
30827 6 32408
4661 55 27556
31649 92 31854
11517 31 47834
21502 60 22183
8471 65 22360
12665 17 37411
32105 9 39249
26532 78 33024
12222 43 28966
4117 100 8112
16257 17 34015
2360 62 25258
23628 73 47595
37289 22 41277
19415 14 33386
29160 100 34326
26556 52 49459
24443 76 39871
30199 82 42030
11677 99 29665
1834 1 48418
19863 55 23026
15130 27 48405
27870 56 41387
32851 74 36274
20511 91 26089
5432 52 26771
35834 84 42536
10718 78 36816
3838 49 27582
5633 67 29651
8450 84 38062
39436 74 42692
25790 27 36936
2536 15 32063
22967 87 39039
14307 100 28803
20196 46 29181
33098 86 37375
36853 45 38067
15171 58 47637
28698 81 43392
16977 97 19165
26558 68 29121
21786 86 27016
39573 23 47005
5990 5 26383
30762 87 36651
12761 15 30336
26045 12 27187
31315 89 43949
35127 85 40957
24461 58 27710
19178 2 31773
22126 33 35439
18768 27 32478
25237 70 44556
19882 7 48815
6525 84 48318
20062 74 35845
2756 4 39438
4263 85 44151
19582 27 40293
1100 7 40972
8871 43 35641
27595 21 39509
27995 84 42259
9016 19 13504
1023 76 31097
7457 82 47345
9013 25 9054
44402 3 44856
11310 48 37848
42805 24 42980
14169 23 24977
32428 21 45796
32244 4 46549
6297 67 17057
26403 7 42546
38729 26 42615
11209 83 28712
25023 17 30360
3628 51 13442
14814 79 24223
13149 89 34509
1928 58 19850
11254 43 34322
10080 84 25110
34371 99 38369
32269 27 37089
11896 10 35071
31355 50 39051
449 17 17895
4241 12 6138
34996 51 49256
32247 22 42391
5764 63 14560
11506 19 27106
29332 64 48008
23754 78 39447
21779 39 25748
29668 100 44670
17962 71 24445
8879 77 48169
17013 68 33604
229 68 34599
20947 88 23344
13061 70 26826
16630 16 45382
29779 22 34633
17937 62 28060
2011 42 41646
4634 84 15404
17253 30 35746
44199 16 46694
16418 90 34672
13028 50 34818
38385 98 40694
13782 23 23452
9475 26 47985
37847 66 48616
32299 35 46222
2036 47 18851
3671 27 5606
9554 43 36147
1919 50 47102
1249 85 35877
37994 92 40850
21253 38 46533
3160 30 40175
47878 51 48651
40414 46 47018
5305 15 45518
3108 13 15501
29895 54 41327
40243 10 40923
10663 50 30781
33682 66 45587
21174 6 37682
17132 74 34546
40768 49 42573
31173 45 43321
10123 33 12692
36776 59 49807
5563 10 39916
418 3 17707
20355 48 41620
31483 28 35877
23188 2 43117
26413 50 31387
34252 44 34606
873 100 16777
7093 33 12151
15651 16 43205
22987 61 27019
29196 37 31952
22680 62 42107
18903 55 34689
26665 1 45220
20829 30 33679
47101 43 49740
20543 11 29713
41418 25 48445
29472 57 29646
34666 90 37048
9499 11 36669
21684 16 49823
9247 60 16843
28488 34 44231
36356 79 45267
31926 82 39256
20253 19 25039
30871 33 45216
1322 48 2086
20340 65 38588
3018 20 7487
37130 16 46016
5648 14 10692
33540 98 36185
14646 24 33018
2306 9 2567
35213 11 46684
40691 17 49311
41611 60 42265
692 91 18752
27280 55 35345
36856 21 41956
16563 3 29402
1356 65 18559
22913 32 38607
10687 20 36319
3635 69 41395
10504 34 29536
10390 63 11191
37727 51 42804
15243 86 48558
17913 100 26262
6053 22 42485
29378 56 47347
25871 98 31347
39420 48 44529
32736 22 40614
16115 9 30252
34920 8 36532
12714 83 31608
17745 51 33969
24483 66 40981
9416 35 34612
14396 64 31968
32343 82 44277
21243 99 22452
31751 18 39626
429 37 31856
26915 83 27682
28548 57 48150
26838 32 40378
38249 54 47404
2662 91 30063
23891 95 35532
26311 57 37661
805 42 49745
22336 29 30262
23492 36 27178
21623 44 34153
19898 62 45083
14283 62 23245
4158 82 39781
7880 18 49138
20250 67 28795
1035 72 7288
29245 71 43212
22927 16 28087
23185 83 33774
28578 70 45161
11726 60 32701
24042 89 35555
13208 96 16851
7932 56 29088
30701 5 38903
41284 94 46587
8026 6 23054
3159 15 28357
26990 39 43799
30405 14 48290
10313 80 24207
12689 78 38108
9564 64 34050
35437 74 35952
33094 12 37854
28322 73 39527
1936 42 34330
4618 71 35081
675 80 17747
38093 89 46829
29850 45 35134
25447 17 37761
37077 78 49776
5938 9 21582
3528 72 11635
24594 62 33694
10822 10 17390
11506 9 44687
25501 69 30643
30324 89 43499
21897 23 34964
9739 61 45202
3745 84 17080
25376 16 27845
27413 16 35965
24182 21 35862
1562 37 7926
38147 81 47918
7232 48 40461
2426 36 22457
2283 55 7927
13516 70 15316
3891 35 29943
24609 96 27576
11584 6 27625
10744 28 27488
19094 70 43484
27960 50 37416
5385 27 41648
17467 49 45898
31581 15 40729
35700 25 38420
189 9 1366
20745 51 28003
30667 21 49184
12080 34 22534
9654 39 28209
16900 27 25060
5642 88 10466
1123 11 2791
7949 63 40211
7288 51 38772
26384 74 45760
22251 97 40960
21810 1 23859
14480 69 41154
35797 19 48118
19623 71 29647
6644 68 35959
15405 21 49086
12637 6 47604
24218 33 35109
27707 57 49190
14174 28 24217
5326 65 28525
19464 95 22205
39657 3 49526
15403 74 25815
14854 41 39683
34276 84 49546
27596 71 38191
7300 46 42102
26493 38 32748
30043 14 34945
37940 83 40803
28308 66 32980
38360 99 38518
12488 56 18870
30704 8 46744
23805 37 35317
19567 40 34167
27384 36 44026
4975 96 26266
33799 45 39586
5834 79 35908
20587 81 29052
25760 4 41780
30689 83 40699
35155 33 44708
983 87 15976
2595 92 39124
11127 72 35639
30286 75 49294
16610 92 32562
28412 3 45836
22594 19 41041
30716 78 39281
35093 74 36144
21248 47 30847
37362 39 43858
7139 7 26044
23493 15 43295
922 42 25836
19010 1 27740
28936 29 37037
13616 100 33637
7304 18 22581
27418 17 40548
9572 51 21567
12906 89 24142
8887 26 23033
21228 94 32361
10808 65 28775
29779 54 47639
2437 32 36579
23145 24 46695
6088 12 27200
33760 43 36532
6026 1 33034
10384 66 19161
6707 7 35977
32670 46 38443
8460 33 33797
21641 8 39767
4332 54 6420
17674 90 43051
10473 4 22169
9897 98 11812
30472 55 32698
6803 17 31149
4847 5 19740
8544 23 48718
7819 76 38345
30248 93 34088
17271 56 35390
29516 31 32446
23083 42 49038
6508 82 18657
17153 13 32189
22435 92 26442
13531 21 38067
10300 72 29146
4214 89 24437
13176 93 25882
24556 37 30839
2413 2 8906
27432 60 46660
22799 59 28886
12598 19 23452
21948 47 35726
31693 30 38115
31203 45 35032
9478 53 29813
16374 41 42447
8102 91 12105
47400 74 48937
4796 29 26096
379 28 46960
22551 85 38110
