1000
30786 24 47596
11973 16 31852
3795 15 34036
21169 85 40729
2633 74 18260
212 18 35588
16245 36 19791
27144 79 49288
27920 15 43877
3792 6 5254
18205 64 35258
6126 80 6281
38531 7 48341
27099 61 29948
7899 87 24685
17680 94 34540
22059 71 43134
8755 54 30010
31042 61 43084
43519 59 47771
21622 25 24393
33366 67 43252
281 61 43833
31668 32 35184
14847 41 16624
33519 19 47568
524 63 8673
18452 54 31213
18729 85 48685
32592 27 34895
7835 73 33568
14088 4 45628
23122 32 44176
20593 45 45017
37166 92 49387
23336 25 43523
34040 65 43071
16389 39 34668
611 50 770
25331 44 45945
9819 85 27789
18069 41 32776
6973 57 19091
8099 37 17456
17252 39 30530
6443 89 47610
23907 62 38505
41178 3 48097
31463 99 42567
33012 75 43659
29672 67 32768
34401 22 34716
31815 6 35794
30370 69 39934
1978 24 44300
34302 87 38539
7196 46 32421
35929 70 43600
1156 40 45349
7235 15 48205
5450 32 39668
11445 25 24020
14413 92 30536
22925 2 49914
31930 93 32991
8857 34 44553
1624 90 9677
14398 12 41106
38300 17 40659
26881 26 46575
7528 33 45780
24318 84 30288
18437 99 38736
6445 6 21306
1916 60 23331
30782 55 48506
9363 46 20256
37843 14 38505
34773 27 35257
12530 51 16606
9914 89 31813
11281 65 17084
7603 31 34612
31708 25 37346
9343 49 14181
41642 46 46746
18529 56 25029
14260 66 33044
15772 87 31104
12414 38 35151
35376 53 38161
34361 80 41098
32770 7 46268
26854 96 36144
20292 9 46241
29486 100 46330
7160 87 36439
26125 16 31911
16156 99 33458
40435 61 45060
11951 52 31113
38812 90 38959
29109 60 29937
17952 23 18818
36954 28 38255
24802 29 47930
12001 89 17855
1589 64 33436
3626 41 28929
6467 53 22919
11807 97 26097
31724 20 32557
1167 34 47886
3901 13 33373
1590 16 24449
33728 98 42222
25421 92 38430
33895 33 48066
33336 46 49597
7145 49 14360
30393 37 40881
36768 60 45180
30202 6 42103
13612 6 18709
26714 17 38604
31029 47 38678
23652 37 43610
24482 67 47673
37554 96 42618
37325 14 45393
2276 19 30597
35172 81 36218
5293 85 15392
5351 91 38322
287 52 32875
1424 91 39010
519 63 34136
13775 68 44683
17195 69 40480
7597 86 35822
5661 3 14904
25163 3 35788
12526 51 27645
1928 76 37908
8037 88 24279
33510 89 40623
39811 44 40249
3563 78 29811
37948 63 41571
38404 10 40459
12765 40 27245
26725 1 47111
8651 21 13141
20694 81 44210
25126 27 47050
7379 41 23841
9740 29 27843
10002 8 20639
23876 22 28426
39662 66 42527
15419 75 44022
1023 43 41843
11590 20 31231
33370 2 49976
883 91 45809
27156 88 34701
36325 70 38865
36217 18 39842
18605 59 44859
1491 53 32896
6388 91 49782
3552 66 31706
27894 66 45666
34159 64 37455
992 87 48874
24825 52 49842
32499 64 43561
8631 55 39839
31655 13 33122
4424 29 18307
11747 56 25377
22307 80 49878
36440 11 37649
40949 13 43646
16227 50 32706
30259 97 31975
11848 76 17227
15485 1 17291
25290 74 42526
28380 78 37465
15606 94 29176
17574 68 28816
20234 44 41086
30233 44 40244
2927 90 29917
28177 79 39733
20894 50 44195
6791 78 47358
20978 40 48573
36564 11 43330
8338 47 42196
9290 53 35505
36843 89 44320
36579 5 48386
14744 82 32726
8408 82 21145
10661 54 32023
40885 91 40977
18599 96 36191
18367 6 43064
26225 11 44982
27777 84 37402
29194 3 48712
5428 57 31136
12442 100 40073
13551 25 20997
34237 4 46937
5844 88 15697
318 61 31198
6217 48 10326
21017 74 43117
30067 5 38938
32291 17 39577
13826 62 28707
13383 29 15475
4664 17 21413
16197 61 42827
6017 59 35734
40289 36 46257
26873 26 29976
10000 39 26048
14712 52 24237
14403 83 40416
41696 7 49944
3542 27 9459
17841 35 20242
21846 61 32167
38651 84 39065
2586 34 19343
28259 21 39336
5532 44 41673
24675 56 36811
6380 51 36722
27364 12 41333
19252 34 30131
43794 16 49709
4572 78 48297
16915 61 30776
6286 61 23512
2730 7 18812
48189 52 48251
26650 19 47727
26588 26 47175
13460 27 31989
11502 17 14094
654 96 11023
12473 50 13343
24595 89 27123
13946 40 46976
7287 72 44825
40086 43 40555
14049 3 41568
17073 90 33906
30667 47 43320
15252 93 38907
11415 78 24382
30969 29 32724
30540 67 34664
1118 46 25090
24977 88 31642
3945 43 27323
15664 23 44532
130 97 44306
38401 69 45375
21399 78 28948
32624 4 35910
22001 4 22750
2574 15 30888
22815 20 39248
12796 62 31755
35222 35 39862
37325 18 39994
9973 43 27431
21642 96 31408
38898 2 45534
26550 39 29019
8032 50 38334
19574 52 30054
2911 6 26464
19487 44 39287
3411 92 48236
35780 13 44248
532 68 46968
3876 7 42756
6929 75 10924
1952 48 40404
47583 55 48327
29465 10 35857
45622 15 49867
30776 51 31331
20465 29 47425
30996 81 47051
24272 16 39009
41258 5 43516
26372 99 43935
20448 4 42823
21951 94 27567
2685 67 41486
21491 2 25388
9420 47 24262
6785 67 41029
36980 14 43092
20394 60 23696
18442 58 47634
5705 50 35891
20934 26 36447
5422 4 47944
22951 69 29567
21747 76 34638
3390 3 38916
6908 85 37266
24167 95 28113
10525 69 20169
40947 43 48520
6843 66 26253
2348 80 33077
15877 62 42089
20634 91 27233
5019 83 36010
26855 27 36278
2590 19 32938
38384 24 44513
13320 95 25157
3691 51 12368
21012 3 25692
2816 49 15984
30793 94 37593
22050 93 45432
22326 19 42499
8609 53 36408
10899 76 36963
46086 12 47337
11575 75 28129
5868 71 36609
13702 52 33331
18943 29 34723
21664 68 22197
34903 73 45625
33398 30 34536
37708 85 41716
5661 55 40092
31837 92 37628
23387 61 36028
38816 77 45260
9488 64 26970
14149 37 17403
29596 50 31959
29508 81 34234
34208 21 42768
9178 59 19740
44142 87 44874
1533 72 31736
5719 60 10454
35678 31 37064
1711 2 46072
32347 67 38186
24442 83 35142
1347 11 37755
24032 58 25846
42087 75 43608
6650 99 34583
7538 47 29456
4254 19 19165
38369 71 38485
16328 11 46149
18839 32 27741
2143 99 40359
11633 46 24013
26841 96 41722
17154 50 33336
34517 63 36846
15108 61 22487
15183 63 47316
25996 19 43028
5287 16 5778
7336 29 11405
6359 53 28587
1216 70 24748
21920 32 35363
21931 31 28476
32024 97 40899
1631 18 44084
29246 98 37806
21100 39 33181
21098 51 28601
23045 18 35499
19337 69 34716
22942 1 43668
14699 14 32672
22037 73 32464
34162 24 34820
8685 79 21064
33566 11 49038
2289 89 16904
4739 53 39938
2103 94 38303
9046 13 48717
31626 74 47802
28311 94 45108
33429 42 38328
232 58 35406
41781 33 48021
27578 63 30728
28274 54 47314
16206 96 32236
1702 13 32542
31570 11 33731
5584 84 33499
17107 33 36574
32546 32 33848
39375 42 44126
42540 80 49275
17796 74 30936
21984 73 34402
30550 16 34260
33737 21 42743
34266 67 43975
29676 49 39664
25481 88 32461
22669 91 40647
24033 90 24205
1289 93 42265
35555 33 41042
3332 19 45393
29981 96 42551
41648 5 42045
37868 100 39883
25843 58 46137
5676 64 29293
24579 16 31609
9369 79 48058
23752 53 29002
19396 55 43172
10249 98 20535
9680 11 32386
1280 12 15516
40650 83 43609
25444 14 27517
31562 23 33056
10258 8 22699
998 84 6117
22398 19 41300
29390 76 39304
26062 69 32756
34406 86 43023
9300 42 29941
2895 1 23208
29697 67 44991
13299 80 39334
31244 37 46622
27885 28 43197
40912 34 43108
16104 24 30886
28412 75 34006
7706 75 44211
19417 35 22944
26529 93 30052
14509 5 37704
36052 42 41689
6268 58 31602
32041 41 48286
22705 22 46620
785 78 28233
11510 50 17481
4963 59 23239
24387 41 41713
31086 82 47733
8934 16 44338
4990 86 12527
15048 75 38065
20285 56 31749
7927 94 13719
610 19 5981
36779 92 39922
802 68 1373
32909 30 40518
21053 5 46223
32611 25 34325
15963 26 49666
4937 38 5801
35154 81 47506
33323 96 47015
1036 53 6085
23238 20 35526
39137 2 47923
35400 72 40695
19205 1 38566
16931 7 29848
20900 10 26876
20939 5 45566
31381 61 43221
15119 43 31954
12388 94 23867
21525 35 34855
33839 60 39786
1600 47 30880
23846 52 46248
8993 99 14882
689 24 28377
19786 92 35383
2565 23 39031
18245 23 24979
36099 15 42056
35977 87 41051
14709 60 40445
26939 66 43555
16232 56 24819
10642 62 38190
12323 68 42925
32160 10 45115
14831 4 15246
26220 23 42725
38314 26 39239
29566 41 31187
10077 76 39096
36881 52 38064
6269 78 18395
21914 93 30110
36390 21 46548
36159 64 47052
2997 67 33997
9156 40 49431
5609 68 27181
28367 66 40124
17694 19 38185
13977 34 25810
9554 57 43159
16936 56 36616
8218 98 23977
28157 58 39580
19129 6 40744
21261 22 32608
22180 97 46994
15683 69 31204
7817 6 12828
24914 21 36186
18885 74 22612
25286 24 37958
32371 57 45234
32275 82 36195
6393 82 41674
36789 18 45138
3155 38 45054
17252 73 25196
39665 52 40939
16071 63 22135
3451 51 27508
16497 18 26839
19959 52 28726
6954 61 49529
29324 67 37425
11241 95 12639
37240 86 48072
33817 56 43527
504 60 41100
12163 36 22612
19037 100 36968
42714 93 46476
35457 73 38601
30291 14 37339
9311 69 10625
25829 17 26577
9929 14 15653
18348 34 21693
21510 37 43864
10103 28 10880
11883 46 30510
29325 57 37890
10902 23 31774
28604 64 39407
7441 4 47816
36522 28 46465
2208 28 46185
22742 52 28466
23735 7 33262
4943 25 28209
23073 6 36342
45243 50 45388
6138 73 48852
17734 24 32835
7890 91 19886
31856 97 35921
3088 25 6143
16759 75 33595
8444 10 22382
24332 17 29027
689 13 37060
6428 79 27325
20911 38 30450
22923 44 23306
35181 1 44049
29810 50 44260
31518 98 33427
8093 39 25797
23268 61 43691
34317 59 40182
924 96 34110
27959 99 36463
25221 31 32890
39306 58 49958
28856 24 43303
28519 88 33127
104 52 28826
24405 79 48621
32888 74 38881
42449 19 44854
22657 64 48772
30325 41 41213
29079 82 41485
11 63 2008
14576 74 14769
34442 20 45952
16734 54 34837
78 87 41340
47038 11 49011
24460 89 24680
16786 43 17038
35291 66 38155
19748 98 38224
1356 70 39110
24314 90 41639
2578 44 16079
1714 90 42260
6745 97 40273
2211 100 25660
13747 74 27205
38720 11 40885
309 71 44462
33111 32 33437
3910 95 22536
36658 4 42233
26134 35 30525
18311 8 36107
22270 48 41129
37138 53 44300
34404 3 37201
37646 59 41599
17466 94 44513
17291 28 33173
27303 73 31800
31926 15 43933
5318 37 24167
43293 53 48493
6913 63 15198
7236 1 34888
15960 30 29573
5810 77 34780
18924 48 28319
26549 35 33032
32698 5 41986
1509 1 30417
24629 15 30116
32364 89 41334
825 93 37143
40672 72 49585
32120 48 43799
24374 15 36662
43870 93 45870
31216 85 32713
13614 5 34825
28703 58 38341
20706 65 21920
3474 29 44596
24166 29 47014
39804 96 45658
5016 28 35945
3548 78 48782
30565 3 47198
27998 11 33754
15956 80 28841
41341 3 46898
44776 14 49782
24630 64 35866
36305 72 40258
7765 52 11337
13748 45 49110
7135 33 44100
1361 52 28390
24794 25 47895
36288 75 40795
23540 37 27126
15209 71 42283
10861 91 34794
5386 45 14599
34229 53 44769
31145 69 39109
12988 36 19120
11189 16 29115
10945 48 16665
19249 78 32542
39818 74 47574
1669 26 2343
26165 34 32986
30733 31 49631
17429 92 22965
10588 66 18721
27077 48 43263
7826 41 28944
5071 93 6766
10744 79 16551
43699 53 47917
5565 16 12611
30169 49 49184
10273 1 28683
7301 10 17166
4963 97 14917
11086 46 34253
4629 13 40563
21152 91 33687
28007 28 46381
17645 7 18407
21436 86 24348
32462 14 34195
14548 92 15122
4793 6 43113
31561 28 36568
18985 56 27610
22885 78 42539
32534 34 38478
5634 26 37132
19247 96 26332
36264 44 41724
17777 41 41039
21844 18 33534
14069 96 40609
415 23 16777
21065 67 33305
44411 76 44624
41247 5 42176
10150 67 32916
15219 94 40437
29967 67 37199
32427 65 34736
2936 24 46588
6158 48 44949
4921 61 33181
35733 22 46424
30128 24 31793
954 75 31269
16893 37 46640
3573 29 26103
12637 57 23950
24521 22 48739
1876 9 28468
22612 20 24304
3906 42 42893
38613 16 42298
26551 42 28417
34683 28 38291
19373 77 25070
36892 64 48825
30410 20 40339
28662 7 48075
29679 53 44071
3822 54 22645
31632 100 44736
32694 62 35505
20565 29 44280
14774 57 22061
14882 76 39659
22484 49 23503
18929 85 41067
29364 66 29810
21167 87 40225
6908 22 18752
22132 30 30188
36926 97 44729
28230 30 47168
38957 2 49774
31080 62 37248
18428 63 19178
3431 89 28232
38137 79 41651
28746 54 35033
17140 82 28684
30938 96 33452
9373 19 44857
10726 48 45432
26496 47 27510
2797 51 48964
13609 74 40318
28547 37 35366
22758 20 37606
2037 17 18810
7172 38 29982
20035 5 30862
29581 64 29740
21106 85 31913
28967 91 30780
22544 58 34759
17697 41 26632
17865 11 27536
17102 7 35023
18144 1 39695
29842 89 45525
12723 95 21194
14107 59 29416
6054 35 39872
25144 82 49330
35425 89 43240
26438 6 28330
28632 29 31569
24984 88 29435
260 51 41006
30648 20 37114
25640 87 40018
25823 4 39646
28397 64 37890
35097 85 45621
11999 100 26113
1327 22 34906
11274 10 23723
40807 87 42201
24954 7 46359
9980 80 33838
7347 15 46275
733 40 34267
4803 52 38457
22081 12 37606
30540 28 45193
316 53 37717
22182 39 46896
25046 65 25319
21167 9 28150
37629 30 49482
18721 28 26023
3069 11 9125
26101 73 26959
6103 61 38727
12974 96 17471
13490 7 30337
1935 3 45516
19068 5 49438
25164 75 38461
36809 84 39900
4322 14 30887
47354 67 49261
26332 22 37340
39425 40 41030
36087 99 47876
7697 39 26712
12591 30 29512
693 67 48011
10786 95 20565
36917 8 42069
23359 29 34734
30497 42 33043
23843 9 41232
4552 93 41156
9389 46 29700
7559 82 40611
26804 80 39044
29906 18 43041
24829 46 37761
25442 98 32759
17198 50 48548
28174 8 32981
32323 62 45599
31654 74 44657
5930 84 41573
35662 7 46129
15700 72 48059
28941 49 41568
21928 69 33815
8261 12 26424
36307 91 49631
31493 88 34224
10019 76 29482
27103 2 33939
16391 15 25166
34774 41 35463
38699 8 39781
27901 22 37798
16076 43 32341
19210 26 23306
13988 16 23998
44348 20 47711
38320 94 48548
16314 47 42002
12600 31 24351
44734 20 47141
34919 18 48177
32571 61 34251
8718 83 40992
27833 71 44096
33416 41 42987
33161 24 34118
28237 12 33422
14311 88 47225
6166 52 29940
43373 62 45051
594 75 44764
29024 49 29750
4484 66 12967
27923 84 30852
8723 89 35608
11248 6 46899
3276 76 38878
35397 22 37106
40482 3 48529
25821 55 46587
22407 7 23275
2988 53 28777
15369 14 21969
34192 74 46304
9856 29 38406
20860 89 33974
17029 22 24464
15001 76 43435
26113 92 31707
25846 66 31641
18163 14 35455
22974 88 28137
35374 23 39207
20751 25 40383
2813 11 5675
3013 13 46817
21643 76 46801
35765 58 46102
22065 44 28739
44303 58 49147
33346 36 37191
34334 81 34511
2092 99 33946
30470 12 39833
16011 15 33395
31731 66 43865
32881 85 34007
13174 84 42798
38922 53 41481
4301 38 25006
18070 20 39487
28819 94 32709
29661 10 36990
9102 57 45647
2186 72 36795
1276 6 5769
8851 42 41929
10271 27 17508
26286 78 31587
21250 61 22382
38718 30 46448
17555 43 24520
37135 41 42062
29518 22 31552
22061 50 33208
2778 88 14647
36297 97 49125
487 26 27178
14490 24 37148
19484 34 31613
16149 12 46385
4711 49 44377
26711 68 38451
17519 93 43850
16334 75 32360
24055 29 31746
36464 100 41234
22629 20 33254
35291 84 44529
34377 46 34504
23089 61 36486
551 74 32643
29268 5 39909
1739 62 27095
948 48 4638
15542 29 32401
28903 65 31133
42918 2 48593
17085 16 32244
23896 14 30326
21044 42 24684
23151 9 36885
5281 41 21261
17873 94 46790
21035 46 33698
23712 43 46764
21048 72 26513
7976 36 33115
32392 30 41806
25177 75 27609
2614 20 32362
33014 68 42167
28542 58 42365
7239 57 31150
29859 18 48297
13616 23 30687
41202 21 48920
7534 10 25726
5353 50 14510
