1000
16655 87 33717
5030 31 21687
30984 30 49436
31728 41 33760
5098 54 27620
29899 14 38708
31036 94 49373
2774 45 30817
4319 35 11450
32041 54 48216
2171 20 35969
36518 5 47423
5053 14 19436
19513 33 43352
24841 92 46286
21185 90 38101
30047 100 38738
30041 6 36037
21586 86 28814
25249 71 29625
35428 17 36607
31814 84 44163
23642 59 30682
13893 88 18263
27209 23 35373
35009 84 39535
23364 47 26910
19359 24 21930
11834 24 39323
26748 73 35928
27689 1 44454
21420 56 22961
8554 48 35342
5270 24 37877
38405 84 38551
3278 15 25303
23650 32 42315
2752 92 34061
11806 23 16160
36876 41 44133
43250 23 45824
5558 42 38250
33086 46 33379
48 92 33733
10928 75 28209
43335 20 47434
3314 91 17211
39829 66 47618
35278 33 38520
2557 7 22380
22306 18 32423
30103 11 33155
882 66 17565
394 65 39337
39731 22 49421
28408 95 37095
2958 81 33839
24224 39 30384
13344 85 35020
17157 20 48450
37380 21 49653
16732 61 17827
16119 26 41715
9979 89 31437
24497 18 27844
10686 97 26588
29232 41 38365
33594 32 46931
4249 64 34509
33701 91 33932
1165 3 22374
3968 47 33681
19430 66 36426
20416 34 33812
25808 66 42789
3138 23 49177
14611 28 17789
41443 67 46738
13739 39 48522
652 66 44585
462 86 26456
26399 1 30010
31770 24 46617
41708 87 47298
2015 28 28959
19381 47 43306
10279 24 27308
6671 11 37612
5240 65 29275
23076 40 24049
2604 80 32536
32135 79 36066
34900 18 45450
10052 88 12434
27446 84 45764
24576 54 29952
28738 15 44521
32166 15 33092
29216 25 38270
30457 17 34043
37344 4 43477
13748 58 26309
17694 74 34793
5054 51 26594
34675 5 37862
26799 80 35922
38038 27 41109
26936 76 35593
6213 22 39545
30786 9 41996
27974 6 39844
20001 84 39943
14510 28 31379
37133 37 47144
6486 62 32975
18046 56 34218
20162 23 29932
11553 56 39264
27281 3 40428
25940 70 47858
14497 40 31676
34726 34 41317
38147 9 48296
3220 5 16279
24408 92 33213
15530 45 19956
10154 35 46059
26319 6 33363
28256 40 40920
10521 27 40491
20240 35 23368
2956 52 42408
2834 50 12700
32427 74 34010
29901 44 43939
33776 35 36631
3013 83 10099
30223 32 48450
27653 38 37090
23302 100 39544
5819 88 20477
31012 25 32311
26734 76 30672
2498 6 33985
18538 95 26199
27390 27 32760
9240 6 30637
30202 61 38797
7002 6 19539
9176 2 35132
6432 25 18396
27273 100 31649
30192 54 48043
27088 89 33402
37384 89 49021
2286 43 18360
35077 63 37247
1593 92 16492
22806 94 29361
29232 96 38659
15562 23 31032
6572 47 34419
16601 47 46074
11984 84 47328
21381 11 28401
30528 98 38705
31977 88 48917
31141 75 45894
48030 95 49356
12677 55 25353
14068 36 36849
7752 45 37103
1704 28 14919
809 42 2856
29115 68 29961
7102 32 11835
25903 67 43817
8975 63 36345
38094 30 48918
29835 7 48846
6561 38 22681
13830 72 22648
24555 23 24676
21118 13 43266
5654 100 19438
10116 44 37396
8578 14 19903
32336 62 34835
32530 83 33364
27019 67 48556
15336 34 26757
13846 14 29827
13351 58 18823
29739 82 36215
1328 81 25304
11046 37 31215
32772 3 45927
35255 43 43083
14983 2 30698
11336 58 46910
27376 8 30042
19347 11 34068
30409 56 47826
13430 27 25525
13113 92 14783
22804 58 33697
3401 67 14925
36142 75 36929
13887 52 47081
41873 51 49257
19598 26 21450
19551 48 44350
19323 12 31048
25560 80 32257
8665 63 46054
35042 11 37614
30684 89 44780
6118 55 30936
34028 75 43625
21045 3 44809
34738 94 43551
6582 37 11568
4722 78 33358
7581 25 30880
22633 3 48352
42960 65 44931
22656 78 46866
8222 96 9599
23824 63 41066
14090 51 44036
33262 71 33715
19156 49 39653
12136 18 23372
19035 55 22777
27590 93 31059
34554 36 35077
12649 71 31126
14003 27 41669
19046 51 32706
3613 85 7949
30021 100 37138
2264 11 24950
6281 43 10618
26411 66 32598
22871 3 35334
7504 100 29646
33428 49 34284
33646 87 49580
27368 68 30890
28058 57 33390
6410 8 28664
8906 15 47433
32274 18 42600
31490 1 41695
43782 29 45445
29662 20 32910
25117 48 30748
11493 15 21953
42259 43 47668
35592 1 39287
35768 21 42696
21057 44 35088
25141 58 45571
23482 1 42885
33352 15 33413
11348 34 30584
5137 68 47913
33359 42 48768
31984 26 37773
14409 23 44746
13401 27 45925
31771 95 49069
37540 44 48176
32932 55 41824
25410 80 29665
1775 26 46542
16019 45 26160
20965 22 48716
2929 85 36642
28179 74 36663
35995 57 42628
27536 39 45899
8091 32 29562
21086 13 36959
24667 50 31300
2826 48 19374
33687 42 40765
7400 28 36961
17701 61 36185
25920 7 30741
8415 12 8965
4219 97 42584
7745 71 9135
19417 16 44946
30127 92 30730
23970 33 35396
33619 5 45827
41469 34 42284
2061 36 37321
28430 65 42701
19967 30 38618
19434 47 20520
37302 24 40005
35931 98 37072
574 30 36383
21176 14 31972
11883 82 33083
11607 39 34777
34310 18 42720
14397 78 27487
8724 76 32539
34769 90 38599
33021 75 35101
3718 16 33636
31296 92 44839
38935 30 49170
728 64 32435
6740 37 45572
20746 99 32864
38524 95 40435
21812 94 42990
24740 61 43662
32262 79 43277
26325 47 33126
35934 27 45873
36861 4 48331
24806 12 42864
6970 87 28894
14865 52 29238
13897 24 30841
2358 82 7023
21463 65 31085
24015 78 40507
30879 1 32582
45840 33 48816
23745 6 29965
9322 86 40193
32471 43 36761
6466 90 24763
2174 78 21784
17398 66 20087
28010 26 39346
28345 15 47620
14121 5 22608
25698 14 49900
19371 57 39422
17432 8 31726
4594 51 28537
14384 87 43949
38068 95 46240
14197 2 29425
21078 93 44171
2900 7 23410
8474 35 32972
1711 58 26902
6507 8 23645
29867 13 43968
45311 88 47011
38176 39 49621
39794 29 43529
24489 48 25675
36239 41 45594
1859 21 3451
6435 1 40971
5064 6 46790
20526 69 25560
3850 9 31772
37109 97 44740
20796 3 44380
1741 73 37105
459 33 20529
16770 25 26784
9973 31 24481
10840 89 32685
18673 94 38073
18366 9 32991
12326 16 21089
33363 11 46556
8203 35 48615
24602 28 31163
23180 22 30646
24347 13 45306
12589 18 29053
20179 97 40652
17764 50 33955
31973 37 41240
24332 34 41756
10573 29 31204
19257 23 45757
19518 77 26749
12622 83 39922
39563 53 47784
40651 91 48411
36461 63 49845
29646 4 38861
41613 19 47227
10941 34 26585
3222 26 31915
3141 80 11805
18472 43 23995
21908 32 45340
21428 65 23398
31979 36 47719
11184 71 15667
11998 83 28451
10670 77 33007
30656 6 34119
7554 13 13881
26148 52 45761
28779 17 47433
22047 93 30055
21981 100 43699
30839 46 40685
19677 13 37569
412 56 20224
11483 28 40776
27494 30 39848
25312 40 27213
28820 44 33401
35186 96 38168
32243 37 42802
46249 63 48167
30973 57 45334
5795 56 25623
4790 67 42892
33563 76 47064
6328 48 29978
14395 93 49504
1757 70 47165
12153 42 48088
37023 13 47128
21896 77 35047
18591 9 19124
2201 2 29551
10241 64 37394
12352 64 43126
32046 80 33268
31388 57 37558
30195 25 47385
8974 57 45422
16650 46 34879
15062 37 19074
31109 5 48870
12459 90 13585
16443 94 25933
9604 68 28231
33708 65 48629
7907 52 22970
34787 56 47026
2704 65 23988
19555 65 33321
26241 47 26950
42343 64 42947
39947 35 46642
2373 96 16049
32443 49 44421
7567 62 22508
14934 44 33338
32831 85 40777
4878 98 24204
40538 92 43620
17280 15 36518
4189 89 32748
27271 50 29472
4247 43 39857
6119 94 39914
32571 64 43195
10287 47 10851
42854 24 49588
18342 56 42391
3763 89 32956
1658 19 30270
35054 51 46295
34678 26 37813
14926 14 40956
10039 60 23244
2865 84 4602
30172 60 49820
45549 38 48485
25135 15 27052
26413 34 36661
15932 71 26747
16488 67 29882
15731 100 23626
14297 16 35723
9732 16 48950
13899 64 39387
7045 40 49409
5187 37 11300
2087 32 25015
3367 17 21823
45139 70 48504
35970 25 49844
1904 99 32425
24143 1 37313
5566 95 22382
14059 8 37570
17936 72 22658
28693 39 35427
41193 12 42295
35893 42 37177
804 2 40965
28794 63 32747
3867 32 43040
29699 13 43908
17010 8 29553
11604 6 37154
34172 48 43153
36631 90 38985
14578 72 33074
25583 20 37958
35313 3 38128
29702 70 43880
33874 9 39320
5349 2 25391
41129 37 41464
37026 5 45895
40905 33 48371
36284 43 38926
10439 85 17452
29602 23 37046
28259 85 40005
20409 36 33710
3803 32 12968
16523 7 32403
3164 48 17831
40250 44 42102
30792 17 32807
22632 66 41253
471 21 26474
7356 40 37107
2973 77 21208
4804 4 41538
2084 8 27160
19686 3 36235
18548 69 20547
995 64 39042
21175 7 32618
15938 72 33995
15744 53 38849
20162 66 25659
31045 52 35777
34411 49 36296
12433 78 35458
29164 71 47458
33501 64 36543
1262 67 29795
4428 29 44959
31116 98 32583
8206 89 42902
13082 5 38292
34963 53 43240
25370 8 31852
27167 30 33363
2981 71 25802
4292 10 25733
42057 28 44034
31599 72 44594
2232 57 35833
19142 96 43588
14902 10 21349
34697 95 37213
28939 43 36310
27994 56 48536
20002 54 39560
1557 8 29778
12221 38 29299
2027 80 12319
7167 85 15440
35596 25 36577
14487 75 26298
18852 63 42390
9842 43 28971
21701 7 32017
36416 18 38531
40334 6 42392
21145 37 38847
32892 7 39128
22660 84 25226
4040 44 49418
21826 83 49451
19469 9 40133
500 15 17052
7764 96 33999
17201 87 21497
3596 34 16143
23004 72 25537
15156 3 30196
22784 47 47631
29104 59 45862
19703 42 36480
21611 76 43364
15671 64 35989
17910 87 21652
9931 93 35701
22820 4 29625
1848 29 14414
4757 42 11619
25960 16 46404
20773 73 40101
28028 59 33938
9336 73 10729
7192 9 45563
32713 81 41431
32422 60 40603
18249 61 40349
39351 50 44278
10803 17 48426
33164 40 36777
39521 63 40288
19796 50 48668
17770 61 37955
8577 86 36324
10165 10 49095
18757 6 20325
12276 67 27726
12129 57 23254
27824 66 37158
25100 73 31086
20992 94 35941
15717 52 32555
3464 1 6906
29115 75 32289
39693 97 46309
38015 63 41369
19762 40 33205
22403 3 44086
10430 4 19250
7841 70 35671
1188 84 32552
7213 93 24950
17584 62 28130
6358 15 26264
28107 40 31661
37790 24 46294
8265 4 33652
6672 20 20741
33522 60 40358
5227 100 38261
19253 44 32751
35741 31 41849
29334 11 44210
30877 99 42664
14983 38 29888
15104 100 36402
25954 66 28346
561 67 40010
39517 85 48242
16908 21 38228
12074 81 29742
34823 51 42772
787 98 36499
36663 43 45092
11427 70 11670
11459 12 34579
15410 20 25408
25815 5 49102
41973 54 45592
8614 21 44287
33190 41 46439
6119 2 12210
31485 54 44575
31448 42 33518
28144 17 35757
33635 92 44376
13704 82 21838
7242 86 35920
9911 80 36641
38044 88 44912
20472 38 29601
1768 72 24833
22481 84 31339
24886 52 28332
35190 3 43992
16988 47 41162
44796 58 48254
33270 56 43437
16718 48 41894
1455 49 26806
31357 87 46362
28147 97 43753
34377 36 43359
21186 76 44622
1506 84 43257
42491 70 42972
17317 69 30895
9976 48 23746
22456 42 33975
19603 1 47038
4208 55 24209
19255 36 37947
4352 27 43098
32435 11 46178
27939 94 42168
37862 59 38457
18071 36 48143
4488 44 35748
35251 88 45868
7414 88 10696
27554 29 34817
31279 52 49222
8139 3 22424
37913 13 40231
7975 74 18935
27980 14 37920
27289 68 38791
29630 20 40053
21330 6 31206
21996 74 35951
6300 47 45980
26856 66 31008
32137 47 34867
10739 32 47514
12998 5 16690
32039 42 35267
33770 55 38971
34549 39 35550
4581 30 31414
27163 84 31031
40227 13 49464
36572 33 44788
32453 48 37302
15700 21 42562
260 71 22989
29223 29 32882
34033 30 37598
20658 14 27816
12685 8 33584
32528 93 41280
11683 27 12240
12035 62 33388
20361 10 38399
43291 91 47753
16060 65 30832
8252 46 37303
29085 83 36998
27762 59 31741
30521 89 32942
10344 14 34124
35404 45 39000
3294 43 47501
6868 98 21249
20666 21 24735
22755 62 29195
9915 48 45006
22358 29 35674
13944 95 32340
17560 45 28373
2862 54 18776
32641 60 37364
31629 64 43009
9485 70 33387
2068 74 47902
28037 54 42569
23990 23 26573
29407 99 40594
35635 75 35920
26901 98 45734
29772 38 36818
30969 48 31931
14050 48 29182
38162 67 48474
13154 47 38425
35718 37 39751
16439 57 33095
28633 38 35593
4682 86 25346
37605 69 43354
8825 85 30556
8383 36 11352
15522 100 17460
25013 26 28081
33422 77 43736
6368 6 30086
43416 54 46202
16941 13 31829
13028 94 22352
30963 49 31081
44718 82 48574
15466 58 43938
42480 41 46022
18909 28 25772
2059 32 37286
36858 54 42337
30323 100 36558
43661 45 48218
27263 66 31213
23622 90 37181
28269 1 41213
34280 55 36800
7554 42 44842
19771 11 22615
28099 78 43122
15391 32 35229
31483 60 47814
22251 98 46466
26525 22 39154
831 11 17342
34603 72 49137
25582 55 35105
3328 82 34553
14533 7 35005
7949 32 9704
23969 21 44441
17502 47 34700
18002 69 19766
6990 52 43381
11267 92 30065
14027 58 29055
25954 75 44084
23270 2 33283
18230 87 29092
13692 89 45603
5605 7 42937
27279 56 48052
11789 83 28647
15194 86 22748
17242 52 45248
35084 16 47036
23084 5 29139
16450 24 45476
18642 95 23762
19094 76 41780
2305 100 42995
20442 54 38946
7202 41 30951
24589 90 45691
3630 94 9770
20056 48 37023
8804 69 49115
19757 32 29890
34218 25 39715
7842 3 46649
7040 22 30219
16174 26 48713
16823 36 28802
22013 15 23827
41973 72 46083
1764 19 23650
25222 99 47140
31163 77 35293
5543 84 21847
16426 6 38019
32120 92 36356
36875 48 47851
10630 99 17082
241 50 7672
12763 68 12929
1241 34 44097
17618 21 37103
6638 43 18600
34547 36 43263
3109 25 28429
19453 7 28351
43544 57 43669
9040 80 48243
43076 14 44050
35291 6 36649
17086 23 43548
34896 27 44195
17202 85 41920
663 65 44880
2227 77 16539
4847 55 46801
2051 89 12541
26480 70 32310
6743 64 44720
33109 30 41448
24055 80 35171
25073 48 34258
20701 48 47633
22956 44 45713
35874 87 43921
14777 94 16070
16487 92 18515
3921 25 30320
36378 79 38096
21578 47 46239
3819 32 34716
31254 20 40573
20006 6 28990
36835 32 48175
26239 61 34964
32338 83 34913
31095 42 46010
28583 53 31287
28105 72 49821
8268 70 14711
33552 42 33719
8265 21 45259
6926 54 27237
15980 66 20567
6419 98 33087
12066 69 45771
28200 75 34060
15112 24 42081
6518 26 32451
22906 90 27894
30618 89 37560
33553 75 37707
24237 42 33683
15096 26 24262
38014 55 48218
20162 49 24519
23270 7 25822
8618 36 21178
31617 68 40726
19158 9 32491
4534 100 44422
18123 76 47365
20249 23 35891
30700 61 39845
26912 51 49575
2284 51 39271
3402 7 7870
19621 17 23280
980 44 17374
31421 74 32794
6467 49 39777
10815 8 18609
27615 40 30467
29236 78 41028
27944 70 38993
25216 8 32415
29036 59 32532
21055 78 34648
16416 61 35316
35787 46 45106
15127 23 29572
24971 96 32228
18630 55 23546
32364 87 43049
21959 91 22106
3991 60 28692
18625 97 30591
4639 45 6067
33692 85 45704
6939 86 44805
19116 57 45453
31833 6 40399
18077 72 28233
19960 63 26956
7803 69 41992
37288 62 37454
17350 31 40475
7319 89 28622
43026 4 44984
16786 7 44445
22004 73 46125
24801 19 49018
2771 23 39632
14587 27 30650
8601 58 33478
25175 88 30309
29923 51 33255
20053 56 31360
2903 81 20336
1203 71 35700
12154 70 37218
16243 18 33110
22370 100 37974
577 14 33529
17451 31 20703
36260 41 44927
27524 35 48252
38598 5 47744
16570 54 40172
19547 67 34462
29558 38 39134
30444 88 46901
12902 5 22197
38499 1 49100
38653 18 40659
9544 95 15523
20884 66 32099
20349 24 30152
20672 46 35342
13804 76 38899
17093 26 22855
24167 64 35806
34081 28 44199
1820 75 47839
11955 44 34846
21368 61 30839
22675 79 28661
32288 49 41414
28633 31 40970
7246 3 27615
24809 54 37601
20521 57 20907
11912 99 37574
12211 73 25186
5944 100 10451
33619 65 41662
30701 65 31551
21912 37 27184
11167 99 26997
10738 41 18920
18470 90 22836
32975 39 41253
