1000
28309 1 45817
2251 33 21330
19828 23 23911
32142 85 43286
558 24 44815
3186 99 14202
28431 24 41242
12089 5 48898
26452 58 32824
25965 44 26353
1121 45 42970
19584 29 40580
16786 82 34157
1931 83 32823
32874 26 40079
3502 30 39134
13950 52 26893
19179 31 27603
28213 46 40801
19307 98 30104
24086 46 28104
34998 97 42095
42819 18 44115
6226 76 31095
10239 26 25098
3934 77 20710
21359 46 38402
33005 43 38591
21559 75 48850
34123 3 40365
14875 98 31946
20603 68 31488
28102 70 35342
27060 56 38526
20367 96 34790
30645 3 44432
27354 38 41543
35243 61 42836
40247 57 47069
26849 99 48491
33160 94 43250
23000 22 24507
5377 55 35317
7473 83 23321
16471 60 36970
22659 93 37630
9426 17 40437
23995 67 34699
34900 8 37546
30985 12 41566
35842 86 46612
6893 89 33054
22639 80 31576
21511 10 33111
16496 94 20852
7455 96 12251
29603 50 42580
12039 60 36314
15963 49 38966
8279 54 35092
19528 97 21564
35959 78 48257
12349 20 30846
6062 12 36717
13651 72 20586
15517 11 42522
10965 75 15402
36108 52 39130
36631 28 40561
7396 87 23238
3179 53 36260
9953 89 32785
4746 40 37417
20902 21 28158
32047 8 42809
5464 37 37904
17847 11 37796
25199 44 26316
24313 10 40396
25781 22 28843
24718 38 32983
41999 38 48342
29532 9 42855
16194 70 37532
140 94 27908
1282 77 18439
6373 54 49911
23694 33 32796
26984 55 32925
25897 86 40699
7954 16 37122
15318 76 25496
5582 84 14526
18232 25 36398
29494 44 31253
41028 29 47683
32440 94 33615
22054 27 30255
7028 94 48495
20994 85 30843
14744 97 35387
21714 39 35189
26348 1 42611
18390 5 43211
27366 67 43705
10823 26 29164
13374 98 43546
8139 72 9698
13171 14 39049
1372 61 18270
31330 57 35382
32048 84 49200
21564 94 46326
24296 87 38414
26461 89 38739
7303 91 18360
29050 39 29111
26207 55 35308
6164 75 34514
25215 92 41970
9075 98 12569
3790 89 16994
2749 34 27376
32554 12 43612
45539 17 48189
22506 24 48299
21287 58 38006
3206 74 7288
10353 18 28680
13185 4 31792
32989 4 35040
31510 81 38526
26479 95 32718
11549 9 19670
26902 1 37638
32204 92 38986
23692 91 26621
18747 24 28830
20268 35 43199
6572 65 49533
25536 93 27221
19235 74 25553
10593 35 36223
17234 94 28366
24391 7 36214
15 15 48694
23036 16 37099
7233 66 39074
17635 29 19854
1307 68 38809
30331 50 38504
3666 32 21701
13406 96 33126
33812 4 38433
23742 84 36257
29300 17 34602
4223 17 26272
20060 88 21322
5072 53 25683
2027 19 41322
25530 11 35452
33552 58 34697
449 74 29825
22730 8 34572
15616 15 32368
4098 83 28657
21622 67 30874
27080 79 44385
44680 23 46092
38940 93 45892
14591 91 28408
20809 58 42521
28796 13 42588
6694 13 42474
25817 84 36904
6479 61 48302
11905 28 48557
27146 49 30619
16459 74 27904
43431 60 48021
13833 28 38338
20617 56 30074
27512 90 35869
26027 77 38477
19073 1 33024
21541 94 25734
20534 87 36387
28574 65 33441
38326 11 40598
27454 97 42922
28861 38 49621
34131 51 45823
23588 70 25526
41681 79 47631
15598 23 17384
1413 80 22536
43560 97 44675
6013 25 22674
34802 40 40732
21955 25 46747
1543 37 12743
28112 76 31691
24794 64 49118
29698 58 31160
6833 1 16281
31579 66 42287
15901 88 30228
19564 6 38237
6812 10 16560
14428 66 43395
4621 14 44858
36193 58 38963
45882 8 46754
12305 96 47841
21689 22 23969
2710 96 48360
21507 27 24806
36013 47 46294
37638 23 43862
7794 83 8048
4060 40 31164
22790 9 26359
13060 51 21596
29064 39 34997
27820 3 48510
12816 20 40147
26602 55 29202
32340 59 46029
21756 37 43533
27151 27 42109
45528 99 48985
4273 34 34620
29123 50 32325
14047 85 41760
1556 92 28864
36750 14 39024
41244 52 41992
29497 54 38361
18980 18 41590
34287 46 43237
5223 21 30622
605 56 32746
39332 24 46124
31555 20 44027
7486 14 24381
23380 42 24032
4099 86 40490
21801 2 48168
19043 37 35953
8120 24 39963
7734 16 41086
19828 60 22905
40703 44 45054
30634 47 34844
34409 48 42571
21505 98 27628
38059 5 43536
39575 34 42923
30085 56 48123
19631 31 35120
26575 96 34984
37064 10 41346
7273 5 10102
13479 2 18335
13163 8 30148
7991 56 34554
22515 56 32525
29106 74 39192
14762 90 33629
24177 78 32248
19335 61 25908
19507 24 43005
452 51 17538
11778 36 28387
16556 91 49189
33002 79 41267
4867 40 17017
940 35 29735
28428 71 45571
17310 24 26347
13613 47 28115
11728 91 40629
10959 38 11064
17108 88 26827
22403 89 25437
11144 50 35051
16146 16 38379
3784 14 7973
20056 54 41944
3045 54 49570
7286 86 38131
6435 89 32259
723 34 29333
23975 71 48910
1980 8 42123
18786 70 22147
43132 26 44996
8137 41 35232
6934 27 38177
36829 28 48287
19419 55 45618
20167 82 48287
38886 74 46192
15380 86 29827
24810 14 35677
21820 98 42995
15863 99 38174
5724 35 42415
34801 32 35678
3205 99 44600
15239 11 35997
19540 17 32701
35316 51 44432
26002 36 33169
6811 40 34688
27782 61 49240
20128 38 44185
37825 29 39363
10326 26 24699
13880 13 25655
36754 29 47434
28677 31 29393
24937 88 30476
7914 99 49112
29537 94 41197
40685 58 46186
130 96 10894
6127 76 10135
21394 78 42044
16424 99 29259
43439 9 49757
27975 62 30108
22924 67 40693
5755 95 15461
29712 38 43525
19693 54 48652
5614 39 34834
20728 88 24176
25111 55 32229
8666 18 34928
12962 23 32444
14305 65 32734
2198 7 48035
19924 63 20901
25505 67 49702
26198 20 38666
14023 53 28619
39638 53 45222
16278 20 24092
31089 13 33731
36856 11 40813
12709 69 37012
2438 85 46117
39538 63 44635
11948 32 21423
2903 56 30709
25523 45 41888
38447 82 39614
22615 17 28899
20538 80 25585
14136 25 28339
3456 46 35100
18074 97 39886
5499 31 40684
4002 50 41888
34754 49 41445
14168 4 24301
6247 41 17350
38972 17 41722
2201 100 36861
7704 32 49108
40447 24 48869
8211 6 30589
19659 72 40842
42932 93 48378
963 16 48605
14937 40 23158
1229 66 39860
29441 43 30733
34180 52 49314
10369 78 21201
37331 65 44767
8112 22 8388
28243 50 35683
29039 30 35609
7691 11 49285
18328 39 26830
12340 64 42189
40392 41 44092
24812 90 26879
20255 31 30818
34688 22 36551
27394 67 33273
7618 98 42613
20931 67 32271
16268 23 32873
4587 10 40808
21641 24 39192
31187 13 42069
10977 99 19553
38823 18 40095
32159 86 32467
7533 50 30939
8795 7 29246
4056 1 38029
31436 95 48469
37942 34 46714
18084 84 29640
19105 16 34688
30875 10 49238
6909 4 20808
27917 24 40843
31425 90 32195
11710 36 24683
21365 99 29405
4207 68 26433
8940 33 13609
39778 43 40883
17181 40 35842
3225 61 12326
38657 63 41965
31290 66 38007
13759 82 17453
37519 81 48914
5155 74 32879
44708 66 46338
37512 82 48540
18251 61 38656
20077 17 33416
13294 6 22585
7487 23 47790
11870 65 49084
20130 34 34251
20920 18 33870
8083 3 41505
46271 21 47555
16970 71 24047
31212 46 38920
13914 49 48466
24599 4 31824
865 72 33313
24325 52 29989
27265 100 30360
22248 44 49250
18162 71 29854
11537 18 21515
22436 52 40835
20008 68 32459
36456 71 37126
7291 82 43143
2567 77 31848
36445 35 40754
21324 14 36583
30578 80 43807
32155 23 38732
32029 2 32487
14840 33 42250
3135 85 25961
16666 100 36461
17994 77 30307
40256 19 40702
15997 52 44706
26206 19 32596
36785 81 42301
4231 65 27027
30460 22 34636
19362 22 24702
25216 42 27141
17969 13 35296
2679 22 46755
8350 26 18071
29627 5 37634
13214 34 35813
13233 53 26143
10612 100 36532
13442 74 36917
14717 78 17593
23073 3 38086
32082 7 34367
33273 96 41040
29033 48 37921
36179 44 38697
2610 27 37292
1400 7 16676
6266 45 39610
17064 2 29882
13155 17 32079
35939 95 42591
22923 90 36896
5545 27 36798
1218 78 43497
23365 45 26249
17677 84 39126
16526 15 27632
11376 52 23786
22818 54 32313
2672 5 33409
4271 66 20028
3902 57 41393
12521 32 31507
29427 91 35084
31451 54 46305
30523 79 47086
4909 64 18664
13091 59 21830
1805 57 12520
32253 27 37343
22544 95 33178
26743 80 40864
13404 72 23909
34655 90 35709
17712 59 46703
13040 51 25659
12042 42 40971
38424 95 39387
27936 40 47954
41072 79 49233
33124 51 41655
24355 26 28318
25112 38 38812
29872 3 44652
21309 83 30068
33427 27 36385
6100 26 42027
25181 67 38654
29663 84 39111
1884 18 48410
25335 72 44244
17667 7 40520
10569 41 25946
3407 11 39165
39248 17 39641
12877 12 38214
4037 18 37722
25957 79 39701
34079 12 36115
19562 8 33364
29666 77 33959
9674 62 31214
20322 79 20488
5047 55 9941
8789 34 33772
12534 34 38201
33924 41 41111
28098 63 43063
26070 6 28170
19386 85 32218
6985 53 36770
20638 26 28970
1260 8 35204
5284 15 23810
29224 89 40516
28915 23 29556
24394 22 48861
13211 10 15626
33404 14 34290
20592 81 33403
22607 41 23709
16068 26 40909
3761 93 5378
20305 58 42524
18841 27 38245
19230 78 39084
36035 52 36318
7481 93 8690
33630 81 40939
19857 8 33191
16640 23 31123
9300 65 21115
22315 5 32112
36761 51 42844
14390 76 39100
8009 64 43921
18195 2 25908
18389 9 46273
6509 91 19089
41976 75 46034
27343 53 49998
24469 27 32214
25960 96 49011
24908 29 31884
28538 78 41667
9950 58 34678
38232 1 41743
32740 5 49512
13570 33 30481
10152 99 30130
17817 71 45918
37495 45 37845
2466 20 45448
3949 86 23516
26580 25 42722
11323 56 34363
24478 65 36929
15071 25 49663
26453 19 38547
3491 68 4396
30917 97 40519
16750 50 39239
21280 90 32370
803 6 31155
4611 34 42650
35260 5 36219
19920 25 36388
5234 73 41644
9993 50 39320
15317 27 17284
28792 21 30189
21537 27 24408
3260 35 3418
21918 23 31131
37809 87 43594
19185 19 35457
32897 12 34070
19854 20 29022
25989 95 32174
20110 57 20283
18380 95 33204
34339 16 35925
20682 25 40446
20854 14 47225
6405 83 23148
40708 2 42849
9314 19 15196
326 71 35545
8683 60 43646
8751 56 26685
19429 39 29498
12081 89 33685
18768 79 34822
11373 90 19041
13363 55 45199
12342 12 13217
26267 43 45911
4437 14 6755
9920 42 30664
15346 75 31791
26963 31 37362
28710 82 42770
19113 80 33051
32196 52 33397
34665 87 39414
18914 36 29790
22861 69 36486
19601 50 44588
30549 45 44962
19505 64 30500
3586 77 29361
29467 61 48927
6189 15 47890
26419 41 35940
44526 8 49367
13236 95 17266
23365 94 38821
16919 55 29566
13360 80 32724
2072 91 22923
17449 3 41125
5333 53 23709
37199 31 38573
36842 40 45082
12109 73 34629
37533 13 43666
6648 22 19894
26333 27 29742
14060 72 24579
1282 100 3923
35169 17 40082
33657 49 42238
17164 57 22589
29310 33 49633
9455 76 41605
33891 85 40696
19276 34 48521
19321 29 40149
6108 28 30359
11771 64 26181
31196 71 43065
22447 43 33236
32367 50 32830
10435 75 15359
26211 77 29399
25121 46 25549
14343 9 29408
44029 100 45559
8879 29 45869
12044 40 22204
16829 72 39846
2721 47 42490
1848 60 42354
160 1 14934
29042 50 41189
19770 72 25982
37083 97 44143
7185 48 32925
7121 44 45585
19078 36 24083
19931 59 31771
6677 69 31146
14611 53 41418
5350 78 23129
36230 83 39328
3575 84 25541
12842 25 26958
31626 93 37961
27722 70 44239
30404 97 34311
40703 91 41770
34777 76 45492
36658 74 45817
34968 7 35115
28961 12 35191
17184 49 42541
8769 68 44369
1735 45 28985
22580 26 32905
12049 82 22911
36085 11 39663
17439 26 49123
17990 47 30369
23784 13 30447
20447 37 41302
7750 94 13151
20625 94 42488
16742 25 24878
3008 3 30467
26600 51 28715
3187 40 43501
1267 24 39400
16279 30 47037
22558 2 23100
27048 25 30263
210 62 6271
26015 93 48270
13433 98 25280
25401 2 30871
33953 70 36206
37917 19 41293
11683 61 20740
29521 33 48507
5119 34 22521
40034 22 46417
29662 74 43889
29756 39 41412
22560 8 42678
12154 30 36196
18103 45 28858
22820 80 31307
34744 43 39039
6278 88 33293
33701 6 35544
28371 43 35228
24863 69 30442
35004 68 41177
26123 71 45598
16802 99 33466
18325 22 21781
8373 7 29026
21267 51 35916
6544 96 21729
23097 20 39329
19646 69 43903
3606 11 17283
33923 30 45144
28682 7 39976
4472 50 31242
2531 40 21800
42509 96 44528
16561 18 37410
10156 6 21548
30797 68 36122
8472 40 48960
8063 85 23624
23949 80 34055
33534 38 38220
23934 65 34686
3261 70 31060
23481 57 30487
23237 2 24869
27070 62 47235
25154 54 34214
36276 69 42732
36642 96 45584
23763 27 27182
22765 92 47702
17503 65 25611
16232 50 21348
31616 49 49641
9737 1 22889
13900 46 35354
13440 85 38404
1589 92 18057
11341 51 32184
35218 62 49608
35514 28 48704
11575 51 44328
21985 86 25893
25283 40 26061
9550 49 35386
36141 48 38587
26424 77 32484
16983 90 24135
25871 37 49447
23069 44 29544
2333 52 40443
20748 38 29267
15590 15 17469
1367 42 7444
12256 34 32923
23993 90 42394
10023 86 23984
18622 44 31434
8905 32 40468
5696 50 12822
18969 23 32864
14541 72 47199
19650 90 46813
15559 86 36181
839 9 43373
6900 23 16781
10932 43 26550
30308 98 45827
8074 67 29013
13287 35 34173
4239 31 46654
40955 44 47798
12153 82 40567
27758 91 31249
9334 6 32072
47215 56 48065
5954 5 42051
5287 21 33505
11498 47 33538
35559 48 38684
6007 18 8819
20245 32 35317
31536 84 47518
17347 25 33915
31047 82 44110
16951 26 30174
9019 1 29730
12386 9 32664
30138 92 36153
17075 44 41314
2960 85 41683
29712 41 32058
25629 43 26019
35620 78 45054
19741 26 45276
11806 25 30335
31079 40 43610
35218 78 39485
20994 81 33240
24885 37 26470
1577 69 8698
29185 3 35145
9170 33 28321
29073 43 35879
32064 69 36465
33595 81 41150
45817 17 46126
14648 60 33059
2558 75 22626
14093 56 46129
21034 50 45744
20797 25 31000
16047 20 41553
7153 83 22248
3213 69 25450
27624 44 36366
1473 33 48743
36742 45 41411
31939 69 35787
12507 20 43996
29648 12 38511
7274 79 21924
35880 40 36466
15950 33 21055
29993 31 46380
6568 26 29459
8938 53 37228
4973 89 41483
4265 20 32130
14018 12 16752
15769 80 33545
24548 16 34854
7508 23 44393
17607 36 28008
9341 72 35624
24220 53 48524
33904 3 33961
17596 10 41229
31645 62 42252
31902 77 43622
31166 13 39550
24162 40 35854
30710 31 46422
21862 79 41564
10500 19 22790
1580 68 36169
14467 63 34766
13573 64 28649
24320 28 34383
27218 10 29547
7310 31 45982
3288 62 19867
25620 54 43525
17838 56 24677
6957 69 34479
19314 13 29325
8867 51 42217
8694 70 46406
15628 47 49303
27879 59 33440
42267 95 47388
34199 98 34390
37466 61 48141
33543 45 39453
6171 39 13407
4177 17 31056
35190 14 38998
30001 81 42543
13149 27 38263
32368 86 42082
21567 26 36564
2940 78 25362
32432 21 46440
23481 73 39588
18344 42 39875
30732 49 31356
34519 24 38702
33617 40 46338
23267 39 40202
39503 17 44047
37329 9 44488
22568 59 26670
5489 90 24169
28753 28 30951
5444 38 15843
3231 68 20233
32792 3 48519
2965 43 21811
7084 1 34664
20569 69 22643
34427 28 35899
37350 22 42486
28211 66 31647
31418 81 47150
23576 25 29644
4335 34 7586
28065 42 35999
16197 65 44928
12002 21 37187
129 96 36819
31384 48 33955
27133 1 38116
6372 16 33983
25963 65 34630
27689 21 28432
28352 39 36993
19406 13 19698
15894 40 47399
17096 77 39767
8036 33 28143
304 31 23504
38945 87 39989
35356 54 39134
2681 15 27815
37609 97 42664
24163 19 46598
23719 22 47450
8835 69 26167
41891 66 48577
16714 64 28249
13525 48 28615
25999 12 46199
25601 36 34865
2990 62 37594
979 21 35741
26202 40 31333
35416 45 40896
10381 1 48294
19814 43 21326
36351 9 45262
28606 58 38004
27020 94 37888
12001 28 32913
24898 55 27071
34625 63 48363
14020 88 35005
29609 19 36080
5861 75 36664
35887 92 36602
35659 39 37729
16822 68 19366
27588 94 33956
4106 27 31781
21788 10 43801
18223 85 40008
965 72 29091
