1000
24358 88 42720
26852 73 35200
26840 94 30346
4406 56 34539
7853 22 8345
39788 74 45230
12819 40 27796
11315 8 45978
37092 26 43469
26941 3 28186
17773 6 37900
24241 76 47382
15658 62 27540
37981 88 42101
24726 7 32060
9405 89 36695
31035 28 39700
2921 78 29366
13564 39 32062
24682 77 27108
35228 17 42748
39673 25 40174
15131 61 31775
8347 18 9323
39065 87 45881
9665 50 11746
25203 2 41163
24037 72 42048
1443 47 24012
34393 30 35642
16150 75 45281
7100 21 40259
32963 7 41665
34806 1 45997
23611 4 29503
1799 51 37592
3269 65 30426
24911 47 48800
28286 31 36915
17351 62 25461
9144 32 29109
12989 57 13645
23734 45 47247
11501 98 32374
18556 63 41265
11817 31 39413
4714 3 31282
4412 6 40872
19103 91 48881
15854 17 36732
17926 15 37759
24186 84 30589
30446 25 46245
1153 3 20300
37151 68 37768
22451 17 40103
5550 29 39421
30885 52 37835
33149 28 44987
39286 32 41263
10816 46 23243
1727 50 9642
16817 20 36292
26649 63 32709
7355 88 14371
28495 13 46193
8131 38 13269
29154 24 36497
15900 5 39498
32357 29 49168
26037 98 29729
27199 81 33033
34849 12 39860
11633 52 33509
29600 72 32365
32993 3 48651
27934 26 47040
28750 14 31165
15334 56 29673
27272 84 32198
21111 25 47275
14320 36 41281
7601 71 22751
3379 70 28893
30418 11 31389
2385 75 39147
40455 28 40550
19200 54 37714
17652 42 37704
22091 83 37669
14193 89 36571
15298 69 17143
44736 3 47319
7189 37 26650
14417 95 39791
32927 30 38657
10143 70 36902
1417 86 47154
990 99 38747
8027 91 41706
5897 41 37451
16361 4 19122
19690 48 49004
13737 69 36043
4116 40 16136
22912 40 25466
32939 67 35102
16811 43 40850
33008 49 40039
12179 99 45478
24459 80 31415
31373 20 33393
2236 48 36609
12352 1 46074
16957 41 46509
6410 41 32531
21456 90 28595
19997 75 45010
28994 91 31767
16201 28 23269
296 36 25525
7853 94 38909
13938 73 28601
22514 17 32780
23757 34 43041
25948 68 30178
40554 19 41885
3452 72 15329
24027 91 44660
30935 1 34574
21836 6 31324
29033 76 30556
28384 59 43072
31364 20 33186
12107 7 43578
40998 9 47629
9464 57 30149
19729 25 31445
7434 69 23515
13180 95 13426
37118 45 37985
25797 82 31425
35202 49 39957
39848 19 48454
3350 13 49665
8263 57 27793
31377 95 39787
18396 65 19609
22747 71 42506
2255 51 47982
17237 77 48770
1903 63 35134
6123 8 42517
29315 48 47423
18563 81 47094
830 32 23312
13889 39 45671
7707 38 18653
4403 38 13235
10500 67 30343
28225 80 35136
14393 6 26949
30486 9 46681
3611 26 26051
35291 3 37902
9727 3 34456
24954 83 40446
22974 16 26149
30850 35 32022
20493 63 22413
13720 44 27804
2935 52 47725
25897 69 37051
115 56 46781
26578 9 26626
29330 1 41774
20062 57 30309
3570 72 9781
28645 82 34839
22512 75 31206
27147 12 29451
1453 85 16855
31804 96 40194
5893 62 26025
23774 51 42424
36607 14 44847
9524 52 33418
9615 44 43042
23571 28 30170
31450 22 33202
12581 86 29737
9479 58 40341
21990 8 40860
35534 38 47164
18221 51 28887
1456 40 28159
14091 74 23454
13319 98 18876
22758 78 41112
30933 15 44871
4578 70 24807
11408 77 13864
31373 13 33983
6078 4 12757
8435 81 42090
36976 4 42666
16550 98 33272
26403 59 41714
14022 44 31874
6865 27 45758
26024 85 43837
31111 57 31303
35170 4 42523
6684 60 16818
11424 5 38286
19911 93 30478
47212 19 48018
28410 77 33815
5547 9 18774
5470 28 38657
30971 61 39246
12793 69 18307
1733 79 30750
35312 21 35410
6484 39 24501
24541 51 32745
27336 48 40856
9433 47 43327
10313 13 15769
11929 22 26869
22630 86 36576
1102 75 31351
24490 48 43218
17588 45 19221
27765 48 36443
6751 6 29748
29699 90 34395
33385 12 38774
14821 69 39535
26407 89 26924
25942 59 29099
3575 13 13537
24848 19 31847
24340 76 41423
23878 59 30120
34379 80 38827
29908 86 31531
32568 51 35447
27768 7 37890
15081 59 45880
17027 59 37586
10988 68 37120
28032 5 35045
743 43 10262
30012 27 47149
3021 53 4459
44064 83 49803
933 21 33429
10339 96 33687
11614 29 12567
33162 7 47439
21040 71 41653
36189 92 40141
6891 20 8930
34951 43 39814
12502 49 33048
19753 3 28906
25242 65 26031
15448 88 26185
27164 34 32616
26384 50 27948
37352 86 38334
35880 17 37713
32422 37 42815
30495 48 49609
30405 11 42163
22199 31 41917
12220 8 41828
36583 72 47900
18734 80 40794
21320 21 40066
12261 31 27257
18356 37 40970
16284 13 42118
27386 12 30451
265 3 8619
33893 52 40702
12887 90 38982
5326 77 19066
4489 6 28388
26088 1 35532
22446 60 27333
34763 31 47325
5198 60 48663
32886 45 37593
27025 60 34336
7547 21 27825
15260 59 25517
31489 24 33851
17696 63 35205
29184 81 30831
10526 75 17114
41443 6 43398
6741 96 44513
14573 28 39120
8960 71 36731
35804 86 39978
14667 23 28964
3996 47 8635
38310 23 41081
18566 37 42152
32139 75 35361
40236 90 46871
8225 39 27780
46144 86 49763
31938 45 36439
24888 74 34746
8916 46 48756
15797 28 24494
17914 45 31449
28503 29 36181
28408 49 49538
17679 13 19592
4665 96 37736
22223 3 36871
25219 40 41089
6273 28 40667
12796 81 30827
22803 77 30191
28459 83 45528
4418 13 22253
20107 94 29185
14231 23 45651
35314 7 38678
33210 40 34995
22131 87 33411
8155 30 23324
4998 18 25719
14477 91 33816
3505 22 18805
8919 42 16608
14855 68 28924
20756 94 41656
3090 23 13324
33419 68 43430
26739 66 33654
11820 82 43538
28728 52 39118
39653 44 41071
45768 15 46886
5913 92 29735
25554 38 42498
1593 25 13044
35733 55 48126
60 88 41365
16200 11 34230
24552 72 28272
30257 59 42781
873 1 24068
15080 13 23471
38390 58 49239
26654 25 29880
32481 54 34003
31609 81 40892
9280 14 28043
28323 68 33054
6007 67 30616
32281 24 32620
4218 58 25077
2190 31 38479
24689 30 32095
21504 71 27096
1255 2 42498
15492 96 48349
6098 2 11831
23210 70 27293
22589 17 31877
27536 65 28141
3202 46 33597
15447 90 42255
29612 93 37607
6837 24 26563
34131 86 48276
2094 26 23509
30086 70 34136
4116 17 20613
5677 8 33172
33340 73 40535
14178 28 44743
711 25 7236
5789 15 35510
12291 54 18466
10625 36 32038
4436 17 12168
12073 14 36992
32112 93 35972
9974 40 21626
4467 34 15774
15399 17 40833
18627 47 33512
25807 32 32781
5705 69 24409
31449 71 34632
25085 30 33240
14606 83 30454
28836 10 29190
885 46 41107
22323 71 38327
34083 40 45272
37397 10 48948
12418 29 37519
29777 92 35023
653 90 46218
45191 95 46040
29412 100 36593
14634 11 29248
18521 76 44857
29488 18 38853
18797 91 21440
21570 85 28284
1129 24 24956
28467 75 45832
47409 3 48012
23702 41 34166
844 4 23531
16072 96 26315
45740 64 49716
22239 85 33736
26271 49 47095
20820 66 30010
27235 52 45237
15742 27 27500
27873 5 45497
6106 14 22112
6629 35 28702
14805 65 34406
23874 47 33403
37943 88 43233
33977 53 36171
7890 95 37366
24188 56 37813
3791 77 10104
38854 45 41780
8293 61 30614
37457 93 43048
17547 83 42384
8251 83 32825
7808 63 32477
1213 9 23947
4525 80 35314
24299 54 42634
33663 13 44442
978 98 25387
8134 80 35910
23572 54 32888
14281 10 48564
23494 27 29675
25060 71 38818
32848 65 36245
10407 13 37512
1221 98 30941
12573 88 47183
7020 85 41239
8059 5 32601
4638 48 45171
30306 39 36550
2060 6 32722
20112 67 46287
36621 37 47285
24148 15 46850
18496 41 49607
28610 23 34142
18615 91 40792
17573 41 18753
36032 20 47220
21420 27 29617
1716 88 47475
2868 93 39579
27898 14 34524
4930 99 38662
13743 59 33857
19208 24 32819
10240 23 34330
41514 20 48056
13562 63 48278
25816 29 33051
18577 25 48739
42205 60 49066
9183 57 33070
9684 16 41016
13628 36 46909
15768 52 21598
20395 80 32574
24866 24 38617
19845 78 20274
42960 40 49725
26431 100 29938
9632 42 25087
35963 83 47905
20176 65 48441
13530 40 45624
26246 9 42793
17894 94 37290
37575 77 44864
4642 44 23302
3328 39 11580
17284 19 21191
37676 33 41728
4502 59 40003
6376 63 8117
17028 89 34618
28043 5 28306
180 49 19096
26997 11 38012
3593 84 35784
21648 52 38693
1580 14 47523
35624 75 38476
23912 71 28416
8211 78 49289
33490 94 45838
12626 88 28675
21624 52 26488
13361 27 20228
1509 62 9569
12126 76 30008
24396 66 42791
6594 11 22320
13896 76 28545
15128 16 26133
13904 64 28268
32337 81 37750
17871 35 24281
22848 43 24240
11868 42 28461
30470 47 40603
31828 39 48207
32698 61 43184
8332 67 35215
19486 8 27805
33696 50 42997
27649 9 31344
17551 30 44099
23571 74 39788
4784 11 34577
22542 73 33215
22772 40 32158
42595 52 46133
26190 98 32682
3161 82 14587
16740 57 36367
21104 92 47512
817 48 12743
25804 28 29045
5806 85 28430
19027 43 30580
44608 11 49921
31563 50 41333
27274 39 43307
18372 11 42882
17258 91 33931
11251 9 17165
25669 90 46383
7814 73 45535
32713 74 41858
8715 60 32766
2171 61 14485
39018 42 45602
15624 63 42279
41263 27 49438
32960 88 40810
4004 19 30042
691 8 13183
33326 4 38150
6438 56 22042
5646 70 48960
2105 25 27839
34797 67 43656
6595 93 11081
22599 75 42100
34254 99 41582
15641 75 30950
31123 47 46917
47092 8 48181
20889 94 33311
34758 19 35523
22309 29 25255
20575 20 48890
13367 55 39718
20205 84 44803
19900 90 41620
35203 52 44631
21913 5 32885
19810 83 37476
16777 28 39374
25944 27 35644
698 45 22994
6547 51 36334
27223 80 44453
13302 45 29609
7102 61 28961
31435 79 36589
19208 76 30855
22245 15 45820
23103 2 41869
21240 51 47674
28288 13 32789
5941 20 12502
43398 89 47479
9509 36 30429
16040 99 41245
24486 78 27501
3554 35 37711
24167 70 27699
18519 21 27204
22067 45 44753
13555 8 46976
8245 14 27396
7499 95 22114
33223 36 48675
27808 71 39033
7705 47 21010
264 5 31051
7215 65 25919
20246 30 44220
8689 11 44091
34145 70 46493
14622 66 31618
15038 43 21295
22395 1 23544
8234 91 26638
10983 63 21441
897 11 16636
42557 32 47316
44700 100 46586
19107 41 25483
7350 79 12970
18721 55 30890
36382 77 42164
13605 74 28484
24402 46 47872
30265 50 38754
6471 94 43719
30281 72 41103
35585 20 37697
14853 67 26224
9718 74 43336
37722 22 38190
2512 93 32838
27654 18 40538
29698 73 34412
29538 19 34341
28738 57 46883
23371 8 40517
36174 46 45784
20569 78 22751
8509 11 21067
27618 39 31439
3256 44 49459
33431 39 42024
17263 30 38353
19265 36 32654
32497 1 39469
25114 28 39250
31785 98 40183
4268 27 5130
31685 30 36631
23720 55 25309
10070 11 11720
21546 49 32709
33580 30 36919
13028 91 15569
10130 52 44105
31258 92 33009
28588 7 34253
4770 14 13831
12928 77 22007
1914 63 27865
11116 92 39296
28772 60 29083
19782 5 32876
16909 55 25966
199 55 9113
9443 96 23754
1560 72 46359
13331 5 37570
7271 76 30948
13432 61 14180
12514 98 27933
15507 28 48733
7938 76 38806
36852 57 43072
20081 88 20643
32443 32 36478
21740 32 25525
27694 15 28966
2709 25 12495
30768 21 42287
16042 85 32963
30496 45 36460
23560 64 35563
24508 5 43981
28809 91 37124
11740 41 47962
26381 73 32335
3670 4 25804
20701 16 22027
19118 73 49492
20202 23 26895
6794 26 28819
23225 75 42961
34963 59 46173
40622 74 43994
4565 80 11817
18958 3 44204
38962 19 49869
9221 68 12894
45154 88 46579
6317 54 31413
33978 2 45214
9860 39 49495
19276 65 34805
19471 27 39245
29402 86 34143
24168 65 30752
20955 100 34437
13354 53 24148
27234 61 31738
12933 80 35244
21081 70 27479
2497 37 12103
13705 77 30421
2280 26 21297
14301 66 28118
1402 15 47212
687 38 23248
21504 95 39298
5811 83 22335
24927 21 45112
38632 51 44204
25677 65 38272
27069 14 32284
2923 79 38484
10117 50 33316
18438 41 24061
13194 39 43641
34580 100 44232
19709 46 30415
905 42 27550
28403 95 33899
33726 6 34974
12956 44 22725
7919 58 19199
22342 46 43470
25276 29 26748
760 35 7530
8833 3 36098
23138 7 35291
17644 3 29222
24641 61 44047
10442 88 46750
17548 42 37373
31891 51 34138
7503 83 8155
18161 10 24814
34792 71 38892
10479 35 25587
16697 57 48334
22104 71 49644
11167 56 36735
21802 71 38983
7573 38 9374
30636 94 31713
21193 29 25506
33863 57 39757
27299 89 46148
21008 29 39433
40026 38 48110
34927 14 47684
25755 61 38085
44140 40 46381
25784 61 27306
3107 76 26572
2123 46 4369
19307 69 43913
37486 21 39083
22214 44 36831
47680 48 48497
22395 23 28864
21964 67 45706
29384 99 35139
13060 6 34246
18606 15 27787
18973 91 20316
26505 7 31739
25117 64 33540
7598 48 27573
26038 96 32606
20526 28 42300
3755 57 29981
23022 78 29714
2818 50 10027
295 67 43084
28631 19 47440
28194 53 37966
14809 6 32467
19164 39 41195
3854 19 32624
27479 91 47682
36755 99 49450
25126 79 27806
9086 38 19107
37816 57 41481
35539 4 43698
24047 92 35688
33149 63 44067
24131 88 43316
7116 20 48169
43220 83 43312
29400 88 29681
17533 29 29720
27854 15 30555
29226 12 49177
20236 16 46388
12518 83 35437
13050 11 31375
20333 58 23808
30659 39 34517
2613 13 31538
9469 35 21980
9204 84 11564
37094 9 44594
42394 57 45183
3858 45 33494
36189 24 43344
29149 55 43947
38874 38 42001
33030 79 33118
7872 48 28319
13324 92 19586
1022 70 33188
508 80 28504
21405 21 44344
28596 96 44139
110 13 34535
37700 47 49626
6859 23 16266
22660 94 29954
26508 37 45353
1488 23 3588
28436 31 40389
7255 23 41459
11843 65 36732
29968 73 43669
31416 44 39418
9207 8 38954
7594 95 37344
7037 17 13811
23911 45 41690
14897 99 27034
33805 85 36708
19678 25 31899
15992 42 34106
10885 84 31267
31982 96 44254
27798 28 35859
36626 29 42998
1839 5 3385
6461 41 28520
29709 23 37775
2163 98 46365
11739 94 30164
10052 61 47086
42644 95 43388
817 25 42891
8574 20 11922
11212 33 43894
11332 68 42390
27126 39 39603
12448 42 28683
13094 14 37178
14310 99 36537
3442 74 42187
40142 78 42139
10381 98 47758
29764 42 31606
19500 60 45470
23823 1 47434
20620 59 41279
478 65 32313
3872 72 6427
17802 28 36361
1287 15 39116
39527 60 43520
21836 85 26388
3646 69 14038
9123 48 19031
26283 52 48036
28879 50 46893
10087 19 47913
6352 96 19837
18135 31 46861
16150 6 32516
8798 58 27293
36800 21 43948
28798 17 45605
28832 84 42004
18671 19 21510
31206 39 32408
5971 29 41184
17241 49 41489
13457 88 34348
918 52 28208
22957 16 41846
8791 19 36567
37252 37 45982
36060 74 43288
18988 73 28428
37778 81 38042
34552 51 48061
24489 16 28802
43356 57 43600
21198 31 34371
29124 67 37161
39300 99 42530
34204 88 42989
1491 8 14680
22638 71 31052
37642 72 47557
11437 64 49241
60 15 23093
10278 63 30052
594 19 40517
17298 12 40927
28158 49 35552
32073 92 36578
37528 99 48967
28071 63 39932
34823 93 45061
5570 7 11223
12279 52 31219
24349 89 36991
12503 60 25095
36934 91 38750
9977 58 23072
1065 97 41249
8133 7 26975
23850 90 35116
30964 98 41750
30494 47 31598
8917 59 9206
32728 93 36617
15404 16 47246
32130 47 36354
35011 41 37064
24178 14 45371
21108 66 22503
39210 83 49931
8896 91 49308
16825 64 27151
40148 94 46297
33241 84 48579
12451 76 32356
30831 64 37944
22489 67 34044
31789 44 42356
1767 18 38732
38216 45 47415
19078 65 30492
45316 28 47834
7686 49 43962
6084 55 44111
20952 85 45998
22264 8 41071
1022 61 40019
29240 20 34932
720 7 29934
11704 46 37293
5596 26 23427
10905 80 44306
390 6 26813
478 74 24406
34075 31 35777
18889 2 38299
7774 81 25411
26898 35 46958
24867 22 31358
28273 83 43571
6095 39 37839
13927 89 48519
17010 40 35990
32429 96 34697
26262 83 33277
24159 88 29304
17783 72 36155
2662 60 29069
5066 9 19390
15522 20 30614
18728 89 48287
25457 90 43718
