1000
27468 69 36904
27149 3 43312
33812 50 42964
26028 13 33893
4010 14 28728
27440 44 27761
34868 30 44609
33070 41 33409
11151 68 41904
4747 18 30964
28875 62 46142
6302 8 27972
24422 11 42099
16836 2 28336
34557 85 35230
27966 10 44803
39935 23 47402
23902 78 32466
16937 61 36797
21620 86 37272
8862 7 26512
39164 97 39966
2577 77 30897
24623 88 29868
18966 9 32413
36446 51 46121
3297 1 33568
31670 38 32420
9172 30 21865
21680 80 23908
34504 32 46579
39833 41 41639
4993 61 28618
42730 19 47828
15201 1 43618
9806 73 37843
21019 24 40787
21132 22 41647
20884 92 34958
9897 85 32794
13223 13 18576
4151 46 7648
24007 87 43368
25059 90 33098
27771 33 35204
17983 61 27046
26016 55 34186
27484 63 29854
1940 48 9760
8287 76 47259
3154 81 41026
14593 50 33501
20502 41 43168
17927 80 38713
29839 9 48138
23277 65 29922
21982 27 40229
1814 33 38763
21760 36 29449
39290 73 44059
20542 92 42811
16769 73 28984
32600 65 41445
23963 40 43429
17828 56 21024
8147 66 35402
11548 24 46475
23898 58 45125
5028 23 43585
37072 5 44251
38004 21 47184
32712 13 49798
43322 10 48997
30552 29 43226
22053 8 39740
26402 50 32642
26376 95 32931
15285 48 31296
5976 59 17700
16587 98 42949
22832 45 37704
33174 12 49221
1725 29 36737
2221 85 28762
22432 80 46249
21366 80 35458
15048 21 22656
28686 3 30299
4427 65 43223
26508 24 27534
7653 36 49047
12529 3 27220
14977 27 37459
15070 75 23982
18353 11 20292
1950 79 38116
14164 19 32616
23470 60 39992
37563 86 47646
35252 60 46393
13488 10 25989
19323 84 38077
24242 26 31025
589 51 7233
28024 80 32535
35980 76 43768
18113 99 41773
43052 17 43087
7530 22 11047
13482 24 23243
9529 87 28024
22500 22 44971
33147 23 35258
4995 67 20628
32321 42 38970
860 79 35938
14932 36 42062
11787 29 27359
9467 41 26482
9124 31 36694
22495 5 28872
7389 39 47934
17736 11 40977
26782 14 28345
28619 86 45433
33422 27 34989
26459 11 41212
22595 57 34820
29053 73 30538
16008 20 25847
9863 10 30406
34536 43 42378
6301 86 14047
19179 20 29010
26015 23 31187
19274 72 24456
39284 16 48514
22047 48 41492
26993 57 31580
1376 72 16265
37020 33 37558
38333 25 44968
30442 1 40496
7979 51 8285
26739 54 31791
20138 39 23788
12994 49 39885
12722 97 28925
25291 80 45111
17495 91 19104
29185 85 31049
19058 62 37992
9894 58 17735
18396 80 21731
14564 30 25848
19978 99 40403
4248 28 33391
17843 52 22034
7336 95 17198
35519 1 47897
2754 97 42310
39384 65 42689
4792 30 28629
13449 31 29617
6730 99 40194
2213 38 20859
30437 2 41057
15709 94 29932
33772 57 43950
20129 75 29211
22787 88 39912
25410 26 34905
8070 72 35288
11130 61 16404
14111 39 32110
15695 46 16230
28712 20 31550
628 32 24572
27865 33 36460
24323 81 43623
31031 54 37821
3389 66 12557
8003 24 45703
25738 46 33527
23364 45 40078
9565 22 31811
22586 66 36826
32926 46 49737
32572 99 37331
15853 84 39398
17209 19 21112
7217 58 36478
14235 31 41199
1740 19 6043
26282 50 40680
6981 57 43405
27268 25 30010
29636 66 35557
1932 58 43377
25688 32 48942
22960 2 29573
32728 34 33612
33114 66 36454
30262 85 46938
36261 17 47769
28296 63 48237
26340 35 28995
15004 6 25447
9361 17 20448
28287 73 30938
19573 43 30208
14909 96 46981
28828 44 36883
1016 4 47514
34365 13 42794
13710 18 48701
25784 10 37134
10296 40 41518
32619 40 47959
2930 40 14459
9365 70 38282
14662 31 17599
40584 65 43224
28030 21 35857
22209 66 38245
21689 30 44510
14683 33 31892
16231 89 35805
30941 20 39615
835 83 33865
9461 3 46812
24061 60 37785
6574 63 31353
9577 96 18440
28938 75 40346
10003 91 43742
28433 57 31185
17568 88 40102
31382 3 32441
17158 75 19084
10072 12 45949
16100 24 28704
7565 74 22712
12921 84 47989
32409 33 34386
30153 69 39019
5929 71 39121
5564 83 41063
24531 17 43042
22699 22 42842
321 87 41503
17907 87 35621
5926 46 34085
15372 55 41928
25692 51 40414
15343 69 40934
23538 60 38531
20046 17 30657
32667 17 47195
40274 74 42745
30385 20 35354
1261 35 4220
15898 85 28392
34104 35 40405
1349 99 5207
22153 17 37906
9687 6 41990
20645 86 29063
16068 30 30555
12311 4 36933
9465 67 47086
29094 3 33354
28302 55 39322
7554 36 27626
1325 26 25201
2836 15 34550
11681 80 24398
5564 96 33274
30778 18 43769
30943 28 31700
9000 65 26979
31646 55 34383
27888 83 30871
14618 35 33351
16616 72 19108
37087 10 48565
24745 41 33431
8719 62 41211
23634 23 35416
21481 85 41979
23593 65 30899
20128 39 31243
15585 74 26397
8614 43 22177
32284 14 44068
38095 72 39093
17909 15 19120
16494 46 29267
19709 20 40251
13798 87 29182
28599 1 39321
29963 90 41997
835 22 31469
11867 48 34415
2929 91 29242
4739 72 43495
20001 46 26330
1773 85 2683
25937 31 30116
10347 2 35576
14337 60 48038
28464 78 36733
1020 65 48746
29231 21 41360
28346 89 49026
13672 64 38487
10026 94 24635
12600 69 43240
21389 30 46179
24040 61 47244
27288 22 40579
3945 90 26195
8363 49 38328
24414 74 29161
330 88 27998
21383 63 45874
25046 33 31423
6631 93 21378
37630 50 38819
23318 91 49256
23325 21 49163
19852 65 31886
38811 17 40856
21665 19 36499
48267 14 49464
20298 36 34485
6621 77 24191
30387 24 35489
24735 6 29623
20892 25 35923
8841 25 14910
26769 45 32401
23661 80 43704
15852 46 38611
21246 99 24975
21647 32 35447
19525 86 36186
16668 55 40432
5263 8 33460
22343 71 40615
31118 67 42972
7508 35 25322
27655 8 28734
21838 93 26376
18203 9 35640
34615 84 40650
9983 19 13371
30675 90 33419
10479 93 37171
39985 48 42221
11699 4 28607
30684 69 41025
27649 46 37074
3840 23 48731
9261 25 46718
14843 94 24282
19098 46 29192
7808 11 24575
4687 45 48556
31312 24 38621
11261 51 47258
2834 18 7051
23335 61 30823
8924 6 40693
21262 37 26852
8063 67 30860
10103 31 35516
14450 28 39079
37348 38 43037
22120 94 37686
8417 78 41771
11381 57 16720
3308 27 7850
36966 58 42275
32093 44 35493
28389 87 43965
3713 96 18862
31577 22 47562
16367 1 23656
6565 19 22615
42348 98 43861
36817 23 38516
10687 40 15432
3848 80 31419
11705 4 20409
4949 79 37042
28876 88 32868
2537 12 5598
25426 76 38859
13909 88 32912
4869 12 13386
7487 28 31237
9573 4 32336
8015 81 34109
1265 9 30946
44392 45 48038
19214 73 47539
24881 60 41963
19295 83 47292
31700 82 37805
30293 18 35827
33671 95 47991
11378 58 48704
43850 14 45574
35141 5 42071
11140 39 33649
37634 69 44834
20898 69 21416
16596 26 38865
29137 22 37651
1529 56 41485
12013 31 37476
25064 85 28221
22237 67 42740
27473 66 36903
41622 92 46607
41021 16 48300
21428 17 30419
4493 7 44572
23550 60 28728
25389 20 29858
1634 22 41280
3538 49 27845
20498 79 48921
10970 25 29533
8990 32 44651
16331 80 34452
15759 57 44008
20243 75 28130
23553 78 43256
27958 95 47525
1269 1 22140
31954 8 35790
4195 21 49540
23342 65 46603
25943 92 27940
31626 76 49860
26391 18 38423
12700 82 15712
6756 52 32681
22882 34 39975
29318 89 38855
5382 79 23742
7027 3 7313
15662 52 16351
24920 83 38824
10884 94 26719
9467 67 42039
6804 51 45083
3821 64 20624
28566 32 32266
26893 48 44931
15821 94 21513
28056 5 44306
22568 79 44969
28875 13 40844
21147 74 22114
2412 9 26348
19638 77 24693
22070 88 33394
21603 6 23416
18074 76 31118
11090 79 38053
27998 77 34250
38362 28 46058
23445 22 49072
23571 48 25859
3051 46 38341
32623 25 48665
11499 84 31496
5002 74 27214
39896 35 44681
3344 76 28986
17841 58 45747
31194 59 32188
2195 4 45218
23228 50 25464
16620 91 20332
33055 62 39833
31883 34 44911
16321 81 30799
24 43 31928
29906 47 31354
25755 78 45528
10800 66 31356
25835 46 27613
16809 71 48044
4213 72 36721
32440 9 43132
10613 39 23788
15831 100 27131
39134 80 39720
2039 48 24906
7858 74 26972
16708 12 38765
8403 90 22950
14716 59 45932
11698 24 12169
20854 58 23743
13309 94 45779
471 94 22838
9229 23 45910
9405 96 12385
33248 7 46043
2796 25 5488
29752 41 41844
32017 58 39325
30701 27 43305
29409 37 36452
9601 46 40006
33287 29 46032
736 38 42065
26337 95 38400
41762 47 42292
1363 40 23180
8783 19 38926
10215 38 30280
21798 96 33098
32021 98 35128
34722 92 39414
9498 76 32666
16516 16 43076
30528 76 41821
31961 60 37023
24964 33 37635
21021 54 44745
38731 9 44853
5279 15 49596
23422 55 43446
13734 39 19523
25801 97 35556
31840 5 39248
17835 11 31533
17350 17 20657
9115 22 30052
10536 94 35301
13187 79 17632
30197 36 37968
19190 23 46192
3774 65 10360
9699 50 46793
28137 81 48167
23965 15 39074
3327 70 27886
14059 3 42686
12034 57 13042
21622 4 36257
25508 43 39248
8563 97 30253
38477 31 41348
4617 3 31950
14726 28 44954
23024 24 44141
28679 79 40304
19624 25 31850
37593 41 37688
14313 51 43593
37288 46 44760
2336 97 44320
35871 2 41016
25643 93 30181
2736 53 10330
1390 89 24263
22923 81 26364
4251 7 13799
12822 68 36958
16 98 36332
19918 85 27281
16374 32 28561
28380 47 46723
23840 80 48357
2688 62 21941
2652 96 8418
18348 57 26861
12715 88 32530
19408 84 39713
22006 10 24652
9954 26 46614
13774 55 29981
24829 58 25640
480 61 33452
29030 66 32933
20626 4 48305
36044 23 47847
28653 85 34077
24483 69 48043
18976 6 29551
6855 89 44608
13641 36 19210
9105 35 43910
6002 58 37203
11858 62 27195
9127 2 17779
29737 13 45936
32455 9 38749
39936 31 41038
36007 35 40952
7183 55 47382
18273 30 28835
6942 31 28357
38232 28 46041
32485 57 37756
2626 60 22194
9724 9 29159
17942 50 34266
13975 19 28454
2414 2 29546
9446 76 43922
17680 24 31469
18080 58 20800
21136 38 25565
13811 61 39961
7873 43 30360
5555 14 8890
42265 45 45048
31239 39 35621
25567 1 35044
37850 68 46206
8735 54 25933
25969 68 36817
21354 44 25723
10091 95 29554
9207 32 40984
31609 40 35627
8642 81 30601
6221 22 27690
17157 22 25084
30889 37 34816
33594 19 38105
18230 45 35984
8484 81 36793
26597 28 46645
22393 43 22502
14699 82 31915
5843 7 34128
20552 62 40353
39738 66 44736
31679 26 34645
8204 25 25046
17115 43 25371
81 61 40829
3712 34 37489
44106 72 46283
27759 78 45585
38614 52 42428
12548 80 44567
10954 7 21969
34538 40 38443
8106 24 24052
21506 53 30576
33081 25 42391
8721 43 9140
20648 81 34488
35907 34 47545
11723 75 17037
19488 93 34236
31160 62 48875
34584 54 41437
42971 26 46534
23135 70 43321
40736 73 42672
13889 72 26861
29731 42 37075
30380 25 33678
6873 88 45384
13537 89 32811
38783 28 39640
5136 26 7004
34474 59 35196
35988 28 42771
18786 60 30157
55 52 38417
26308 25 40251
5464 61 33677
13636 44 26163
1343 62 21768
21526 14 42796
18655 29 41507
21091 82 45565
3811 54 36008
3092 80 27241
3280 71 10424
21709 50 33126
18368 2 43583
36251 87 49711
27307 72 44186
346 21 3208
18362 16 26918
32072 36 35060
7796 56 40682
16073 62 33443
23745 40 35011
18825 7 46640
14233 41 39795
1435 57 34164
34646 87 38410
16667 28 43175
11734 34 15052
28632 18 39207
45209 3 46690
6513 94 34674
4679 1 11722
26606 54 40715
3244 81 26314
8840 65 23016
32748 73 35054
15511 43 30307
26320 43 45196
31758 99 35323
7358 98 24584
9453 33 15571
6255 65 18480
13840 68 47786
23698 29 45321
2318 50 34690
35507 80 35770
11254 38 47643
1819 92 49654
8369 86 40110
20233 13 26464
6030 82 48829
39321 16 43837
26215 24 49302
21596 63 37108
1482 86 17068
1593 47 24527
26305 24 33486
21418 90 32409
3290 69 12309
6508 30 26645
32938 11 40161
19978 3 29209
3348 17 35809
5704 89 17991
28523 27 32254
33690 58 34974
4919 26 6363
19562 59 35048
15282 92 18481
19497 79 41684
33653 25 38846
29238 39 47639
21927 60 37090
25035 85 44448
23608 45 24272
1141 98 49956
22138 38 30345
29749 46 43030
17992 92 32551
7763 61 43061
10544 83 39599
13168 19 24153
3592 34 22821
29537 77 47883
36854 58 46182
32478 42 34815
9413 41 36964
32328 6 32713
33110 19 40611
27692 26 37922
17970 28 36842
33693 13 39662
30432 50 46224
13891 21 33347
36835 76 41876
6747 2 25505
28206 24 43820
2194 47 11711
18056 68 30059
19504 67 43254
3872 81 28995
28165 66 40452
15992 28 38322
4356 89 28829
23278 16 43394
6066 14 24327
19335 11 35563
22249 55 32996
8443 34 36908
19684 81 42932
2397 88 26720
25975 67 38995
17659 72 32532
6355 12 13211
17625 73 21729
37277 6 41097
24352 50 27888
10466 86 43334
16601 60 37880
26664 5 38246
27572 26 48443
13338 34 27473
31130 66 42861
29258 74 47981
11192 8 48640
23145 24 45393
1199 91 42843
30280 11 42865
45225 56 46139
563 31 24630
33382 87 38483
20452 55 29950
10206 49 31507
23389 82 30200
30088 10 36345
7943 28 28446
18316 40 46375
21634 29 34388
15584 21 28948
34617 54 41003
4938 20 25672
31778 52 31955
2889 78 3753
36404 50 40337
28797 57 29138
7180 29 35030
6027 60 45832
23733 65 45695
36292 51 42379
35994 65 44387
5044 58 46187
29223 70 44008
2240 27 26345
36883 63 39179
16460 40 40646
16338 48 24600
912 27 4243
28394 38 34608
26223 96 38240
30101 91 32022
25236 56 47598
26342 76 40607
46918 67 47380
22116 76 33670
579 72 16469
34551 85 40634
8839 58 16494
1408 91 42817
33480 17 42207
17657 98 34540
22151 1 46436
4700 25 39999
206 69 9839
31054 3 41054
31979 59 48698
29712 30 30228
26878 2 49692
9621 99 18672
16896 60 37717
41403 4 46129
20336 23 36811
25491 83 35095
20585 6 29364
22099 96 37287
4020 16 32099
11306 61 30333
11611 65 41272
29420 41 41745
21908 54 37879
7959 73 9764
2155 76 47532
24737 89 37990
4308 65 42473
30004 62 39548
29132 87 36116
2811 22 19271
8550 60 33064
14368 37 29747
22948 77 31147
32378 79 43154
19156 100 41934
2964 14 41215
3359 2 41876
30906 69 31274
20856 99 22603
29582 20 35790
39075 62 39430
25524 77 39243
33757 43 39175
31597 91 39093
32862 43 37059
14254 13 28626
29333 57 31919
7987 48 42047
6328 28 38281
13981 36 40768
21452 30 42487
32123 72 33917
42773 90 46106
32222 35 32729
26617 54 31185
8444 90 28654
9571 78 22204
20054 43 41701
34800 71 44868
39747 19 40302
36626 7 43505
15714 87 46064
6326 97 49802
22002 100 44213
31265 41 36897
32097 99 44594
5548 79 16286
23432 96 39601
13855 67 39139
41591 86 44569
36939 43 41363
4272 50 20359
26397 71 38563
24581 21 47082
3196 53 8483
18189 85 25014
5288 45 25085
19016 63 25815
36387 71 49545
24158 18 37036
3754 43 43653
33864 46 37506
17071 6 29208
2232 72 46806
14849 97 26641
40068 12 45465
10638 26 28725
28467 47 35071
3566 23 30103
31410 29 33844
18050 63 27784
28644 96 40327
3394 16 25803
16584 3 38042
2895 39 31800
43789 30 45336
34071 78 49247
16641 12 37790
35538 95 36918
30341 92 39012
24429 18 32902
17417 14 40110
21618 2 41868
2449 22 18455
22230 46 41665
18756 17 30962
3847 56 30032
19079 87 22145
28562 40 37210
11726 92 41719
14362 34 17165
19210 56 28592
19969 64 37894
34125 42 38653
22067 99 29721
2294 30 35600
1259 31 7199
26907 47 34909
3372 36 20067
22240 16 49993
1259 87 28203
31777 62 49519
30604 44 35532
13330 30 38025
39831 79 47588
8081 34 48835
16847 12 45056
16943 53 36920
14108 62 36830
20545 86 31648
2552 5 17016
12751 74 48230
18885 67 40177
2498 83 27226
31254 59 46645
32171 38 47624
30124 5 40993
3018 96 22051
27275 23 33549
14523 20 39258
12966 73 34740
20657 45 31979
15304 95 45072
34079 9 36144
38095 69 42977
18916 60 40472
33169 35 36204
30387 43 44660
25817 73 38376
6211 53 40587
5114 52 45014
31682 22 46546
32280 5 40020
37463 17 43088
