1000
39762 30 49570
17365 13 28947
5994 77 39209
1552 51 29788
25307 14 49396
25906 41 33505
14306 5 44971
31512 21 45014
24821 60 45705
30549 18 41258
33135 68 45539
30182 87 36252
19782 47 26902
17181 79 21076
25694 40 31298
26659 97 42069
1356 9 45859
23838 21 28976
3122 98 6433
34375 21 47172
1867 51 33977
9428 15 47373
16614 85 27455
38027 88 46957
1029 1 33877
1145 71 27944
6594 85 29186
27610 96 39227
2188 62 41773
8015 55 11460
16231 78 20575
4079 3 42665
11888 22 25293
28998 79 44841
31004 28 47596
5437 57 42036
34921 100 36174
43995 44 48803
8187 75 40931
11558 72 29481
19752 9 32134
35768 66 45352
20318 21 21833
16209 32 33502
5233 46 28043
27190 49 45296
44525 69 45137
24978 60 28222
41087 88 44585
13736 41 41003
10960 32 24940
34535 61 44887
29794 5 45997
3378 57 12069
11752 68 13667
9250 47 23369
9200 52 40658
29488 79 42256
12320 21 33179
26205 36 32922
27590 66 41814
12004 94 34598
4054 21 33640
16057 45 37756
6747 91 42470
11781 22 34032
16357 11 28038
13280 62 44128
14242 75 28584
837 62 45139
21972 58 28514
46919 19 47658
9297 83 20124
6237 1 25499
31662 82 33280
5625 50 20693
36018 43 36071
20597 43 28524
27704 100 33273
1800 77 35327
2479 27 23790
5325 79 47013
22668 44 47620
27753 7 38982
35212 72 36621
349 55 5827
2815 71 13030
25103 30 35423
30703 49 41641
4874 7 45987
14927 92 25907
23782 6 29367
1122 20 5738
28104 71 30605
39090 38 40187
18369 40 24843
36613 26 49445
16514 84 18109
24136 31 29633
30945 65 32235
23117 37 30502
24889 39 26045
26475 20 44265
19129 100 21358
5664 32 47646
23894 90 45993
5541 95 7817
30856 98 33778
9205 81 10836
14341 8 44133
13030 4 38408
2222 17 14109
24341 45 26344
30149 41 36748
486 61 18739
35641 22 35695
23625 46 48111
8387 97 42467
31977 75 39176
33885 41 38240
4018 13 40173
27859 61 31595
18897 46 46132
15809 82 44019
7486 59 31809
23188 18 27534
24988 59 34814
1755 4 37492
23617 9 46364
25860 12 44168
32285 47 40418
29310 14 34274
35663 23 36883
7230 90 48134
30400 23 34218
14908 26 46769
7117 12 32689
2948 95 31191
31172 98 33746
7042 10 25803
27263 16 39638
15363 44 39894
12237 90 15445
10404 60 46177
20211 67 41297
10813 37 37047
29618 35 32877
14263 32 26498
32751 55 41035
21098 6 33698
20657 55 39729
21231 71 28062
18013 87 47943
5177 77 6422
16006 85 23470
29188 22 36829
3298 31 49134
8335 46 41899
21119 19 37324
28569 22 33824
8122 87 31959
16016 82 45538
9232 35 33093
18097 64 23394
28095 14 36076
13092 49 22452
23528 4 43955
24724 35 34987
7688 42 39694
18980 5 30542
32061 89 44040
18164 80 34888
46067 47 46367
27134 42 39223
1247 4 33006
18346 92 31161
34262 63 35095
40388 24 46066
24162 1 46579
40388 43 40830
18631 26 26282
5535 14 43732
13936 35 24683
21148 93 34058
29423 80 34373
36768 63 49920
7687 58 26851
20441 56 27161
12891 15 42571
9415 76 36501
2692 72 28797
21520 36 27598
1912 53 25593
23629 72 34563
25571 56 30711
8333 94 40291
26916 56 34548
23319 87 38238
15192 82 47881
8901 26 9096
26298 34 29657
15668 84 30676
24665 28 45664
4746 74 6509
31995 45 46803
13519 30 17011
35141 30 47427
2599 95 30252
35189 68 42880
31096 25 40546
11880 72 14130
4391 32 13287
44056 30 48459
34844 100 36561
8014 76 24626
30473 29 32998
12047 16 31445
772 36 13840
31499 78 34100
24509 77 31395
25686 31 39486
29011 100 29298
6420 19 33888
6741 30 7280
41378 77 46677
27474 49 48497
20395 63 24868
1052 71 44381
1204 82 27088
16032 70 31112
1057 76 27372
10395 98 44162
467 3 48577
17444 65 28529
19738 49 43403
7338 79 31062
22869 28 27331
2098 43 13966
8492 86 37313
13554 8 40529
5516 9 48651
18758 64 35374
21991 17 29695
33095 19 42471
16007 6 32360
3570 14 21261
45097 94 49769
25336 73 26760
13369 40 34057
3933 74 5637
39636 28 47656
535 69 692
3930 88 33057
24114 86 33437
33142 55 33538
25321 78 35368
33218 96 36873
34030 72 35916
14447 57 23497
14097 47 24373
31934 91 34374
33265 24 41716
29233 38 32124
12000 22 21739
1005 36 5991
335 33 13197
17415 37 22596
16851 87 48248
1455 62 7388
38711 97 39895
11389 33 39057
26633 61 29564
11686 20 46646
813 17 22449
28641 7 32624
21533 5 23223
20507 8 35891
2904 82 25771
15459 59 21466
24304 88 42457
2709 28 7605
3219 57 40452
7290 30 8359
236 73 11455
33832 90 40085
46769 65 48756
32728 98 36429
30019 67 31945
39188 71 48567
22191 95 39341
9797 19 42375
11474 64 24478
21712 90 36854
4887 5 27883
21281 81 42586
5952 31 30274
20610 69 36576
14857 29 32596
29011 25 43858
24057 98 24342
19673 21 21674
3810 94 24489
18655 47 34401
31974 32 49330
7952 40 46812
24502 73 44818
28019 90 49009
15047 51 19973
5935 71 37406
10738 28 33795
14427 3 38658
46155 54 48199
23998 57 43989
8619 40 37588
31920 76 37571
38469 49 45334
49139 41 49467
26515 91 43082
29017 12 32717
30214 59 37144
2411 1 37015
6006 15 22848
39654 5 40449
864 79 39640
8464 39 25510
28269 43 28887
41021 4 42316
32791 49 38609
936 97 43139
4813 75 35128
9817 2 29115
17589 21 24073
36077 66 43755
7912 97 30119
1424 84 15772
20704 57 20929
39974 53 48622
3032 83 46204
17950 34 38405
31635 17 33261
4879 32 18647
34367 10 39876
27295 11 41668
23956 63 48347
21868 92 24364
31932 90 41031
1150 7 45505
7210 64 35177
24089 29 30028
6623 5 42979
39127 28 42735
14307 51 40117
30510 79 43903
31055 76 38861
3279 14 19101
32096 66 47425
40101 41 46883
23583 100 38202
2777 30 46134
20324 3 34498
19954 27 33430
30744 76 40928
33955 65 35928
15597 74 41620
5115 92 30768
4246 84 47738
2162 71 14553
36302 88 41337
28498 48 36902
11928 5 20135
29582 15 43050
4920 72 32518
27857 30 32420
29608 61 35161
34027 47 45458
14016 28 27763
26664 68 47827
3048 87 4148
23607 23 32681
18295 83 36440
6743 95 38626
29399 82 44542
8489 46 40670
1813 66 27039
9826 6 44740
3712 75 13180
22911 48 27868
33780 36 42844
2330 16 27305
25388 73 33110
36375 56 41921
27082 96 49076
9553 88 31208
914 56 4512
5633 42 43696
3084 24 12956
29207 59 40188
12489 88 29900
13431 77 33017
21441 50 34916
1828 74 36289
9406 32 36050
736 73 41953
24965 91 33667
25916 32 30610
4997 56 26209
4759 38 19306
6557 2 48881
11644 84 13482
3023 19 34295
37008 10 45780
29641 41 34146
34245 68 40843
5016 50 46079
12906 74 44869
5508 49 24524
27745 88 41233
7163 47 33634
33072 80 42318
22357 64 45996
26112 52 38142
30215 64 48741
27868 46 34653
28575 74 32809
9728 71 49270
7703 13 32188
35755 6 36731
20382 34 29673
23571 38 27618
3183 67 8099
24650 77 35528
27446 8 28027
6861 28 31590
34901 6 39772
39146 81 39270
8578 86 39680
17002 13 34848
23688 44 40788
27198 7 45671
22460 60 27546
3269 94 32112
12389 42 33402
22229 32 35351
32972 14 38243
10204 76 42422
20064 33 24255
36840 87 38600
3057 51 29598
2042 19 30588
9844 1 22460
5598 20 26448
12438 100 23861
32829 72 34976
10751 83 39985
30525 24 48683
34524 40 43053
26440 55 31032
5010 71 47701
30781 56 36497
29953 65 46044
11216 56 39191
35363 29 45655
3563 82 20579
12916 37 25680
30983 79 36635
5083 1 22228
22977 43 26607
23484 24 24300
20164 72 27544
38065 52 44137
231 94 42164
22565 57 42428
38470 2 39162
32587 54 33257
27480 100 34025
33961 80 41404
2150 50 49391
48759 53 49835
33816 17 45284
10921 36 44764
22895 60 29835
29630 97 33510
17448 14 33295
34572 12 47726
37008 27 43445
14313 85 29664
1888 62 35943
15302 16 31127
15818 25 17391
22151 38 37597
7269 83 37757
5209 9 29370
14501 29 37800
14235 29 35021
3656 82 31808
33895 76 35664
30155 68 40491
12786 63 37084
32824 11 38003
1187 9 47252
26930 83 39108
14221 37 29169
31483 24 44048
15128 98 21671
34633 81 35319
22747 1 38129
31672 14 43227
23322 63 37640
37680 32 42908
26211 57 31339
28790 24 36829
22485 16 42991
20691 64 31604
30777 14 38886
22375 77 48022
2440 55 31453
667 41 39531
10292 37 27662
12372 66 33211
28125 53 41988
27271 95 43869
11084 76 47380
10068 34 35976
19621 5 30623
488 100 28566
19367 37 34513
38923 7 44227
8598 5 44813
20573 50 47103
25122 4 30368
28090 48 31475
13133 63 38510
35800 81 49304
26952 18 34628
13569 85 41675
6353 45 8386
6523 79 26048
4571 14 40254
12012 52 21804
41274 54 41391
22912 9 29544
3849 43 32765
10819 78 48401
31869 42 48699
8214 77 34087
11024 27 40904
17551 41 46519
19603 20 48514
25595 37 34329
45203 56 45817
16181 85 25331
27056 43 44527
31026 97 48462
5500 69 39096
29389 47 32678
36070 86 41335
23819 51 35922
29742 31 31365
24265 31 28809
15808 37 42916
10604 88 47313
18043 14 25586
38797 17 39090
14263 8 36936
5889 92 19176
30074 19 38704
32636 34 40115
39725 5 39914
9707 81 46641
19580 16 35554
28124 19 29955
31348 18 48007
24220 35 32368
9424 41 34990
22279 53 25911
41717 37 46014
32542 15 38946
10373 71 31318
6129 50 29199
372 44 7663
1020 63 29130
7185 26 43615
17716 7 41309
2209 76 25499
3332 24 37784
23586 4 33894
23794 41 28603
15192 5 32413
34057 57 42062
27959 4 32974
14376 11 15979
985 66 27948
20084 10 47554
22145 46 39273
38487 55 49943
27578 59 38846
11019 100 40637
23637 12 38092
16744 2 31443
34960 72 46001
12686 61 32250
28337 91 28730
11074 39 34345
321 14 36721
10042 92 39251
19630 87 20853
17587 16 43899
24195 47 42078
27648 44 31047
24026 27 27367
39887 53 43570
29679 50 29789
32587 66 40456
4488 49 43553
3170 22 31394
19364 37 27937
20697 25 30881
36774 29 38486
31162 74 42791
17774 78 27100
11676 7 31798
32749 12 45032
29790 60 43858
25043 2 34399
3583 11 30776
3578 99 28937
23748 45 40300
31394 77 36763
18396 29 40764
11344 86 22475
22358 78 44683
24037 95 33543
37221 81 43999
23101 92 27560
31692 4 43127
16381 14 37259
44942 75 47459
15333 72 29488
7462 16 29061
31511 76 42164
9676 27 10866
35996 70 48920
27021 17 37545
39609 77 42189
20564 73 25388
4749 61 38992
14693 42 20514
16441 93 47765
14525 30 41552
903 63 14179
14072 53 22965
18359 14 18631
12235 25 44782
27537 42 32348
31312 40 38127
37243 97 45323
8957 32 27808
15595 7 18178
36679 71 46446
5451 72 40896
36447 20 38757
17066 9 49736
29612 41 32013
30046 81 30605
14777 26 46704
13121 22 41237
9282 95 41197
22721 35 27881
18135 31 45235
41501 91 43072
36384 50 47709
2542 19 49857
36433 18 43735
22754 52 26676
625 75 28717
9080 30 29574
21650 64 25662
27684 46 45663
30968 85 36522
5281 94 35394
38148 89 38254
27678 18 38099
5299 36 37039
13534 16 46685
6427 30 8384
13038 32 29222
32003 63 48971
44744 36 46300
3921 49 28124
8734 75 16743
16339 36 45314
6991 92 31666
14334 43 42614
13786 76 42761
31608 30 38169
13251 69 28342
40475 77 41689
27996 23 31258
13467 57 18133
31472 20 40030
22751 88 39389
7873 28 12704
37473 71 41534
5469 99 20678
33920 96 44844
93 59 37214
3752 5 27118
23431 83 30207
38076 69 49446
22915 16 25881
23095 21 37191
13913 87 42742
20937 72 39828
3727 85 30599
3867 14 34395
32267 47 41795
20681 99 21608
5543 93 38585
37581 86 39009
1329 12 31095
17125 96 22533
7906 53 23636
24481 66 38250
34943 30 44960
36173 3 42633
12441 64 23468
24384 25 43930
25663 34 39533
30664 50 47444
5995 73 20262
11644 52 28982
31414 67 38715
33513 48 35794
20973 46 35594
39727 17 40966
4033 85 9868
21615 91 22719
3288 19 30990
12547 66 39204
32768 14 34606
18973 98 37026
33177 37 39056
7737 70 34309
1570 96 28029
4829 32 41017
14252 57 31122
17646 26 31233
24352 50 26414
8162 71 37393
17135 20 21885
29266 79 38296
28412 86 42575
22313 11 49596
2570 23 9943
30171 6 34574
22388 51 38086
6424 9 31102
30399 30 34292
22891 85 26744
34192 51 44323
21583 59 38621
13652 33 33570
34341 86 40702
13908 95 27125
32984 55 34623
426 86 38682
19402 74 42071
15563 2 28747
9755 36 34226
19258 39 47251
22737 45 37113
23521 51 45693
29123 2 43434
90 11 34232
38172 22 43649
37531 75 42573
27940 63 31444
25153 32 46543
18279 30 36247
38915 86 42348
11619 70 36038
11265 31 27385
43977 5 44367
10832 85 25794
10347 55 22206
32534 1 33338
5229 98 27277
22194 43 22916
6381 93 38749
13631 76 24547
25454 32 45038
16389 88 24696
33998 95 42049
14227 54 33306
1701 25 14819
27317 53 45469
34779 53 44200
27180 6 37471
14111 60 36459
19127 34 43657
6395 15 31384
36219 83 43632
17137 66 36695
16180 33 25559
13969 52 24534
13538 27 42668
4429 51 29464
24708 30 28282
17416 75 35990
10194 18 43556
8824 55 49572
4138 35 39941
21954 62 46299
30328 54 33448
11555 26 31487
21929 39 26094
21766 35 41506
14635 29 41538
39327 27 39417
31673 30 32626
23671 36 23852
8488 40 25565
28752 79 29748
7987 81 18466
19802 20 36396
32183 63 44589
25672 25 42451
14758 37 23941
4845 16 16755
4907 25 17816
41961 72 44513
16794 60 33276
28805 84 35841
29573 25 37192
37746 90 49597
38013 27 45364
15148 68 38311
17448 47 44063
21817 84 34782
12725 16 13761
33268 59 39163
23119 1 28389
30409 45 38416
2050 55 32283
13830 47 35062
802 6 30071
25697 22 39079
8122 82 35767
24305 83 48649
32488 41 39049
36514 65 38099
18839 5 32687
42371 21 43613
26404 48 46494
13418 33 41462
12295 96 26727
9447 44 33755
9127 75 11806
28246 73 38758
15608 78 26737
5423 30 26926
14136 59 26117
26057 65 39609
33406 65 39469
20645 49 27349
33474 14 36214
1236 14 12119
35233 53 40918
10111 15 21371
22705 75 45537
13236 46 25258
22551 75 29147
20333 35 43027
1789 89 41597
2808 65 2875
28194 96 43483
24598 19 30453
18098 15 32086
120 81 39127
42188 97 45919
978 5 35755
19817 8 28749
20675 33 33330
36794 83 46626
2173 80 19736
34870 96 40420
13944 45 37093
34113 86 42978
34482 99 34876
16436 79 30487
1746 44 32798
42517 54 44682
35604 28 40826
2221 57 39369
17447 39 19196
20504 95 34675
28068 5 46622
17759 14 22846
9089 58 31174
38763 18 47034
25091 87 40314
15634 24 36480
19362 28 43721
19686 13 23857
17127 77 38547
34100 51 49801
12253 13 32975
9843 68 35741
1487 52 22131
38334 28 45705
34019 60 42551
36260 90 47160
34120 49 35118
15955 65 24673
19658 46 25552
11213 50 44367
2546 93 48907
29923 65 48666
9817 11 12460
27688 56 33299
17229 27 35679
27385 57 28321
30172 92 42490
19759 46 23740
25997 73 42983
14486 28 24427
40637 87 42109
10060 9 21767
23698 34 47685
12108 35 26296
35133 4 42497
12605 93 31411
12493 51 23088
6482 97 19146
6861 9 40615
31958 41 39228
5565 96 45792
29437 18 37213
15674 45 21152
10869 22 24232
30591 53 44875
11352 83 19076
27877 38 31924
33600 45 40723
11042 6 49800
1682 11 34526
38891 76 41927
13497 49 42341
39290 9 42927
19012 100 31916
28778 31 30714
33994 93 45452
20108 57 44288
30657 32 34990
16547 42 31154
7558 81 31652
2519 8 29293
19918 56 27076
27727 35 44794
29691 58 30910
27493 44 27866
11094 34 39190
7618 13 41894
3501 90 25572
44146 82 48744
47671 33 47833
31202 52 34692
2865 2 32143
18388 89 44668
27623 50 31364
1702 94 34231
24758 63 44678
17437 68 38774
12187 26 23319
15019 77 22092
14564 100 35637
4192 7 34999
5103 32 39264
26025 21 28237
17054 25 48509
35169 8 37683
20481 60 35259
8507 61 34225
32658 22 47555
713 94 42415
10635 7 45265
5686 83 27996
45926 37 48629
10961 67 20239
33751 60 34887
17748 60 33765
35234 62 40948
32297 8 37306
15658 49 31714
39720 74 45000
16027 46 19741
2653 63 48750
2442 43 34233
19998 20 40719
15906 82 36530
