1000
29136 22 32043
5325 57 24936
27 16 20621
6641 49 26181
24565 93 37817
14246 82 29781
15074 14 27885
30211 47 35788
36648 74 37415
19658 32 36013
1340 65 33805
27468 8 29791
4277 63 28547
39388 54 46420
12108 18 22861
6984 21 25329
26291 45 47611
15603 90 16522
36067 36 45760
8033 5 27531
27291 85 33410
31177 8 34762
15026 64 15417
35941 61 44832
28762 98 29180
17527 98 30654
28466 7 39061
4969 30 10625
4423 22 8250
10743 97 40254
5456 86 40951
1548 82 4656
19481 85 23073
20467 98 29313
32069 43 35832
31953 51 34424
30997 96 34975
23746 4 31476
23844 27 44798
19471 31 39996
4058 41 30643
24754 62 26863
8894 36 20828
32002 34 43101
6534 5 41680
10059 46 12022
3873 59 29865
25681 69 29958
24116 93 29232
13721 50 29076
18583 25 25018
15953 92 24586
38799 36 47333
1149 82 13843
43300 15 47010
31958 22 41799
29410 94 43928
29557 34 48034
16980 45 24813
17602 100 23958
28875 51 33132
9526 1 34468
31248 32 47185
31079 33 39792
38883 96 46368
36343 10 42557
22506 81 45912
25810 79 40591
24361 63 26983
40312 69 46118
15167 73 29253
5363 76 25117
23418 58 36608
9461 51 48257
34520 58 39692
8917 62 44024
36931 41 44876
33663 43 37681
33748 63 34298
18261 75 28258
15466 93 35436
21423 9 29713
24894 32 32859
15105 90 23866
12272 4 38752
22095 33 40259
9306 3 21650
8291 4 22028
38536 59 41263
25767 55 34288
11508 5 32400
2897 56 43725
29618 85 43078
969 91 43021
30155 83 43136
21359 86 41635
7529 47 9403
39050 69 46058
37626 15 44650
38941 21 44059
16970 55 40029
10486 20 16455
36884 84 47883
5495 12 21941
9955 85 35532
40290 96 43914
21278 39 22166
31912 8 37302
38266 74 39765
30727 31 38833
32264 32 41058
1673 58 10611
16526 53 36539
256 26 3732
28225 17 49850
25784 27 47055
5725 44 38881
14852 46 42922
6341 5 45023
13037 2 19587
24046 68 49215
16626 36 23035
16412 32 47102
7590 46 24835
19288 4 31336
15453 83 24991
8859 62 31614
10214 26 36882
34374 100 45269
10029 53 10976
15211 13 26527
16922 85 40487
31459 75 33457
37153 100 39137
16606 19 22060
29206 25 46422
20002 35 21712
16262 92 32358
17948 77 35751
20377 97 42201
38114 83 48837
25592 27 32659
7520 84 25637
23654 51 26271
2938 47 40299
32200 59 37495
10046 19 44268
13866 29 28913
22310 21 33867
1388 4 4899
17187 6 42065
26079 65 49126
22783 14 37597
23411 100 35535
17853 41 33760
11340 44 28160
1410 47 25324
14145 47 15014
14165 19 32203
10078 79 44281
33613 77 43051
44038 80 44288
20061 14 20644
34083 99 35662
10221 43 29971
327 11 18824
6787 79 40263
30126 40 41900
2717 8 31739
20642 95 32653
11236 46 29109
8372 24 29539
20493 95 28739
29967 54 45755
7075 75 40912
22102 17 22182
3884 59 39728
3100 30 40131
10417 100 47601
28675 37 49234
3633 77 10753
613 91 32916
22316 79 39448
22739 100 48938
15025 50 35373
40675 50 44813
7276 88 38157
30441 40 32556
41913 62 48219
16600 83 35881
15923 53 28689
4292 38 40744
22742 33 41507
25876 54 28374
34771 33 43681
2253 66 44379
18462 20 38836
4111 41 37698
611 12 11627
20995 17 23046
19031 68 33177
39036 13 44932
43531 43 45567
35413 64 37393
24082 9 27016
26909 35 28781
38261 12 42929
6149 96 10871
13191 63 27765
35475 20 41048
19487 61 26557
14047 58 46148
35914 99 47821
20891 41 30705
25683 17 38312
20510 39 21381
34239 7 41676
22194 90 37326
29063 32 49942
14780 9 17376
29663 75 43933
26675 14 34109
16052 71 40433
23951 20 26461
22748 56 40093
7499 80 10466
27253 23 36776
23521 4 42997
1756 90 6808
6132 78 41989
3845 91 26405
47607 55 49013
10998 38 39958
8197 87 27370
22768 97 23516
45353 56 46793
39547 71 47841
32142 87 45667
8203 97 22964
23381 54 24776
9132 77 23700
372 41 49083
30056 39 34756
21105 55 24344
31006 77 34908
21322 64 26538
3756 57 5448
25012 27 47302
30343 60 33057
15926 48 32615
23244 3 32654
26401 93 27354
17919 78 18308
30606 49 38921
23753 8 24190
12326 65 42529
23567 25 45471
17240 88 32380
30388 50 34907
16233 80 30913
13133 30 13357
35189 61 45538
8717 55 15918
24802 76 43796
38927 80 41182
31122 53 39768
20145 35 33778
998 81 11180
28623 47 39071
25775 68 27057
29210 17 42407
2108 85 32310
6975 22 30831
9371 2 19173
6038 19 32712
21713 9 34605
35840 93 42111
33834 40 34657
11706 96 15365
27888 12 46857
25397 17 46247
13640 90 34598
25673 54 45779
29578 41 34472
21264 11 36577
28114 74 34563
28051 91 44061
23385 77 24957
10103 60 49147
28063 7 32727
29682 55 45449
38670 42 45073
38766 67 48031
26275 16 47091
22696 21 48212
15651 58 37478
21005 27 22497
27274 72 28963
39915 46 41842
23436 48 41331
11673 18 21156
6399 7 20710
21665 2 26819
11323 67 17031
6721 83 34003
38194 85 41289
32269 3 44452
28241 57 28314
17223 67 48474
7279 87 10485
29167 72 47545
29481 62 45555
17131 18 35549
4666 75 48395
12750 23 44692
26734 92 29854
12729 26 26995
19665 6 32955
40276 13 48293
29049 64 46948
35289 46 35496
15008 27 19983
29800 78 31839
27097 77 44811
35774 36 38272
32652 50 46278
9519 59 41075
23788 94 30224
9499 38 32989
15897 4 47201
31725 17 37780
16 18 44902
25855 15 37147
3799 19 16020
17864 45 42748
37862 60 47910
23804 42 39005
23021 90 23593
7710 5 39560
22552 81 39490
31212 24 46717
3623 56 27847
1504 37 4727
590 3 45889
23815 93 48605
34865 10 42237
18703 62 18849
9494 1 36135
28820 20 37575
17659 91 41341
24142 30 27544
6111 97 38062
16208 67 31146
1394 38 42878
43447 28 48261
15990 75 49459
16591 51 43897
44914 93 49515
12271 53 19959
44768 38 46514
10359 5 21009
1201 43 10678
19344 21 31613
11878 85 18080
10989 5 36810
6650 16 33661
17561 2 21541
2177 9 49318
41869 53 48572
18282 6 43412
16946 20 33137
5689 62 17047
8713 86 49537
7150 29 23343
32567 30 38131
17376 63 32300
1137 15 41536
22022 69 26547
12592 48 24370
3885 38 35743
1606 49 35212
11420 84 44408
32758 70 41817
40166 88 48502
19735 15 39892
12428 81 32972
8876 13 35955
15139 59 42184
21430 21 41912
10005 36 22944
20790 36 44266
10630 52 45215
32122 1 46702
182 53 31913
10245 91 34642
17540 53 46649
26667 89 38783
32936 56 39311
26282 23 30636
8171 29 9343
35251 29 49881
17013 2 35910
7192 37 19304
24650 13 36943
17311 21 38880
33539 55 37817
37110 21 45163
18983 52 27323
29479 11 38007
41259 92 49590
17037 35 47419
31243 78 40111
27200 23 42083
6345 13 31461
29822 48 32410
45772 59 47883
33910 67 41885
38045 33 47096
7115 78 22771
7826 88 38581
32029 3 39993
26453 92 28166
2556 53 42499
29329 58 35259
34989 26 41074
42062 76 46907
519 68 41937
27644 55 48525
457 65 14729
32054 70 33806
36385 23 38671
3434 88 17784
722 9 21760
38030 97 46692
13346 41 33514
23361 48 30370
12271 74 41905
22791 63 40972
25224 63 49978
9492 7 33521
20056 95 33938
33484 86 47354
653 76 15606
10303 21 17638
22144 2 31231
43942 26 49669
17507 100 37559
21940 53 44622
13008 81 30284
31241 18 32378
24218 6 42364
28686 91 30919
33995 14 36289
44272 38 48600
34705 78 45350
34643 89 41088
18726 40 25478
880 91 25850
34996 31 46678
31315 30 39193
11415 38 48649
1392 67 26810
32568 7 40169
14803 18 30639
9885 75 35853
29081 23 42057
18203 9 31199
41155 89 45198
34784 15 37437
25104 16 34354
6938 58 26599
19790 50 44121
5418 86 11076
4053 43 13884
8625 50 49406
20495 51 37202
32016 62 39004
3329 97 30481
18495 18 29420
19397 45 37757
8742 19 15284
25287 39 37445
327 87 26188
26083 24 44937
22067 52 35702
38397 37 45239
33090 50 46723
24424 13 32003
7752 89 21830
4051 59 11996
3979 54 27086
41367 79 46924
3111 71 34939
5626 1 42962
20509 88 36063
38901 90 40992
30879 75 47590
15703 16 31440
31020 54 34531
6803 81 40667
14066 27 38801
4929 57 23143
4148 42 21310
17261 42 42656
39854 6 46833
29020 28 45783
3992 38 35828
12425 13 26930
35162 56 47447
13070 70 34052
8971 59 35195
25063 73 45059
34622 28 35844
33202 70 49417
29951 53 31730
18342 32 34704
9081 30 17672
18255 59 32203
28602 77 35221
5518 28 41785
4924 9 26536
35553 26 46386
19735 59 32378
14849 80 30398
17993 88 34435
25253 42 43333
20413 10 25133
43298 39 44208
28120 62 44804
5200 6 31665
15220 31 35082
40372 41 40677
5240 68 10003
6862 59 38043
858 6 46871
24597 90 45056
40202 36 42487
17757 23 35671
24624 78 33881
13285 58 30217
11704 66 29175
28605 71 30115
2489 18 40594
10165 43 29472
36907 73 48618
10129 83 30947
6692 94 44601
4112 79 37098
38601 24 42332
26386 54 35314
20112 45 34516
11828 37 20337
9027 48 38194
27925 29 28666
28708 11 42915
26686 66 33288
30407 30 36871
22494 88 37730
4831 5 35949
12987 17 47290
2205 15 47358
32605 31 46686
27804 20 30708
10665 1 41157
18773 28 30065
23969 7 46299
16871 89 22717
7169 24 22143
8122 45 23046
5456 52 23079
23478 49 42800
10657 46 32259
6155 21 40100
4211 84 47800
17468 92 47596
25646 20 43573
2039 7 10472
17123 50 32052
8127 1 27832
20086 97 33722
6490 36 37030
1136 38 26684
13756 42 40897
8028 100 49233
2438 5 16842
24029 87 42525
10373 33 41271
33232 40 35616
165 87 9889
27875 2 43908
27222 92 41716
27913 7 28053
1730 93 20893
24792 13 45096
13929 77 24513
17921 17 35230
39236 76 44464
18883 70 36980
1056 14 10049
35782 23 43875
29206 61 36641
9505 54 29475
17912 82 37088
41918 1 42676
30986 10 42968
46408 62 49305
38280 14 39327
24139 17 31919
11269 92 43173
34105 57 40445
3342 25 27994
29237 41 45796
12816 9 13658
171 4 43578
4010 90 12838
18663 81 29269
43102 89 47630
7329 8 26840
43949 90 44670
4645 66 24608
17457 75 17670
20523 38 28779
20062 61 21660
19474 38 44748
30463 41 32773
6016 47 42676
8412 95 12241
23425 46 48096
27429 4 31278
38485 73 41166
36562 10 42534
15249 74 43983
8022 40 32385
25904 65 37277
7467 49 37065
483 87 49377
11182 45 47002
19881 78 36852
13889 79 49003
29531 46 42591
35647 18 41547
2260 70 27724
4696 31 35751
24289 98 43616
5363 65 48269
7457 57 24542
28001 100 47973
26346 26 32031
7924 10 40371
10496 79 39304
28958 52 38000
33470 7 39358
17184 46 47420
35351 33 35630
37330 77 45305
46608 87 47489
35738 58 43651
12334 74 38141
32531 44 46132
18127 18 24352
32448 25 47832
10140 4 43750
15865 26 29876
29613 20 40446
6363 3 23938
21082 21 40800
24554 44 28425
17115 20 46520
7916 73 38144
8292 34 30600
31437 27 37128
35917 26 38188
11030 41 27961
18290 48 36170
33740 47 43757
9084 14 40264
24008 47 45070
29835 70 30809
11495 12 35769
18469 74 36401
11675 28 43483
9523 47 16199
16962 77 24219
35180 2 41100
22184 27 42097
9278 86 42044
45717 90 48035
28968 98 29408
25582 28 49691
7104 96 35513
23309 53 39167
22468 31 40729
43962 66 44138
6322 81 33033
22193 13 43081
22804 19 31085
31866 28 37963
5082 95 24493
1553 85 27426
22760 18 30117
28377 5 43598
39913 44 49304
11898 35 46764
21644 69 48458
12957 86 27483
3170 94 27615
14955 39 28135
31905 58 36108
5306 95 23158
18877 48 30189
28962 66 40345
20271 48 47065
12493 71 32542
13596 65 18741
28381 47 31182
26027 94 37198
17786 26 44555
20634 13 30295
21469 63 22493
13195 8 20919
5915 93 21585
15210 82 38005
12592 87 18097
15522 94 43670
8375 31 35776
32452 64 33065
1686 73 14660
13708 31 19058
21973 1 30265
37992 13 47799
2277 29 32574
24560 6 25902
32084 86 44954
6684 38 39357
8608 1 37288
19363 21 38486
22297 75 29665
3331 16 31738
36041 91 41168
40056 96 46298
7216 94 26127
7212 14 32657
32484 76 34519
10548 45 26240
32909 12 36335
1053 16 32232
26796 66 39998
18649 84 19723
14179 98 35742
7097 62 48184
28042 32 49941
8212 82 36084
24000 20 26032
12795 8 37901
14307 82 37084
29406 73 31320
10774 10 34738
15233 72 19781
33016 23 45454
7394 56 39796
46150 80 47924
6121 57 38144
29685 27 29786
12924 67 35830
11529 52 47785
18316 71 38486
42420 54 48549
7344 89 21021
26764 34 43644
3246 74 31992
42749 55 44552
18723 88 49421
31941 29 43129
17081 42 17736
23770 95 35024
17814 40 29706
19674 74 27164
33977 77 41078
12012 79 45836
42405 33 48020
30931 64 46950
4031 14 49094
22670 27 37811
10906 28 28012
29687 22 32474
33099 67 42188
20589 26 39211
39310 75 43939
27527 56 32233
15326 3 37145
17567 20 34235
9447 82 39437
18736 38 28683
23111 70 47198
24288 67 47080
13110 58 41062
34217 4 47473
21647 81 33596
18176 3 42314
14115 6 43228
42849 3 46680
26597 55 37101
25938 65 41158
34325 17 48985
30017 64 38544
8761 55 33922
11941 65 49200
22949 58 35688
10941 83 30802
25974 26 37986
17347 84 27928
22979 16 45328
2266 9 39088
32157 77 32335
28418 76 45836
16673 2 36574
17095 10 38607
36988 74 38252
28442 60 43546
103 14 40477
22431 33 34053
32887 51 48514
29211 79 36585
15837 51 41018
797 95 17644
11298 42 12933
21328 11 23842
21138 43 42962
942 29 41507
13257 82 16925
8620 5 21167
20842 7 35026
16444 42 25794
2142 32 43835
11089 81 45139
22879 95 42313
10450 79 35769
936 33 48432
14829 81 32935
19748 85 30814
26214 75 38969
28302 66 45084
33108 34 46724
42471 55 44155
11500 25 44003
28010 98 40769
24047 65 26300
16590 87 21245
30664 64 40102
882 23 28069
29638 80 44314
27217 18 35422
27179 10 38536
10726 67 25220
11483 26 45194
34644 54 40577
15359 20 39626
10701 31 45749
1589 75 20066
25700 7 40472
29281 65 36520
13166 99 32156
8518 97 12473
12569 87 46428
27910 25 48286
7862 49 34913
7298 71 40340
15478 92 40980
29685 28 30494
26029 32 33970
32753 3 35274
25017 41 34615
2059 41 8516
9910 14 32249
25044 86 25136
20057 40 45812
41825 66 44807
27356 84 29929
2347 47 22214
16301 82 30147
26139 3 45668
34088 65 45202
12694 16 20732
1857 6 35299
35045 39 37228
17875 90 32303
33551 79 35166
34572 98 39820
413 52 19332
14 78 22803
28124 2 39460
28122 53 44752
17746 8 47805
3128 47 29973
2922 7 21237
17806 70 33179
14230 45 29070
27743 72 32293
3552 67 8292
36237 52 46100
20205 64 28220
20898 77 31337
18890 74 20700
6447 75 44280
27625 42 47084
18356 41 48980
15322 5 48191
25548 85 46887
38036 71 46640
23847 13 33259
2066 58 36368
33813 16 33840
11229 91 32646
7595 86 34964
22553 28 28160
34048 48 36890
26014 71 35471
9080 55 42989
25543 81 43904
16642 7 37653
31424 49 47642
23654 20 46766
25292 56 48520
23741 58 41628
3002 64 33009
12928 44 40255
6381 20 14558
23135 95 30919
25718 60 42356
6920 47 36289
31744 47 36240
33446 23 38942
14453 74 21788
14943 89 42307
29615 69 40256
18471 77 32720
3921 38 24667
8548 40 26185
19196 78 34743
19574 36 31465
1908 4 28188
26985 60 27821
25865 51 43910
26591 98 34134
28388 25 46896
2236 61 39896
22399 96 37813
4212 88 9046
21427 9 23198
12654 34 29217
37559 22 47656
26776 97 30106
34218 87 46035
19418 27 37014
20342 68 27773
9975 21 47263
25838 57 41466
20041 40 33668
6837 34 10021
26529 89 49859
6895 97 22825
27911 97 44466
17930 20 30868
24619 69 28697
22638 73 37465
21642 2 22707
8076 67 23344
14733 50 17094
31330 46 35640
3826 41 10582
22610 81 39254
24258 15 40396
19445 15 20035
17313 12 48458
442 5 10346
3143 15 30903
21508 67 41051
19007 95 43734
14379 87 25614
36534 21 36689
6940 97 31804
5954 57 45377
23803 75 38771
21017 13 39588
14670 3 14773
20946 72 31389
34889 18 41062
17937 41 26994
3733 51 47729
31747 33 46257
24495 2 39438
12404 100 28058
13941 52 26958
17993 36 37727
8773 97 43954
23894 69 47129
19543 59 33863
22127 12 25342
26348 45 48995
13206 11 24008
