1000
30507 22 32840
26317 90 49889
25597 42 33266
1295 74 40467
24901 4 29049
37105 31 48066
9084 25 36893
34056 13 41662
31240 2 40695
31621 41 44567
1576 13 9758
196 8 3734
17491 36 28927
18548 63 30481
33082 57 43794
2647 7 21377
38921 29 40459
22929 23 30605
19957 70 47705
24647 98 37684
25514 25 48895
9994 27 40183
21 50 34787
2591 20 27651
24462 94 35077
23644 27 27686
25319 51 44278
7665 24 33282
2470 64 32126
21958 95 25556
4679 9 24947
39018 27 42006
2707 70 25703
6805 3 48719
26787 43 41051
18587 89 40738
12404 58 16253
9732 39 38877
40992 55 41857
29463 72 48229
21853 46 38173
7256 42 38967
11210 31 38090
11465 92 39260
31386 26 39150
12721 9 34159
17525 15 25919
14823 31 39272
24067 82 37410
10498 68 38277
28881 84 31774
11922 33 41773
24927 2 27756
18371 7 25306
21950 10 31589
41891 12 42800
31836 55 38526
25570 62 42286
38250 4 40738
2794 12 47462
18212 72 37473
20360 13 32095
38634 27 40953
37769 54 39124
559 91 22564
7370 7 20478
25224 66 28371
24213 33 24334
827 74 18947
8340 95 43900
32444 59 46235
21685 99 38753
16583 21 49134
9877 7 36318
22434 27 41134
27946 34 47411
13915 44 18756
4431 66 10165
23806 12 31303
34613 88 46223
27605 72 35418
26638 84 45786
20629 47 30645
18347 39 37723
17236 49 21308
23080 60 48067
18653 47 30757
41 82 13824
28997 84 46045
4683 21 23579
24 90 2541
22200 9 48571
23575 69 42346
940 82 29652
16171 29 28645
12342 77 46938
17397 42 30878
1903 30 49156
27326 4 46319
4060 81 36493
30337 69 35179
20860 70 23615
233 58 43243
6886 75 12535
35735 59 47669
17202 91 19038
28652 26 38463
35172 25 43936
19362 83 25527
1839 34 14654
4601 64 44631
24143 49 35278
36295 69 39959
4074 84 21617
35273 61 43192
26395 92 42312
23011 32 23556
22016 87 34370
27627 2 28969
15019 80 30369
7248 37 12907
1019 47 38016
25979 75 27807
31928 61 41547
11173 58 16569
341 10 3179
4702 97 27201
26157 9 34869
2449 9 12723
32215 44 36874
19905 8 22531
26583 2 35709
13795 99 23761
38752 26 49719
3496 94 30768
12057 31 37717
25730 45 45118
2221 73 45065
5925 45 44956
38224 75 39771
32791 90 43307
41874 30 49780
20007 14 39513
20007 18 44831
19773 72 30131
10880 22 40177
340 59 1201
27754 71 34476
1664 9 26943
26847 20 33422
30955 29 33591
33582 51 36450
33406 62 46744
22638 8 43966
32197 65 34763
1317 16 32586
6683 2 29714
11934 97 24164
8799 64 20499
39438 46 41926
21950 16 38782
23353 31 40907
8373 79 34568
11463 17 30512
21554 28 22800
37489 84 38158
22429 65 49289
27743 68 44221
2252 1 10805
24282 16 41107
28859 28 38168
39040 33 39989
24969 69 43584
27453 39 33976
277 81 29722
25061 23 40015
30510 1 40797
1599 93 10205
28329 29 47726
4003 35 20861
16033 42 44266
18744 87 22577
9371 10 23427
12301 85 42508
31834 11 42970
4267 54 40175
1016 6 3082
4648 76 46120
16702 21 41164
27104 66 36483
11448 56 46567
26509 40 49539
38818 32 43214
6488 24 13744
19428 5 46329
29951 50 31833
12628 77 34973
32853 77 43788
28298 8 31407
27433 43 38493
9382 25 41715
21621 91 41753
4197 11 21747
4192 16 30247
3598 52 4659
34387 41 36002
23289 64 44971
2369 44 26864
29948 36 35002
26929 14 33952
29161 42 39649
16344 13 45068
30061 60 49691
42430 84 43999
9282 35 43467
9757 90 28282
10987 90 37994
1991 31 36746
36566 82 49341
20521 100 46000
3817 37 42735
22492 21 28523
29811 26 42039
5183 75 26021
8324 86 17795
40939 91 41339
9763 99 31973
12741 2 17470
2814 18 32452
28862 64 47437
32353 81 49381
21653 81 28826
32410 12 34685
21957 59 38242
29226 37 45637
32585 85 46754
1172 69 25121
19465 3 32308
20956 67 27760
33500 34 44421
26463 83 44429
37835 24 41476
47869 6 48915
38960 80 47475
13115 50 34861
30909 43 40465
32629 29 37982
4589 95 44595
16834 36 41953
2505 41 48449
35780 58 49685
35125 95 35805
31882 85 47579
4934 99 43853
2555 52 6475
38487 56 43035
29883 86 45014
32905 93 41326
620 52 5079
21836 84 22566
23624 91 33777
32375 1 45832
25675 8 47319
37246 59 46645
3593 60 37303
9245 81 37119
18892 51 44393
5222 84 32854
6174 34 11177
27323 54 39874
14571 91 32638
40093 56 48660
25571 12 37009
1518 34 4991
34093 69 38963
9936 19 26765
35516 61 41115
20784 11 21860
3000 48 10193
14591 93 48814
17903 63 23893
22892 17 41406
205 28 7850
25622 8 41756
20542 9 42634
46904 8 49156
38103 58 44959
38235 94 39332
22404 50 28983
2838 24 28723
8875 12 22087
2172 67 18313
30759 55 40269
28037 7 34147
24557 84 30380
27221 20 27507
16292 14 30711
8567 70 43258
25360 14 32405
26055 97 36020
8264 46 48426
18271 65 37543
17661 45 30772
15247 93 30436
25505 22 46545
16460 49 31108
13890 27 25712
32649 91 42027
32714 51 41526
9749 16 40387
5759 34 29426
1995 19 31492
32235 6 40148
1807 94 7463
39627 75 41954
29463 16 38230
5959 9 8980
31907 88 33175
17529 37 41052
31149 51 39642
32075 53 42743
37918 2 47454
9806 42 25266
39128 99 41019
422 77 44743
10478 60 14542
35682 65 44145
19729 66 43139
40323 95 40900
31346 50 46232
17128 71 40283
13129 72 15915
16434 71 44506
9002 34 32821
34921 4 35052
14559 46 44514
39303 2 44181
18387 4 30516
27557 52 34529
13687 33 39068
17416 34 40185
37996 90 44416
16278 99 31666
37230 98 37537
10611 23 31890
33948 77 40430
15279 33 23091
10062 69 45058
25222 25 35927
33612 91 49356
39522 52 44897
9416 92 16243
10547 93 28116
3634 30 35116
5669 83 43003
3198 43 31686
16560 59 41271
33511 33 44977
9235 56 32769
11762 83 22788
1857 41 11720
18160 17 33512
19199 74 41100
10022 67 17872
14549 35 36130
8031 33 45107
4621 64 14397
29420 33 44980
5084 71 45789
8028 19 10658
19221 26 46694
24526 33 38183
28637 82 39241
4647 50 45227
2487 10 19105
4365 78 22245
29506 42 33737
14890 15 28723
8346 93 33684
18799 90 49622
14023 43 39069
35761 46 37512
31634 59 35044
14289 4 42299
2542 31 14759
13379 78 41644
22944 37 29071
24912 71 46453
15778 10 23056
3599 36 32770
29100 11 39085
29507 37 36070
2581 42 32384
23642 98 37320
36584 100 47639
9143 21 44970
10778 85 32495
35121 51 36252
2087 48 35959
3681 59 15911
15717 14 29989
7491 91 45283
22046 13 32937
43407 31 47256
2347 55 2903
28416 80 35854
6096 64 14733
24697 91 30324
22358 54 31968
34195 37 34647
23714 15 40992
19667 83 23954
10031 89 25877
32355 5 35100
25501 72 34559
28064 59 33007
6924 39 35566
28266 24 36777
32198 31 44152
21150 69 38921
24925 45 48503
8732 95 28842
30083 54 38788
30374 97 37084
35323 51 49309
10045 71 17916
23458 5 32492
29396 37 38407
39189 21 41500
8507 6 48988
11870 52 32020
29656 6 36803
35979 54 47028
13479 31 24182
15792 74 42147
11155 67 11375
21419 25 25631
34565 77 37948
26507 91 42055
26457 48 40593
25888 60 30919
17685 44 21188
4505 29 37260
2342 91 32663
28256 53 39964
24420 31 33753
35635 52 48024
14370 47 28652
27923 59 35797
25816 60 31934
3698 38 29256
30624 30 33504
6169 10 19469
29943 69 35134
13353 33 32117
14364 34 21959
17956 14 20697
43044 89 49514
11517 26 20337
3869 58 27473
33544 63 41557
21908 82 41955
12875 6 39443
12586 63 22643
9317 35 39664
15173 19 34997
36957 74 46178
19495 43 26929
15154 35 46248
1351 8 13704
10032 67 34111
27753 56 30571
35136 100 41025
30716 34 45431
15517 76 32660
14926 4 34676
24423 88 30675
1614 76 5178
36008 63 42863
34046 43 46203
16829 46 45886
10411 89 41511
4975 83 33416
20932 44 32100
33258 55 33568
14640 28 39028
10767 41 43234
11334 87 46746
35187 80 46116
33546 5 35700
13082 69 48939
29529 69 35895
22605 31 23227
21217 79 38859
22392 5 43216
12861 7 28770
26669 69 29745
29585 65 33439
21142 36 38686
44226 78 44769
40237 12 40434
29124 20 34398
18299 39 45654
9401 41 14807
3375 60 33147
26901 17 33522
31565 22 44112
36423 64 42098
3560 23 37250
5807 93 29499
11158 47 23670
35977 88 43707
34052 93 36816
9277 36 45800
37434 13 41176
28862 16 30152
4448 92 33569
19692 17 29017
19335 79 23038
1741 83 4618
38186 57 48845
17381 65 27838
32775 77 39684
6575 56 39009
32375 12 32845
25403 69 31596
9328 74 12234
37591 87 41750
6831 46 36441
18511 1 32527
11810 94 41561
7393 83 36917
32979 90 37502
2087 41 33910
12284 31 31574
6542 19 40620
5035 78 6799
4123 41 38124
22586 52 48351
18056 48 41311
36456 29 37766
25166 19 37377
17196 27 45888
23909 75 27307
41657 47 43161
14897 10 43080
8914 74 22519
28481 93 46802
11650 74 29079
10696 59 44347
1816 52 2126
21799 87 23722
23716 45 45829
8990 30 37014
13507 56 38757
21949 84 33262
6864 8 23880
1269 69 17956
42394 50 49285
38897 5 48945
886 38 6730
4388 25 16198
24267 19 27028
4207 34 37129
14508 29 23258
23719 13 39132
25627 28 39412
25214 71 36582
14536 30 32010
32467 54 45737
11486 43 28587
35345 97 36025
10380 99 48190
2489 72 12260
30785 18 30843
699 78 37509
24812 54 46857
29882 11 32655
31494 42 42170
16667 34 46348
5312 68 30301
15436 70 30521
26200 3 29256
408 10 31304
26692 53 26952
8369 78 23684
28007 34 47565
19199 61 43778
5847 66 21813
18720 20 21428
10675 22 32939
5542 64 8206
32275 6 32765
38732 25 42492
18308 89 25463
18895 44 32157
24181 88 36226
27353 55 42565
8153 78 40072
33282 77 37673
28810 6 33551
38428 100 45770
291 16 48571
2426 23 4846
32174 92 40193
20735 28 46131
24211 90 26563
20866 1 22493
32453 9 32778
22715 35 41537
12238 15 46698
29446 49 36315
5943 52 38321
37553 2 49380
28856 17 36302
32113 36 32612
23177 13 28134
2443 99 22576
5192 86 43209
22114 51 31261
18048 79 33089
2265 3 43240
38707 77 43016
10981 38 43323
16485 60 38658
40107 31 44424
33537 73 35842
27127 20 35681
16033 30 35911
23952 39 26258
29185 13 49194
1478 15 47173
8151 9 14626
27995 95 37262
19096 37 33513
6330 1 20503
17622 58 37781
2550 4 33824
26842 7 30788
9609 56 25960
29890 3 33279
12543 83 26592
27048 79 34550
31469 65 44122
11895 77 31556
24064 61 27437
13084 27 42065
21430 77 41025
13937 88 39228
12621 21 32109
3602 87 4400
9199 31 12091
34158 92 39932
29782 11 30300
36451 11 39063
32915 45 34305
33404 29 38882
30917 40 39695
28896 97 30015
25563 17 31439
19439 57 37629
21940 18 46567
19444 100 20571
26010 79 38482
34130 11 41413
7102 63 36058
13698 56 19309
3518 28 4806
1267 72 2979
10061 77 15924
27759 42 31491
29875 38 44645
11053 52 26637
5112 95 25744
35644 4 44295
4505 100 16166
4906 24 42293
23199 72 34142
10635 30 26809
23575 83 46377
27395 26 39766
5239 24 30566
35093 93 40816
28428 51 44062
6786 53 31257
15384 64 34459
3029 82 35582
806 81 42664
29294 62 32554
40799 39 41434
31005 50 36520
32681 82 33018
6714 51 42113
26720 96 48437
16117 3 37820
31769 93 47202
20637 52 34302
29892 29 30682
26713 26 46179
8027 51 43992
29715 1 38167
3514 73 27625
29472 40 49449
14116 41 23619
20612 18 44297
40543 94 45425
22714 25 23866
2494 32 34121
5577 36 14961
20024 27 23751
9256 41 31567
164 49 23704
30003 37 46307
21588 26 34053
6868 49 28307
8795 65 31608
23436 75 28592
22272 10 23423
2888 28 7568
7818 35 48364
21784 9 49724
3895 38 8469
10873 13 19362
25748 6 35518
14388 38 41105
29196 66 33767
8408 99 35996
12382 69 29049
36979 76 47204
30011 93 31388
15562 5 30028
27777 15 43522
13045 66 35480
17153 75 27381
28121 76 39058
3144 37 40435
29816 76 40177
5410 55 41820
20479 52 28438
30999 71 35917
31158 42 34718
32233 6 46903
4328 66 33016
39187 2 41412
17510 76 33359
24092 14 43294
10117 10 18705
35797 65 36993
7827 92 26422
266 8 27344
44608 22 46886
18294 31 46943
28434 74 31133
32959 31 33235
2056 97 9903
4866 15 32795
28087 37 35776
20630 75 42670
34160 5 38538
12364 79 47829
28117 1 42365
9256 75 34382
1112 6 37421
20031 21 34353
9429 76 30420
1519 97 18289
37419 36 47776
31775 12 40367
29526 17 31107
22055 10 39187
14190 27 27666
26641 92 33583
1985 89 35965
34380 34 37306
18350 62 45250
25124 77 32428
33651 79 37820
28998 68 46401
7670 6 26102
40727 19 46296
25862 54 30739
9206 97 44220
23339 64 24281
18042 45 36377
46513 34 46573
16403 81 24503
4824 48 26547
31101 71 39603
39993 53 49549
3497 11 41073
10318 91 45841
30802 81 43133
33812 1 36326
7643 23 27347
7482 20 32253
45283 10 48829
15574 56 39985
23015 25 31702
44774 7 45400
24258 86 29610
34186 55 37332
12833 39 38254
37763 96 43086
26621 42 35624
46952 76 49689
3730 10 17988
27538 80 47737
8650 9 29277
33713 14 49157
17265 74 27980
11737 7 47918
11799 82 32791
23638 33 28422
35593 77 36313
18762 13 40409
35096 91 36415
30117 60 34284
13704 34 28003
24487 28 35922
39049 43 44205
33411 30 39589
21744 8 28578
38896 25 39394
5026 14 16641
7337 91 20422
2608 76 36512
7048 36 46440
30396 24 45003
25484 72 42699
24672 27 28677
637 18 7839
19336 70 44955
31316 12 40190
25149 52 34113
20037 6 29042
31361 73 33433
21771 28 49470
23525 23 32910
5445 66 38815
21532 42 41736
1815 27 26007
22882 59 35454
12929 51 33356
34691 64 48784
9825 18 40772
24339 54 35378
18985 100 47267
14857 52 27046
5537 12 32218
23152 2 47942
3084 13 21476
34454 69 40628
37654 21 38643
9908 76 21984
35565 55 43942
28268 2 28484
11812 88 25081
16586 30 25666
24804 99 39335
27536 79 27968
18446 58 26789
29308 26 39571
33117 70 37881
7077 37 24362
41626 53 44638
36585 51 47721
25270 70 35224
36934 95 38185
23253 32 42797
3124 83 19700
31409 52 33494
4905 41 27097
15768 87 28235
5141 56 32188
21486 12 32410
24470 89 35440
3131 87 46262
24695 56 48943
2721 93 27975
45090 5 46922
16196 56 29409
8309 9 49443
28035 84 39403
16066 62 21459
9034 43 16092
39199 55 45349
22288 43 47499
23669 72 40135
42925 4 43032
6656 76 10059
31400 81 44025
15591 71 33168
7950 33 23424
13031 60 32877
22543 11 49212
9572 50 25696
30995 20 35733
9743 56 36883
6759 87 9371
27750 86 39244
12217 63 47187
30846 55 47614
14738 22 48067
15492 8 34607
5421 61 36738
10392 83 24071
4846 38 25027
473 38 27751
1732 79 28112
17406 63 30276
7153 29 15390
36419 12 39791
29397 27 49649
12202 7 35180
544 70 16799
23635 75 23811
33904 27 40831
36776 4 47997
28604 36 47863
25624 37 34404
15460 52 49324
21441 75 38720
6738 81 28144
30069 57 40854
20185 76 41999
32637 43 39983
27469 37 34357
5931 12 21987
1933 89 44841
1799 85 46881
11966 92 43466
18808 4 47311
42836 79 43717
23732 12 45700
8357 6 45322
2935 8 20002
16445 60 26610
7272 15 20351
17731 96 32816
20391 64 43712
29414 16 30855
39994 20 40713
5181 47 25998
26261 30 44736
13278 26 24829
15 1 42401
29942 6 40864
24346 31 32055
2110 96 42781
10194 92 34703
24844 61 32090
26545 2 37786
8313 4 8478
5271 34 17143
12551 27 25182
22441 72 43051
13161 44 43807
3490 4 48864
25283 82 29562
32842 74 41901
30886 21 44144
21520 90 32473
14577 47 44910
7029 61 35533
627 94 26437
30400 79 41076
12818 62 46567
3954 7 43646
11984 95 33586
24839 100 28221
25723 25 33143
14237 58 20632
6749 63 29844
34270 5 34840
31546 69 47296
10915 72 39555
3653 25 49583
24166 85 37917
23291 85 27838
24789 79 29807
1477 69 7473
21389 76 49775
24732 44 33949
35846 56 38443
3217 28 4227
9637 65 17215
2940 8 39179
2021 11 27526
15299 37 46631
31741 52 38915
27800 53 37364
41682 29 46302
22116 92 23930
40927 8 46961
4588 70 38238
42539 11 47208
23367 12 34794
14282 62 34564
37118 90 49686
27843 92 49829
