1000
32006 5 47997
25956 12 39869
41450 4 46715
5053 88 26855
12915 34 39099
24038 78 28924
41711 100 45416
27594 1 42902
10318 2 31616
13514 11 29156
5087 76 27975
36070 13 46052
18474 52 46586
29980 43 46178
1514 99 39522
5165 79 32846
174 70 39401
4833 11 49784
4880 93 27374
25301 100 33533
26895 59 42543
35893 32 39258
9507 81 41404
21356 12 22967
30748 62 46529
42321 45 49736
26160 14 29373
21742 14 27602
19700 99 31896
10314 54 30564
25232 35 28529
14755 17 36896
1102 60 24837
3641 37 36936
35672 28 41627
297 49 20236
24963 100 39722
20945 70 39182
14703 44 30141
23451 2 35459
5680 72 33667
23969 1 37715
21579 94 43249
29164 53 47693
9194 32 26964
13101 95 21993
1403 95 4654
20830 83 49046
16849 7 23043
7456 78 30505
28284 47 30048
16268 85 17886
431 28 29103
14329 16 32640
14932 62 15042
3556 15 45401
10567 21 46489
28781 21 40897
24923 21 32122
12310 89 29185
18865 62 34876
34297 11 37508
786 31 29640
25472 7 44895
21653 67 36405
23873 26 32764
27934 53 39139
5173 77 42845
10125 43 31452
21299 46 44364
28363 77 36120
38371 41 48748
26890 24 35230
16555 52 30335
18390 40 21606
7176 21 18137
12244 81 28979
15573 16 34820
13946 78 30773
37659 70 46744
26530 32 28560
30708 73 32205
13335 98 38453
860 74 10612
10518 13 28284
11682 61 32904
7991 21 13320
28931 94 32290
28127 20 41830
29993 90 36756
33543 89 49668
29676 66 33759
5276 19 49596
16485 18 47897
11148 78 28819
24101 44 35734
32641 30 46244
32334 36 32641
16436 71 19672
16032 6 33938
2313 39 44758
5084 35 12504
7926 25 33733
24800 71 43352
32386 15 33796
23517 46 26030
31010 83 47411
33910 54 45307
25321 67 33699
17952 10 30145
33781 63 49447
9172 31 32935
10471 65 48112
28293 25 35408
26838 15 37773
29730 31 45687
6112 59 15215
28939 77 37052
12720 9 34333
32345 79 36839
12349 22 26244
34510 29 38653
33031 49 48944
22196 83 27076
17555 55 34288
15186 43 18921
24669 65 32704
11345 51 32556
18601 86 28253
8186 70 29412
16890 13 45924
12325 85 19629
3818 59 44986
27026 67 33667
22032 24 22069
8063 20 25976
24568 3 45393
34342 30 46782
13142 50 22384
44364 10 46658
36554 51 43958
12840 50 28723
25191 27 42636
26955 33 33129
168 76 26166
7685 67 35653
23175 82 43497
4075 37 48257
23421 77 34886
5064 78 30032
15497 20 35560
3504 88 17616
12307 92 41832
23112 69 39320
21339 87 27249
4662 92 27779
38821 21 47370
42807 16 45099
19718 1 42974
16391 6 28878
18682 99 28994
12934 16 14856
24365 43 42329
7381 90 15682
12150 10 21634
1281 8 11934
23736 37 33558
3796 99 25831
17224 16 26190
33089 34 43996
19449 44 32218
45766 25 48776
12160 74 48920
11312 92 39688
26921 74 39383
22988 92 31732
4089 72 31722
21855 68 34945
5968 26 40582
27552 25 43238
11977 88 42405
247 88 32230
3941 51 31831
27220 38 43315
29854 69 41157
8476 70 30536
7351 65 44365
17318 43 21244
15379 28 33611
28880 74 41423
21215 11 26136
6712 100 17677
9264 48 20897
19658 21 49839
31056 62 46290
40348 97 43891
17606 44 32371
31553 87 45794
7189 30 36194
9068 16 20193
8495 31 28791
23836 72 27607
13678 34 22469
6168 1 42835
19954 77 33689
19534 42 21823
28996 40 46888
15510 65 28584
7402 48 18951
24568 27 28983
7914 62 38973
32958 22 43272
13355 13 32421
10121 5 19992
2112 43 40282
26742 83 48297
14306 45 30178
30117 22 44478
421 85 5610
26752 61 41701
6892 79 35554
25670 71 43379
28026 14 41461
4083 87 16435
13655 90 20434
31276 90 49553
20489 22 30335
15730 15 33121
26434 73 41335
29398 33 45573
19210 57 38581
32734 26 42182
15189 49 35880
29251 13 44997
2445 93 36247
5954 68 31780
9117 82 32187
11113 98 14636
26272 72 32101
24987 26 40300
25594 51 36517
21892 11 35071
19194 81 29647
31162 76 42061
7515 64 40110
14775 17 22028
22056 6 23466
12260 76 36557
19707 62 37944
29621 68 33301
19065 99 38076
24598 20 48269
2117 34 46440
28447 96 41579
24237 18 31658
14872 10 28216
6435 10 26562
2919 90 42578
25477 53 44534
4121 50 36767
22400 83 44791
31795 16 37433
3178 53 36547
272 6 14798
33864 76 45894
31324 20 32753
31415 99 40859
11937 21 16565
24947 54 37946
20 5 6496
1010 38 42066
19175 15 44120
12681 91 24595
36385 24 47741
2229 84 48058
562 50 23367
5895 9 14775
21330 19 23059
32005 37 33899
24968 98 33203
15295 40 37386
23075 73 24972
4046 20 23359
7146 76 9695
39509 65 44213
10043 91 16258
27675 31 44577
27513 96 39446
4926 9 40909
22895 51 28840
8767 43 36752
30556 37 42561
19684 63 35053
30698 81 41887
33692 98 39651
21277 29 23032
32066 32 37663
10108 2 23722
30856 72 41541
27773 67 38760
45453 1 47984
19314 25 27569
27896 21 44181
30174 8 45086
25826 53 43185
14087 6 37493
35700 93 43044
21927 21 34227
5433 1 40169
26132 91 28717
7302 26 42451
10449 30 10744
19522 59 33736
24469 43 47861
8654 30 37135
164 47 43807
13338 58 30469
20561 90 25288
1689 37 29515
7614 51 35259
26675 63 31690
30408 43 45963
4015 99 42339
2579 32 39061
771 62 13927
41366 18 42124
33034 18 40547
48106 63 49792
13507 2 27952
32130 57 33519
30261 56 39308
6678 84 22634
1500 6 11173
23458 96 39584
28613 97 36052
7106 52 18470
43362 64 46316
17297 7 27656
27789 44 49218
9817 80 30840
28814 40 33798
40597 19 44752
16210 34 43818
13193 7 44712
22681 86 29245
19211 99 25956
3462 52 15620
10598 4 12291
17597 47 35344
1542 31 29316
13347 84 41347
18842 88 42158
32177 95 46633
1868 18 36086
2877 10 32415
26880 76 38156
42125 15 42200
21586 92 43104
21262 55 35661
19798 9 32126
20648 78 42086
19061 56 39238
40863 95 42227
37984 42 47460
16063 7 18632
25812 98 37492
21448 48 31494
18227 74 32311
2736 82 14100
16785 83 40597
27812 37 31461
3113 79 23303
8680 49 47635
11314 58 43240
24634 36 34968
7452 96 20838
15374 100 31676
10869 84 36137
4361 86 7497
12610 96 15256
17922 23 31387
14948 98 42036
22718 84 41789
16631 49 26121
29679 64 44312
35451 43 44056
23996 49 40283
171 26 36815
45290 87 49861
10191 51 31038
33665 15 43563
21549 74 25598
13053 54 22940
31899 72 34465
3417 78 26125
10293 12 30220
17093 25 28391
4750 46 45165
31883 55 43826
10767 58 34313
21330 38 36965
2549 37 15745
34270 32 41878
16124 91 38200
2345 3 26921
20284 85 24842
406 63 49609
23136 83 44114
12848 48 29331
8727 27 24736
1165 69 33758
25151 32 46500
8970 91 43314
12684 79 40869
44580 88 45492
9710 74 28018
2400 64 18270
31321 5 34262
28860 36 29500
35724 8 37099
15 72 6525
16794 74 30673
19028 26 34360
2603 74 37646
16567 16 47022
17793 95 23039
26244 35 37793
26820 26 36695
26930 86 33906
37869 78 46360
16908 8 38114
12797 31 37256
34188 23 36692
35143 74 38429
10166 88 42279
22984 71 46202
24561 31 40918
751 3 40502
9451 40 40865
3519 13 41983
8217 42 10118
20629 79 36903
14893 82 31181
5419 11 9222
8037 37 22237
15959 43 28499
25697 27 46771
32588 34 47486
9937 59 43184
27532 43 38427
14690 29 41959
14741 19 42725
17380 31 30460
26298 5 26650
41961 17 49567
34309 95 35782
9527 22 25238
12303 44 32027
23931 45 33163
36535 34 41278
24002 27 40265
22838 8 38631
36412 53 42329
18995 59 29721
36150 38 37250
11937 19 47271
39345 62 40235
5848 98 11469
24593 43 48120
13286 39 37832
29582 14 43259
4080 17 45264
12439 59 37048
23302 29 41554
7672 38 25395
8445 34 38338
36771 79 45379
30330 57 32138
14324 77 42873
6452 69 32643
27566 67 31557
2296 4 47174
21576 46 29610
17982 97 40275
34301 93 46034
16915 13 29898
27149 26 34235
6472 76 6652
24461 78 31763
18534 89 48591
36781 36 38418
2122 57 30302
37642 62 39763
30420 38 44985
10145 71 43749
39894 31 42582
26337 37 47401
2333 35 41907
36552 41 43884
26892 63 38717
23557 60 24794
10908 32 33507
22427 87 26348
31419 94 44719
41092 77 43731
30343 39 41363
12169 60 19694
36111 45 36499
21944 76 38930
8672 23 45328
13286 88 20949
17289 56 28417
3828 85 40965
5431 42 17823
592 60 10984
10433 63 46541
14570 49 29336
41729 6 44198
412 14 9390
4408 49 48820
12942 62 23337
14928 2 24073
17303 30 37783
40325 36 46261
22513 12 37884
17743 11 47330
18168 23 20315
34152 91 36267
26733 57 35975
19950 10 46758
19422 58 27389
25171 10 48574
5551 83 27461
31955 80 43529
276 12 31801
5011 15 12576
4772 6 6955
31 4 23497
22341 42 40372
17507 74 35628
9591 42 44643
3773 52 48417
25325 1 32918
31625 51 40975
33043 89 33589
3008 87 28226
26261 81 43620
206 46 23215
2380 45 31427
1997 5 3345
4514 62 38189
27803 4 28144
23244 62 42570
10581 26 25097
30733 85 36476
15453 45 37715
8799 96 36519
27972 97 48804
38996 79 39087
19355 31 39474
1814 88 25766
22861 18 45680
30831 59 37852
15585 18 27506
32369 67 33405
4539 45 20657
24560 3 36919
7072 5 34103
27803 66 29290
30861 70 42840
20233 85 27883
31740 69 34983
34843 9 49311
7369 81 38346
32485 5 34288
8105 22 40417
30100 92 38787
22818 54 48108
2369 93 43129
27769 62 30064
24229 73 45948
5750 37 39522
21858 58 23328
6400 32 29531
24198 39 31088
3869 11 42194
37201 41 48646
24340 31 35649
1459 63 3521
42463 88 43661
14365 6 37087
24475 31 38851
3632 69 19520
16882 77 29228
12573 95 22149
17536 54 31497
38085 15 47570
824 28 1428
23297 42 47280
3542 67 23394
34095 72 41836
31111 88 47460
3430 85 23731
23487 75 31958
32212 43 47640
27062 62 46145
34042 19 44202
12917 15 38858
22181 90 45308
25367 29 40412
17850 96 40638
28003 12 38337
36459 82 38833
21676 38 32365
12783 100 43876
35666 79 36173
2340 18 40218
24732 9 25762
6640 61 24294
22444 79 23258
43893 26 45022
32020 14 37101
1592 95 49868
17730 98 45884
20457 86 28884
18899 55 26886
7738 71 39482
7992 43 25391
20562 94 35976
5826 96 25367
3019 74 20475
32541 71 38163
17276 75 36515
30153 67 44430
26301 52 35451
31496 74 42688
35617 45 37396
5484 49 31502
23094 30 28380
24009 8 29783
29377 3 40670
4545 82 36270
27057 80 43293
24917 60 32203
27424 16 38569
14933 41 38790
1773 6 12826
21079 52 22773
16712 36 26349
9756 29 10364
19753 90 24501
33393 60 36006
4180 26 24742
2128 35 46089
14412 69 22638
28548 20 35996
29816 17 39449
25366 26 29833
5628 89 25706
24079 81 31873
16539 59 29603
178 21 3333
35459 47 42533
15989 29 31668
33656 15 43706
22616 53 30829
8824 11 31667
14696 34 30482
23702 77 31981
20038 35 25694
41606 37 47968
1252 8 49972
8568 96 14746
823 78 4787
44757 52 44953
23362 62 43037
34335 42 48706
11199 50 34270
825 30 2884
26143 31 41760
23162 20 44878
28174 51 44254
37913 46 40191
21977 82 42722
22985 22 41011
33582 32 46027
3448 66 18860
26250 80 31311
21321 12 25515
33072 62 39655
38267 83 45275
29696 12 48100
4946 79 34147
5113 54 10719
11660 49 40758
4772 57 17061
11281 51 15849
20770 85 25128
23704 42 39506
887 78 16804
13162 63 35472
5267 75 21820
42463 16 48331
12886 38 30659
28468 72 41177
38412 27 42925
25989 41 44411
37922 74 48677
9183 35 36653
35490 86 44126
8421 1 48716
7729 33 17257
24258 96 38102
12955 33 39081
29989 59 31559
8673 59 11082
19686 13 33335
3427 77 43565
18060 57 30867
33674 48 38372
20669 24 37094
37263 17 47191
17110 63 23598
27386 14 46998
31137 20 43960
23578 27 35483
33494 78 41429
43503 51 43898
530 66 47337
4268 65 15311
9755 34 34626
5505 5 20075
22147 47 38041
20963 87 36266
26490 63 38795
32016 42 37406
8044 99 38153
33386 27 49640
32273 91 49980
43409 83 43923
4479 96 37102
34223 75 41271
11331 54 28734
4822 81 35790
18189 79 39336
21646 41 45218
31124 93 31902
27677 83 42312
13621 35 43313
31673 39 37247
23411 64 32325
7783 16 37521
13677 27 37498
3475 7 30569
17143 95 42474
4950 13 9315
2159 50 43679
24180 61 29436
17803 97 42220
10181 11 11098
12914 11 13498
15509 81 34892
30153 36 39554
26433 12 41534
36205 22 36394
18887 2 24848
5547 3 21872
34981 56 44005
40186 61 45052
24583 97 31911
24446 50 42347
1330 42 36713
30478 13 35203
425 78 39308
29195 40 31992
519 33 12248
22466 59 31288
22818 100 44475
35795 3 45643
24571 96 25038
9406 5 27396
23486 13 34290
2466 26 42163
2227 15 48336
39449 76 46011
18587 17 20099
25344 88 34736
2837 18 34673
20370 29 31008
23610 4 30325
29379 32 46258
18700 85 47850
12701 44 40106
30690 85 37505
31435 63 38447
6968 69 46400
2458 56 38919
30881 6 36638
23939 56 41202
22153 81 25599
12460 29 36731
27685 71 32913
22351 46 27628
22170 40 38041
4167 46 11007
36262 58 46468
34636 19 41050
8311 96 28631
7747 98 34823
27978 3 40613
16725 13 30169
21538 57 38404
7954 17 24986
2432 69 45889
26017 52 31441
3615 73 48182
15853 93 36603
26077 18 37728
31483 2 44445
3102 100 4095
31521 49 47186
22268 68 45390
8371 44 33924
27933 13 31278
7123 32 30550
39448 27 44559
30565 96 32164
1983 47 27054
17043 96 21645
22347 71 33806
6698 66 45463
42788 72 49021
9630 53 36185
6513 26 31873
5103 41 5392
11803 10 22118
30882 44 37230
10510 55 17768
29661 87 46590
15516 18 31390
19469 91 33766
14828 47 33682
30135 83 40377
20181 71 29847
43067 67 48087
22487 96 31994
35375 70 41861
2574 78 18133
25199 72 49632
36113 12 37891
37879 53 40675
17869 57 36954
93 58 41370
15889 47 38039
5611 58 29075
19662 52 23176
6722 1 10615
11611 87 28856
37329 3 41157
19091 33 46707
8139 40 32093
30584 25 37573
34689 24 48012
45063 75 45593
28432 16 30832
9310 72 36894
38765 59 42280
26193 18 33239
8872 68 20073
31440 71 37158
22348 1 41722
22271 8 33451
6416 90 24704
18372 35 23407
22260 10 31217
14953 94 36834
46259 59 49851
8319 88 22431
21125 41 33605
14580 26 26939
14088 28 44770
42538 45 46058
20331 95 22843
30388 44 46888
3672 83 6646
33868 19 35328
22538 22 37721
28041 73 46638
21089 55 48829
13152 54 32693
11049 94 38742
11002 50 16687
28730 52 49346
16710 46 19044
24333 77 42797
8860 10 21034
26078 51 30529
8896 47 39815
13972 68 30677
1501 43 33973
31848 39 34827
15758 23 41554
41577 20 42038
5406 98 26774
12509 37 37575
2399 12 5445
7111 52 30500
16927 23 41907
7578 33 31123
3384 89 38017
20551 58 38240
26552 5 28468
11249 62 32591
27535 2 49108
6332 47 28838
7237 15 27481
39317 11 42414
27771 26 38959
21527 56 26505
5594 50 41120
39651 39 43849
8162 85 14745
10837 57 46053
9477 17 12757
940 15 25334
28368 80 40272
22982 57 39046
12325 74 21944
32042 45 37921
5379 7 44082
21553 46 32232
6609 96 35607
21465 19 28257
38793 21 45863
15514 79 34727
17786 26 26850
21215 92 46200
28318 36 43193
11792 66 30453
6729 1 44141
39578 73 41233
35782 84 43331
35140 42 35696
5281 83 31270
24295 55 39718
4208 13 13070
23466 12 45162
22340 94 29666
5331 97 33061
38644 66 46352
24872 62 47775
978 2 18066
997 41 10667
40308 80 42040
40318 3 42898
27633 87 40784
14184 32 38132
31832 19 39858
4646 1 32432
15804 81 16641
21457 15 38252
38252 65 38652
10523 14 45085
40478 86 43532
5808 42 31367
21268 96 32642
3683 99 42800
21934 66 43251
35215 8 45340
4629 87 35465
34785 86 43834
2332 47 27014
25754 92 29304
27361 4 30692
3087 79 46157
19905 34 43903
14218 77 40276
23335 71 44873
19935 19 38304
1325 67 25868
5622 99 35793
32772 94 41752
26899 8 32147
12960 79 35686
28368 69 29214
8102 30 28227
1872 59 46671
16588 16 33747
22009 15 47179
29868 19 30362
8196 11 27715
33272 32 33385
9963 52 27356
8475 80 22585
28465 58 40506
15400 72 33240
13370 25 33290
23301 20 33052
34896 41 40238
11393 70 21482
