1000
11202 79 30569
31688 35 33649
11260 49 43779
19366 45 30666
35449 89 38230
9833 40 29942
5375 91 6973
26978 55 33480
9294 29 44648
40220 62 41003
6840 37 27736
43567 76 46442
39395 76 40101
24189 92 25812
3756 7 13424
1519 28 12212
23587 21 34624
16818 33 43798
2387 38 26944
4985 16 31527
10838 79 32011
38104 59 45364
12919 68 25025
28312 51 30633
25961 62 48837
14772 48 42277
24770 35 44963
10149 45 46529
33748 16 38826
34702 33 39945
21028 54 42611
20816 39 33145
655 73 18940
10471 54 35827
21862 36 37690
3123 34 33473
28399 41 45731
25841 14 26636
8742 48 35134
318 79 23789
6628 16 12403
2190 10 39746
42344 82 48044
10861 12 22101
31900 77 36162
12743 85 37227
11856 75 29675
2838 96 48072
32226 90 40203
10302 11 14509
11127 5 30010
5314 64 42458
6680 62 37265
16706 1 37330
11975 24 37030
31314 15 43585
26355 29 36587
23457 35 48354
952 83 16223
43079 6 46701
19352 30 28443
6572 64 36794
18680 50 42415
41803 48 45330
21229 26 34851
30348 35 32354
33690 93 38619
32520 83 36157
9442 52 17593
24404 53 32066
2751 71 32430
30180 50 32767
40864 25 43898
22286 67 25750
31577 63 44763
30840 90 34981
31656 92 33567
3888 64 25390
17174 91 36190
1228 55 34271
4559 35 49199
26883 9 30006
41148 25 47566
10591 57 36812
5857 53 32809
25811 47 32071
12701 19 49156
24708 80 28034
12665 85 17007
12378 37 43877
26268 56 34596
22069 15 48514
21632 88 29636
29246 38 41547
6841 31 33004
39040 80 43727
27572 4 34263
22203 19 32459
19501 16 49547
30056 96 33014
31684 73 39775
34673 36 36307
33307 82 35700
6069 45 47479
28565 19 43692
27430 55 47218
25837 10 31628
31690 63 41289
20615 61 35114
32315 5 35260
18486 29 33931
7420 53 34114
15310 42 35075
34072 1 47341
33007 52 44049
5165 19 29735
29883 15 31779
20854 72 31205
1629 84 45843
407 37 39285
34880 17 37593
4439 84 35940
36233 50 39922
15491 98 40460
7790 30 25912
23671 19 31723
6095 34 40828
22693 51 31103
37395 89 46749
32482 7 33923
3641 97 48044
1071 91 2102
17356 35 46198
27861 40 47698
28316 56 35368
20446 21 21623
3554 80 4666
617 91 37654
15789 95 34672
27642 21 35157
22237 68 30175
24430 27 40150
4459 8 13881
26106 83 39233
9766 72 19765
8246 57 14848
1566 92 27948
42922 30 49132
9732 40 19835
2485 16 23116
20745 38 47888
11067 28 38442
17504 98 30573
27814 25 37348
8423 7 37112
9970 56 49976
14923 42 38934
48424 25 49853
33730 90 41623
14141 74 18842
36194 82 38370
19561 4 48148
20581 21 43322
38020 92 44942
15908 14 20992
22751 45 37724
44049 96 45222
30037 7 47066
3091 23 27413
20280 30 28990
33592 28 38158
19778 24 32705
32561 26 33725
5515 28 12378
26586 49 33209
37994 57 42427
22533 18 30545
11582 88 26089
31723 86 49586
34460 6 44675
34332 18 35373
13891 65 34067
28538 73 38978
2962 19 4601
22105 21 32045
3552 78 8925
42822 90 44585
32087 84 33807
27578 97 44821
31033 20 46003
9007 85 33381
26087 62 40530
25149 17 48392
21388 93 22571
8958 18 34333
1643 34 44427
9539 87 27282
3648 3 24864
10428 4 45330
22816 69 34941
8003 68 22435
11584 45 36823
37326 69 38386
35657 29 37656
21477 30 33455
29500 88 37222
19964 28 22276
20406 99 42733
8759 73 9822
33253 98 38030
34074 32 40657
32082 80 38058
13936 81 14770
21560 89 44620
13984 93 23272
29000 47 37290
24085 79 41247
321 85 47176
18602 96 33353
8998 18 9674
17302 13 23754
10190 12 24130
31702 94 31884
29180 8 30219
26201 46 30202
9982 38 10594
32792 35 43429
42354 1 48193
6824 7 47381
29248 42 33583
5246 31 21789
33379 50 40861
32521 16 37356
22916 47 46091
34574 22 34609
24329 97 45866
33320 7 40250
6303 77 10675
21076 66 26161
34627 98 36646
7171 49 41820
25429 62 34107
23714 93 45068
10610 49 33263
28089 21 37033
22331 38 24577
4175 23 28646
9330 2 13486
28745 79 31061
7205 99 22415
19939 14 48643
4377 89 39266
13236 73 30248
10258 29 31666
11058 33 46165
1333 96 14879
39814 85 41103
15015 67 34924
2670 9 28134
510 11 39262
25258 93 30939
32201 70 48305
22900 84 40387
21055 40 25990
34852 36 39126
10893 98 36328
4932 99 13328
31641 40 43473
38740 71 47262
4641 34 28508
26859 25 40673
21633 91 40846
12761 85 47202
22600 83 41931
17132 1 24416
25328 50 33405
4156 73 27897
2414 84 16842
12892 55 35887
23322 40 28115
12659 53 13541
36541 71 40001
21956 6 33704
8853 46 39300
34111 42 38031
26050 29 49846
13284 30 42468
29795 51 30652
37400 60 38724
1960 40 43049
4213 9 10119
12248 39 32868
21813 3 32545
14665 75 21650
31541 38 33786
10031 5 36633
32164 56 34780
6952 47 47296
33268 49 35423
3211 25 49423
33444 47 45783
29825 93 47713
16441 26 18012
6339 27 31062
36111 1 41144
18283 64 30044
3455 59 33530
31734 48 47850
16756 87 19614
20666 72 32984
27137 96 29236
18805 33 38737
36663 90 40118
32954 44 43564
33342 5 38082
5309 27 45404
24938 8 32751
32354 6 35735
1121 96 32933
7887 53 37001
13361 17 22518
18323 62 38768
38598 78 47724
16692 70 44445
5363 28 40707
22564 40 36352
14818 72 17620
26236 33 48381
19388 25 21176
34862 84 42381
22594 14 41689
37045 33 40465
778 48 17697
2916 60 38613
48513 74 49528
6250 29 32256
594 26 3526
4994 91 32980
24098 71 36954
65 10 30858
2417 30 39851
1181 14 40330
15837 45 30438
13805 60 26906
12490 52 30643
12451 82 44316
17070 68 19872
35906 6 44903
13133 20 44016
140 67 22408
31609 23 48258
1474 58 3708
18754 19 38104
3295 22 38135
2901 37 5690
43028 74 48339
7765 16 31052
16140 76 31183
41754 67 47293
3404 68 7510
25383 80 35539
45093 91 45444
26449 95 31019
33623 9 49024
27383 59 29285
6310 21 31346
6190 81 26673
10023 54 16056
16005 100 36628
31 50 47336
22468 62 32209
15369 33 23353
12146 94 36222
25455 30 30888
8357 82 29126
40985 12 46924
27445 19 34438
3110 69 33505
36873 2 45450
7797 58 25588
38473 26 46984
21744 14 30984
10873 25 44377
22463 81 37545
10715 68 48494
24363 18 43608
21684 49 30409
42302 66 43683
28594 50 30966
8864 10 28668
34489 43 37240
7970 41 46825
28058 88 30031
5059 58 10378
21246 54 39425
23242 18 38206
11622 70 23904
7899 93 14346
7078 60 49801
34678 20 39418
11345 35 22691
24581 87 25113
12087 10 42936
16054 42 44145
23451 99 38204
22379 70 41920
26483 93 49616
6501 94 48363
22673 13 42377
6543 69 20379
9068 12 45937
12580 41 41798
32946 10 33394
1433 11 37656
27585 6 49109
30378 57 31588
19303 100 26594
26215 16 30993
18996 48 45186
1207 53 35677
32352 20 47049
19013 83 30435
10693 52 24554
1859 95 35224
30713 89 43129
8937 99 27972
17930 93 40999
32118 11 49315
32104 27 33791
5003 44 46599
26526 61 42261
15018 65 30158
44161 25 44896
2262 74 9961
27703 92 30651
20778 2 32133
12670 45 41992
5224 91 8141
34583 96 49934
28428 35 29864
32033 28 34616
25713 28 35050
12794 45 46172
7931 64 31003
25913 82 33029
7662 91 13784
22105 54 23176
7363 70 32179
6173 90 21054
30223 97 38191
24255 74 40273
13676 15 48383
33289 12 47266
31608 72 39106
1982 45 7544
7526 74 30755
37669 35 43548
17646 12 41704
35005 21 40836
27499 79 48277
6918 15 23834
20072 7 43763
23896 1 24590
28089 88 44653
19801 33 46651
4378 86 21500
15848 10 18790
28458 57 36137
5727 10 10410
3320 42 24603
29528 14 35963
28397 72 38094
33543 74 46503
39360 67 40750
30620 91 33621
8938 91 25830
22533 62 40300
8034 52 32194
16312 68 36995
24984 73 47090
27720 84 38217
24432 85 26032
6318 33 28701
17805 54 28511
16686 87 32446
34137 53 44448
35048 42 47284
5727 73 32017
7782 62 37831
6974 15 27427
408 36 18008
8642 9 32711
31091 39 44337
8267 71 19103
22231 76 33537
22884 37 33059
11195 71 30978
3837 55 43759
19027 2 41283
20130 22 37500
18195 27 42877
36192 7 48943
23880 98 26458
34965 12 44540
43496 28 47995
30592 39 43679
30657 5 38021
19823 58 42650
14160 74 27190
36849 77 37277
35159 1 41320
48024 39 48253
20730 42 31324
25835 39 35257
16736 31 32984
43018 4 44057
39523 1 41332
26223 31 36328
24438 78 46076
28301 41 35527
395 30 26112
25153 76 43373
6088 71 41628
45754 36 46833
39072 43 41462
29148 33 30841
2349 41 28214
35320 58 42081
5570 18 36272
32904 52 36932
14713 56 28277
6290 43 47035
14088 67 29265
19930 83 32935
45927 6 49779
33286 77 34260
13710 39 27419
34704 23 44724
17372 62 36568
20755 26 34303
34078 32 41627
11906 32 35737
6050 47 39877
20447 58 42662
26059 12 37358
13667 74 46632
5502 71 39612
8290 43 21677
6830 65 22460
38004 19 49330
12672 35 27545
10416 89 46289
17612 50 33822
40901 5 44723
17332 68 37669
3278 98 13830
37916 50 41319
34503 11 36035
3379 97 15789
4451 89 22119
18473 10 31113
28452 64 39031
42663 73 42990
25310 66 46730
9353 12 14188
36879 74 42759
9846 5 37652
4388 28 44111
30574 6 36286
5501 25 43889
30918 93 34019
35706 5 42062
26235 83 26894
13695 17 29139
20272 12 39752
23414 70 27607
11105 18 42726
35866 64 42477
4521 42 21792
4348 4 26346
39473 22 42792
18223 33 38361
13616 22 34427
14674 96 30054
5033 98 9999
2025 55 40321
39353 98 48233
41101 10 43836
15105 66 31897
45952 43 47135
27979 56 31202
20294 4 46683
28905 42 34119
14518 43 27660
25627 47 44053
14443 18 20797
19370 79 41753
34797 41 38067
12859 94 46578
39551 56 46140
34812 36 45800
4788 4 18229
13636 92 34976
22507 22 29189
9360 68 32758
31971 3 35391
17375 85 34868
14626 13 42920
31576 59 32463
38291 17 45748
24740 41 28512
482 11 11758
20672 36 25088
1397 13 38546
37086 98 46218
6800 41 47333
9402 58 34724
1646 6 30977
41904 68 44155
6864 15 9558
23808 50 31120
419 11 47807
31360 24 42117
37151 21 46412
28078 77 39362
31727 50 43062
22045 35 38955
30215 14 45777
19670 70 29388
11283 81 12297
38511 5 40136
28431 2 33393
35285 10 36743
30562 81 44694
4880 83 15745
19136 86 22794
4998 92 25689
9958 71 47503
5868 12 42703
28627 98 43373
29546 27 46314
4213 57 48323
14963 44 43366
5339 93 22369
32164 83 34626
31851 10 37979
19740 24 24086
10788 4 22388
3413 94 18559
35617 35 38843
14049 29 43085
12175 4 42112
11193 45 41637
4035 26 42809
30492 74 37926
20984 88 30130
24464 92 46931
465 92 25065
15346 15 26634
6151 33 28008
18754 67 41466
34076 58 36276
21216 14 46976
7510 77 34877
19197 47 42291
5207 19 30197
10736 35 30409
31130 38 42794
1302 22 30846
21579 92 26500
12739 15 36017
16182 61 42219
3488 22 24221
30021 1 42015
15159 54 36161
32852 15 36120
2375 27 28545
4609 62 27046
31683 22 43676
21376 93 40877
12700 23 27999
14367 54 18163
26030 60 29409
34634 22 36228
41025 62 48662
18107 67 31023
9459 99 17848
5001 23 25342
17509 33 21574
3112 97 27099
25432 10 43963
19511 76 38473
19137 41 38183
12117 63 28293
27886 9 28515
31682 46 41553
38529 99 49370
33783 78 46356
33747 15 40877
35634 43 46036
5083 35 40100
33505 87 34761
2549 12 30965
3320 75 25379
4707 91 30400
8802 80 35358
21885 33 27402
19164 84 31906
23228 96 36992
28090 12 28712
34327 13 41313
30380 70 35358
10237 14 47473
6797 68 17841
34041 35 42889
7751 49 13467
33337 69 36253
22610 30 48079
33516 8 34324
6403 6 44012
32155 48 35251
22254 81 31283
12894 98 13923
27598 68 35209
9186 87 21565
2912 39 8484
418 31 10259
37266 68 42888
40952 57 46469
3857 68 31150
32090 59 39595
3430 35 11036
1715 38 35670
14685 38 21524
13815 23 32843
10883 92 35347
1801 44 43537
2687 49 33908
31020 51 45342
20927 3 42248
31827 100 45421
15994 47 28379
24455 28 30274
33909 4 36328
31973 81 32582
34126 96 41576
10455 93 31631
14351 45 39244
39005 19 40207
22496 21 46289
34971 13 38264
26047 74 33944
40608 58 49328
9060 2 12449
28838 80 48014
14403 57 44480
23527 81 31417
20367 86 37551
40357 40 41549
6583 55 26189
19117 89 22582
15538 20 29959
3585 61 31977
5951 39 34937
5775 37 43579
10379 48 26298
18670 6 39067
25125 19 28062
5435 20 25508
25367 75 30277
9541 14 37768
3796 41 29573
10578 34 48569
29900 13 47742
381 89 37107
22031 48 32054
43656 75 45742
13411 66 44573
18368 17 37442
15103 7 35816
22128 70 41611
23844 57 38857
28596 10 49004
40181 38 42022
20693 78 43063
19268 24 46635
26376 84 30865
38874 97 47418
9811 18 44741
1803 77 13243
28624 65 37636
33945 34 41282
12721 30 21137
30468 86 36473
28648 85 33358
40269 31 42597
6061 86 24948
25866 39 47302
4352 63 26237
32652 2 49189
34925 96 43371
20060 13 22533
658 83 11637
35166 44 39952
22938 88 27625
22827 13 41990
4258 57 21046
4118 22 46143
26292 45 38368
12179 41 18273
24643 75 31127
11500 33 34664
25411 27 35284
13534 50 45232
5857 8 26226
8001 26 45888
27449 98 40434
25434 2 44098
33104 41 44524
1695 4 30142
23452 37 27401
36286 4 42336
5956 8 34249
4364 10 12307
34230 59 46064
24689 63 32254
27984 29 44124
9515 71 13382
10792 20 41635
5651 11 25334
24454 48 45350
33278 41 39399
6425 35 12299
13741 97 39097
35749 38 48231
2649 5 12030
6784 3 20428
35544 4 47798
8051 47 25382
3254 69 43336
18344 34 43318
11799 87 47089
21850 29 49460
22729 64 44333
28613 37 34519
11169 33 26152
11459 53 33509
26130 56 27754
45481 43 48453
36181 6 43137
26965 84 46421
9828 12 38782
11132 77 39673
23505 15 26406
5848 28 5901
37078 11 44794
22368 60 33801
25044 98 45500
20675 89 44855
7088 29 33533
25547 76 32218
13469 61 27417
38292 81 48118
30061 2 36590
20465 31 25324
25845 23 34657
8733 15 31188
1603 68 40868
26302 37 37646
21689 77 28073
25788 47 25949
23401 8 46714
15522 26 30894
421 14 36022
34078 1 34944
21324 90 35981
19112 84 40273
3168 32 23098
30025 65 44298
30077 15 36726
26564 81 45728
45686 73 47782
15000 41 25424
9523 4 16058
24408 51 34090
38626 5 46170
24398 53 37347
20367 77 40813
16023 40 32912
14060 55 21817
11122 38 44777
3872 95 48914
28953 2 40571
28181 40 39498
22041 20 32043
40548 32 41844
11604 8 38121
7597 46 17253
28546 78 43427
26711 62 37610
13462 14 29598
16837 70 22478
3200 38 22906
33360 85 44921
12531 86 44411
12204 14 48622
5049 75 36807
16087 22 39693
23805 48 44306
21795 17 39943
38435 36 43648
5232 93 19988
27013 81 38342
47919 2 49791
37918 99 39207
17877 67 46684
31689 36 35668
30726 86 34936
30948 73 40455
183 34 3590
4361 30 49402
38977 2 45027
3703 7 31349
10679 96 16100
31820 57 44216
28670 61 49395
39101 44 39486
22751 18 25990
27792 33 39513
18111 68 47911
16478 9 46884
36992 91 42040
3245 19 8142
3361 50 37507
24365 43 26697
25012 13 45748
26726 15 44618
26769 53 39254
42043 82 47093
14877 73 40421
33270 68 48852
23718 85 24164
29477 76 34293
9234 59 14809
6314 12 16903
31358 79 34651
4337 37 31408
4366 89 39975
20268 43 24474
13615 68 42281
17516 64 37491
5555 79 17286
25875 36 30524
39215 36 40434
35049 55 35537
3466 88 30061
28323 98 28651
20705 58 29217
9286 35 31085
38110 53 38650
33759 6 34293
35106 27 41913
16701 89 20069
18679 33 40880
20575 2 37157
9832 83 27633
3199 62 37102
25259 55 36711
12271 24 26235
14070 52 36956
21773 59 30021
31882 41 41779
9173 84 38430
911 78 44309
30677 68 37684
41583 99 48681
6029 62 12932
22596 16 33731
33350 81 40639
12539 14 37674
31328 57 34040
31170 58 32117
476 64 26788
16603 30 27881
8931 80 49089
27372 87 27464
15979 43 31585
27941 100 38444
34174 73 38739
1934 95 7075
39913 18 41767
15775 64 30338
8255 16 20414
21489 81 28823
10593 15 37920
38240 4 41168
2925 68 25587
34328 32 37857
33797 26 44258
40956 3 49638
