1000
911 13 41871
3549 43 5147
27822 52 44310
6716 3 15912
38598 12 41322
6618 100 7957
23918 75 25378
16354 47 41024
26336 21 40330
32918 70 33929
16570 38 20196
480 57 27016
3987 22 46224
24406 43 25567
21511 57 28930
9832 64 36564
39780 99 48155
12191 63 18985
4973 68 32789
20220 36 43053
2068 45 44375
99 97 32403
16319 53 25120
24988 36 36149
10227 55 22287
16046 88 39571
6785 96 45397
24103 63 28158
13996 91 15637
45263 39 48552
7102 19 30661
15731 91 42402
12757 35 29524
37291 100 48546
934 11 32392
25311 6 33940
27243 81 35166
1170 14 18337
20462 4 41545
20797 78 47275
25187 3 45086
32099 73 32308
17575 15 29448
5939 52 43344
20525 98 48124
21670 73 32808
20309 99 45629
428 83 36442
4951 91 21491
3255 85 32964
24851 11 38866
29566 27 46670
12569 9 39040
1550 25 31216
23494 48 24733
9491 46 27326
35495 28 37486
340 74 48819
31696 62 41667
529 27 38285
24317 61 37247
26477 10 27119
14143 45 14466
4030 61 49636
35468 24 36655
29472 38 33135
27572 21 29204
21607 4 42624
29718 29 34737
4941 97 8429
13057 17 23443
14601 58 29799
1796 61 29522
9745 67 31017
9672 38 12118
4772 23 40528
19980 77 27223
13071 74 19784
3078 35 6183
28041 14 48022
15578 76 33284
43785 76 46158
11109 17 26581
36995 5 43157
3518 22 12157
24626 61 41839
35114 14 48099
15690 45 40157
16796 70 24438
23195 23 31737
14400 77 44722
14061 40 46885
26525 4 31637
1902 36 21545
21495 92 26534
25020 24 33021
4628 87 46168
15723 80 32303
28545 4 33657
2825 60 37532
30667 93 41982
5123 88 34239
4403 59 46960
18635 40 19966
21664 38 25247
25943 22 46148
35802 6 47280
9852 46 30273
19953 56 49554
27052 96 33063
18375 30 32284
13943 21 43230
32356 69 43823
15030 8 37194
33876 42 41375
38618 72 39176
34391 75 47735
38590 48 39327
1023 5 45357
22682 71 35887
25950 32 32743
10026 1 29634
11 4 35302
20827 41 43775
11060 80 23285
43468 70 49761
13931 51 28979
6735 44 19782
21089 59 38454
25300 19 37939
29311 3 31378
22115 54 30239
22741 56 29288
25261 87 34882
21365 56 39031
15670 60 46331
5340 5 39167
7391 23 32961
13027 11 36660
17390 12 32226
9713 67 41209
36265 15 43564
20198 16 40834
22153 40 25207
19613 39 33055
23932 70 35048
5429 47 40229
24401 21 41195
25674 93 37293
19440 72 32875
1953 48 21652
32676 25 34094
1806 55 46205
3607 75 48888
30148 64 45715
18207 89 28707
9083 26 31912
3786 73 4109
584 17 30671
24116 39 44481
6370 45 20239
1091 67 37688
8215 22 33554
30882 82 33791
3584 31 36557
21971 14 27618
35589 28 39415
25610 2 30510
16704 62 31708
3102 79 45799
7218 39 26846
24676 20 28972
8509 83 44413
2466 13 3283
42024 64 45547
1762 92 19501
24717 62 40076
23278 39 44221
5551 73 15526
47886 7 49528
20702 50 39525
17586 95 28931
34439 20 37688
4095 23 19939
31737 63 47345
6427 44 38697
4522 70 13453
27973 87 28336
19808 71 39491
30280 30 31807
21700 62 43184
9531 63 32695
14792 69 30515
1050 58 18410
14840 68 40724
22136 79 25618
31121 34 31372
17480 75 32137
3930 36 23059
18296 9 42036
33193 98 43670
28785 13 38619
22952 66 34628
26303 86 45717
27520 16 45275
16215 3 39669
39664 72 40306
2282 38 8422
10878 31 42745
29089 28 34195
8640 19 33804
9965 25 12074
23018 9 39794
11739 52 21226
13632 34 32091
2315 77 47693
15078 36 39764
24462 45 43500
6164 24 18656
34613 61 39385
1124 89 20309
33363 19 35011
32115 7 35753
4475 60 10096
36341 61 49748
30475 61 32051
7778 21 27455
972 62 35625
29097 80 35223
9995 78 36625
12062 36 18477
21741 7 26260
22714 52 23141
3884 22 35263
1592 41 45565
36941 25 40250
27889 48 31825
42453 71 47418
11316 6 21375
36790 4 47863
22840 54 40937
15925 92 41223
22470 33 29020
4574 10 17949
8366 51 15263
39046 41 41898
20826 46 36852
19439 9 29229
4382 11 41417
41059 82 42672
3090 10 3158
13137 63 32058
16069 33 20080
7863 64 15216
8016 30 37262
12914 26 49766
29129 22 39737
31219 52 35019
33195 3 38830
22881 46 29548
8332 75 41529
4845 32 26630
26388 74 49669
20964 61 36977
32298 68 43760
2019 59 8540
21697 21 30145
1957 24 38531
3611 42 5674
9966 93 25824
10258 100 40365
31319 9 42245
552 19 24988
7632 100 46359
23437 42 24297
16622 37 33987
23181 53 38190
7514 52 20710
4327 13 39779
2978 97 13599
24325 96 26011
1410 4 29107
306 98 11649
7621 62 46686
26225 47 40875
4824 12 29184
32709 92 36933
27196 24 46683
1959 80 37562
42048 72 49888
35502 14 40664
34495 89 47598
3094 94 30328
6206 42 11852
17676 92 24583
6864 66 41196
36561 93 46148
27919 4 47935
18469 9 49637
20102 43 49653
42681 15 47914
26778 48 37990
30585 16 45805
37477 58 45910
15364 55 23680
35040 7 46722
19345 5 33843
15312 76 37005
9290 69 13838
22482 33 26277
7730 22 47088
16373 71 20905
26335 47 27078
24683 76 29302
35278 41 41346
9376 50 22691
20547 10 33422
33896 47 35979
13629 33 17999
17732 75 19267
15157 7 21927
28585 45 41470
33465 96 45076
19651 93 43356
22452 64 33203
33729 58 36366
29887 66 40633
25730 75 27736
38428 16 42633
1896 79 15681
3275 98 34258
16154 78 31470
25937 95 39414
33166 88 46028
31100 51 44385
10274 48 35406
434 55 26082
13659 15 19634
23208 15 35259
23047 3 33842
30893 45 33421
25542 85 32725
33436 80 36985
2782 75 30089
32213 10 39116
16278 12 29237
14189 85 35520
16330 25 37910
3776 73 7862
8985 69 42098
30599 28 40906
17796 84 31711
24116 54 48938
10996 91 16923
8978 67 37470
2356 8 27989
4107 1 31255
4247 99 36073
36494 98 49051
27724 58 33424
28467 42 31056
21165 90 28309
21652 64 46632
21088 45 46930
7066 70 18407
13023 8 18404
15178 39 27529
23142 76 25264
18216 63 43498
13037 26 31207
18080 70 33050
19985 27 35533
23686 29 27060
1541 88 39659
35716 94 41774
20521 33 38978
15767 50 45883
8427 96 22881
10126 16 15462
7662 61 47402
23287 86 39503
33536 96 40967
16306 99 47152
22661 55 42102
18626 4 39517
13978 36 28867
6086 80 14988
33741 47 46383
8073 67 20938
11647 14 40958
1791 50 23678
26360 26 35347
42227 96 49710
23898 92 43673
4458 1 11427
26553 28 39836
16874 5 33192
15803 45 41969
5225 42 23474
32179 53 38704
21160 25 25756
7836 94 41632
26768 2 34693
11057 65 24579
34863 67 45667
18919 79 31915
27972 95 36337
9676 52 48729
38414 67 41823
14457 92 26821
38230 94 47888
790 8 32559
34174 75 34615
30524 98 36175
25308 33 49725
5399 63 49265
16497 48 46916
21543 2 34111
38851 3 41698
16988 25 43509
37395 71 39242
26240 3 45834
11039 27 41752
33935 75 35950
3169 68 38171
5357 45 31864
20285 27 31571
14377 69 17445
6863 9 14044
1658 70 36981
8122 49 33352
4363 12 5995
35213 36 42067
16314 82 44608
1803 100 10444
23597 86 28795
7738 69 22449
8848 46 31332
1811 52 29104
155 29 42238
31707 21 32961
5444 96 36693
4486 33 47054
1878 63 18545
2905 22 13047
1795 37 17704
8916 32 29009
8274 68 31157
6080 16 27250
25461 58 41049
9568 66 26896
32083 33 47368
13890 54 28682
30712 14 34713
12353 53 46880
18436 39 39841
10565 36 43669
36070 14 38444
24257 97 33860
30485 90 34586
20695 76 33104
3270 97 27059
40546 4 45632
32560 5 47741
35067 20 47041
31647 61 42632
35031 34 47411
45634 23 49919
26989 57 43207
1001 39 26112
32875 14 42840
33569 81 34002
18284 72 24253
9773 7 47701
15559 6 25769
1046 22 26072
2615 27 34763
36061 99 44953
24856 37 47477
17792 5 35515
21088 90 28931
19898 69 39794
2292 59 37786
43089 2 43161
43180 38 46853
22365 7 37044
7364 19 36744
34189 62 34351
36056 48 36358
24376 16 29611
21556 30 40620
8866 54 35652
22144 46 37639
11246 55 42927
21260 98 43984
1507 23 36165
45136 75 45408
29319 43 36073
11164 61 30818
28756 88 34420
22799 91 48059
8562 84 19009
40820 36 41513
32296 56 46652
26010 93 49490
5395 85 20769
32612 10 33726
23481 34 35591
16452 82 49897
17872 100 19293
38352 1 41685
12712 25 31580
17922 27 47700
868 20 22237
37260 21 40571
35224 87 36430
17796 64 37869
10895 59 26885
9322 87 22233
23458 14 32359
27421 1 28960
26932 22 35943
5892 92 14496
4096 59 30221
9503 81 33966
16227 39 32120
29688 45 34430
23123 9 43718
30032 59 30930
38059 89 48743
32947 14 37112
14452 10 30860
28704 93 46165
14114 91 30337
6584 52 48175
10986 25 12948
26440 45 41920
534 65 6601
14645 24 37351
10485 76 34730
32363 25 40343
3314 1 22375
7663 98 47442
7443 80 33008
25833 30 37037
38285 75 38530
9109 31 39177
3622 30 37341
28560 17 42038
11000 33 34635
34001 79 36105
33959 72 46096
30954 13 34399
2824 74 18457
32762 54 35518
6910 4 26002
15120 32 40083
17267 72 41523
30103 62 32114
32182 84 38892
6837 25 39898
24747 22 37687
31846 66 39192
7726 88 25924
29229 66 41152
593 23 912
32343 11 35621
9531 40 36516
12439 38 21996
11165 67 15226
25489 60 40665
27577 61 29241
8258 64 15597
31747 83 35709
23686 16 33843
24662 90 48572
20555 68 40684
30697 44 46482
17696 11 35863
9903 53 24383
12852 47 25444
12086 58 22335
15075 43 36740
41693 99 42055
24548 7 31981
32128 75 46157
17089 30 31486
25853 97 29040
2411 49 21780
11304 88 44062
30210 85 38431
32458 17 49656
2489 87 19477
17493 27 33849
30895 30 40593
20847 47 30922
32601 52 42654
4605 68 28675
8413 62 15045
9806 10 35315
31848 73 42507
1162 64 38262
24452 95 37666
12524 93 42485
500 55 29926
30655 26 32295
20061 8 23465
21887 52 29900
3340 12 11659
19548 43 28015
393 50 38186
1531 38 19524
8376 38 25845
4884 51 40584
17216 85 22750
43071 61 45732
1062 1 7535
12108 25 46740
4684 76 29523
2211 23 36026
23620 13 40647
28411 79 45374
39283 1 47947
20115 8 24595
30373 99 40795
34493 7 40071
9298 79 29164
2066 20 48448
32820 73 40217
6590 14 40095
9002 16 23367
9302 15 43800
7758 62 37536
28638 78 32160
28169 49 33888
35039 84 40524
15054 66 40219
31367 57 34493
17864 10 30777
23921 55 28869
2345 64 25863
35607 28 45868
40006 97 48727
1303 8 31282
1296 7 29748
2767 54 21978
7971 25 26728
3395 73 44667
5650 57 8153
36935 21 38961
15716 50 36742
13923 37 34377
1631 80 41272
15456 83 48073
18346 63 46628
36667 1 47007
5370 3 41967
18763 93 34073
32979 100 37027
18583 96 22634
18834 40 48708
19546 38 20117
13144 43 30519
14518 26 21540
2771 13 43199
25271 37 42205
26028 36 35351
16337 30 18499
4603 26 42264
24551 16 39907
3672 27 8101
11000 54 45465
22102 5 48946
8313 2 43478
711 35 44932
7097 32 14379
15642 31 31225
10658 81 45056
26012 21 35529
23934 7 48390
14375 6 33617
1969 17 2340
4491 51 28683
2009 86 30466
9894 11 30993
5758 35 34075
13092 31 34306
14218 10 47116
34748 71 39154
22904 32 29581
25586 11 46587
8513 29 48209
16771 37 23471
7480 10 28053
5403 67 12614
26803 49 34292
10270 28 14829
8292 3 42100
14999 92 47785
18813 51 18869
18287 50 22558
29736 5 47038
15198 27 16138
33450 64 37522
6153 49 32509
5227 10 6850
4096 88 34194
38156 68 41829
10693 61 24530
15991 27 39830
18628 12 39059
29979 82 33957
1433 71 45205
18868 8 36049
21031 46 37258
16315 95 45627
6048 2 47311
4488 18 28359
24276 4 27226
40739 38 49649
4178 78 44573
14166 45 35825
34973 93 36102
27394 10 48315
4037 58 30173
28997 33 38193
12195 15 31811
6312 27 29313
20436 90 33627
30223 1 38622
1728 98 31747
10727 81 14562
506 67 26141
29329 83 43587
41379 95 45432
316 25 48131
25699 56 31589
35750 15 42550
39312 94 42467
18089 12 25741
22665 8 38015
1227 21 49206
35975 77 40547
30075 80 35940
25917 78 28276
26727 66 37604
20245 15 27076
42373 82 47942
14482 19 25443
30142 41 41114
9839 26 23292
22442 21 42290
2033 50 45309
34710 42 37829
22190 40 37178
15968 93 49474
44235 59 46078
12674 38 14309
21333 12 33154
26920 16 48830
21818 96 26153
34173 51 37949
1988 68 28411
28754 52 33470
14808 82 22721
5884 82 37427
31354 25 41344
45289 89 49347
17882 87 48649
33745 30 49846
9987 9 17915
33353 56 45399
35836 14 40161
4094 26 31723
4257 58 40430
32799 69 39149
25027 60 44331
46274 7 49231
7866 54 37906
9434 66 30358
24977 55 29384
39372 4 40409
37481 59 45462
4978 49 42240
21376 20 27515
10483 74 12720
27225 89 39303
26988 21 45335
18009 39 44667
15440 34 16196
33767 100 40313
23280 37 45645
33169 67 38015
11566 52 42509
26234 84 39849
10159 86 47837
38934 18 43726
16290 22 37860
3807 72 31909
20493 11 49735
25944 84 32415
14750 30 36035
28690 2 34260
27862 27 38943
32402 36 46270
4637 43 15203
1118 14 49306
6832 63 35673
22 46 28431
627 7 12496
5882 94 35583
34328 66 44918
38025 60 45644
33439 45 45204
37669 74 45926
23228 85 48515
2008 21 37537
35829 14 38796
9899 7 29795
5555 64 44510
2119 6 24916
27246 75 28412
12099 29 18216
34146 88 44055
2886 72 8554
24351 86 27818
27135 29 36054
3596 100 40018
3473 66 36896
17452 18 18474
34708 52 43374
582 88 37838
5017 39 38590
11102 45 34625
21995 49 25564
25025 7 38788
3777 98 37628
13971 71 34983
10279 7 15544
929 91 21605
31365 97 41093
26751 57 37526
26942 81 32776
27028 16 29804
28751 80 45818
6138 61 29670
24645 88 35202
35467 74 40526
18693 18 42453
19652 84 25183
41730 87 44657
30443 74 32682
22401 54 38025
6613 64 31218
25788 3 41240
24083 80 26676
28120 82 30169
35308 24 44629
17188 42 37010
32495 15 40174
12242 100 33956
7079 73 43838
24204 93 46587
27123 22 47924
5652 98 48953
41608 19 42641
2079 9 25990
18895 92 27967
32201 50 39003
41383 4 45017
26936 60 27216
161 45 14846
6001 65 40811
34397 73 40399
6800 36 17240
9587 66 19607
25966 62 29648
42292 45 49796
10076 77 43505
32626 13 33500
18681 11 34870
28427 82 41150
8785 29 27621
33722 8 35249
16470 58 17852
33829 65 39033
15088 53 38604
13964 1 43369
18486 52 41161
22064 26 31586
7165 68 29462
4879 69 12510
2513 1 23936
35119 18 37251
16766 10 24453
32836 40 35470
23767 17 29634
45926 75 47486
8064 85 33587
12532 62 40781
27007 47 36687
1841 28 44629
1251 32 3974
132 91 26188
9872 96 31881
3137 24 40632
30260 41 39954
18575 80 44013
27998 19 36949
33649 79 37865
29419 2 44868
15353 55 37128
4468 76 33850
608 52 40097
4699 11 46341
24868 49 37227
21166 97 36737
21801 95 38051
36346 44 36442
19914 51 38003
5 45 5949
33718 93 37481
27305 64 45997
29348 33 41377
29985 42 35901
25571 75 28875
2959 35 8103
3662 14 30006
12773 32 29124
10672 66 31650
11438 26 24954
9207 28 37748
2515 31 48708
21631 26 23652
15538 52 33066
31271 42 35821
1091 26 34404
33769 85 38667
12500 11 39951
44051 26 44594
26199 45 34056
13550 8 49589
24539 69 46795
20661 64 28279
33231 65 38091
3434 54 29785
30187 19 38199
13086 52 15833
19472 83 36007
26432 30 38746
36781 43 37843
14057 89 33214
8394 71 34114
25279 72 26086
15959 71 34384
5013 32 45282
2586 84 13887
35810 13 47804
24211 17 24511
20692 39 31543
12052 79 18856
27968 13 33605
714 97 33111
45030 3 48379
25951 14 34636
27701 76 49060
603 47 38814
20685 23 49208
13261 60 33984
18164 91 41746
15880 50 35810
31642 79 43091
10250 51 45660
38763 91 44301
20570 19 23312
28362 47 33988
37407 72 37815
19297 88 36588
34681 11 36735
31485 93 44805
11615 57 28219
36372 52 45965
11257 9 26459
3111 34 32821
3466 20 28792
22217 84 35317
26683 37 46023
4069 74 34892
25431 98 49297
12050 20 27734
44172 7 46705
34070 1 34092
37038 52 45273
17633 88 33143
44176 33 47229
41264 41 49911
12183 38 26039
35919 79 41825
29708 14 36915
3144 17 20833
