1000
27916 86 29534
35434 45 37883
25589 41 48654
1455 2 42755
18383 89 24833
15625 36 19861
15172 57 32631
40944 85 44104
42605 92 43933
10084 15 31129
26309 57 33598
5339 78 43097
14974 4 28219
16314 67 28925
34165 47 49853
33579 21 41024
33552 32 38587
38758 1 39831
7630 27 23199
6715 53 7643
28783 22 38769
7461 87 25889
24642 24 34777
9432 57 28029
20327 68 43185
6808 55 30245
13721 31 47882
33711 72 34259
38158 40 40430
5378 21 17457
28527 9 34471
5625 5 10350
25978 4 31511
14564 48 18343
5375 20 22715
10285 93 23493
5469 33 32291
9806 96 12682
7953 24 45559
10537 19 28566
31368 18 34044
650 82 30141
14630 99 48093
18553 10 34513
26334 27 34293
22769 97 39336
9458 27 37745
2358 50 34315
697 6 21314
3495 77 31154
27745 70 46135
33324 1 39139
14700 9 43232
5658 95 10595
32329 53 45900
22614 74 43179
33537 20 48856
8612 33 43010
2358 98 34784
13732 42 22697
39925 35 43366
23895 5 29466
17489 15 32733
5752 96 41011
11708 16 12759
15500 47 24734
37839 36 43018
7056 19 46688
27889 38 42901
15353 76 21060
1133 87 33607
26257 24 46552
32813 19 42489
13197 73 35380
1026 97 3126
35214 44 42875
2038 46 12418
12329 7 45167
3167 49 31129
31163 12 49646
23163 23 41573
14398 24 28428
29792 68 38477
21803 16 42396
7548 98 25791
30707 27 38382
879 40 27904
39110 78 49731
37272 19 45358
16184 16 42110
36658 73 43102
20647 72 21186
2721 50 36371
11418 10 35935
24481 50 38644
29953 92 35626
10203 11 38425
36403 14 41083
7232 67 35257
8513 95 40967
17908 40 40381
29069 73 37220
6383 1 35026
18068 65 27460
4187 74 12827
7357 71 34117
14265 13 29932
11065 77 30348
5511 28 35851
16580 54 27507
7417 14 10698
30862 63 34368
18737 24 45317
22428 18 38915
25608 85 32748
437 1 29026
35822 10 39665
34369 88 39020
30982 81 36430
23048 45 41316
31247 45 43914
27185 52 28475
8446 88 9213
13082 38 49706
30294 90 41863
25111 56 33594
16015 34 28080
15962 18 42724
34169 63 40422
26396 60 34008
4283 15 9257
40497 76 41043
17260 34 30269
10401 41 30068
16333 99 22992
9400 5 20224
18240 48 38325
34896 15 41933
33005 67 46117
15806 95 25881
251 22 5095
6179 22 37858
8748 91 42303
2131 54 24930
30816 14 34001
22171 40 34352
28271 79 43893
3307 94 29534
38368 37 39295
6204 89 14650
9243 44 21051
36097 16 47755
13119 83 47552
21153 29 28033
35693 30 40053
23055 96 35211
25966 81 45194
23706 35 26563
23700 60 40837
27232 20 33770
23503 21 39228
12631 72 39229
33680 9 47637
31627 11 44158
22218 74 43187
2918 4 14460
6012 41 36972
69 83 8840
9420 71 29824
28660 65 31935
3583 32 32569
16448 34 35279
2142 93 10431
26344 62 31266
13599 53 39881
31343 54 34364
30447 6 37064
12313 48 19331
9172 21 27277
17660 51 23612
20436 94 34210
16968 90 25327
13720 39 30614
17015 22 40082
12675 58 22682
23593 22 28000
22591 37 45023
1889 96 43373
12570 27 45153
5622 33 26521
29249 70 31039
6705 80 48680
37215 52 38629
6474 37 41533
6951 51 8012
6274 13 39900
16628 95 41010
830 90 5540
26516 92 28674
36941 74 43082
18742 38 33696
10448 3 28620
37924 80 41181
31599 55 41680
37534 15 45610
341 85 24154
34693 84 35598
389 96 21167
3748 78 35691
16508 21 33721
25162 72 27179
26623 98 45216
22888 28 25716
14115 88 24701
40929 50 47272
13297 24 26158
22108 76 41017
31158 5 43329
7311 46 12694
19600 23 41921
14071 43 27516
15623 5 21034
13051 47 27049
21809 36 34420
1713 62 2096
20372 31 49089
5872 87 39114
24880 72 47098
18873 65 33483
30660 53 43997
475 56 29625
47376 85 48859
204 98 5519
714 27 27469
30303 12 44992
33407 88 42376
27679 70 40923
18742 97 19981
10387 61 29417
34068 57 46429
47155 23 48630
28281 84 39337
4402 47 33319
17219 73 21500
19575 90 34452
37730 26 41290
14817 54 23617
7602 14 19486
10226 53 24884
37031 13 38775
16561 31 17365
6496 61 9456
17007 29 45057
19123 11 35041
3553 28 39945
14269 94 40715
30968 76 31254
32371 61 45089
1908 55 11623
3675 69 25976
32243 68 47916
30814 14 33139
24987 44 31317
34622 34 42355
2940 16 44831
3293 75 42048
26289 85 41908
37585 68 43737
34599 43 43191
11198 31 32462
507 95 39700
36348 78 44549
23014 10 26617
29823 44 47557
9332 33 27029
12501 39 19065
34107 78 46134
8233 98 29637
803 2 42931
19194 22 20276
43522 91 47575
10289 68 37543
18245 22 43355
1898 8 25250
24082 46 30389
14039 67 43724
41887 78 42169
4349 49 23242
24874 34 30037
35655 88 37706
30530 94 39955
25951 65 26694
24796 63 36444
29964 77 45849
5274 30 46231
35185 65 37312
11438 8 13185
20128 97 47315
47838 79 48013
12792 98 29157
31977 98 41650
17103 51 37328
1829 53 32206
7645 72 37616
16807 26 22895
33296 90 36563
661 8 3582
4058 34 31014
6449 49 45858
7819 63 49158
14590 71 21039
19320 54 48423
13895 86 31035
6520 61 11276
25804 71 27056
31618 8 31724
24071 37 26437
4008 66 39166
20223 52 36988
33981 76 37466
25937 26 27752
7438 29 20170
14974 23 48492
9641 3 38947
5386 68 20743
4059 48 39066
35286 95 40928
16299 90 30508
25741 88 29650
26296 78 39072
20821 38 29826
13774 59 40291
3572 30 36343
3779 68 20472
20241 43 30583
32422 80 42594
5289 24 45318
45670 77 49138
15246 39 42019
31151 63 35518
22527 7 29865
29943 5 33331
7880 52 20666
21811 74 46767
3328 56 33183
42728 56 46259
14579 58 21758
9968 94 30356
15977 43 29482
14620 57 26171
286 17 41553
1437 17 29932
12677 21 46335
26946 87 37214
17087 53 32012
6624 95 10990
2693 64 33326
5088 61 23638
30396 68 37909
1002 12 22065
29882 64 34759
6820 43 22899
37101 61 38477
8429 50 21774
14546 87 41540
45213 46 46916
30786 40 39046
4093 5 49289
35541 94 40548
27076 24 35133
22790 60 49068
30572 1 49294
34220 97 39443
23730 68 27003
11505 70 26699
32578 65 46542
9160 91 23844
33275 28 44014
23253 87 34142
11619 15 31946
7664 98 12151
17917 57 42857
2385 67 27587
31723 11 39554
25866 87 28136
13148 71 31925
9928 75 47437
25201 11 34884
29055 19 39621
3184 52 28291
1825 51 18299
25640 89 45095
24669 8 46213
10141 68 35073
36754 100 39575
19238 49 38369
9620 16 23694
12660 50 36330
16217 81 49243
29467 41 36044
29500 56 38474
32747 85 41224
7062 64 32146
35821 15 38996
31815 46 39846
13469 65 27749
16338 91 17436
3414 67 26790
17344 72 23453
21284 13 23259
12819 44 18088
18442 61 29730
13902 90 26728
28630 12 35522
21058 40 37444
20303 91 33124
24559 42 39762
24802 67 32597
21632 82 37682
11216 93 44254
33592 34 33672
7464 3 26843
5574 1 37830
26315 94 33065
39952 25 46422
38496 26 39563
22747 75 25654
10032 60 45031
32355 4 36790
17307 82 26811
23634 5 35072
7861 28 49154
5690 70 31089
15655 19 26760
41609 49 48978
8971 15 34040
30200 48 32077
30160 76 42813
30869 52 45578
27369 17 46325
31711 91 33830
30076 79 31920
35560 63 35753
38836 53 48420
42263 94 49125
20753 34 47421
9306 64 17893
31387 49 35670
13030 76 19016
6397 40 19560
9034 50 34393
20526 9 36460
3181 14 13304
24341 9 30849
256 20 42968
37001 10 47232
29265 23 36516
3108 95 9259
9944 43 38697
18832 56 48838
31979 91 32208
18673 22 40536
3645 15 25285
10587 76 26932
369 23 42782
43610 63 44664
33073 14 39062
25712 62 35513
9050 19 38091
21896 16 35600
6472 35 41654
14838 92 21311
171 71 32995
15477 54 43653
7722 1 8267
33585 9 42799
26744 54 34737
5261 61 9637
43478 45 44396
36820 21 48434
6015 66 16832
26599 61 40212
4393 43 46403
14705 53 26157
22888 49 38840
40209 54 46133
19543 16 41364
38210 87 45242
1768 90 18862
1722 62 49910
23049 1 29025
27602 62 42396
25248 87 34963
27436 50 45663
28978 71 44419
30937 86 36529
1619 46 35059
10227 32 34725
9109 82 49372
22617 24 36903
18418 10 19364
41421 94 43135
29934 17 45636
10943 91 24541
32243 2 48994
28687 48 34359
31930 17 38894
25335 41 27257
17706 96 41091
22890 35 49529
29821 40 43386
21080 28 23653
7936 38 28971
30937 20 31277
13994 65 42293
22521 9 26484
31359 51 38394
14794 20 42157
33866 62 47340
6616 43 15125
6363 100 27517
21808 16 40071
16038 93 21173
37951 84 46510
28744 57 34308
5438 80 19807
23611 58 38258
20481 29 45185
16054 78 18323
31717 71 42472
32865 32 46496
5530 49 25900
1741 100 46069
23821 63 40196
6110 94 44871
12542 51 17200
26997 22 32152
35781 7 42090
36068 80 42932
47250 21 47289
19662 30 41182
42639 48 44038
31755 22 43668
24895 1 25945
14050 16 39380
12837 58 32360
24686 25 40745
23261 93 45490
28603 17 33032
2 95 44481
21879 9 49050
26468 75 33329
3987 44 12146
26619 40 39789
17957 71 40948
5800 20 44645
16596 68 42432
1803 17 46193
27478 23 40613
30761 50 42006
19589 73 26858
31201 50 49502
16420 28 28269
160 88 43824
31030 87 48866
34384 96 41593
24972 97 41194
527 22 23447
17843 61 24096
27465 16 35140
28504 42 35977
19631 76 29332
36305 95 36781
2572 80 40267
37566 28 38680
46258 55 47633
23102 9 30228
7241 86 28702
27841 86 42346
28234 68 28306
6361 22 41696
21578 29 23511
27875 98 44069
13651 64 37512
11718 12 25505
28412 8 38488
8795 57 28013
12778 33 23091
22590 56 39077
43917 81 45034
4336 96 40468
20080 95 34513
5416 94 27955
21417 91 45191
6910 38 8227
2197 18 34021
394 32 21236
28688 13 33848
132 12 40976
1633 49 48596
4222 37 29832
22926 86 46314
38013 27 44939
4719 23 35157
12356 78 43811
33765 65 35469
32338 55 48555
20291 53 36494
14060 39 35715
24811 10 25615
709 64 26380
30072 73 32743
27014 90 31109
41346 49 46646
2172 5 23340
28397 29 41154
19172 45 25691
19975 58 33934
11282 86 46443
18187 10 48972
10698 50 31370
44577 69 46968
9471 33 26326
17821 48 28031
25167 46 32812
33907 52 35689
20102 50 28408
20478 76 44601
28469 36 33123
11556 28 36706
615 13 44085
25555 96 40005
17809 30 34857
38639 100 48848
30785 55 41770
10688 46 35153
6038 62 39549
5099 34 10882
20430 23 35548
17185 84 25873
11999 69 37463
36914 3 45433
28962 27 35103
14266 50 40434
20582 83 42653
11049 19 41151
43784 35 46740
2380 28 25291
1430 43 23893
26489 8 46956
7741 31 14200
36410 77 43917
23287 12 27462
8457 58 23054
25569 68 45724
1863 52 38419
26711 52 41662
31104 12 40812
11557 8 34805
21712 94 40713
23304 20 28477
16958 40 38017
21637 41 40721
21961 99 38235
40143 42 45438
17242 65 20159
4425 64 37211
29499 35 33973
34844 45 42892
17913 4 35155
8472 4 36365
10258 81 27633
28121 47 33667
7368 12 23472
36873 59 46400
4224 72 30571
16538 12 20584
49086 93 49675
28221 79 33377
4091 7 9706
11030 27 46059
34830 83 43878
24722 48 44873
29997 8 36147
3937 85 33249
3169 3 29186
34998 35 48145
32703 93 40177
27331 5 35492
4384 36 43973
29597 62 39328
21773 12 39636
9182 66 15129
27409 30 43698
21489 44 35948
13746 87 36170
3884 80 34462
5463 70 18236
22689 62 41978
16244 90 45597
32723 24 49556
3935 50 34658
24619 86 48257
34404 79 41025
22778 57 40857
2239 41 32580
11966 46 38417
15558 69 26358
2513 9 6486
19641 25 23181
18435 64 45744
36391 38 45438
8813 29 17696
48568 83 49706
10376 68 39275
35502 43 37142
5433 82 20263
3069 15 11647
28163 29 30003
36167 46 43154
36274 50 49326
32055 85 37476
30053 38 37781
16243 84 33049
13289 74 28117
16055 20 30385
18302 30 34433
15644 36 23844
5146 45 36955
16643 50 46750
34085 93 40029
43265 77 45087
6784 37 36807
420 60 29503
17126 53 46966
17497 25 43168
46934 34 49893
7605 77 33189
17989 85 30681
25570 96 31256
28877 18 35993
4957 50 20158
23938 55 39332
33606 10 37798
1952 90 8198
24260 56 33658
32459 31 43164
27210 45 38060
11111 17 34104
1727 74 43702
8477 72 24804
12573 14 28852
32050 6 37899
14300 1 20898
30519 20 32018
10570 86 31915
30691 89 42300
3582 23 20692
16916 15 38403
32098 73 48569
1600 47 24229
22726 8 29771
23747 24 40540
27560 21 47816
8443 79 40137
31975 55 35277
806 19 16828
33995 63 37069
286 78 31111
27212 14 30146
33315 6 41437
21683 36 49639
30071 59 36615
9498 17 36555
493 68 36023
17209 47 35159
2750 98 41457
22225 1 42757
48010 94 49747
14159 91 41041
29969 96 33796
8036 68 30335
14932 59 38522
4090 2 27119
33246 88 47515
18193 84 34838
12177 17 49777
11389 61 42821
25087 99 34625
35819 79 40667
14944 85 40643
31603 38 33378
6813 29 36869
31311 79 35618
25251 76 25519
21372 82 29731
20739 4 30675
25500 4 29999
28777 59 37569
11311 12 44673
13722 36 30207
6875 84 17757
29102 78 31743
32718 86 33655
6671 43 22517
40579 39 44962
3590 44 41446
5058 83 5700
4420 28 37795
23076 63 46903
5599 73 7332
28543 99 34367
29630 30 33994
499 69 30328
11542 14 32818
4359 97 13584
9536 97 20439
30177 81 31847
8373 12 14283
12893 13 25717
38333 62 41171
26337 77 33773
30001 88 30741
2767 8 40174
24779 25 41430
27389 15 31269
3131 11 6431
18079 25 35881
38266 92 41846
24202 80 26257
40596 1 42077
15561 38 16728
4368 44 44864
1180 65 13338
10788 65 31783
31470 6 35482
29941 14 37762
20548 93 21223
13548 17 36087
2305 4 13713
37754 23 46295
40232 14 45888
1547 14 48767
4749 37 48235
19509 69 21153
33016 5 39265
27323 54 29751
17454 87 43344
11354 80 11980
8962 18 25990
36148 28 38493
16154 35 22956
2457 61 22817
22747 32 47063
15049 73 43261
17478 20 39379
27873 52 35577
15883 6 38453
5282 85 21570
11700 43 38039
23203 84 31390
10194 93 25135
26852 97 32312
30136 41 31692
25340 72 48436
13727 82 31317
5678 89 33340
26172 33 37591
34475 26 39557
29041 84 29727
30779 44 49418
24211 38 36816
3130 30 8032
32029 16 32192
4633 68 39353
30322 61 34930
5631 63 15990
21693 48 24644
28289 12 36485
28475 81 30490
4375 42 32955
18685 53 21799
7850 61 9691
260 45 30269
13807 21 38001
6901 9 30865
2031 23 42387
32837 29 41345
14978 69 24662
28904 51 32551
18343 60 40052
21462 26 43026
22127 96 33594
7952 51 29333
26273 86 37295
44012 93 46885
23310 23 37188
39091 1 45895
37943 53 43756
8719 4 37640
1351 91 14161
18449 1 37043
18247 27 34214
26597 21 33734
26204 70 36836
33423 45 49341
29400 89 38641
34467 46 38108
10140 57 47854
3543 6 48492
13688 92 46663
29802 23 37136
19426 78 30832
29327 9 30410
21605 46 42229
24738 1 42195
24198 23 40792
4251 14 45137
30254 66 30939
23152 85 41375
25045 18 27443
23165 46 43904
31408 20 34478
27978 51 36237
20016 82 37867
19126 32 44346
24 48 12646
21523 60 34927
23900 50 49254
18420 18 32712
16685 6 30001
37208 25 39729
12658 45 33168
32897 28 35593
8330 12 12739
14670 54 34327
18704 78 37730
35896 51 41256
1176 98 8229
26724 26 43613
23257 90 36326
11564 70 30127
4484 62 34617
6452 95 40938
8744 20 24671
23175 48 48575
32868 55 33590
22766 81 43488
26316 54 29184
35434 71 45096
14742 42 34241
16642 42 30706
45555 39 45647
37414 58 45750
4354 76 21349
18002 14 22491
15446 58 29326
10526 96 26463
34403 62 35038
11564 11 23601
7793 98 9597
17141 14 40060
8966 26 35554
7941 67 10156
20522 71 46826
8902 75 40187
23736 51 42381
41280 63 48376
19444 91 35984
8194 9 10632
14074 11 22560
13944 71 15420
10317 62 24319
33577 43 45407
27794 5 36376
8619 66 33097
12581 5 33580
15032 97 36304
40551 13 41167
14931 95 19823
8853 19 32360
18636 89 45872
19823 26 36062
28693 62 40857
13080 60 41633
21365 22 27452
4748 2 32717
19821 6 42063
15862 54 47866
1376 9 33611
31894 67 33411
6728 94 36794
390 82 5516
23726 38 29869
26261 22 44109
28478 79 34265
27439 6 39977
9734 33 36037
31315 69 41171
2665 28 5645
