1000
27370 45 40369
33060 3 44625
5907 49 45360
19608 11 36297
22205 55 23777
34662 60 36838
14587 46 38921
27026 91 31566
44781 20 45937
8922 86 30291
44984 24 47514
17322 20 38172
5292 99 20799
13239 45 16426
19260 73 35680
6468 37 35602
37431 77 45978
15872 66 35032
43 36 23320
1688 81 19002
5927 35 28405
37191 31 40764
12745 10 31669
3752 40 12026
21250 89 49770
12212 95 28263
27634 12 38826
40586 51 42659
26909 79 42654
4996 24 32319
26102 29 44175
32420 9 35260
6669 18 27698
18880 1 27576
16434 76 45211
13361 10 41380
33500 50 40217
11900 45 20111
29837 31 41962
21337 14 35557
22678 13 41730
40751 23 43518
21001 24 26864
37023 2 42694
16190 11 45705
26165 2 28628
17903 11 34922
26272 43 45681
20379 73 20559
16534 34 38576
6655 13 35240
33490 14 40304
12244 27 30866
39234 21 39440
19722 49 27054
35250 77 42208
16784 42 31214
11528 33 35983
16575 56 30401
2172 96 28945
40189 54 46995
4039 26 31281
1851 43 26852
26780 86 29566
10250 61 30234
483 54 49827
34941 51 36264
26488 43 32082
17373 90 44362
26735 8 38746
31470 47 34495
12606 8 22968
16705 99 21925
16569 49 29000
130 46 29654
854 81 6273
19948 89 34224
27417 10 41489
3701 66 18830
18968 62 31014
23410 61 35804
3610 7 31500
7055 26 31185
11028 23 24871
31262 78 35689
13528 38 25471
31126 27 36885
9310 10 29450
21196 62 32901
23384 67 33481
28191 3 49681
3202 46 37156
35103 56 39101
31179 55 41594
20559 75 37289
26284 17 45934
28341 12 37539
34640 35 46571
20763 82 25724
5453 71 29193
38177 36 42588
8125 61 24562
27060 33 34496
40135 19 46425
756 51 38070
21055 82 24283
32805 3 36139
19667 55 30876
19693 1 35590
7463 82 8065
27855 28 39552
27365 13 41140
11101 66 12109
18676 79 43760
44438 100 49441
4594 47 28447
7955 65 9648
4855 83 26501
22928 95 45359
38746 50 41921
10629 96 23006
23469 22 39453
8780 15 28647
31466 48 36691
42919 13 49785
33855 8 35464
3635 89 34875
6569 98 28597
18505 97 18653
18996 14 43363
1661 89 27956
21957 71 27078
31896 59 36450
30604 47 32131
7064 78 18244
44940 43 45765
24675 93 43285
20794 10 45983
5121 20 12824
8163 29 42659
2231 51 43283
29211 92 33896
566 89 41959
34871 56 38686
6329 16 36066
23497 94 42058
13911 27 17849
29750 24 35460
18947 71 36539
1332 73 22044
41031 86 41627
12034 55 28271
18982 85 30154
4253 30 35371
23159 73 24068
19152 41 37747
26051 44 33927
6132 52 24985
13501 37 34609
12392 10 33613
16630 38 26729
37455 95 45749
4653 99 40753
15177 92 35357
9403 50 34045
13798 17 23975
3453 78 35863
11881 96 43663
1391 62 4074
426 14 40792
17310 14 29828
19548 55 23227
28192 45 46480
12173 73 31538
11374 2 32545
42422 43 47073
29506 41 46616
18760 16 37899
5083 43 33048
19959 34 22379
29143 45 45874
2004 97 13936
19520 25 36916
24256 28 32541
39932 24 41998
23319 16 25001
24375 44 31740
9167 30 29292
15707 87 38221
23365 81 26918
9159 85 46374
10859 83 11852
29853 78 45259
26918 35 48005
25252 70 47982
13823 84 36244
28160 60 47210
33344 25 41436
36559 20 41790
4360 20 20586
19623 65 42878
1745 93 24510
27932 70 32882
35766 95 46490
22161 5 49561
42025 31 43715
4577 30 25846
6163 83 36600
19167 16 30719
12173 53 43209
4002 47 30214
32537 32 45266
26748 24 39584
23695 97 31855
16584 75 28001
36837 84 38553
33076 15 39053
14636 70 28217
17646 97 21580
20049 39 25827
9258 9 12651
21469 90 26292
33187 3 42408
17703 32 27118
26714 60 37229
7054 73 16621
6171 4 31252
14013 78 30266
24909 24 30917
34855 89 35118
30322 5 30627
1449 44 37365
6891 71 12344
17283 4 25201
31086 20 33490
30907 70 32212
30216 66 38299
5369 44 29673
15890 18 46595
22961 4 31070
8906 50 19589
10073 10 46789
3300 47 41441
24090 1 25630
38438 9 45353
36960 12 41509
40656 29 49023
31110 12 46801
21860 28 43521
33373 93 39126
11704 51 16468
2485 25 35254
24936 50 49045
30545 82 40133
31084 80 36889
28170 86 46312
210 96 35694
21924 64 37073
9604 72 48190
30680 3 38183
35229 98 38579
21837 87 24273
7072 26 45920
29908 75 38944
28193 18 31917
3009 16 15091
41763 60 46921
7588 32 37882
23250 7 29996
1582 6 14666
17420 62 26727
40579 34 46629
25279 95 31836
32515 4 35477
29662 32 36824
1901 57 20097
25226 9 40419
2056 60 21253
9834 52 12570
8716 55 17191
14774 13 23386
19781 42 32679
37799 87 48157
17069 40 26463
24881 90 30998
5764 50 30519
41221 23 44362
19303 85 39411
17274 26 40552
2678 94 32506
13495 23 30137
9574 60 13928
20508 13 40166
7938 16 35233
27905 69 38057
24289 27 37131
7826 73 36972
13740 47 38121
14764 100 47201
1892 2 7303
867 62 22420
20908 31 39883
25405 6 33733
36691 20 42632
14126 38 26913
26928 3 39175
43595 65 48834
27034 61 48264
8461 44 38536
21239 38 24683
12430 31 36298
45216 62 47764
29521 100 29693
23340 5 33279
22077 90 32772
14266 44 30301
13836 67 19937
40269 33 41702
46355 90 48097
30086 80 37987
9057 57 13454
19709 7 38757
15635 85 25800
12318 13 18111
10950 12 11313
3014 67 34823
4803 33 35539
7917 79 38153
20330 96 44705
16864 41 48549
24783 68 45753
4180 54 19378
34980 36 35237
8481 62 22255
45235 74 49751
23047 78 43911
32855 53 40495
8295 16 33987
4812 31 49651
6678 56 42654
25718 64 33618
23024 25 31843
19463 17 32663
11921 27 15774
30928 58 37732
22094 73 27938
45663 57 46311
2057 25 26800
32859 4 35458
24177 76 24346
11562 35 44793
25302 59 37902
3982 94 21555
17777 42 49994
15855 53 49690
15337 14 45279
31324 35 49864
21148 98 21509
6603 60 10139
36027 73 38003
11774 38 32755
21641 44 34176
17758 86 36776
28574 23 38500
36185 86 39663
15228 94 46161
26556 81 34093
25695 49 38210
6688 5 25228
11682 57 47384
11600 48 12507
17228 66 38433
31069 74 35084
19038 60 32020
29894 50 47561
4666 17 27468
34414 36 42588
5897 26 32157
577 60 18604
12645 27 48783
29401 10 42565
2569 84 48832
26293 13 37905
29754 37 44990
24246 100 35907
38478 90 42666
6033 23 43127
20803 40 26262
13857 86 46811
4555 67 39563
42235 47 46614
279 92 35912
21549 71 24610
10749 1 48865
9102 2 32555
17373 51 38868
2188 22 34071
21954 2 38183
32074 13 33307
22370 5 25349
31913 8 40050
19483 54 30979
30984 31 41121
2828 8 39621
20992 4 34271
11829 69 35756
26823 77 38522
10318 15 17795
10515 42 36899
29109 67 34957
37747 6 39878
5809 65 26484
37580 2 42139
32566 47 45704
16777 95 35688
28620 36 31186
26949 77 31045
18079 91 25928
42125 13 48650
31253 56 33390
32758 90 48665
10928 1 32684
658 52 11080
34854 8 41669
10875 6 47463
17311 48 39394
1831 54 35896
40324 72 42976
20307 11 33681
35321 44 41531
22658 90 24244
41517 11 46552
21172 61 42388
28648 8 29906
19817 97 29788
20456 36 22362
4608 13 43112
34006 84 36720
37951 63 42161
25312 69 39648
32243 6 41599
28574 8 29477
8547 47 39011
29227 70 29962
24283 34 41226
30024 14 47193
37783 79 41021
2552 81 41351
31760 66 33554
27875 64 34083
5155 9 34273
19506 81 36579
33927 95 34600
35473 60 37812
229 16 34191
1317 18 35997
35016 12 44786
7799 21 29060
15856 61 43475
40454 68 44421
3191 20 14055
35165 91 42608
19268 99 24392
26601 74 42650
35436 40 35533
8201 98 36096
946 21 37641
5249 81 26094
3928 50 30935
36071 61 47537
18327 26 49924
7151 47 10308
8007 10 38416
8097 96 26667
6599 93 47486
14291 12 18315
8096 58 20791
22048 75 26942
20301 79 34844
33045 8 44265
32028 55 39996
3234 4 16571
2616 76 37858
3499 34 32866
4487 30 18117
14576 38 46139
37658 18 41847
897 78 36264
20873 57 27265
15330 46 31181
38463 83 44858
32505 64 34261
31757 2 41678
9986 23 41193
24430 93 41313
17927 80 26925
30273 14 43007
20534 18 46140
11020 24 39146
13118 22 13512
17468 96 37298
1352 3 30132
26231 3 47352
244 96 16437
35115 12 43990
44424 56 47349
1075 45 29440
7442 28 30322
38835 70 44641
36173 41 38050
10349 80 38967
16492 26 43859
43084 98 44346
35571 67 36269
230 31 31982
6274 84 30931
19704 50 29610
7801 32 35286
12665 58 38805
29982 49 34121
27463 37 37576
16371 60 28521
10872 15 40009
8365 83 13735
26182 17 30881
28019 9 34057
27071 59 45667
38895 21 39858
26169 60 39580
16233 18 18824
25808 35 34762
5240 7 47986
29683 70 40728
27161 44 46777
14401 65 47731
11436 77 30565
11507 48 24993
4840 1 35747
18429 27 29799
1900 74 34778
5298 35 26581
35680 16 44644
46536 31 48841
30165 76 39744
14263 18 28003
28284 53 30565
1835 7 12382
13345 12 41201
13698 13 42505
29377 19 35211
28523 25 35780
29217 73 43716
36321 5 46964
8905 10 43977
10618 86 28166
29711 37 31615
1273 19 28733
40168 53 42392
10073 32 26065
33563 33 37481
32588 19 33551
11574 86 49206
35572 96 38106
11475 13 43072
6155 4 49460
4320 27 20423
35297 38 37190
31436 12 36398
10122 96 18431
34438 38 39131
27925 95 30664
19835 86 28406
11225 5 47228
36313 52 37121
1334 3 32896
33935 25 40367
28531 51 35036
7664 80 33370
2014 58 21857
5807 18 10818
7654 24 18661
33475 38 46960
4402 2 44508
9801 16 49039
5130 98 14966
22682 90 27229
13335 42 44705
10789 5 37778
23708 82 39042
38799 52 42930
11162 74 23899
28903 9 37102
8134 12 35418
41412 80 45085
27106 18 38399
17913 13 36712
22422 84 36105
5720 47 29066
23526 39 40885
29502 83 43111
28736 46 49229
3335 75 33912
20942 84 31973
29341 97 41366
25397 60 48152
10838 40 43735
38786 96 39591
17094 49 47398
18419 89 21237
30514 22 35918
23412 88 41778
29283 40 37972
22671 90 48035
5536 57 29652
33162 37 44442
26714 93 44426
4116 23 14616
32994 2 39068
32266 36 38804
28352 90 35558
36903 80 37188
7036 57 45345
14373 60 34402
10310 44 37314
15525 83 31806
14934 93 38962
36646 71 44980
7919 34 31337
13792 65 20770
27581 22 35722
8892 31 36608
4390 63 16811
38178 76 45013
37132 34 46047
9195 32 29888
23065 63 44447
4161 84 41326
26126 89 44346
26568 57 41204
28778 36 40500
35867 26 38295
23175 36 48942
16551 83 19185
3112 80 13591
23103 89 24890
14175 11 26231
12312 63 33832
40155 90 43910
11880 94 29564
1913 94 29781
8041 65 17001
30771 14 36812
28945 75 31602
23994 64 35353
25347 6 46162
45131 96 47630
25717 29 28052
23826 83 39311
12999 25 35892
25160 71 26614
45853 4 45974
37000 65 38558
33969 65 45348
11860 4 32157
18402 24 41615
17648 84 41444
31960 58 33636
15187 59 21897
41364 6 43246
20673 33 42257
19754 84 33806
1197 30 35628
28098 58 33854
10196 37 24539
11308 64 48054
30265 14 36275
2087 59 15405
3194 73 38774
5570 4 26531
4158 91 34576
4177 41 44760
24604 100 36588
3514 20 20220
8866 43 36934
1014 96 4301
36793 59 41388
38439 11 40205
31880 30 37527
1944 84 20811
17112 82 31718
21494 49 22244
8670 73 46857
19394 17 37738
31725 80 43901
12107 8 20589
18230 43 31442
1953 93 32963
30403 97 35348
9310 92 28794
4805 59 9756
41135 26 42158
4970 23 14756
6547 63 36543
15880 4 22021
37142 42 46416
28738 4 41714
19934 20 32746
20695 14 37594
9963 13 38400
19530 59 35677
40 61 3622
11872 11 37219
34270 25 47790
12418 43 39981
29208 24 43375
26307 86 37763
10297 78 22143
35405 4 37861
3541 59 4379
5378 18 31321
19487 50 46890
36751 43 38800
34709 9 38267
41259 91 43859
22525 84 33298
1334 56 35536
26089 31 41550
32199 47 45230
2165 70 21621
38556 49 47788
2959 58 14285
18489 6 34821
24384 68 45971
15587 89 28094
33449 79 42798
21929 20 33975
10058 71 22140
9060 68 16326
6796 68 25170
25669 96 48080
3451 62 30152
1138 66 42785
40637 65 41417
8012 99 25652
23516 59 39874
204 31 13939
17432 10 40622
19027 7 46040
28473 50 29888
16993 80 30015
34581 27 40301
15507 80 23484
35721 63 36870
25794 67 25984
6725 1 29211
33436 39 39957
14261 49 20096
17464 70 20641
22658 71 22931
3553 99 8525
7408 28 25368
29072 67 45854
22388 26 41551
9980 27 33301
49010 73 49411
35801 73 40311
29658 87 34116
34370 70 42611
18596 79 31237
25763 19 39232
7861 69 32700
8290 2 37129
34160 17 41230
30002 91 44234
7536 20 24620
39751 54 48040
28943 49 34268
32444 72 35631
19601 95 20811
16656 61 35072
15097 22 27837
35103 92 39036
3335 31 30492
20352 66 39702
30580 50 41067
11393 37 34121
7082 10 7444
23764 42 38311
38219 41 49564
4353 94 7977
31659 6 41499
2621 62 19748
2545 88 39855
11247 50 45530
9498 34 22636
20419 85 38394
3557 86 34951
11590 73 34700
21762 63 28989
23465 72 39751
20987 62 49802
19575 36 42815
37791 93 43201
3232 75 20715
15269 24 34882
26464 28 33933
19233 80 44181
30770 69 39901
4101 96 11464
13430 83 42782
37095 91 39170
32498 70 43316
15556 50 35409
24657 20 46515
2280 8 28335
7870 25 30397
32752 57 48972
7190 80 36359
7891 90 22010
4473 65 36713
19533 15 35568
36458 90 37618
441 12 22504
35334 19 48984
23260 89 29720
3581 87 12050
11468 44 43580
5591 16 34572
13839 64 44361
19517 89 45517
26215 97 47649
20042 88 33244
10764 26 33919
4733 70 39856
14489 34 43459
18531 25 34640
36349 19 45295
10048 100 46317
15260 24 37544
12496 35 38438
1299 29 1609
27070 11 43437
40807 72 47922
6865 46 23646
34573 25 40082
7559 1 25176
16172 88 26773
32028 4 34775
45278 75 49194
46993 19 48970
23207 18 31999
12891 97 18536
26571 34 27289
4833 100 8908
22693 18 27417
40071 98 42292
12544 78 32721
4423 4 32028
28179 25 30630
28787 73 31123
6633 54 16946
7563 43 38182
23979 90 42765
15056 67 29172
23086 28 38057
28518 84 34669
2157 45 34595
9461 13 16882
4462 24 27121
10728 76 30044
20752 38 31675
24034 85 25312
28589 64 35744
5773 2 34093
34486 23 38581
30488 41 42592
13756 68 45578
25590 88 43181
28599 95 37565
412 2 23915
31251 16 46988
31936 74 36176
28429 29 40277
26458 91 35283
25388 90 33159
21947 42 32916
20420 55 26155
24107 86 41403
18355 54 27895
9691 92 31184
20448 65 22255
2502 76 34377
15648 55 46110
36118 90 49382
31780 93 34932
17908 34 24218
6394 10 20266
23285 25 39914
24396 41 40291
471 26 30967
2963 22 27701
29258 24 36527
35359 68 38333
26410 98 35048
9401 94 27076
14290 98 24498
10641 5 37675
24937 73 44768
14913 99 36246
14553 15 20190
43502 22 43776
16098 34 36769
10951 67 11208
35308 8 42570
30143 93 31581
2331 44 36269
33337 10 33393
20951 12 26712
10670 14 30853
40265 51 48055
26851 14 44490
26375 65 34335
22255 41 36124
36079 99 40521
19854 27 21349
31093 55 32843
10350 39 43517
28652 92 45426
2996 67 33808
21193 12 24612
9311 72 32251
20351 24 41350
30457 49 39888
27592 76 29140
20504 74 32369
2854 24 17417
16461 25 41209
936 38 4586
23790 37 24998
18032 84 30115
25170 9 42831
28612 49 41723
5937 80 16123
9690 81 34777
36634 17 43658
42508 31 46949
8185 13 25332
23728 96 32312
30166 1 41174
27153 91 38504
40930 96 41936
28262 49 46675
373 43 16905
25099 68 34790
8131 71 40738
18609 19 25480
29785 12 34176
9248 33 34952
25078 51 36846
2831 82 46790
32823 35 42965
805 36 23195
26681 39 48042
7246 75 29081
37240 8 39917
15676 83 35192
20662 26 31169
27080 78 28454
13751 2 29714
16 39 42656
19919 92 20686
16247 82 28234
25992 5 29949
21558 74 30903
4876 35 43657
14248 18 25717
6006 58 33817
23310 97 38238
29857 41 34069
22659 52 45064
3291 4 46712
28719 38 47782
13525 29 46120
36238 5 38316
9616 67 22093
28086 7 32574
4405 47 39431
32459 25 36891
22959 82 31130
9978 54 30230
13389 42 20765
10555 56 47361
18413 50 29326
30608 27 37009
19907 85 31946
13873 90 36925
3071 36 44738
28479 83 45076
39647 80 40569
23153 17 26152
