100
332 80 2374
3746 70 4541
493 60 2375
1027 40 2753
2618 7 3063
1863 46 4062
1495 42 3009
3849 65 4204
4573 42 4921
23 99 3564
1843 24 3191
555 77 3934
1669 27 4740
285 87 3172
2008 11 3645
43 22 1347
2168 93 4954
8 99 779
237 41 3702
612 14 2412
904 20 3294
697 56 3832
2741 34 3340
1154 73 2307
3546 18 3657
975 14 1615
2342 44 3297
4022 27 4301
1449 68 3472
319 71 3686
86 93 382
654 46 1398
850 55 4597
2729 47 3195
629 38 2119
1010 53 2004
459 7 2059
2324 12 3335
2475 1 4494
2358 40 2624
912 17 3341
2805 72 3237
3226 19 4130
1068 25 1653
3610 22 3633
1989 51 2055
2189 44 2832
1238 46 3887
428 7 532
220 40 4591
2221 91 3800
2149 51 2301
2524 52 3129
2206 51 3401
4439 48 4975
3488 19 4082
800 41 1321
440 88 2136
1540 90 2751
2425 43 2575
3113 85 4535
3058 23 4034
4515 56 4806
1439 4 3945
2290 61 3428
1270 95 3004
1556 41 4247
216 2 2044
2858 59 3761
537 9 4619
1382 21 4373
906 88 1774
2648 47 4273
2066 40 3947
3759 86 4602
2982 79 4113
1603 85 4313
193 1 753
1753 63 2178
1026 74 2591
3074 44 3475
788 40 3808
1960 85 2244
121 23 4650
1383 66 1581
2981 84 4148
2596 58 3177
4327 38 4502
3847 16 4778
536 20 698
1905 12 4186
1042 49 4784
2237 56 2736
1480 47 3514
2127 61 3779
1515 36 3458
1306 21 2394
1376 18 2117
2923 26 4986
70 60 1111
