100
1359 89 2560
3419 43 4728
117 12 1208
237 55 2383
979 15 3246
2137 83 2494
1587 91 2016
2532 81 4297
613 98 2811
948 43 2872
3312 87 3757
2427 58 3406
554 3 1781
1109 58 2236
360 25 4183
1928 37 3683
3270 13 4106
1677 9 3838
1954 40 4530
1038 52 4116
2671 34 3272
1135 24 3422
549 53 4340
402 26 2607
845 9 907
2393 22 2512
514 56 4208
301 85 2081
4230 4 4774
111 85 1694
567 7 2000
2860 98 3386
2068 28 4633
2470 47 4643
1275 78 2342
2481 22 3979
990 18 4816
1265 68 2013
4498 54 4979
2414 70 3391
65 65 4603
1433 63 4056
2592 87 2719
761 67 3602
2173 44 2244
1178 14 2537
2963 56 4298
1911 68 3903
1946 98 4496
963 26 3920
1842 34 4413
438 55 3840
1834 51 2267
397 94 4641
466 7 627
286 60 4032
1734 19 2476
1143 71 3761
103 10 2877
2294 53 4539
2188 20 4943
1172 32 4989
601 18 1457
1361 69 1438
1843 98 2848
951 46 1177
1407 21 2572
2171 83 3134
1332 2 2228
1604 2 4330
106 48 921
338 89 1451
2903 61 4985
3445 14 4524
2085 86 3503
373 95 816
182 26 1032
2612 19 4891
15 32 4852
4079 100 4558
831 57 1428
2491 76 3820
300 25 3704
203 62 2051
790 13 3705
1340 16 4243
3585 72 4279
1293 3 4755
2167 46 3934
2321 37 4762
310 28 450
4749 45 4910
141 95 1672
349 19 4741
2334 41 4165
1360 36 1451
2864 95 4933
770 15 4442
2602 46 4948
307 46 3044
