100
1443 78 1696
845 66 2651
74 26 2305
1943 37 4357
1146 2 3099
2087 54 3074
346 93 2840
3107 21 4025
914 36 4234
950 70 3079
5 53 576
1312 55 4819
198 9 2697
779 85 2055
2572 4 3738
1406 7 2464
453 75 1035
60 28 3199
4018 64 4452
3654 57 3765
1503 98 2132
1680 29 2508
499 59 3284
617 68 3379
2035 47 3087
322 55 1912
374 96 1165
1620 20 2437
1960 2 2628
122 18 3353
1802 39 3519
2427 11 3269
667 38 1167
937 50 4148
1660 72 3437
3551 20 4551
2943 56 3366
1539 75 2201
1776 22 3195
1434 67 4343
1242 27 3173
1182 57 1977
1098 96 2657
253 44 3238
930 96 2063
610 69 2709
812 91 1683
1351 70 3550
1155 65 1953
812 17 2435
1375 77 4104
2437 64 3690
573 37 2048
1166 63 3990
2413 58 4092
3177 64 4547
562 16 1399
431 7 566
488 42 4150
3081 77 4584
1772 9 4737
2643 25 3739
1717 70 2020
991 49 4081
1034 3 2789
117 65 1679
551 71 3842
2200 60 4570
1280 95 2704
4691 9 4856
3191 27 4642
671 9 1369
3149 89 3487
1958 31 4219
1922 70 2895
320 96 4665
4414 31 4934
1015 20 1606
781 51 4954
1447 75 3263
129 48 574
299 18 3080
1123 93 3457
1632 49 2746
25 21 2687
2297 90 2573
3587 16 4490
2119 77 4370
1910 54 4708
2188 88 2346
1288 7 3579
295 35 1986
2662 39 3689
2169 3 2609
147 40 280
6 42 3740
3034 97 4815
51 12 3237
2686 54 4903
356 50 2622
