100
1 47 818
2486 72 4718
496 6 4766
4370 89 4514
2466 34 3947
1601 68 4123
173 15 4827
916 21 950
2940 52 3169
1337 82 4178
1125 52 1629
1323 35 1698
420 32 844
504 6 4784
126 22 3431
1441 6 2592
1158 9 4593
300 13 746
4328 63 4462
549 73 1818
932 88 1034
578 59 4430
1814 46 2047
1407 71 2674
399 65 2576
184 27 643
572 19 2486
685 47 3601
73 46 4035
1543 60 4528
1445 39 3218
1425 59 3536
78 28 557
2128 33 2766
759 88 4588
4714 10 4793
3576 32 4783
14 51 2930
4072 29 4515
3465 43 4411
3074 48 4910
1207 80 4090
2984 69 4542
1186 91 2570
4 39 3253
1932 55 2552
2583 47 3401
3639 39 4613
2648 94 4439
788 100 1226
330 74 4170
839 58 3845
3322 38 4913
2922 89 3432
4353 24 4405
2506 1 3456
1317 63 4073
2940 4 3430
553 67 3268
800 43 4662
4600 21 4954
2820 54 3830
546 41 1415
1980 5 3526
2365 54 2560
1349 43 2628
1895 66 3512
685 47 3287
2764 70 2908
1992 87 3295
1964 74 3371
3242 62 4828
871 30 2658
3601 83 3782
1376 29 2168
40 74 2631
1676 88 2166
3823 86 4517
863 54 1767
1900 29 3198
2013 15 4144
851 42 4055
2094 44 3343
695 32 1188
1821 26 3059
569 42 3559
1024 84 2055
1375 93 2415
145 11 1548
393 8 4648
95 27 1307
2631 90 4631
716 98 1457
2109 87 4503
3108 57 4077
1443 14 4778
306 23 2757
1876 68 2210
3164 24 4398
624 41 2117
