100
369 36 1708
733 88 2539
114 63 2180
3750 7 4896
2226 27 4908
1567 53 4467
96 44 2584
2975 75 3156
787 72 4709
1587 25 3490
551 19 3905
773 33 1086
2621 81 3514
2404 54 2596
1072 85 3230
1444 47 4550
592 56 1932
2256 68 2577
3532 49 3937
2551 42 4063
470 33 805
1832 35 3278
971 21 4668
359 42 2541
1810 54 4017
966 8 3692
1634 9 1828
1694 70 4577
1187 65 3725
313 40 4256
1303 77 3445
860 70 3263
1028 54 3006
59 8 349
654 23 1519
2463 60 4479
2146 55 3920
3576 51 4490
91 18 900
1248 65 4373
2064 94 4824
4432 30 4930
2905 5 4912
3165 61 4891
424 100 1387
2068 19 4909
660 40 4740
4312 49 4396
2093 35 2184
2051 54 3115
706 26 2382
2437 36 3117
2173 58 3619
1098 3 4321
2669 48 3896
2040 81 2664
869 58 3118
173 53 1885
424 9 3259
300 98 4702
1229 42 1996
196 34 2209
1704 6 3251
3077 31 4839
1465 18 3722
669 69 2795
298 75 1737
54 70 159
1496 21 3608
16 36 804
216 62 386
3042 34 3100
489 50 4982
389 3 4908
873 52 1945
2488 99 4389
172 92 1952
284 79 2950
702 96 1238
3354 47 3577
294 98 4619
1862 30 3185
355 13 762
1747 37 4057
3162 19 4851
747 63 2534
4446 58 4767
1080 12 4638
876 6 1791
2493 87 4932
1225 15 3487
1075 99 4879
3158 63 4034
241 75 3986
4322 28 4476
2512 21 4066
2179 21 2240
3204 45 3912
1102 75 3558
1543 54 4318
