100
4113 10 4613
2368 23 2675
2583 15 4992
730 84 2250
1282 4 2149
633 61 4933
1008 60 3118
369 23 4335
2388 20 3066
43 49 3612
1955 45 3327
616 92 2569
802 12 2666
2033 4 3070
3245 18 4314
53 71 1591
2314 88 4638
877 17 941
116 87 3509
1366 54 2174
1119 32 3933
382 88 2397
333 86 1950
2812 80 3674
60 22 3475
1741 38 3067
1242 30 1418
2362 55 3864
422 69 1788
96 77 1990
1180 95 3118
453 90 1312
2533 92 4203
3592 89 4902
1738 49 4860
3218 36 4971
392 12 1285
3666 54 4707
2792 29 4596
2743 43 3474
1644 84 2017
1628 35 1882
1050 16 2539
2996 6 4165
2681 46 3986
443 41 504
316 99 1956
353 2 428
1929 47 4884
687 26 3805
253 17 2868
1006 54 3853
300 44 4560
573 4 3131
3458 9 3930
2253 36 4861
3827 42 4893
2831 81 3345
816 40 4225
846 33 1496
976 27 2999
2801 64 4425
37 38 2983
1537 79 2238
182 36 3275
117 76 663
1192 29 3771
773 40 4344
2453 31 4676
1269 21 1873
1307 90 2625
1562 91 3177
968 66 1244
121 10 616
244 91 2750
603 42 3732
781 75 1364
1141 12 1871
472 1 3958
4168 68 4884
2371 59 4036
1554 5 4544
1292 91 4293
236 23 1498
2271 11 4120
1203 56 1862
512 55 1107
1847 25 2461
3208 29 4512
1292 44 2283
2222 78 3429
16 62 1721
841 31 4278
2724 33 2973
348 6 4194
1283 7 3041
898 30 1057
1882 89 2466
1664 46 2286
555 95 2584
