100
1084 89 2914
734 5 4220
343 8 834
1688 92 3734
79 79 4082
1163 40 2776
199 26 3950
1615 13 2367
929 94 1594
1199 89 1944
2156 32 3902
3042 45 4257
1981 50 4335
2461 69 3575
1425 2 2216
1524 30 2503
1997 81 3478
1506 51 2815
4829 97 4953
1348 5 3641
628 78 4841
240 28 3837
410 44 1407
1973 19 3461
931 33 1816
1440 45 4961
3123 17 4374
4717 83 4926
213 63 1484
444 63 4920
2996 76 4613
3596 60 4759
3182 75 4074
3125 11 4242
3274 97 3642
2629 75 2746
75 42 2842
1629 79 4010
2098 49 4926
141 5 2878
1392 93 4048
4216 51 4318
3213 18 4482
1999 24 3784
151 36 4219
3186 31 4605
4274 44 4743
1461 4 2709
905 66 2556
536 36 4995
1302 50 1616
1087 99 1697
806 4 4551
1273 33 2791
2527 4 3626
535 22 1785
2638 31 2828
969 28 1138
1591 37 3905
981 32 3458
3376 25 4421
161 76 4697
1473 75 4437
2661 2 3934
2868 81 3930
2994 54 3226
165 20 449
3644 78 4813
837 46 2751
389 67 2915
2319 3 3494
231 20 4018
1330 93 2978
3651 17 4946
559 25 1271
1400 14 3997
258 19 3545
2936 21 4448
1344 5 3712
820 19 3209
57 46 2008
2756 35 4052
1647 36 2239
1733 91 4951
650 69 4156
218 84 626
4274 93 4758
1569 73 1820
2140 93 4665
4444 4 4657
3404 44 4673
3164 81 4624
702 88 3613
966 75 4203
3846 85 4112
2028 64 2289
564 1 4225
382 1 3315
685 37 837
2451 30 2663
