100
111 61 4016
2512 16 4224
3129 75 4521
4170 94 4295
1959 27 3548
2738 17 3159
4138 47 4692
836 7 2740
903 67 4261
2504 38 3698
2647 73 4176
1419 8 2241
410 3 2152
1304 69 4727
938 98 1878
607 74 4270
2781 57 4083
2874 39 3442
1257 36 2901
456 2 4087
935 7 2026
2437 61 4557
286 79 3029
996 100 3341
1177 85 2014
1625 89 4675
80 55 1442
4225 53 4369
1490 45 4006
714 47 4122
2340 61 4709
2733 62 3878
3084 12 4802
460 45 1416
335 35 3286
391 60 1303
2583 65 2732
771 31 3983
1535 62 4463
1271 47 3409
329 68 4722
448 97 4780
587 10 2050
378 1 4186
419 49 1083
615 41 3472
104 39 1792
1518 42 4944
907 68 3689
1684 3 2204
314 21 4153
1993 17 3229
433 33 3886
1023 4 2588
1956 50 2092
1275 96 1855
822 1 1536
119 88 2588
1098 41 4015
1837 2 4744
1158 86 4518
1080 3 4923
847 43 1066
1625 88 3014
1096 37 1297
1838 5 2962
1492 88 1833
1166 16 3260
1741 73 2804
1485 11 2621
195 66 4727
1669 24 3077
2020 43 2556
2617 84 4635
1353 58 2424
1904 14 2108
445 4 1153
1338 20 1447
820 22 2931
3065 97 3691
342 94 1013
2715 49 3809
420 63 3858
152 31 566
1561 24 2671
1084 31 2909
2798 30 4028
2901 5 4701
970 48 4309
1360 42 2514
147 4 3615
1774 65 2615
3523 45 4515
835 81 1886
881 52 3690
1881 14 3518
1245 85 4355
38 41 3043
947 4 3473
1082 66 3614
