100
155 4 944
2507 69 2723
1692 46 4073
1294 87 1387
552 10 1159
1321 23 4890
1488 23 3444
427 65 2796
3155 26 4238
1218 70 3327
1626 88 2985
1949 38 3937
819 46 3581
4558 50 4790
3501 91 4047
2428 4 3918
137 29 2977
2350 94 2835
831 1 3950
383 84 2929
941 33 4748
945 50 2399
940 26 3899
13 24 3464
4233 71 4827
1044 7 3927
2072 69 3639
299 13 3315
1564 32 3220
662 67 4708
862 56 3550
603 16 2354
1727 42 2911
1424 65 2999
755 62 4913
1248 11 4647
2260 86 3689
2930 12 4013
758 19 1549
3582 86 4405
3300 67 3498
1905 55 3830
409 37 2640
1405 83 2420
3978 65 4984
973 15 2963
1042 100 2307
3661 4 3689
3449 11 4850
3584 21 3735
1183 12 3128
2961 25 4134
606 1 4930
418 7 3663
2054 26 4911
2723 3 3277
672 86 4779
47 60 1155
78 54 4861
749 66 4781
1804 47 4521
20 56 1739
683 45 1564
3664 79 4698
315 1 3702
3518 79 4206
1801 34 3462
1511 60 2896
226 26 823
1757 43 4339
3818 13 4933
1625 26 2387
2895 34 4750
1445 40 2695
2754 5 4190
445 67 1988
1928 72 4442
236 2 1829
3438 25 3823
358 63 2779
1473 41 4915
3404 49 5000
382 2 1288
1585 14 2053
692 57 3033
1752 31 4078
1777 32 1871
778 27 1851
3180 25 4806
2065 8 3186
1180 92 2385
1471 47 2553
315 5 674
861 77 4579
284 41 1747
871 42 4729
467 71 2339
312 37 4062
1476 100 3336
696 65 1264
