100
2018 48 3898
2175 18 4034
584 75 1943
3303 70 3921
556 90 1364
3492 96 4607
1619 34 4322
371 16 2619
2048 99 4225
3387 30 4668
262 90 4380
2362 81 4605
2412 6 4975
486 49 3484
2807 12 3765
2945 42 3728
1836 34 3106
3946 24 4618
2377 73 4101
292 47 1022
897 85 2445
757 29 1981
196 53 4553
2332 77 4219
2801 33 4648
260 86 2470
49 42 2990
4263 93 4574
60 17 168
782 90 1352
54 78 4293
380 14 3748
1692 82 2770
1854 29 4274
1461 84 4350
1151 91 2403
651 91 1406
815 17 1521
76 26 3343
941 56 3946
281 35 1271
646 19 2173
597 12 1852
1139 55 3595
3523 14 4526
3744 21 4794
2864 8 4244
3477 88 4262
1305 75 3801
276 87 4130
3134 70 4138
469 11 662
596 54 4185
1979 90 2594
2710 52 3492
4119 34 4247
667 31 4740
604 78 1232
1031 33 2569
1559 29 3783
967 77 1625
831 17 3906
3212 17 4955
2663 91 4387
1036 70 3197
1198 33 1664
186 9 662
265 79 1469
627 24 1027
74 71 177
3185 16 4528
1327 7 2816
1453 76 2758
2562 36 4157
2905 20 3356
1731 4 1738
942 10 4112
354 42 4775
3502 53 4308
917 48 1274
651 72 4499
377 11 2939
1213 81 2197
511 44 2166
431 99 5000
994 52 4500
237 6 1711
3 49 2360
176 49 2964
3403 63 4059
2219 41 4815
1784 43 4767
1047 38 3573
2212 15 4093
3047 84 3567
1868 66 3630
2822 86 4768
3366 89 3918
560 15 3745
183 70 831
