100
2333 27 3603
226 88 4469
4735 80 4852
2494 85 4006
1433 41 2009
3402 94 4999
333 49 2711
3545 33 4276
2124 75 2222
2710 11 4367
338 28 741
2035 65 3458
1153 79 2665
2242 29 4849
409 78 4865
141 69 3623
419 82 2716
739 50 1152
712 64 3957
682 6 3638
1103 68 3384
402 27 2091
91 88 1791
259 16 3464
1676 87 1793
764 36 3899
639 68 1890
196 94 3467
3561 42 4925
974 20 2519
1222 55 3817
862 44 2209
307 12 1914
2442 3 4201
1579 47 4571
1632 11 4471
89 17 253
2420 41 4057
386 96 1681
1263 3 3413
268 25 2081
1527 2 3200
951 41 3631
508 75 3723
2812 71 3209
2469 86 3849
2419 7 2766
434 18 3805
370 9 3701
3618 15 3993
1674 60 3971
2467 83 2613
510 69 2623
1058 92 1505
1700 31 2537
1056 69 3269
2440 48 4610
869 90 1076
916 20 990
2485 51 4398
3149 24 3406
1667 8 2614
757 13 2210
227 53 1555
1310 26 2902
1298 19 1533
885 30 1197
1345 9 2855
703 39 4569
3570 45 4925
2582 53 4875
1197 65 2649
2206 55 3731
2852 90 4659
4245 50 4647
1663 7 2412
1412 68 3776
1816 6 3687
1594 58 3072
1421 76 2303
2078 54 2169
1443 28 2019
2225 64 4569
4756 80 4863
633 86 1715
503 42 4660
92 79 483
16 64 2061
418 1 2503
2349 58 2608
2259 82 4628
877 4 4637
1674 39 2251
1583 12 2077
165 47 3748
1363 93 2999
1823 64 2836
690 42 4397
4061 48 4753
1834 88 2449
