100
1007 26 3373
1673 3 2956
585 76 4153
62 17 3800
1040 50 1642
2262 71 4145
1310 61 4675
2838 32 3022
1259 5 4166
3483 58 4451
3141 79 4027
466 94 2262
778 13 2955
2652 74 3895
1267 37 2776
1053 19 2081
893 19 1583
1932 2 2868
2751 28 4995
1354 88 4870
3496 25 3892
634 94 1824
2113 30 2959
1592 67 1784
535 25 1186
848 97 1779
1645 76 2680
2958 41 3954
917 85 3265
1046 45 3384
3217 39 4351
515 76 869
699 67 1571
2229 32 3592
612 86 2077
4145 68 4283
1518 51 3133
586 18 1668
626 77 3781
1136 73 2877
1521 16 2173
164 71 2009
3053 24 3844
3721 60 4868
1171 3 3485
355 87 1951
734 58 2026
1204 52 3415
1501 21 4349
221 91 4905
2308 27 2993
1861 60 4302
2149 12 4632
3188 14 4733
543 81 645
579 35 2278
3324 19 4136
2709 36 4471
1726 12 4619
3603 95 4753
1608 5 3152
823 79 3530
824 17 971
1663 43 1892
4378 97 4800
637 12 2997
1786 53 2693
1274 20 2818
3492 55 4205
784 12 4114
170 68 1344
1982 4 4799
2832 28 4989
3189 48 4213
1655 55 2161
58 75 1013
1797 96 2839
253 86 3511
1966 25 4507
890 46 3472
2556 71 3963
3163 16 3641
1844 35 4778
641 13 1181
1965 21 2442
1207 28 1598
2019 85 3215
1751 84 2889
1343 93 2093
2341 71 2971
2144 52 2465
477 90 2702
372 89 2400
803 62 903
854 28 1878
2288 97 2503
947 19 3276
1853 6 4772
113 10 4760
580 94 2746
