1002
25 84 109
0 25 75840
0 162 75839
162 66 228
0 53 75840
0 82 75839
294 61 355
0 66 75840
0 202 75839
390 52 442
0 35 75840
0 156 75839
534 57 591
0 92 75840
0 191 75839
658 24 682
0 67 75840
0 142 75839
731 53 784
0 49 75840
0 103 75839
800 107 907
0 16 75840
0 21 75839
980 52 1032
0 73 75840
0 145 75839
1094 69 1163
0 62 75840
0 24 75839
1215 100 1315
0 52 75840
0 147 75839
1344 16 1360
0 29 75840
0 124 75839
1382 33 1415
0 22 75840
0 116 75839
1522 77 1599
0 107 75840
0 65 75839
1702 92 1794
0 103 75840
0 92 75839
1876 104 1980
0 82 75840
0 102 75839
2083 101 2184
0 103 75840
0 154 75839
2251 22 2273
0 67 75840
0 209 75839
2291 74 2365
0 18 75840
0 105 75839
2425 44 2469
0 60 75840
0 42 75839
2507 32 2539
0 38 75840
0 144 75839
2647 21 2668
0 108 75840
0 187 75839
2725 11 2736
0 57 75840
0 11 75839
2765 18 2783
0 29 75840
0 138 75839
2841 54 2895
0 58 75840
0 25 75839
2948 19 2967
0 53 75840
0 12 75839
3051 72 3123
0 84 75840
0 101 75839
3200 98 3298
0 77 75840
0 13 75839
3344 16 3360
0 46 75840
0 178 75839
3400 60 3460
0 40 75840
0 56 75839
3514 39 3553
0 54 75840
0 157 75839
3574 107 3681
0 21 75840
0 115 75839
3739 83 3822
0 58 75840
0 78 75839
3875 24 3899
0 53 75840
0 20 75839
3997 109 4106
0 98 75840
0 140 75839
4172 108 4280
0 66 75840
0 185 75839
4345 62 4407
0 65 75840
0 67 75839
4436 95 4531
0 29 75840
0 107 75839
4565 62 4627
0 34 75840
0 186 75839
4716 59 4775
0 89 75840
0 159 75839
4786 71 4857
0 11 75840
0 174 75839
4964 23 4987
0 107 75840
0 194 75839
5031 104 5135
0 44 75840
0 126 75839
5199 24 5223
0 64 75840
0 184 75839
5289 26 5315
0 66 75840
0 43 75839
5360 79 5439
0 45 75840
0 166 75839
5501 18 5519
0 62 75840
0 61 75839
5551 54 5605
0 32 75840
0 193 75839
5653 53 5706
0 48 75840
0 31 75839
5745 31 5776
0 39 75840
0 88 75839
5877 102 5979
0 101 75840
0 161 75839
6040 87 6127
0 61 75840
0 188 75839
6162 39 6201
0 35 75840
0 57 75839
6233 22 6255
0 32 75840
0 143 75839
6340 86 6426
0 85 75840
0 108 75839
6507 76 6583
0 81 75840
0 71 75839
6672 73 6745
0 89 75840
0 46 75839
6783 12 6795
0 38 75840
0 62 75839
6806 51 6857
0 11 75840
0 85 75839
6898 35 6933
0 41 75840
0 152 75839
7010 22 7032
0 77 75840
0 109 75839
7083 32 7115
0 51 75840
0 182 75839
7142 108 7250
0 27 75840
0 138 75839
7303 45 7348
0 53 75840
0 123 75839
7410 22 7432
0 62 75840
0 35 75839
7527 67 7594
0 95 75840
0 199 75839
7645 48 7693
0 51 75840
0 135 75839
7764 32 7796
0 71 75840
0 47 75839
7861 105 7966
0 65 75840
0 39 75839
7999 49 8048
0 33 75840
0 91 75839
8128 33 8161
0 80 75840
0 191 75839
8235 17 8252
0 74 75840
0 52 75839
8324 47 8371
0 72 75840
0 209 75839
8420 48 8468
0 49 75840
0 11 75839
8576 105 8681
0 108 75840
0 153 75839
8720 96 8816
0 39 75840
0 137 75839
8914 103 9017
0 98 75840
0 55 75839
9096 48 9144
0 79 75840
0 140 75839
9188 38 9226
0 44 75840
0 173 75839
9318 71 9389
0 92 75840
0 133 75839
9466 17 9483
0 77 75840
0 113 75839
9580 50 9630
0 97 75840
0 108 75839
9661 90 9751
0 31 75840
0 54 75839
9850 29 9879
0 99 75840
0 75 75839
9935 65 10000
0 56 75840
0 142 75839
10109 96 10205
0 109 75840
0 89 75839
10247 19 10266
0 42 75840
0 98 75839
10296 72 10368
0 30 75840
0 131 75839
10378 53 10431
0 10 75840
0 86 75839
10449 31 10480
0 18 75840
0 67 75839
10581 52 10633
0 101 75840
0 33 75839
10730 29 10759
0 97 75840
0 14 75839
10796 65 10861
0 37 75840
0 49 75839
10914 74 10988
0 53 75840
0 43 75839
11055 44 11099
0 67 75840
0 59 75839
11182 79 11261
0 83 75840
0 169 75839
11339 61 11400
0 78 75840
0 160 75839
11436 39 11475
0 36 75840
0 59 75839
11561 11 11572
0 86 75840
0 61 75839
11617 78 11695
0 45 75840
0 53 75839
11767 15 11782
0 72 75840
0 163 75839
11871 32 11903
0 89 75840
0 134 75839
11945 106 12051
0 42 75840
0 77 75839
12083 41 12124
0 32 75840
0 197 75839
12207 42 12249
0 83 75840
0 51 75839
12275 28 12303
0 26 75840
0 106 75839
12318 55 12373
0 15 75840
0 148 75839
12479 17 12496
0 106 75840
0 73 75839
12592 82 12674
0 96 75840
0 81 75839
12702 34 12736
0 28 75840
0 45 75839
12828 57 12885
0 92 75840
0 108 75839
12988 16 13004
0 103 75840
0 186 75839
13087 61 13148
0 83 75840
0 111 75839
13162 33 13195
0 14 75840
0 205 75839
13264 82 13346
0 69 75840
0 162 75839
13438 25 13463
0 92 75840
0 15 75839
13539 21 13560
0 76 75840
0 78 75839
13668 73 13741
0 108 75840
0 140 75839
13844 30 13874
0 103 75840
0 190 75839
13909 105 14014
0 35 75840
0 126 75839
14067 44 14111
0 53 75840
0 144 75839
14214 86 14300
0 103 75840
0 107 75839
14355 50 14405
0 55 75840
0 185 75839
14510 80 14590
0 105 75840
0 70 75839
14636 61 14697
0 46 75840
0 103 75839
14804 74 14878
0 107 75840
0 13 75839
14927 25 14952
0 49 75840
0 190 75839
15049 28 15077
0 97 75840
0 172 75839
15095 36 15131
0 18 75840
0 181 75839
15162 44 15206
0 31 75840
0 167 75839
15313 21 15334
0 107 75840
0 61 75839
15396 102 15498
0 62 75840
0 11 75839
15560 83 15643
0 62 75840
0 142 75839
15703 63 15766
0 60 75840
0 54 75839
15875 54 15929
0 109 75840
0 60 75839
15948 38 15986
0 19 75840
0 137 75839
16034 58 16092
0 48 75840
0 131 75839
16145 31 16176
0 53 75840
0 208 75839
16234 58 16292
0 58 75840
0 135 75839
16321 71 16392
0 29 75840
0 15 75839
16451 69 16520
0 59 75840
0 33 75839
16617 30 16647
0 97 75840
0 111 75839
16729 25 16754
0 82 75840
0 201 75839
16818 100 16918
0 64 75840
0 97 75839
16946 60 17006
0 28 75840
0 170 75839
17039 30 17069
0 33 75840
0 179 75839
17171 108 17279
0 102 75840
0 164 75839
17381 96 17477
0 102 75840
0 54 75839
17576 12 17588
0 99 75840
0 194 75839
17608 63 17671
0 20 75840
0 119 75839
17708 48 17756
0 37 75840
0 142 75839
17837 28 17865
0 81 75840
0 209 75839
17887 36 17923
0 22 75840
0 84 75839
17964 75 18039
0 41 75840
0 94 75839
18060 13 18073
0 21 75840
0 21 75839
18173 55 18228
0 100 75840
0 64 75839
18276 81 18357
0 48 75840
0 158 75839
18385 29 18414
0 28 75840
0 86 75839
18496 98 18594
0 82 75840
0 101 75839
18703 57 18760
0 109 75840
0 140 75839
18863 62 18925
0 103 75840
0 27 75839
18965 74 19039
0 40 75840
0 84 75839
19144 82 19226
0 105 75840
0 86 75839
19298 89 19387
0 72 75840
0 106 75839
19483 95 19578
0 96 75840
0 161 75839
19673 101 19774
0 95 75840
0 81 75839
19810 87 19897
0 36 75840
0 52 75839
19915 100 20015
0 18 75840
0 73 75839
20054 108 20162
0 39 75840
0 146 75839
20241 53 20294
0 79 75840
0 109 75839
20402 75 20477
0 108 75840
0 114 75839
20492 105 20597
0 15 75840
0 28 75839
20640 105 20745
0 43 75840
0 206 75839
20789 101 20890
0 44 75840
0 51 75839
20981 57 21038
0 91 75840
0 14 75839
21107 12 21119
0 69 75840
0 201 75839
21208 104 21312
0 89 75840
0 33 75839
21342 79 21421
0 30 75840
0 53 75839
21476 54 21530
0 55 75840
0 84 75839
21632 61 21693
0 102 75840
0 74 75839
21773 70 21843
0 80 75840
0 65 75839
21928 41 21969
0 85 75840
0 25 75839
22053 100 22153
0 84 75840
0 44 75839
22169 41 22210
0 16 75840
0 59 75839
22307 34 22341
0 97 75840
0 172 75839
22423 92 22515
0 82 75840
0 195 75839
22541 25 22566
0 26 75840
0 93 75839
22630 18 22648
0 64 75840
0 109 75839
22696 31 22727
0 48 75840
0 16 75839
22747 73 22820
0 20 75840
0 156 75839
22929 83 23012
0 109 75840
0 110 75839
23040 86 23126
0 28 75840
0 66 75839
23217 36 23253
0 91 75840
0 58 75839
23348 13 23361
0 95 75840
0 202 75839
23377 27 23404
0 16 75840
0 98 75839
23512 58 23570
0 108 75840
0 89 75839
23598 30 23628
0 28 75840
0 91 75839
23692 48 23740
0 64 75840
0 121 75839
23816 56 23872
0 76 75840
0 149 75839
23979 105 24084
0 107 75840
0 91 75839
24161 88 24249
0 77 75840
0 96 75839
24271 14 24285
0 22 75840
0 25 75839
24339 49 24388
0 54 75840
0 93 75839
24441 36 24477
0 53 75840
0 175 75839
24572 22 24594
0 95 75840
0 209 75839
24677 85 24762
0 83 75840
0 121 75839
24789 106 24895
0 27 75840
0 130 75839
24935 27 24962
0 40 75840
0 18 75839
24973 91 25064
0 11 75840
0 109 75839
25122 10 25132
0 58 75840
0 149 75839
25211 55 25266
0 79 75840
0 185 75839
25346 104 25450
0 80 75840
0 130 75839
25555 23 25578
0 105 75840
0 188 75839
25614 98 25712
0 36 75840
0 107 75839
25759 86 25845
0 47 75840
0 206 75839
25861 23 25884
0 16 75840
0 37 75839
25914 86 26000
0 30 75840
0 70 75839
26080 48 26128
0 80 75840
0 43 75839
26146 59 26205
0 18 75840
0 97 75839
26228 67 26295
0 23 75840
0 188 75839
26331 37 26368
0 36 75840
0 194 75839
26404 84 26488
0 36 75840
0 71 75839
26523 65 26588
0 35 75840
0 99 75839
26610 42 26652
0 22 75840
0 165 75839
26703 63 26766
0 51 75840
0 129 75839
26795 37 26832
0 29 75840
0 137 75839
26930 31 26961
0 98 75840
0 128 75839
27035 62 27097
0 74 75840
0 81 75839
27200 95 27295
0 103 75840
0 149 75839
27318 79 27397
0 23 75840
0 92 75839
27413 42 27455
0 16 75840
0 207 75839
27547 38 27585
0 92 75840
0 98 75839
27665 34 27699
0 80 75840
0 172 75839
27736 91 27827
0 37 75840
0 36 75839
27858 45 27903
0 31 75840
0 152 75839
27942 76 28018
0 39 75840
0 24 75839
28039 80 28119
0 21 75840
0 202 75839
28197 32 28229
0 78 75840
0 153 75839
28290 59 28349
0 61 75840
0 158 75839
28380 34 28414
0 31 75840
0 189 75839
28498 66 28564
0 84 75840
0 38 75839
28596 74 28670
0 32 75840
0 17 75839
28702 36 28738
0 32 75840
0 37 75839
28802 11 28813
0 64 75840
0 111 75839
28858 59 28917
0 45 75840
0 203 75839
28937 60 28997
0 20 75840
0 189 75839
29055 43 29098
0 58 75840
0 30 75839
29183 74 29257
0 85 75840
0 93 75839
29342 52 29394
0 85 75840
0 138 75839
29452 50 29502
0 58 75840
0 167 75839
29592 70 29662
0 90 75840
0 33 75839
29676 63 29739
0 14 75840
0 189 75839
29837 92 29929
0 98 75840
0 126 75839
29948 13 29961
0 19 75840
0 121 75839
30029 103 30132
0 68 75840
0 170 75839
30190 42 30232
0 58 75840
0 37 75839
30256 24 30280
0 24 75840
0 33 75839
30293 11 30304
0 13 75840
0 104 75839
30352 30 30382
0 48 75840
0 120 75839
30407 17 30424
0 25 75840
0 104 75839
30514 27 30541
0 90 75840
0 166 75839
30555 106 30661
0 14 75840
0 91 75839
30734 35 30769
0 73 75840
0 42 75839
30843 74 30917
0 74 75840
0 51 75839
30966 94 31060
0 49 75840
0 71 75839
31076 82 31158
0 16 75840
0 150 75839
31250 14 31264
0 92 75840
0 115 75839
31349 36 31385
0 85 75840
0 79 75839
31401 102 31503
0 16 75840
0 191 75839
31514 29 31543
0 11 75840
0 195 75839
31609 44 31653
0 66 75840
0 96 75839
31737 72 31809
0 84 75840
0 73 75839
31843 53 31896
0 34 75840
0 195 75839
31936 51 31987
0 40 75840
0 66 75839
32045 40 32085
0 58 75840
0 119 75839
32182 32 32214
0 97 75840
0 208 75839
32246 93 32339
0 32 75840
0 101 75839
32444 98 32542
0 105 75840
0 207 75839
32597 42 32639
0 55 75840
0 74 75839
32725 40 32765
0 86 75840
0 29 75839
32792 103 32895
0 27 75840
0 105 75839
33004 92 33096
0 109 75840
0 84 75839
33118 70 33188
0 22 75840
0 77 75839
33272 73 33345
0 84 75840
0 65 75839
33449 16 33465
0 104 75840
0 28 75839
33494 15 33509
0 29 75840
0 41 75839
33520 89 33609
0 11 75840
0 53 75839
33671 13 33684
0 62 75840
0 67 75839
33777 18 33795
0 93 75840
0 25 75839
33847 21 33868
0 52 75840
0 177 75839
33889 44 33933
0 21 75840
0 186 75839
33960 38 33998
0 27 75840
0 88 75839
34077 58 34135
0 79 75840
0 127 75839
34166 53 34219
0 31 75840
0 93 75839
34317 22 34339
0 98 75840
0 190 75839
34388 99 34487
0 49 75840
0 32 75839
34576 63 34639
0 89 75840
0 152 75839
34659 44 34703
0 20 75840
0 134 75839
34775 28 34803
0 72 75840
0 143 75839
34814 96 34910
0 11 75840
0 181 75839
34942 105 35047
0 32 75840
0 203 75839
35071 103 35174
0 24 75840
0 134 75839
35219 21 35240
0 45 75840
0 65 75839
35347 95 35442
0 107 75840
0 150 75839
35541 19 35560
0 99 75840
0 84 75839
35635 73 35708
0 75 75840
0 136 75839
35759 31 35790
0 51 75840
0 47 75839
35855 47 35902
0 65 75840
0 53 75839
35988 75 36063
0 86 75840
0 155 75839
36078 52 36130
0 15 75840
0 72 75839
36233 23 36256
0 103 75840
0 156 75839
36337 14 36351
0 81 75840
0 101 75839
36449 56 36505
0 98 75840
0 131 75839
36569 61 36630
0 64 75840
0 149 75839
36667 24 36691
0 37 75840
0 46 75839
36754 18 36772
0 63 75840
0 143 75839
36860 57 36917
0 88 75840
0 131 75839
36932 92 37024
0 15 75840
0 174 75839
37092 87 37179
0 68 75840
0 195 75839
37199 36 37235
0 20 75840
0 30 75839
37280 16 37296
0 45 75840
0 194 75839
37384 17 37401
0 88 75840
0 58 75839
37452 14 37466
0 51 75840
0 182 75839
37484 74 37558
0 18 75840
0 64 75839
37582 79 37661
0 24 75840
0 127 75839
37718 84 37802
0 57 75840
0 52 75839
37910 31 37941
0 108 75840
0 179 75839
38049 17 38066
0 108 75840
0 104 75839
38076 46 38122
0 10 75840
0 176 75839
38170 62 38232
0 48 75840
0 21 75839
38320 75 38395
0 88 75840
0 106 75839
38479 33 38512
0 84 75840
0 41 75839
38558 102 38660
0 46 75840
0 140 75839
38732 56 38788
0 72 75840
0 107 75839
