1002
26 105 131
0 26 76652
0 58 76651
194 39 233
0 63 76652
0 156 76651
257 38 295
0 24 76652
0 185 76651
371 35 406
0 76 76652
0 140 76651
439 108 547
0 33 76652
0 204 76651
616 76 692
0 69 76652
0 119 76651
796 41 837
0 104 76652
0 10 76651
919 48 967
0 82 76652
0 81 76651
989 96 1085
0 22 76652
0 51 76651
1112 34 1146
0 27 76652
0 31 76651
1232 69 1301
0 86 76652
0 33 76651
1361 16 1377
0 60 76652
0 133 76651
1461 81 1542
0 84 76652
0 170 76651
1634 57 1691
0 92 76652
0 14 76651
1763 44 1807
0 72 76652
0 76 76651
1828 72 1900
0 21 76652
0 38 76651
1928 107 2035
0 28 76652
0 82 76651
2079 34 2113
0 44 76652
0 72 76651
2131 75 2206
0 18 76652
0 72 76651
2302 42 2344
0 96 76652
0 153 76651
2441 67 2508
0 97 76652
0 75 76651
2569 15 2584
0 61 76652
0 78 76651
2637 26 2663
0 53 76652
0 61 76651
2770 81 2851
0 107 76652
0 77 76651
2898 51 2949
0 47 76652
0 163 76651
2974 70 3044
0 25 76652
0 106 76651
3104 17 3121
0 60 76652
0 152 76651
3175 57 3232
0 54 76652
0 137 76651
3247 35 3282
0 15 76652
0 133 76651
3319 32 3351
0 37 76652
0 67 76651
3415 71 3486
0 64 76652
0 56 76651
3508 32 3540
0 22 76652
0 57 76651
3610 72 3682
0 70 76652
0 172 76651
3788 104 3892
0 106 76652
0 162 76651
3994 89 4083
0 102 76652
0 67 76651
4124 21 4145
0 41 76652
0 70 76651
4188 69 4257
0 43 76652
0 71 76651
4342 100 4442
0 85 76652
0 29 76651
4455 25 4480
0 13 76652
0 137 76651
4495 85 4580
0 15 76652
0 189 76651
4635 43 4678
0 55 76652
0 32 76651
4707 101 4808
0 29 76652
0 139 76651
4832 23 4855
0 24 76652
0 105 76651
4957 75 5032
0 102 76652
0 147 76651
5108 41 5149
0 76 76652
0 32 76651
5197 77 5274
0 48 76652
0 201 76651
5371 80 5451
0 97 76652
0 187 76651
5537 102 5639
0 86 76652
0 15 76651
5679 20 5699
0 40 76652
0 109 76651
5785 12 5797
0 86 76652
0 28 76651
5816 54 5870
0 19 76652
0 39 76651
5883 102 5985
0 13 76652
0 111 76651
6047 63 6110
0 62 76652
0 40 76651
6156 80 6236
0 46 76652
0 183 76651
6310 39 6349
0 74 76652
0 76 76651
6394 64 6458
0 45 76652
0 39 76651
6507 63 6570
0 49 76652
0 88 76651
6667 99 6766
0 97 76652
0 39 76651
6835 10 6845
0 69 76652
0 188 76651
6915 78 6993
0 70 76652
0 182 76651
7082 26 7108
0 89 76652
0 139 76651
7217 101 7318
0 109 76652
0 188 76651
7357 54 7411
0 39 76652
0 30 76651
7453 95 7548
0 42 76652
0 75 76651
7651 53 7704
0 103 76652
0 158 76651
7781 34 7815
0 77 76652
0 10 76651
7829 105 7934
0 14 76652
0 11 76651
7945 26 7971
0 11 76652
0 111 76651
8004 11 8015
0 33 76652
0 115 76651
8085 76 8161
0 70 76652
0 73 76651
8189 85 8274
0 28 76652
0 78 76651
8370 72 8442
0 96 76652
0 132 76651
8483 30 8513
0 41 76652
0 115 76651
8615 97 8712
0 102 76652
0 128 76651
8738 88 8826
0 26 76652
0 30 76651
8856 55 8911
0 30 76652
0 174 76651
8988 44 9032
0 77 76652
0 21 76651
9118 68 9186
0 86 76652
0 152 76651
9272 58 9330
0 86 76652
0 14 76651
9415 73 9488
0 85 76652
0 183 76651
9508 11 9519
0 20 76652
0 206 76651
9560 24 9584
0 41 76652
0 63 76651
9687 58 9745
0 103 76652
0 72 76651
9766 42 9808
0 21 76652
0 209 76651
9827 41 9868
0 19 76652
0 160 76651
9896 101 9997
0 28 76652
0 123 76651
10093 49 10142
0 96 76652
0 133 76651
10229 81 10310
0 87 76652
0 151 76651
10352 11 10363
0 42 76652
0 184 76651
10375 67 10442
0 12 76652
0 154 76651
10476 74 10550
0 34 76652
0 16 76651
10635 32 10667
0 85 76652
0 12 76651
10707 55 10762
0 40 76652
0 76 76651
10849 24 10873
0 87 76652
0 63 76651
10975 77 11052
0 102 76652
0 52 76651
11124 87 11211
0 72 76652
0 192 76651
11247 60 11307
0 36 76652
0 58 76651
11377 62 11439
0 70 76652
0 54 76651
11522 95 11617
0 83 76652
0 171 76651
11685 77 11762
0 68 76652
0 31 76651
11840 74 11914
0 78 76652
0 79 76651
12004 76 12080
0 90 76652
0 83 76651
12183 38 12221
0 103 76652
0 32 76651
12257 54 12311
0 36 76652
0 44 76651
12322 10 12332
0 11 76652
0 94 76651
12417 16 12433
0 85 76652
0 151 76651
12445 46 12491
0 12 76652
0 40 76651
12580 24 12604
0 89 76652
0 13 76651
12692 58 12750
0 88 76652
0 71 76651
12856 73 12929
0 106 76652
0 19 76651
13022 19 13041
0 93 76652
0 205 76651
13117 79 13196
0 76 76652
0 40 76651
13292 44 13336
0 96 76652
0 155 76651
13401 10 13411
0 65 76652
0 106 76651
13440 52 13492
0 29 76652
0 59 76651
13562 80 13642
0 70 76652
0 190 76651
13677 104 13781
0 35 76652
0 205 76651
13794 31 13825
0 13 76652
0 209 76651
13908 35 13943
0 83 76652
0 71 76651
14031 80 14111
0 88 76652
0 141 76651
14165 16 14181
0 54 76652
0 171 76651
14267 31 14298
0 86 76652
0 58 76651
14361 30 14391
0 63 76652
0 53 76651
14489 31 14520
0 98 76652
0 59 76651
14601 68 14669
0 81 76652
0 182 76651
14728 78 14806
0 59 76652
0 41 76651
14910 94 15004
0 104 76652
0 25 76651
15104 22 15126
0 100 76652
0 177 76651
15136 42 15178
0 10 76652
0 199 76651
15281 99 15380
0 103 76652
0 29 76651
15419 43 15462
0 39 76652
0 96 76651
15561 88 15649
0 99 76652
0 158 76651
15724 22 15746
0 75 76652
0 19 76651
15772 105 15877
0 26 76652
0 123 76651
15925 24 15949
0 48 76652
0 16 76651
16013 85 16098
0 64 76652
0 110 76651
16192 102 16294
0 94 76652
0 48 76651
16337 38 16375
0 43 76652
0 111 76651
16453 55 16508
0 78 76652
0 30 76651
16602 43 16645
0 94 76652
0 130 76651
16674 108 16782
0 29 76652
0 128 76651
16802 33 16835
0 20 76652
0 155 76651
16867 103 16970
0 32 76652
0 23 76651
17043 54 17097
0 73 76652
0 56 76651
17191 20 17211
0 94 76652
0 165 76651
17289 89 17378
0 78 76652
0 68 76651
17475 76 17551
0 97 76652
0 17 76651
17603 65 17668
0 52 76652
0 197 76651
17763 40 17803
0 95 76652
0 78 76651
17857 89 17946
0 54 76652
0 26 76651
18005 70 18075
0 59 76652
0 147 76651
18127 22 18149
0 52 76652
0 145 76651
18197 65 18262
0 48 76652
0 58 76651
18329 58 18387
0 67 76652
0 119 76651
18491 74 18565
0 104 76652
0 10 76651
18674 47 18721
0 109 76652
0 83 76651
18756 29 18785
0 35 76652
0 107 76651
18878 34 18912
0 93 76652
0 180 76651
18998 90 19088
0 86 76652
0 174 76651
19120 53 19173
0 32 76652
0 142 76651
19274 18 19292
0 101 76652
0 101 76651
19353 74 19427
0 61 76652
0 160 76651
19512 13 19525
0 85 76652
0 205 76651
19582 102 19684
0 57 76652
0 44 76651
19780 72 19852
0 96 76652
0 94 76651
19886 95 19981
0 34 76652
0 129 76651
20046 14 20060
0 65 76652
0 126 76651
20154 90 20244
0 94 76652
0 121 76651
20297 94 20391
0 53 76652
0 48 76651
20495 93 20588
0 104 76652
0 200 76651
20644 20 20664
0 56 76652
0 65 76651
20765 94 20859
0 101 76652
0 115 76651
20890 65 20955
0 31 76652
0 174 76651
21039 52 21091
0 84 76652
0 151 76651
21128 37 21165
0 37 76652
0 85 76651
21209 40 21249
0 44 76652
0 48 76651
21284 74 21358
0 35 76652
0 68 76651
21382 62 21444
0 24 76652
0 85 76651
21459 17 21476
0 15 76652
0 130 76651
21530 62 21592
0 54 76652
0 199 76651
21690 26 21716
0 98 76652
0 131 76651
21763 60 21823
0 47 76652
0 197 76651
21928 22 21950
0 105 76652
0 200 76651
21989 33 22022
0 39 76652
0 146 76651
22107 15 22122
0 85 76652
0 11 76651
22217 37 22254
0 95 76652
0 154 76651
22268 86 22354
0 14 76652
0 136 76651
22376 108 22484
0 22 76652
0 108 76651
22563 88 22651
0 79 76652
0 137 76651
22751 65 22816
0 100 76652
0 71 76651
22862 77 22939
0 46 76652
0 203 76651
23033 45 23078
0 94 76652
0 175 76651
23126 76 23202
0 48 76652
0 75 76651
23222 99 23321
0 20 76652
0 190 76651
23354 80 23434
0 33 76652
0 48 76651
23474 79 23553
0 40 76652
0 208 76651
23653 23 23676
0 100 76652
0 10 76651
23762 49 23811
0 86 76652
0 174 76651
23891 42 23933
0 80 76652
0 41 76651
23997 73 24070
0 64 76652
0 183 76651
24152 82 24234
0 82 76652
0 192 76651
24322 86 24408
0 88 76652
0 130 76651
24499 89 24588
0 91 76652
0 40 76651
24619 19 24638
0 31 76652
0 89 76651
24649 93 24742
0 11 76652
0 35 76651
24807 69 24876
0 65 76652
0 167 76651
24914 19 24933
0 38 76652
0 118 76651
25040 19 25059
0 107 76652
0 111 76651
25137 46 25183
0 78 76652
0 153 76651
25261 16 25277
0 78 76652
0 141 76651
25340 73 25413
0 63 76652
0 13 76651
25516 65 25581
0 103 76652
0 60 76651
25674 89 25763
0 93 76652
0 84 76651
25862 28 25890
0 99 76652
0 42 76651
25981 87 26068
0 91 76652
0 183 76651
26098 54 26152
0 30 76652
0 138 76651
26244 96 26340
0 92 76652
0 55 76651
26445 35 26480
0 105 76652
0 34 76651
26531 18 26549
0 51 76652
0 39 76651
26563 34 26597
0 14 76652
0 149 76651
26698 19 26717
0 101 76652
0 34 76651
26823 42 26865
0 106 76652
0 10 76651
26938 63 27001
0 73 76652
0 167 76651
27035 65 27100
0 34 76652
0 44 76651
27156 72 27228
0 56 76652
0 155 76651
27280 65 27345
0 52 76652
0 15 76651
27380 66 27446
0 35 76652
0 73 76651
27485 43 27528
0 39 76652
0 164 76651
27588 100 27688
0 60 76652
0 206 76651
27782 100 27882
0 94 76652
0 66 76651
27990 98 28088
0 108 76652
0 26 76651
28118 43 28161
0 30 76652
0 46 76651
28198 27 28225
0 37 76652
0 63 76651
28272 15 28287
0 47 76652
0 30 76651
28384 89 28473
0 97 76652
0 148 76651
28516 80 28596
0 43 76652
0 99 76651
28696 105 28801
0 100 76652
0 142 76651
28878 88 28966
0 77 76652
0 68 76651
29052 99 29151
0 86 76652
0 35 76651
29255 13 29268
0 104 76652
0 119 76651
29345 81 29426
0 77 76652
0 98 76651
29503 52 29555
0 77 76652
0 13 76651
29652 18 29670
0 97 76652
0 115 76651
29704 24 29728
0 34 76652
0 139 76651
29807 13 29820
0 79 76652
0 169 76651
29852 76 29928
0 32 76652
0 89 76651
30006 89 30095
0 78 76652
0 168 76651
30115 98 30213
0 20 76652
0 159 76651
30307 38 30345
0 94 76652
0 207 76651
30439 101 30540
0 94 76652
0 184 76651
30560 69 30629
0 20 76652
0 198 76651
30721 69 30790
0 92 76652
0 87 76651
30898 77 30975
0 108 76652
0 101 76651
31052 102 31154
0 77 76652
0 62 76651
31169 48 31217
0 15 76652
0 34 76651
31267 56 31323
0 50 76652
0 60 76651
31387 71 31458
0 64 76652
0 132 76651
31515 13 31528
0 57 76652
0 187 76651
31611 33 31644
0 83 76652
0 161 76651
31667 38 31705
0 23 76652
0 14 76651
31804 10 31814
0 99 76652
0 202 76651
31863 47 31910
0 49 76652
0 83 76651
31967 71 32038
0 57 76652
0 88 76651
32137 46 32183
0 99 76652
0 103 76651
32231 64 32295
0 48 76652
0 141 76651
32384 84 32468
0 89 76652
0 19 76651
32499 93 32592
0 31 76652
0 116 76651
32657 35 32692
0 65 76652
0 155 76651
32771 68 32839
0 79 76652
0 134 76651
32881 79 32960
0 42 76652
0 53 76651
32981 94 33075
0 21 76652
0 131 76651
33102 88 33190
0 27 76652
0 190 76651
33274 90 33364
0 84 76652
0 209 76651
33449 18 33467
0 85 76652
0 92 76651
33548 41 33589
0 81 76652
0 115 76651
33633 46 33679
0 44 76652
0 126 76651
33748 30 33778
0 69 76652
0 186 76651
33854 52 33906
0 76 76652
0 35 76651
33924 11 33935
0 18 76652
0 106 76651
34032 15 34047
0 97 76652
0 194 76651
34129 109 34238
0 82 76652
0 201 76651
34260 103 34363
0 22 76652
0 178 76651
34397 53 34450
0 34 76652
0 22 76651
34523 45 34568
0 73 76652
0 194 76651
34656 107 34763
0 88 76652
0 114 76651
34857 13 34870
0 94 76652
0 194 76651
34947 63 35010
0 77 76652
0 158 76651
35038 104 35142
0 28 76652
0 16 76651
35251 100 35351
0 109 76652
0 190 76651
35381 102 35483
0 30 76652
0 107 76651
35493 58 35551
0 10 76652
0 192 76651
35609 33 35642
0 58 76652
0 127 76651
35728 81 35809
0 86 76652
0 119 76651
35865 87 35952
0 56 76652
0 107 76651
36042 45 36087
0 90 76652
0 156 76651
36186 40 36226
0 99 76652
0 194 76651
36262 26 36288
0 36 76652
0 26 76651
36377 53 36430
0 89 76652
0 33 76651
36456 50 36506
0 26 76652
0 137 76651
36536 95 36631
0 30 76652
0 95 76651
36706 38 36744
0 75 76652
0 93 76651
36841 75 36916
0 97 76652
0 90 76651
36926 84 37010
0 10 76652
0 47 76651
37096 11 37107
0 86 76652
0 53 76651
37195 89 37284
0 88 76652
0 180 76651
37310 13 37323
0 26 76652
0 123 76651
37406 38 37444
0 83 76652
0 94 76651
37515 26 37541
0 71 76652
0 99 76651
37632 97 37729
0 91 76652
0 15 76651
37769 38 37807
0 40 76652
0 47 76651
37863 103 37966
0 56 76652
0 198 76651
38064 67 38131
0 98 76652
0 203 76651
38180 79 38259
0 49 76652
0 71 76651
38368 88 38456
0 109 76652
0 82 76651
38563 88 38651
0 107 76652
0 86 76651
38722 54 38776
0 71 76652
0 206 76651
38787 40 38827
0 11 76652
0 121 76651
38908 78 38986
0 81 76652
0 79 76651
39035 34 39069
0 49 76652
0 104 76651
39144 64 39208
0 75 76652
0 112 76651
39234 96 39330
0 26 76652
0 33 76651
39422 105 39527
0 92 76652
0 198 76651
39581 28 39609
0 54 76652
0 45 76651
39627 54 39681
0 18 76652
0 134 76651
39757 93 39850
0 76 76652
0 155 76651
39881 51 39932
0 31 76652
0 121 76651
39961 96 40057
0 29 76652
0 173 76651
40103 55 40158
0 46 76652
0 71 76651
40217 88 40305
0 59 76652
0 174 76651
40385 61 40446
0 80 76652
0 97 76651
40494 54 40548
0 48 76652
0 35 76651
40621 63 40684
0 73 76652
0 16 76651
40753 20 40773
0 69 76652
0 170 76651
40862 79 40941
0 89 76652
0 187 76651
