1002
88 54 142
0 88 76767
0 136 76766
157 54 211
0 15 76767
0 20 76766
268 50 318
0 57 76767
0 75 76766
415 92 507
0 97 76767
0 102 76766
521 30 551
0 14 76767
0 113 76766
641 13 654
0 90 76767
0 155 76766
680 31 711
0 26 76767
0 143 76766
759 23 782
0 48 76767
0 154 76766
850 74 924
0 68 76767
0 180 76766
957 39 996
0 33 76767
0 187 76766
1021 10 1031
0 25 76767
0 115 76766
1055 38 1093
0 24 76767
0 50 76766
1166 69 1235
0 73 76767
0 56 76766
1245 21 1266
0 10 76767
0 142 76766
1323 31 1354
0 57 76767
0 147 76766
1371 95 1466
0 17 76767
0 91 76766
1506 92 1598
0 40 76767
0 31 76766
1632 13 1645
0 34 76767
0 37 76766
1728 22 1750
0 83 76767
0 115 76766
1813 60 1873
0 63 76767
0 43 76766
1957 71 2028
0 84 76767
0 54 76766
2086 13 2099
0 58 76767
0 118 76766
2195 104 2299
0 96 76767
0 148 76766
2343 56 2399
0 44 76767
0 109 76766
2502 86 2588
0 103 76767
0 70 76766
2645 70 2715
0 57 76767
0 172 76766
2747 91 2838
0 32 76767
0 190 76766
2876 71 2947
0 38 76767
0 69 76766
3009 96 3105
0 62 76767
0 72 76766
3128 87 3215
0 23 76767
0 71 76766
3236 63 3299
0 21 76767
0 46 76766
3385 13 3398
0 86 76767
0 59 76766
3431 73 3504
0 33 76767
0 188 76766
3565 14 3579
0 61 76767
0 132 76766
3595 52 3647
0 16 76767
0 130 76766
3743 49 3792
0 96 76767
0 52 76766
3878 10 3888
0 86 76767
0 35 76766
3900 54 3954
0 12 76767
0 184 76766
3976 90 4066
0 22 76767
0 187 76766
4125 109 4234
0 59 76767
0 151 76766
4309 73 4382
0 75 76767
0 31 76766
4429 74 4503
0 47 76767
0 176 76766
4589 79 4668
0 86 76767
0 99 76766
4772 28 4800
0 104 76767
0 44 76766
4832 82 4914
0 32 76767
0 184 76766
5013 50 5063
0 99 76767
0 20 76766
5172 60 5232
0 109 76767
0 88 76766
5307 33 5340
0 75 76767
0 164 76766
5365 102 5467
0 25 76767
0 96 76766
5553 44 5597
0 86 76767
0 93 76766
5695 63 5758
0 98 76767
0 16 76766
5812 22 5834
0 54 76767
0 60 76766
5874 18 5892
0 40 76767
0 177 76766
5996 12 6008
0 104 76767
0 139 76766
6035 79 6114
0 27 76767
0 149 76766
6219 16 6235
0 105 76767
0 162 76766
6285 19 6304
0 50 76767
0 165 76766
6400 27 6427
0 96 76767
0 139 76766
6527 109 6636
0 100 76767
0 42 76766
6676 73 6749
0 40 76767
0 85 76766
6857 51 6908
0 108 76767
0 87 76766
7002 85 7087
0 94 76767
0 80 76766
7146 66 7212
0 59 76767
0 175 76766
7259 102 7361
0 47 76767
0 175 76766
7441 83 7524
0 80 76767
0 193 76766
7584 38 7622
0 60 76767
0 73 76766
7678 105 7783
0 56 76767
0 194 76766
7811 31 7842
0 28 76767
0 141 76766
7922 67 7989
0 80 76767
0 61 76766
8084 14 8098
0 95 76767
0 195 76766
8124 50 8174
0 26 76767
0 183 76766
8197 12 8209
0 23 76767
0 106 76766
8308 61 8369
0 99 76767
0 136 76766
8401 64 8465
0 32 76767
0 128 76766
8494 16 8510
0 29 76767
0 114 76766
8529 37 8566
0 19 76767
0 152 76766
8664 86 8750
0 98 76767
0 196 76766
8797 51 8848
0 47 76767
0 95 76766
8870 83 8953
0 22 76767
0 11 76766
9043 24 9067
0 90 76767
0 96 76766
9128 70 9198
0 61 76767
0 165 76766
9213 26 9239
0 15 76767
0 20 76766
9292 41 9333
0 53 76767
0 113 76766
9350 18 9368
0 17 76767
0 100 76766
9386 83 9469
0 18 76767
0 39 76766
9543 103 9646
0 74 76767
0 107 76766
9679 91 9770
0 33 76767
0 82 76766
9843 108 9951
0 73 76767
0 194 76766
9984 48 10032
0 33 76767
0 46 76766
10078 43 10121
0 46 76767
0 128 76766
10135 63 10198
0 14 76767
0 170 76766
10215 63 10278
0 17 76767
0 114 76766
10367 87 10454
0 89 76767
0 110 76766
10487 60 10547
0 33 76767
0 146 76766
10613 40 10653
0 66 76767
0 74 76766
10755 94 10849
0 102 76767
0 147 76766
10859 87 10946
0 10 76767
0 20 76766
10959 69 11028
0 13 76767
0 57 76766
11076 36 11112
0 48 76767
0 123 76766
11204 83 11287
0 92 76767
0 154 76766
11375 34 11409
0 88 76767
0 101 76766
11516 109 11625
0 107 76767
0 197 76766
11686 20 11706
0 61 76767
0 11 76766
11732 95 11827
0 26 76767
0 164 76766
11838 26 11864
0 11 76767
0 38 76766
11897 23 11920
0 33 76767
0 33 76766
11931 21 11952
0 11 76767
0 136 76766
11996 106 12102
0 44 76767
0 93 76766
12162 55 12217
0 60 76767
0 20 76766
12235 14 12249
0 18 76767
0 142 76766
12358 102 12460
0 109 76767
0 187 76766
12479 106 12585
0 19 76767
0 89 76766
12636 49 12685
0 51 76767
0 29 76766
12730 57 12787
0 45 76767
0 172 76766
12891 38 12929
0 104 76767
0 143 76766
13010 96 13106
0 81 76767
0 91 76766
13120 18 13138
0 14 76767
0 183 76766
13239 25 13264
0 101 76767
0 173 76766
13291 109 13400
0 27 76767
0 51 76766
13414 80 13494
0 14 76767
0 35 76766
13599 27 13626
0 105 76767
0 200 76766
13717 100 13817
0 91 76767
0 91 76766
13851 25 13876
0 34 76767
0 76 76766
13901 73 13974
0 25 76767
0 165 76766
13988 14 14002
0 14 76767
0 149 76766
14083 12 14095
0 81 76767
0 141 76766
14125 97 14222
0 30 76767
0 55 76766
14285 56 14341
0 63 76767
0 111 76766
14369 83 14452
0 28 76767
0 55 76766
14559 57 14616
0 107 76767
0 206 76766
14645 109 14754
0 29 76767
0 69 76766
14840 28 14868
0 86 76767
0 58 76766
14946 19 14965
0 78 76767
0 36 76766
14980 39 15019
0 15 76767
0 22 76766
15083 63 15146
0 64 76767
0 63 76766
15224 91 15315
0 78 76767
0 203 76766
15424 20 15444
0 109 76767
0 98 76766
15553 109 15662
0 109 76767
0 100 76766
15718 62 15780
0 56 76767
0 133 76766
15868 27 15895
0 88 76767
0 36 76766
15914 103 16017
0 19 76767
0 17 76766
16123 86 16209
0 106 76767
0 67 76766
16310 104 16414
0 101 76767
0 98 76766
16480 79 16559
0 66 76767
0 46 76766
16592 47 16639
0 33 76767
0 33 76766
16664 40 16704
0 25 76767
0 43 76766
16808 102 16910
0 104 76767
0 203 76766
17016 23 17039
0 106 76767
0 145 76766
17103 23 17126
0 64 76767
0 26 76766
17214 109 17323
0 88 76767
0 123 76766
17364 19 17383
0 41 76767
0 200 76766
17417 13 17430
0 34 76767
0 119 76766
17473 102 17575
0 43 76767
0 91 76766
17615 28 17643
0 40 76767
0 156 76766
17660 96 17756
0 17 76767
0 194 76766
17808 86 17894
0 52 76767
0 37 76766
17930 21 17951
0 36 76767
0 14 76766
18011 33 18044
0 60 76767
0 201 76766
18068 102 18170
0 24 76767
0 165 76766
18224 90 18314
0 54 76767
0 203 76766
18406 25 18431
0 92 76767
0 34 76766
18509 93 18602
0 78 76767
0 190 76766
18668 24 18692
0 66 76767
0 168 76766
18788 71 18859
0 96 76767
0 77 76766
18882 10 18892
0 23 76767
0 145 76766
18915 97 19012
0 23 76767
0 102 76766
19066 92 19158
0 54 76767
0 172 76766
19179 95 19274
0 21 76767
0 146 76766
19290 51 19341
0 16 76767
0 91 76766
19449 84 19533
0 108 76767
0 144 76766
19620 80 19700
0 87 76767
0 97 76766
19784 71 19855
0 84 76767
0 171 76766
19896 59 19955
0 41 76767
0 75 76766
19972 66 20038
0 17 76767
0 68 76766
20113 62 20175
0 75 76767
0 31 76766
20218 46 20264
0 43 76767
0 208 76766
20290 104 20394
0 26 76767
0 137 76766
20411 19 20430
0 17 76767
0 74 76766
20467 51 20518
0 37 76767
0 108 76766
20597 11 20608
0 79 76767
0 63 76766
20653 106 20759
0 45 76767
0 143 76766
20834 77 20911
0 75 76767
0 195 76766
20961 63 21024
0 50 76767
0 81 76766
21046 87 21133
0 22 76767
0 182 76766
21178 14 21192
0 45 76767
0 41 76766
21240 25 21265
0 48 76767
0 195 76766
21315 51 21366
0 50 76767
0 106 76766
21412 31 21443
0 46 76767
0 178 76766
21488 76 21564
0 45 76767
0 78 76766
21617 72 21689
0 53 76767
0 22 76766
21789 102 21891
0 100 76767
0 198 76766
21970 61 22031
0 79 76767
0 200 76766
22122 102 22224
0 91 76767
0 36 76766
22310 109 22419
0 86 76767
0 122 76766
22483 86 22569
0 64 76767
0 20 76766
22644 67 22711
0 75 76767
0 187 76766
22812 106 22918
0 101 76767
0 172 76766
23025 101 23126
0 107 76767
0 92 76766
23162 73 23235
0 36 76767
0 72 76766
23287 72 23359
0 52 76767
0 110 76766
23435 59 23494
0 76 76767
0 10 76766
23593 54 23647
0 99 76767
0 31 76766
23708 82 23790
0 61 76767
0 76 76766
23816 26 23842
0 26 76767
0 76 76766
23950 63 24013
0 108 76767
0 153 76766
24067 52 24119
0 54 76767
0 138 76766
24210 71 24281
0 91 76767
0 178 76766
24322 104 24426
0 41 76767
0 182 76766
24440 87 24527
0 14 76767
0 12 76766
24603 14 24617
0 76 76767
0 184 76766
24639 43 24682
0 22 76767
0 201 76766
24732 57 24789
0 50 76767
0 196 76766
24864 90 24954
0 75 76767
0 47 76766
25060 108 25168
0 106 76767
0 198 76766
25183 37 25220
0 15 76767
0 86 76766
25297 45 25342
0 77 76767
0 94 76766
25379 99 25478
0 37 76767
0 143 76766
25537 101 25638
0 59 76767
0 127 76766
25696 34 25730
0 58 76767
0 126 76766
25780 55 25835
0 50 76767
0 125 76766
25874 23 25897
0 39 76767
0 48 76766
25981 99 26080
0 84 76767
0 195 76766
26138 70 26208
0 58 76767
0 185 76766
26225 71 26296
0 17 76767
0 77 76766
26362 62 26424
0 66 76767
0 30 76766
26436 45 26481
0 12 76767
0 25 76766
26535 102 26637
0 54 76767
0 146 76766
26740 57 26797
0 103 76767
0 117 76766
26834 85 26919
0 37 76767
0 95 76766
26931 24 26955
0 12 76767
0 114 76766
26980 65 27045
0 25 76767
0 12 76766
27151 82 27233
0 106 76767
0 89 76766
27326 79 27405
0 93 76767
0 159 76766
27442 30 27472
0 37 76767
0 63 76766
27537 81 27618
0 65 76767
0 111 76766
27724 65 27789
0 106 76767
0 79 76766
27827 30 27857
0 38 76767
0 171 76766
27883 59 27942
0 26 76767
0 133 76766
28002 75 28077
0 60 76767
0 11 76766
28143 21 28164
0 66 76767
0 80 76766
28197 57 28254
0 33 76767
0 51 76766
28361 49 28410
0 107 76767
0 39 76766
28486 34 28520
0 76 76767
0 84 76766
28545 41 28586
0 25 76767
0 48 76766
28633 109 28742
0 47 76767
0 114 76766
28836 70 28906
0 94 76767
0 163 76766
28985 20 29005
0 79 76767
0 48 76766
29114 68 29182
0 109 76767
0 201 76766
29247 57 29304
0 65 76767
0 184 76766
29410 71 29481
0 106 76767
0 114 76766
29542 57 29599
0 61 76767
0 189 76766
29700 87 29787
0 101 76767
0 69 76766
29880 85 29965
0 93 76767
0 194 76766
30011 11 30022
0 46 76767
0 73 76766
30038 93 30131
0 16 76767
0 62 76766
30160 16 30176
0 29 76767
0 82 76766
30260 13 30273
0 84 76767
0 96 76766
30324 45 30369
0 51 76767
0 205 76766
30474 49 30523
0 105 76767
0 88 76766
30574 57 30631
0 51 76767
0 82 76766
30723 101 30824
0 92 76767
0 87 76766
30909 31 30940
0 85 76767
0 46 76766
30998 37 31035
0 58 76767
0 144 76766
31104 52 31156
0 69 76767
0 74 76766
31247 104 31351
0 91 76767
0 129 76766
31413 63 31476
0 62 76767
0 162 76766
31560 23 31583
0 84 76767
0 96 76766
31625 40 31665
0 42 76767
0 130 76766
31690 26 31716
0 25 76767
0 18 76766
31760 31 31791
0 44 76767
0 36 76766
31830 10 31840
0 39 76767
0 202 76766
31904 92 31996
0 64 76767
0 86 76766
32008 70 32078
0 12 76767
0 157 76766
32146 60 32206
0 68 76767
0 45 76766
32284 86 32370
0 78 76767
0 44 76766
32415 22 32437
0 45 76767
0 148 76766
32495 105 32600
0 58 76767
0 151 76766
32655 59 32714
0 55 76767
0 20 76766
32813 12 32825
0 99 76767
0 205 76766
32865 32 32897
0 40 76767
0 47 76766
32932 79 33011
0 35 76767
0 58 76766
33083 90 33173
0 72 76767
0 130 76766
33215 105 33320
0 42 76767
0 151 76766
33351 102 33453
0 31 76767
0 18 76766
33471 63 33534
0 18 76767
0 188 76766
33604 97 33701
0 70 76767
0 136 76766
33742 51 33793
0 41 76767
0 46 76766
33845 27 33872
0 52 76767
0 200 76766
33972 26 33998
0 100 76767
0 129 76766
34090 65 34155
0 92 76767
0 108 76766
34168 105 34273
0 13 76767
0 183 76766
34330 38 34368
0 57 76767
0 50 76766
34436 55 34491
0 68 76767
0 127 76766
34501 12 34513
0 10 76767
0 97 76766
34596 87 34683
0 83 76767
0 29 76766
34782 107 34889
0 99 76767
0 98 76766
34912 26 34938
0 23 76767
0 25 76766
34973 15 34988
0 35 76767
0 190 76766
35094 62 35156
0 106 76767
0 152 76766
35205 18 35223
0 49 76767
0 199 76766
35291 89 35380
0 68 76767
0 182 76766
35400 32 35432
0 20 76767
0 193 76766
35535 61 35596
0 103 76767
0 103 76766
35624 81 35705
0 28 76767
0 17 76766
35806 46 35852
0 101 76767
0 19 76766
35954 51 36005
0 102 76767
0 92 76766
36018 65 36083
0 13 76767
0 129 76766
36093 13 36106
0 10 76767
0 39 76766
36188 35 36223
0 82 76767
0 166 76766
36298 91 36389
0 75 76767
0 23 76766
36439 69 36508
0 50 76767
0 207 76766
36543 76 36619
0 35 76767
0 78 76766
36697 87 36784
0 78 76767
0 77 76766
36813 56 36869
0 29 76767
0 160 76766
36959 98 37057
0 90 76767
0 28 76766
37161 29 37190
0 104 76767
0 68 76766
37294 106 37400
0 104 76767
0 199 76766
37452 67 37519
0 52 76767
0 160 76766
37566 36 37602
0 47 76767
0 119 76766
37701 33 37734
0 99 76767
0 181 76766
37798 98 37896
0 64 76767
0 177 76766
37966 97 38063
0 70 76767
0 127 76766
38172 88 38260
0 109 76767
0 192 76766
38311 16 38327
0 51 76767
0 110 76766
38370 59 38429
0 43 76767
0 85 76766
38473 45 38518
0 44 76767
0 139 76766
38581 58 38639
0 63 76767
0 33 76766
38676 74 38750
0 37 76767
0 159 76766
38845 29 38874
0 95 76767
0 198 76766
38976 85 39061
0 102 76767
0 187 76766
39075 86 39161
0 14 76767
0 160 76766
39259 84 39343
0 98 76767
0 141 76766
39386 40 39426
0 43 76767
0 183 76766
39500 18 39518
0 74 76767
0 42 76766
