1002
72 85 157
0 72 75766
0 190 75765
171 34 205
0 14 75766
0 188 75765
289 75 364
0 84 75766
0 164 75765
378 63 441
0 14 75766
0 107 75765
488 67 555
0 47 75766
0 99 75765
635 94 729
0 80 75766
0 61 75765
825 10 835
0 96 75766
0 26 75765
861 20 881
0 26 75766
0 49 75765
964 69 1033
0 83 75766
0 47 75765
1048 21 1069
0 15 75766
0 32 75765
1097 53 1150
0 28 75766
0 103 75765
1226 55 1281
0 76 75766
0 39 75765
1349 13 1362
0 68 75766
0 134 75765
1434 94 1528
0 72 75766
0 147 75765
1588 79 1667
0 60 75766
0 35 75765
1740 102 1842
0 73 75766
0 80 75765
1852 41 1893
0 10 75766
0 32 75765
1939 59 1998
0 46 75766
0 85 75765
2070 65 2135
0 72 75766
0 86 75765
2200 84 2284
0 65 75766
0 19 75765
2314 29 2343
0 30 75766
0 102 75765
2353 77 2430
0 10 75766
0 63 75765
2449 64 2513
0 19 75766
0 102 75765
2525 85 2610
0 12 75766
0 133 75765
2695 64 2759
0 85 75766
0 106 75765
2780 42 2822
0 21 75766
0 131 75765
2875 32 2907
0 53 75766
0 157 75765
3006 83 3089
0 99 75766
0 78 75765
3130 54 3184
0 41 75766
0 176 75765
3222 68 3290
0 38 75766
0 36 75765
3349 40 3389
0 59 75766
0 141 75765
3495 35 3530
0 106 75766
0 130 75765
3541 25 3566
0 11 75766
0 40 75765
3614 81 3695
0 48 75766
0 101 75765
3736 80 3816
0 41 75766
0 38 75765
3871 27 3898
0 55 75766
0 93 75765
3978 33 4011
0 80 75766
0 198 75765
4029 79 4108
0 18 75766
0 62 75765
4175 21 4196
0 67 75766
0 167 75765
4222 17 4239
0 26 75766
0 140 75765
4313 71 4384
0 74 75766
0 68 75765
4436 71 4507
0 52 75766
0 11 75765
4546 64 4610
0 39 75766
0 108 75765
4713 53 4766
0 103 75766
0 105 75765
4827 81 4908
0 61 75766
0 134 75765
5007 109 5116
0 99 75766
0 207 75765
5206 42 5248
0 90 75766
0 200 75765
5332 51 5383
0 84 75766
0 190 75765
5428 82 5510
0 45 75766
0 175 75765
5526 82 5608
0 16 75766
0 200 75765
5656 11 5667
0 48 75766
0 74 75765
5751 59 5810
0 84 75766
0 141 75765
5849 37 5886
0 39 75766
0 162 75765
5919 33 5952
0 33 75766
0 131 75765
6030 33 6063
0 78 75766
0 101 75765
6154 64 6218
0 91 75766
0 151 75765
6299 61 6360
0 81 75766
0 115 75765
6462 26 6488
0 102 75766
0 131 75765
6510 106 6616
0 22 75766
0 179 75765
6660 86 6746
0 44 75766
0 91 75765
6780 60 6840
0 34 75766
0 48 75765
6934 96 7030
0 94 75766
0 53 75765
7086 53 7139
0 56 75766
0 10 75765
7162 80 7242
0 23 75766
0 161 75765
7315 72 7387
0 73 75766
0 18 75765
7404 69 7473
0 17 75766
0 184 75765
7504 64 7568
0 31 75766
0 26 75765
7599 107 7706
0 31 75766
0 159 75765
7733 102 7835
0 27 75766
0 193 75765
7923 64 7987
0 88 75766
0 91 75765
8049 54 8103
0 62 75766
0 141 75765
8134 100 8234
0 31 75766
0 171 75765
8258 50 8308
0 24 75766
0 71 75765
8358 51 8409
0 50 75766
0 150 75765
8514 108 8622
0 105 75766
0 41 75765
8641 91 8732
0 19 75766
0 97 75765
8775 27 8802
0 43 75766
0 100 75765
8872 73 8945
0 70 75766
0 148 75765
8957 18 8975
0 12 75766
0 107 75765
9077 103 9180
0 102 75766
0 134 75765
9221 27 9248
0 41 75766
0 42 75765
9289 70 9359
0 41 75766
0 16 75765
9377 24 9401
0 18 75766
0 132 75765
9507 61 9568
0 106 75766
0 13 75765
9643 12 9655
0 75 75766
0 114 75765
9725 37 9762
0 70 75766
0 23 75765
9858 96 9954
0 96 75766
0 137 75765
10014 65 10079
0 60 75766
0 137 75765
10089 44 10133
0 10 75766
0 199 75765
10172 81 10253
0 39 75766
0 14 75765
10317 74 10391
0 64 75766
0 205 75765
10411 86 10497
0 20 75766
0 67 75765
10552 63 10615
0 55 75766
0 49 75765
10689 87 10776
0 74 75766
0 85 75765
10844 13 10857
0 68 75766
0 66 75765
10872 13 10885
0 15 75766
0 14 75765
10937 32 10969
0 52 75766
0 181 75765
10996 43 11039
0 27 75766
0 171 75765
11130 68 11198
0 91 75766
0 48 75765
11278 16 11294
0 80 75766
0 201 75765
11364 66 11430
0 70 75766
0 147 75765
11539 13 11552
0 109 75766
0 67 75765
11618 106 11724
0 66 75766
0 141 75765
11757 37 11794
0 33 75766
0 77 75765
11805 75 11880
0 11 75766
0 81 75765
11952 47 11999
0 72 75766
0 111 75765
12010 10 12020
0 11 75766
0 38 75765
12042 46 12088
0 22 75766
0 55 75765
12178 61 12239
0 90 75766
0 71 75765
12279 56 12335
0 40 75766
0 107 75765
12431 70 12501
0 96 75766
0 69 75765
12564 30 12594
0 63 75766
0 142 75765
12703 55 12758
0 109 75766
0 138 75765
12838 79 12917
0 80 75766
0 196 75765
12943 56 12999
0 26 75766
0 85 75765
13060 73 13133
0 61 75766
0 32 75765
13183 26 13209
0 50 75766
0 149 75765
13305 37 13342
0 96 75766
0 98 75765
13414 98 13512
0 72 75766
0 185 75765
13617 99 13716
0 105 75766
0 97 75765
13773 73 13846
0 57 75766
0 181 75765
13942 15 13957
0 96 75766
0 91 75765
13973 51 14024
0 16 75766
0 60 75765
14093 107 14200
0 69 75766
0 102 75765
14294 71 14365
0 94 75766
0 60 75765
14410 12 14422
0 45 75766
0 122 75765
14484 54 14538
0 62 75766
0 116 75765
14572 61 14633
0 34 75766
0 49 75765
14643 23 14666
0 10 75766
0 17 75765
14758 105 14863
0 92 75766
0 159 75765
14964 19 14983
0 101 75766
0 104 75765
15074 105 15179
0 91 75766
0 20 75765
15262 45 15307
0 83 75766
0 109 75765
15385 62 15447
0 78 75766
0 23 75765
15474 35 15509
0 27 75766
0 85 75765
15592 47 15639
0 83 75766
0 106 75765
15727 66 15793
0 88 75766
0 90 75765
15815 93 15908
0 22 75766
0 87 75765
15965 80 16045
0 57 75766
0 180 75765
16071 30 16101
0 26 75766
0 163 75765
16139 92 16231
0 38 75766
0 135 75765
16321 101 16422
0 90 75766
0 196 75765
16464 66 16530
0 42 75766
0 158 75765
16628 50 16678
0 98 75766
0 136 75765
16774 23 16797
0 96 75766
0 199 75765
16862 25 16887
0 65 75766
0 206 75765
16914 76 16990
0 27 75766
0 99 75765
17016 71 17087
0 26 75766
0 168 75765
17119 47 17166
0 32 75766
0 36 75765
17205 93 17298
0 39 75766
0 93 75765
17333 54 17387
0 35 75766
0 175 75765
17398 91 17489
0 11 75766
0 129 75765
17568 88 17656
0 79 75766
0 54 75765
17733 64 17797
0 77 75766
0 36 75765
17902 77 17979
0 105 75766
0 206 75765
18084 76 18160
0 105 75766
0 26 75765
18189 55 18244
0 29 75766
0 176 75765
18271 87 18358
0 27 75766
0 101 75765
18401 47 18448
0 43 75766
0 130 75765
18536 101 18637
0 88 75766
0 176 75765
18654 42 18696
0 17 75766
0 77 75765
18724 53 18777
0 28 75766
0 76 75765
18837 62 18899
0 60 75766
0 27 75765
18995 15 19010
0 96 75766
0 87 75765
19074 22 19096
0 64 75766
0 175 75765
19149 87 19236
0 53 75766
0 167 75765
19328 11 19339
0 92 75766
0 151 75765
19433 31 19464
0 94 75766
0 67 75765
19548 15 19563
0 84 75766
0 121 75765
19664 23 19687
0 101 75766
0 197 75765
19741 48 19789
0 54 75766
0 113 75765
19806 14 19820
0 17 75766
0 70 75765
19863 19 19882
0 43 75766
0 30 75765
19929 24 19953
0 47 75766
0 207 75765
19972 78 20050
0 19 75766
0 167 75765
20146 96 20242
0 96 75766
0 187 75765
20306 99 20405
0 64 75766
0 129 75765
20501 16 20517
0 96 75766
0 164 75765
20547 39 20586
0 30 75766
0 15 75765
20675 104 20779
0 89 75766
0 124 75765
20829 71 20900
0 50 75766
0 62 75765
20979 33 21012
0 79 75766
0 56 75765
21064 48 21112
0 52 75766
0 130 75765
21133 52 21185
0 21 75766
0 81 75765
21256 73 21329
0 71 75766
0 73 75765
21384 84 21468
0 55 75766
0 15 75765
21569 41 21610
0 101 75766
0 149 75765
21667 17 21684
0 57 75766
0 209 75765
21714 48 21762
0 30 75766
0 142 75765
21822 96 21918
0 60 75766
0 102 75765
21960 97 22057
0 42 75766
0 163 75765
22142 57 22199
0 85 75766
0 197 75765
22283 29 22312
0 84 75766
0 81 75765
22365 102 22467
0 53 75766
0 105 75765
22483 95 22578
0 16 75766
0 63 75765
22617 29 22646
0 39 75766
0 42 75765
22682 106 22788
0 36 75766
0 88 75765
22829 77 22906
0 41 75766
0 187 75765
22980 70 23050
0 74 75766
0 169 75765
23060 40 23100
0 10 75766
0 15 75765
23130 98 23228
0 30 75766
0 30 75765
23280 87 23367
0 52 75766
0 59 75765
23438 66 23504
0 71 75766
0 199 75765
23600 107 23707
0 96 75766
0 95 75765
23729 108 23837
0 22 75766
0 73 75765
23932 49 23981
0 95 75766
0 44 75765
24044 15 24059
0 63 75766
0 182 75765
24072 87 24159
0 13 75766
0 56 75765
24235 99 24334
0 76 75766
0 127 75765
24344 48 24392
0 10 75766
0 191 75765
24446 22 24468
0 54 75766
0 113 75765
24481 16 24497
0 13 75766
0 44 75765
24515 90 24605
0 18 75766
0 132 75765
24658 65 24723
0 53 75766
0 115 75765
24740 68 24808
0 17 75766
0 26 75765
24849 39 24888
0 41 75766
0 151 75765
24992 56 25048
0 104 75766
0 127 75765
25085 59 25144
0 37 75766
0 157 75765
25172 86 25258
0 28 75766
0 199 75765
25323 87 25410
0 65 75766
0 122 75765
25502 78 25580
0 92 75766
0 54 75765
25653 35 25688
0 73 75766
0 116 75765
25748 79 25827
0 60 75766
0 95 75765
25883 104 25987
0 56 75766
0 95 75765
26018 104 26122
0 31 75766
0 47 75765
26179 27 26206
0 57 75766
0 64 75765
26273 41 26314
0 67 75766
0 61 75765
26353 89 26442
0 39 75766
0 94 75765
26517 37 26554
0 75 75766
0 41 75765
26624 86 26710
0 70 75766
0 115 75765
26794 82 26876
0 84 75766
0 101 75765
26975 71 27046
0 99 75766
0 30 75765
27147 30 27177
0 101 75766
0 106 75765
27228 31 27259
0 51 75766
0 111 75765
27342 68 27410
0 83 75766
0 100 75765
27452 49 27501
0 42 75766
0 62 75765
27546 13 27559
0 45 75766
0 35 75765
27665 108 27773
0 106 75766
0 50 75765
27810 20 27830
0 37 75766
0 13 75765
27891 52 27943
0 61 75766
0 118 75765
28047 79 28126
0 104 75766
0 161 75765
28208 109 28317
0 82 75766
0 199 75765
28421 19 28440
0 104 75766
0 50 75765
28520 82 28602
0 80 75766
0 105 75765
28679 55 28734
0 77 75766
0 61 75765
28814 33 28847
0 80 75766
0 206 75765
28905 107 29012
0 58 75766
0 167 75765
29117 60 29177
0 105 75766
0 165 75765
29201 76 29277
0 24 75766
0 103 75765
29381 62 29443
0 104 75766
0 54 75765
29466 40 29506
0 23 75766
0 110 75765
29550 42 29592
0 44 75766
0 174 75765
29691 65 29756
0 99 75766
0 151 75765
29801 104 29905
0 45 75766
0 112 75765
29933 41 29974
0 28 75766
0 30 75765
30005 99 30104
0 31 75766
0 111 75765
30154 63 30217
0 50 75766
0 156 75765
30249 98 30347
0 32 75766
0 95 75765
30401 101 30502
0 54 75766
0 182 75765
30600 71 30671
0 98 75766
0 89 75765
30724 79 30803
0 53 75766
0 145 75765
30856 83 30939
0 53 75766
0 95 75765
30974 57 31031
0 35 75766
0 57 75765
31124 75 31199
0 93 75766
0 40 75765
31246 108 31354
0 47 75766
0 37 75765
31364 22 31386
0 10 75766
0 195 75765
31441 12 31453
0 55 75766
0 58 75765
31498 78 31576
0 45 75766
0 132 75765
31685 92 31777
0 109 75766
0 98 75765
31846 73 31919
0 69 75766
0 122 75765
32025 73 32098
0 106 75766
0 90 75765
32114 42 32156
0 16 75766
0 141 75765
32184 43 32227
0 28 75766
0 32 75765
32316 76 32392
0 89 75766
0 196 75765
32428 48 32476
0 36 75766
0 152 75765
32516 79 32595
0 40 75766
0 154 75765
32623 47 32670
0 28 75766
0 19 75765
32770 26 32796
0 100 75766
0 144 75765
32865 88 32953
0 69 75766
0 81 75765
33027 102 33129
0 74 75766
0 195 75765
33179 54 33233
0 50 75766
0 122 75765
33267 55 33322
0 34 75766
0 121 75765
33360 56 33416
0 38 75766
0 208 75765
33476 69 33545
0 60 75766
0 108 75765
33636 92 33728
0 91 75766
0 162 75765
33769 15 33784
0 41 75766
0 75 75765
33864 95 33959
0 80 75766
0 96 75765
34059 13 34072
0 100 75766
0 68 75765
34113 81 34194
0 41 75766
0 27 75765
34298 102 34400
0 104 75766
0 71 75765
34476 37 34513
0 76 75766
0 56 75765
34539 16 34555
0 26 75766
0 78 75765
34617 95 34712
0 62 75766
0 57 75765
34737 41 34778
0 25 75766
0 182 75765
34880 43 34923
0 102 75766
0 79 75765
35007 13 35020
0 84 75766
0 134 75765
35111 41 35152
0 91 75766
0 206 75765
35166 52 35218
0 14 75766
0 109 75765
35281 105 35386
0 63 75766
0 120 75765
35425 65 35490
0 39 75766
0 64 75765
35525 87 35612
0 35 75766
0 62 75765
35639 56 35695
0 27 75766
0 28 75765
35796 59 35855
0 101 75766
0 207 75765
35904 51 35955
0 49 75766
0 141 75765
36023 70 36093
0 68 75766
0 36 75765
36134 19 36153
0 41 75766
0 181 75765
36234 109 36343
0 81 75766
0 157 75765
36373 82 36455
0 30 75766
0 143 75765
36544 42 36586
0 89 75766
0 51 75765
36596 66 36662
0 10 75766
0 59 75765
36705 12 36717
0 43 75766
0 48 75765
36789 38 36827
0 72 75766
0 167 75765
36901 18 36919
0 74 75766
0 104 75765
36968 91 37059
0 49 75766
0 176 75765
37135 69 37204
0 76 75766
0 127 75765
37255 89 37344
0 51 75766
0 172 75765
37380 73 37453
0 36 75766
0 158 75765
37469 16 37485
0 16 75766
0 27 75765
37526 98 37624
0 41 75766
0 182 75765
37636 103 37739
0 12 75766
0 46 75765
37783 47 37830
0 44 75766
0 106 75765
37869 55 37924
0 39 75766
0 56 75765
38030 92 38122
0 106 75766
0 125 75765
38134 68 38202
0 12 75766
0 146 75765
38256 75 38331
0 54 75766
0 184 75765
38437 106 38543
0 106 75766
0 41 75765
38605 86 38691
0 62 75766
0 93 75765
38750 32 38782
0 59 75766
0 80 75765
38875 78 38953
0 93 75766
0 102 75765
39004 104 39108
0 51 75766
0 78 75765
39174 80 39254
0 66 75766
0 38 75765
39291 12 39303
0 37 75766
0 194 75765
39404 42 39446
0 101 75766
0 144 75765
39555 77 39632
0 109 75766
0 184 75765
