1002
11 102 113
0 11 77032
0 47 77031
137 33 170
0 24 77032
0 123 77031
248 33 281
0 78 77032
0 191 77031
363 27 390
0 82 77032
0 127 77031
476 27 503
0 86 77032
0 162 77031
563 22 585
0 60 77032
0 186 77031
673 81 754
0 88 77032
0 85 77031
771 30 801
0 17 77032
0 17 77031
904 52 956
0 103 77032
0 136 77031
975 31 1006
0 19 77032
0 42 77031
1111 69 1180
0 105 77032
0 206 77031
1205 87 1292
0 25 77032
0 131 77031
1370 44 1414
0 78 77032
0 36 77031
1449 45 1494
0 35 77032
0 174 77031
1524 11 1535
0 30 77032
0 76 77031
1580 47 1627
0 45 77032
0 182 77031
1717 84 1801
0 90 77032
0 54 77031
1859 33 1892
0 58 77032
0 14 77031
1988 54 2042
0 96 77032
0 20 77031
2107 94 2201
0 65 77032
0 126 77031
2286 14 2300
0 85 77032
0 118 77031
2343 21 2364
0 43 77032
0 29 77031
2413 45 2458
0 49 77032
0 48 77031
2508 80 2588
0 50 77032
0 38 77031
2635 25 2660
0 47 77032
0 185 77031
2680 109 2789
0 20 77032
0 152 77031
2893 42 2935
0 104 77032
0 199 77031
2982 17 2999
0 47 77032
0 163 77031
3039 13 3052
0 40 77032
0 196 77031
3107 79 3186
0 55 77032
0 24 77031
3290 71 3361
0 104 77032
0 52 77031
3382 20 3402
0 21 77032
0 59 77031
3500 17 3517
0 98 77032
0 80 77031
3563 57 3620
0 46 77032
0 35 77031
3634 72 3706
0 14 77032
0 115 77031
3809 48 3857
0 103 77032
0 111 77031
3879 66 3945
0 22 77032
0 197 77031
3985 74 4059
0 40 77032
0 31 77031
4097 75 4172
0 38 77032
0 25 77031
4254 39 4293
0 82 77032
0 13 77031
4363 99 4462
0 70 77032
0 186 77031
4515 18 4533
0 53 77032
0 80 77031
4592 89 4681
0 59 77032
0 44 77031
4743 20 4763
0 62 77032
0 115 77031
4791 14 4805
0 28 77032
0 124 77031
4861 34 4895
0 56 77032
0 44 77031
4997 26 5023
0 102 77032
0 32 77031
5119 99 5218
0 96 77032
0 24 77031
5287 60 5347
0 69 77032
0 132 77031
5449 19 5468
0 102 77032
0 148 77031
5481 64 5545
0 13 77032
0 76 77031
5605 15 5620
0 60 77032
0 132 77031
5684 23 5707
0 64 77032
0 94 77031
5725 62 5787
0 18 77032
0 77 77031
5818 54 5872
0 31 77032
0 69 77031
5926 27 5953
0 54 77032
0 11 77031
6009 87 6096
0 56 77032
0 152 77031
6139 37 6176
0 43 77032
0 134 77031
6230 51 6281
0 54 77032
0 73 77031
6310 40 6350
0 29 77032
0 149 77031
6390 20 6410
0 40 77032
0 209 77031
6428 13 6441
0 18 77032
0 148 77031
6469 33 6502
0 28 77032
0 111 77031
6572 58 6630
0 70 77032
0 209 77031
6688 103 6791
0 58 77032
0 130 77031
6825 71 6896
0 34 77032
0 76 77031
6922 75 6997
0 26 77032
0 198 77031
7007 26 7033
0 10 77032
0 34 77031
7088 28 7116
0 55 77032
0 113 77031
7168 39 7207
0 52 77032
0 104 77031
7301 79 7380
0 94 77032
0 19 77031
7442 59 7501
0 62 77032
0 105 77031
7598 42 7640
0 97 77032
0 180 77031
7711 66 7777
0 71 77032
0 61 77031
7832 70 7902
0 55 77032
0 135 77031
7929 96 8025
0 27 77032
0 180 77031
8133 88 8221
0 108 77032
0 18 77031
8316 106 8422
0 95 77032
0 123 77031
8501 93 8594
0 79 77032
0 112 77031
8636 37 8673
0 42 77032
0 111 77031
8726 51 8777
0 53 77032
0 81 77031
8861 104 8965
0 84 77032
0 126 77031
9005 92 9097
0 40 77032
0 175 77031
9121 87 9208
0 24 77032
0 194 77031
9224 55 9279
0 16 77032
0 100 77031
9364 93 9457
0 85 77032
0 68 77031
9484 18 9502
0 27 77032
0 99 77031
9584 18 9602
0 82 77032
0 163 77031
9664 79 9743
0 62 77032
0 187 77031
9825 26 9851
0 82 77032
0 63 77031
9876 17 9893
0 25 77032
0 133 77031
9968 82 10050
0 75 77032
0 52 77031
10105 48 10153
0 55 77032
0 32 77031
10181 98 10279
0 28 77032
0 76 77031
10370 107 10477
0 91 77032
0 35 77031
10543 45 10588
0 66 77032
0 151 77031
10688 45 10733
0 100 77032
0 183 77031
10764 16 10780
0 31 77032
0 205 77031
10856 52 10908
0 76 77032
0 112 77031
11002 19 11021
0 94 77032
0 120 77031
11077 64 11141
0 56 77032
0 86 77031
11182 61 11243
0 41 77032
0 116 77031
11343 100 11443
0 100 77032
0 20 77031
11526 90 11616
0 83 77032
0 140 77031
11723 88 11811
0 107 77032
0 86 77031
11855 106 11961
0 44 77032
0 24 77031
12012 11 12023
0 51 77032
0 24 77031
12110 45 12155
0 87 77032
0 168 77031
12166 90 12256
0 11 77032
0 16 77031
12297 102 12399
0 41 77032
0 91 77031
12466 60 12526
0 67 77032
0 14 77031
12595 67 12662
0 69 77032
0 195 77031
12685 85 12770
0 23 77032
0 28 77031
12873 91 12964
0 103 77032
0 76 77031
13039 32 13071
0 75 77032
0 183 77031
13085 92 13177
0 14 77032
0 72 77031
13210 50 13260
0 33 77032
0 22 77031
13278 29 13307
0 18 77032
0 154 77031
13360 100 13460
0 53 77032
0 20 77031
13486 107 13593
0 26 77032
0 158 77031
13636 96 13732
0 43 77032
0 114 77031
13841 92 13933
0 109 77032
0 194 77031
13990 72 14062
0 57 77032
0 65 77031
14090 49 14139
0 28 77032
0 202 77031
14183 23 14206
0 44 77032
0 58 77031
14226 102 14328
0 20 77032
0 115 77031
14418 12 14430
0 90 77032
0 200 77031
14478 65 14543
0 48 77032
0 103 77031
14591 46 14637
0 48 77032
0 70 77031
14736 28 14764
0 99 77032
0 182 77031
14785 75 14860
0 21 77032
0 178 77031
14963 65 15028
0 103 77032
0 139 77031
15094 67 15161
0 66 77032
0 52 77031
15204 101 15305
0 43 77032
0 163 77031
15413 59 15472
0 108 77032
0 139 77031
15512 16 15528
0 40 77032
0 165 77031
15568 54 15622
0 40 77032
0 80 77031
15708 107 15815
0 86 77032
0 177 77031
15880 42 15922
0 65 77032
0 207 77031
15953 80 16033
0 31 77032
0 93 77031
16066 21 16087
0 33 77032
0 205 77031
16196 49 16245
0 109 77032
0 45 77031
16296 86 16382
0 51 77032
0 128 77031
16489 87 16576
0 107 77032
0 156 77031
16654 75 16729
0 78 77032
0 68 77031
16770 85 16855
0 41 77032
0 63 77031
16956 106 17062
0 101 77032
0 74 77031
17095 21 17116
0 33 77032
0 173 77031
17218 83 17301
0 102 77032
0 110 77031
17388 39 17427
0 87 77032
0 112 77031
17492 43 17535
0 65 77032
0 16 77031
17621 48 17669
0 86 77032
0 188 77031
17768 54 17822
0 99 77032
0 61 77031
17833 50 17883
0 11 77032
0 120 77031
17925 72 17997
0 42 77032
0 208 77031
18085 86 18171
0 88 77032
0 133 77031
18239 79 18318
0 68 77032
0 136 77031
18409 42 18451
0 91 77032
0 86 77031
18480 18 18498
0 29 77032
0 85 77031
18526 30 18556
0 28 77032
0 175 77031
18661 98 18759
0 105 77032
0 23 77031
18827 77 18904
0 68 77032
0 208 77031
19013 50 19063
0 109 77032
0 132 77031
19101 107 19208
0 38 77032
0 169 77031
19264 64 19328
0 56 77032
0 67 77031
19421 67 19488
0 93 77032
0 61 77031
19498 89 19587
0 10 77032
0 161 77031
19621 85 19706
0 34 77032
0 85 77031
19792 18 19810
0 86 77032
0 146 77031
19865 100 19965
0 55 77032
0 33 77031
20033 13 20046
0 68 77032
0 195 77031
20147 82 20229
0 101 77032
0 116 77031
20258 76 20334
0 29 77032
0 161 77031
20347 56 20403
0 13 77032
0 200 77031
20491 45 20536
0 88 77032
0 182 77031
20552 87 20639
0 16 77032
0 138 77031
20738 56 20794
0 99 77032
0 43 77031
20846 21 20867
0 52 77032
0 118 77031
20893 27 20920
0 26 77032
0 176 77031
21029 101 21130
0 109 77032
0 51 77031
21141 66 21207
0 11 77032
0 98 77031
21264 39 21303
0 57 77032
0 133 77031
21326 100 21426
0 23 77032
0 198 77031
21452 12 21464
0 26 77032
0 172 77031
21539 21 21560
0 75 77032
0 100 77031
21614 16 21630
0 54 77032
0 39 77031
21731 100 21831
0 101 77032
0 112 77031
21870 14 21884
0 39 77032
0 198 77031
21966 84 22050
0 82 77032
0 168 77031
22151 86 22237
0 101 77032
0 167 77031
22322 99 22421
0 85 77032
0 130 77031
22507 41 22548
0 86 77032
0 208 77031
22607 46 22653
0 59 77032
0 121 77031
22740 66 22806
0 87 77032
0 50 77031
22851 103 22954
0 45 77032
0 93 77031
22968 92 23060
0 14 77032
0 100 77031
23155 19 23174
0 95 77032
0 83 77031
23259 82 23341
0 85 77032
0 147 77031
23415 96 23511
0 74 77032
0 198 77031
23574 34 23608
0 63 77032
0 36 77031
23622 75 23697
0 14 77032
0 108 77031
23718 50 23768
0 21 77032
0 71 77031
23860 109 23969
0 92 77032
0 181 77031
24028 105 24133
0 59 77032
0 45 77031
24225 60 24285
0 92 77032
0 84 77031
24340 78 24418
0 55 77032
0 28 77031
24458 19 24477
0 40 77032
0 169 77031
24503 45 24548
0 26 77032
0 44 77031
24561 16 24577
0 13 77032
0 32 77031
24618 36 24654
0 41 77032
0 145 77031
24703 75 24778
0 49 77032
0 202 77031
24864 106 24970
0 86 77032
0 200 77031
24983 83 25066
0 13 77032
0 116 77031
25150 60 25210
0 84 77032
0 130 77031
25309 103 25412
0 99 77032
0 15 77031
25431 62 25493
0 19 77032
0 95 77031
25528 18 25546
0 35 77032
0 207 77031
25590 39 25629
0 44 77032
0 49 77031
25705 105 25810
0 76 77032
0 114 77031
25832 23 25855
0 22 77032
0 93 77031
25934 104 26038
0 79 77032
0 52 77031
26140 13 26153
0 102 77032
0 189 77031
26193 12 26205
0 40 77032
0 145 77031
26312 88 26400
0 107 77032
0 201 77031
26452 85 26537
0 52 77032
0 46 77031
26617 97 26714
0 80 77032
0 13 77031
26733 28 26761
0 19 77032
0 94 77031
26868 82 26950
0 107 77032
0 66 77031
27004 100 27104
0 54 77032
0 204 77031
27181 19 27200
0 77 77032
0 76 77031
27304 36 27340
0 104 77032
0 161 77031
27441 85 27526
0 101 77032
0 114 77031
27541 106 27647
0 15 77032
0 62 77031
27713 20 27733
0 66 77032
0 11 77031
27790 73 27863
0 57 77032
0 109 77031
27916 83 27999
0 53 77032
0 96 77031
28076 44 28120
0 77 77032
0 166 77031
28160 24 28184
0 40 77032
0 154 77031
28197 37 28234
0 13 77032
0 112 77031
28309 64 28373
0 75 77032
0 75 77031
28474 27 28501
0 101 77032
0 123 77031
28588 97 28685
0 87 77032
0 184 77031
28713 53 28766
0 28 77032
0 40 77031
28831 79 28910
0 65 77032
0 61 77031
28970 86 29056
0 60 77032
0 146 77031
29147 50 29197
0 91 77032
0 101 77031
29266 27 29293
0 69 77032
0 43 77031
29398 24 29422
0 105 77032
0 197 77031
29512 88 29600
0 90 77032
0 134 77031
29706 63 29769
0 106 77032
0 22 77031
29870 63 29933
0 101 77032
0 61 77031
29992 51 30043
0 59 77032
0 121 77031
30058 85 30143
0 15 77032
0 42 77031
30185 88 30273
0 42 77032
0 200 77031
30329 25 30354
0 56 77032
0 71 77031
30396 84 30480
0 42 77032
0 156 77031
30577 99 30676
0 97 77032
0 189 77031
30726 35 30761
0 50 77032
0 103 77031
30781 43 30824
0 20 77032
0 86 77031
30865 108 30973
0 41 77032
0 116 77031
31039 12 31051
0 66 77032
0 62 77031
31101 101 31202
0 50 77032
0 192 77031
31219 75 31294
0 17 77032
0 163 77031
31386 23 31409
0 92 77032
0 142 77031
31496 109 31605
0 87 77032
0 16 77031
31688 39 31727
0 83 77032
0 173 77031
31770 47 31817
0 43 77032
0 33 77031
31834 19 31853
0 17 77032
0 196 77031
31926 104 32030
0 73 77032
0 23 77031
32058 14 32072
0 28 77032
0 185 77031
32089 103 32192
0 17 77032
0 37 77031
32258 72 32330
0 66 77032
0 55 77031
32385 18 32403
0 55 77032
0 76 77031
32419 69 32488
0 16 77032
0 44 77031
32498 31 32529
0 10 77032
0 201 77031
32627 72 32699
0 98 77032
0 185 77031
32802 96 32898
0 103 77032
0 166 77031
32990 107 33097
0 92 77032
0 200 77031
33183 98 33281
0 86 77032
0 193 77031
33339 41 33380
0 58 77032
0 86 77031
33444 56 33500
0 64 77032
0 74 77031
33535 99 33634
0 35 77032
0 28 77031
33664 42 33706
0 30 77032
0 154 77031
33803 37 33840
0 97 77032
0 36 77031
33949 34 33983
0 109 77032
0 148 77031
34047 90 34137
0 64 77032
0 73 77031
34232 14 34246
0 95 77032
0 47 77031
34261 106 34367
0 15 77032
0 191 77031
34468 92 34560
0 101 77032
0 150 77031
34571 47 34618
0 11 77032
0 66 77031
34675 29 34704
0 57 77032
0 102 77031
34801 106 34907
0 97 77032
0 105 77031
34973 26 34999
0 66 77032
0 209 77031
35019 65 35084
0 20 77032
0 24 77031
35151 23 35174
0 67 77032
0 179 77031
35185 25 35210
0 11 77032
0 73 77031
35292 42 35334
0 82 77032
0 146 77031
35409 71 35480
0 75 77032
0 182 77031
35566 29 35595
0 86 77032
0 196 77031
35636 88 35724
0 41 77032
0 155 77031
35759 52 35811
0 35 77032
0 160 77031
35854 51 35905
0 43 77032
0 185 77031
35979 36 36015
0 74 77032
0 29 77031
36091 53 36144
0 76 77032
0 176 77031
36194 100 36294
0 50 77032
0 59 77031
36324 51 36375
0 30 77032
0 36 77031
36406 35 36441
0 31 77032
0 205 77031
36464 45 36509
0 23 77032
0 174 77031
36568 41 36609
0 59 77032
0 175 77031
36638 40 36678
0 29 77032
0 99 77031
36718 78 36796
0 40 77032
0 41 77031
36888 49 36937
0 92 77032
0 194 77031
37008 104 37112
0 71 77032
0 57 77031
37189 28 37217
0 77 77032
0 77 77031
37266 74 37340
0 49 77032
0 208 77031
37437 28 37465
0 97 77032
0 132 77031
37483 100 37583
0 18 77032
0 105 77031
37656 48 37704
0 73 77032
0 95 77031
37803 38 37841
0 99 77032
0 143 77031
37860 12 37872
0 19 77032
0 164 77031
37950 21 37971
0 78 77032
0 65 77031
37992 97 38089
0 21 77032
0 182 77031
38150 29 38179
0 61 77032
0 53 77031
38249 92 38341
0 70 77032
0 107 77031
38428 55 38483
0 87 77032
0 125 77031
38542 31 38573
0 59 77032
0 19 77031
38589 70 38659
0 16 77032
0 18 77031
38697 53 38750
0 38 77032
0 188 77031
38787 13 38800
0 37 77032
0 141 77031
38828 39 38867
0 28 77032
0 165 77031
38913 48 38961
0 46 77032
0 20 77031
39025 48 39073
0 64 77032
0 155 77031
39157 37 39194
0 84 77032
0 207 77031
39263 55 39318
0 69 77032
0 139 77031
