1002
42 66 108
0 42 76441
0 146 76440
188 15 203
0 80 76441
0 117 76440
218 10 228
0 15 76441
0 48 76440
238 108 346
0 10 76441
0 145 76440
402 22 424
0 56 76441
0 94 76440
522 30 552
0 98 76441
0 98 76440
627 79 706
0 75 76441
0 196 76440
749 12 761
0 43 76441
0 156 76440
826 12 838
0 65 76441
0 164 76440
896 108 1004
0 58 76441
0 49 76440
1036 66 1102
0 32 76441
0 92 76440
1188 58 1246
0 86 76441
0 49 76440
1306 51 1357
0 60 76441
0 152 76440
1370 50 1420
0 13 76441
0 50 76440
1513 30 1543
0 93 76441
0 105 76440
1612 73 1685
0 69 76441
0 10 76440
1764 31 1795
0 79 76441
0 199 76440
1812 60 1872
0 17 76441
0 153 76440
1900 61 1961
0 28 76441
0 14 76440
2046 51 2097
0 85 76441
0 201 76440
2120 81 2201
0 23 76441
0 172 76440
2282 18 2300
0 81 76441
0 200 76440
2361 109 2470
0 61 76441
0 11 76440
2572 34 2606
0 102 76441
0 114 76440
2704 14 2718
0 98 76441
0 23 76440
2779 96 2875
0 61 76441
0 61 76440
2939 45 2984
0 64 76441
0 127 76440
3084 72 3156
0 100 76441
0 51 76440
3195 28 3223
0 39 76441
0 10 76440
3270 54 3324
0 47 76441
0 29 76440
3427 42 3469
0 103 76441
0 85 76440
3490 64 3554
0 21 76441
0 46 76440
3609 31 3640
0 55 76441
0 140 76440
3734 90 3824
0 94 76441
0 128 76440
3877 63 3940
0 53 76441
0 27 76440
4024 104 4128
0 84 76441
0 154 76440
4195 44 4239
0 67 76441
0 153 76440
4273 35 4308
0 34 76441
0 15 76440
4344 44 4388
0 36 76441
0 143 76440
4418 32 4450
0 30 76441
0 149 76440
4549 92 4641
0 99 76441
0 34 76440
4682 70 4752
0 41 76441
0 106 76440
4810 62 4872
0 58 76441
0 92 76440
4935 64 4999
0 63 76441
0 190 76440
5060 28 5088
0 61 76441
0 65 76440
5136 98 5234
0 48 76441
0 78 76440
5253 80 5333
0 19 76441
0 196 76440
5377 58 5435
0 44 76441
0 114 76440
5526 71 5597
0 91 76441
0 184 76440
5670 92 5762
0 73 76441
0 166 76440
5862 77 5939
0 100 76441
0 118 76440
5958 35 5993
0 19 76441
0 45 76440
6018 15 6033
0 25 76441
0 139 76440
6066 12 6078
0 33 76441
0 177 76440
6161 106 6267
0 83 76441
0 161 76440
6281 58 6339
0 14 76441
0 163 76440
6366 67 6433
0 27 76441
0 67 76440
6498 35 6533
0 65 76441
0 196 76440
6563 22 6585
0 30 76441
0 170 76440
6617 93 6710
0 32 76441
0 142 76440
6751 53 6804
0 41 76441
0 85 76440
6909 42 6951
0 105 76441
0 49 76440
6964 55 7019
0 13 76441
0 107 76440
7060 91 7151
0 41 76441
0 98 76440
7171 84 7255
0 20 76441
0 131 76440
7289 102 7391
0 34 76441
0 111 76440
7480 67 7547
0 89 76441
0 53 76440
7603 66 7669
0 56 76441
0 151 76440
7778 13 7791
0 109 76441
0 121 76440
7822 108 7930
0 31 76441
0 19 76440
7947 35 7982
0 17 76441
0 55 76440
8036 27 8063
0 54 76441
0 46 76440
8119 82 8201
0 56 76441
0 26 76440
8228 43 8271
0 27 76441
0 150 76440
8338 67 8405
0 67 76441
0 79 76440
8489 54 8543
0 84 76441
0 54 76440
8646 86 8732
0 103 76441
0 76 76440
8791 108 8899
0 59 76441
0 176 76440
8978 71 9049
0 79 76441
0 186 76440
9071 11 9082
0 22 76441
0 88 76440
9176 51 9227
0 94 76441
0 66 76440
9319 10 9329
0 92 76441
0 109 76440
9387 83 9470
0 58 76441
0 103 76440
9485 13 9498
0 15 76441
0 201 76440
9604 60 9664
0 106 76441
0 145 76440
9682 42 9724
0 18 76441
0 110 76440
9810 66 9876
0 86 76441
0 57 76440
9896 73 9969
0 20 76441
0 40 76440
10018 87 10105
0 49 76441
0 22 76440
10145 105 10250
0 40 76441
0 91 76440
10266 108 10374
0 16 76441
0 180 76440
10446 27 10473
0 72 76441
0 41 76440
10522 71 10593
0 49 76441
0 150 76440
10663 52 10715
0 70 76441
0 134 76440
10777 37 10814
0 62 76441
0 71 76440
10877 107 10984
0 63 76441
0 136 76440
11037 89 11126
0 53 76441
0 69 76440
11215 63 11278
0 89 76441
0 35 76440
11340 82 11422
0 62 76441
0 188 76440
11464 23 11487
0 42 76441
0 96 76440
11569 36 11605
0 82 76441
0 116 76440
11643 69 11712
0 38 76441
0 22 76440
11747 25 11772
0 35 76441
0 60 76440
11874 103 11977
0 102 76441
0 93 76440
12035 30 12065
0 58 76441
0 77 76440
12112 91 12203
0 47 76441
0 93 76440
12302 104 12406
0 99 76441
0 15 76440
12479 69 12548
0 73 76441
0 128 76440
12646 37 12683
0 98 76441
0 97 76440
12740 60 12800
0 57 76441
0 55 76440
12826 29 12855
0 26 76441
0 171 76440
12873 23 12896
0 18 76441
0 35 76440
12990 38 13028
0 94 76441
0 180 76440
13073 72 13145
0 45 76441
0 12 76440
13194 82 13276
0 49 76441
0 138 76440
13352 78 13430
0 76 76441
0 166 76440
13456 36 13492
0 26 76441
0 135 76440
13572 17 13589
0 80 76441
0 47 76440
13650 11 13661
0 61 76441
0 73 76440
13698 24 13722
0 37 76441
0 208 76440
13816 41 13857
0 94 76441
0 127 76440
13906 101 14007
0 49 76441
0 40 76440
14024 23 14047
0 17 76441
0 39 76440
14131 29 14160
0 84 76441
0 153 76440
14213 21 14234
0 53 76441
0 188 76440
14296 64 14360
0 62 76441
0 118 76440
14425 11 14436
0 65 76441
0 139 76440
14519 58 14577
0 83 76441
0 55 76440
14587 54 14641
0 10 76441
0 173 76440
14655 13 14668
0 14 76441
0 164 76440
14761 85 14846
0 93 76441
0 105 76440
14879 34 14913
0 33 76441
0 118 76440
14956 51 15007
0 43 76441
0 106 76440
15101 51 15152
0 94 76441
0 114 76440
15186 21 15207
0 34 76441
0 78 76440
15267 84 15351
0 60 76441
0 100 76440
15450 23 15473
0 99 76441
0 58 76440
15499 38 15537
0 26 76441
0 175 76440
15548 24 15572
0 11 76441
0 67 76440
15670 81 15751
0 98 76441
0 205 76440
15797 85 15882
0 46 76441
0 151 76440
15952 70 16022
0 70 76441
0 101 76440
16061 85 16146
0 39 76441
0 207 76440
16191 34 16225
0 45 76441
0 12 76440
16255 50 16305
0 30 76441
0 127 76440
16345 96 16441
0 40 76441
0 37 76440
16543 63 16606
0 102 76441
0 64 76440
16661 90 16751
0 55 76441
0 99 76440
16856 27 16883
0 105 76441
0 36 76440
16967 19 16986
0 84 76441
0 147 76440
17059 99 17158
0 73 76441
0 75 76440
17242 78 17320
0 84 76441
0 148 76440
17409 40 17449
0 89 76441
0 150 76440
17502 41 17543
0 53 76441
0 29 76440
17621 76 17697
0 78 76441
0 169 76440
17736 56 17792
0 39 76441
0 56 76440
17858 40 17898
0 66 76441
0 168 76440
17920 102 18022
0 22 76441
0 207 76440
18129 45 18174
0 107 76441
0 125 76440
18273 76 18349
0 99 76441
0 71 76440
18368 98 18466
0 19 76441
0 25 76440
18504 44 18548
0 38 76441
0 186 76440
18566 43 18609
0 18 76441
0 117 76440
18679 92 18771
0 70 76441
0 112 76440
18845 52 18897
0 74 76441
0 76 76440
18953 52 19005
0 56 76441
0 158 76440
19094 99 19193
0 89 76441
0 117 76440
19263 11 19274
0 70 76441
0 155 76440
19356 98 19454
0 82 76441
0 74 76440
19516 97 19613
0 62 76441
0 132 76440
19648 56 19704
0 35 76441
0 114 76440
19774 93 19867
0 70 76441
0 44 76440
19906 98 20004
0 39 76441
0 14 76440
20086 66 20152
0 82 76441
0 112 76440
20219 36 20255
0 67 76441
0 70 76440
20299 102 20401
0 44 76441
0 58 76440
20487 41 20528
0 86 76441
0 202 76440
20550 21 20571
0 22 76441
0 102 76440
20663 68 20731
0 92 76441
0 63 76440
20776 40 20816
0 45 76441
0 168 76440
20903 77 20980
0 87 76441
0 89 76440
20993 105 21098
0 13 76441
0 52 76440
21111 62 21173
0 13 76441
0 149 76440
21273 81 21354
0 100 76441
0 59 76440
21463 109 21572
0 109 76441
0 165 76440
21658 68 21726
0 86 76441
0 176 76440
21820 91 21911
0 94 76441
0 68 76440
22001 95 22096
0 90 76441
0 61 76440
22121 92 22213
0 25 76441
0 137 76440
22290 94 22384
0 77 76441
0 122 76440
22415 36 22451
0 31 76441
0 39 76440
22513 106 22619
0 62 76441
0 152 76440
22671 18 22689
0 52 76441
0 74 76440
22744 77 22821
0 55 76441
0 188 76440
22909 108 23017
0 88 76441
0 174 76440
23054 88 23142
0 37 76441
0 46 76440
23223 100 23323
0 81 76441
0 90 76440
23357 53 23410
0 34 76441
0 97 76440
23487 107 23594
0 77 76441
0 146 76440
23635 104 23739
0 41 76441
0 200 76440
23822 103 23925
0 83 76441
0 61 76440
23983 38 24021
0 58 76441
0 27 76440
24047 54 24101
0 26 76441
0 38 76440
24116 10 24126
0 15 76441
0 109 76440
24219 35 24254
0 93 76441
0 80 76440
24284 12 24296
0 30 76441
0 97 76440
24386 84 24470
0 90 76441
0 64 76440
24482 60 24542
0 12 76441
0 69 76440
24628 85 24713
0 86 76441
0 174 76440
24819 79 24898
0 106 76441
0 192 76440
24914 92 25006
0 16 76441
0 193 76440
25058 20 25078
0 52 76441
0 109 76440
25118 25 25143
0 40 76441
0 149 76440
25246 72 25318
0 103 76441
0 40 76440
25392 94 25486
0 74 76441
0 177 76440
25510 61 25571
0 24 76441
0 197 76440
25671 52 25723
0 100 76441
0 137 76440
25742 46 25788
0 19 76441
0 121 76440
25862 14 25876
0 74 76441
0 39 76440
25910 31 25941
0 34 76441
0 152 76440
25998 69 26067
0 57 76441
0 128 76440
26139 44 26183
0 72 76441
0 63 76440
26269 91 26360
0 86 76441
0 144 76440
26379 80 26459
0 19 76441
0 19 76440
26544 27 26571
0 85 76441
0 199 76440
26670 86 26756
0 99 76441
0 83 76440
26795 17 26812
0 39 76441
0 206 76440
26906 47 26953
0 94 76441
0 193 76440
26979 47 27026
0 26 76441
0 131 76440
27084 103 27187
0 58 76441
0 156 76440
27260 30 27290
0 73 76441
0 155 76440
27331 66 27397
0 41 76441
0 37 76440
27482 94 27576
0 85 76441
0 18 76440
27626 22 27648
0 50 76441
0 149 76440
27697 58 27755
0 49 76441
0 198 76440
27854 35 27889
0 99 76441
0 136 76440
27969 21 27990
0 80 76441
0 51 76440
28059 17 28076
0 69 76441
0 144 76440
28163 68 28231
0 87 76441
0 149 76440
28247 99 28346
0 16 76441
0 125 76440
28409 60 28469
0 63 76441
0 139 76440
28545 22 28567
0 76 76441
0 50 76440
28580 15 28595
0 13 76441
0 148 76440
28687 20 28707
0 92 76441
0 195 76440
28795 72 28867
0 88 76441
0 25 76440
28914 58 28972
0 47 76441
0 176 76440
29052 33 29085
0 80 76441
0 62 76440
29106 99 29205
0 21 76441
0 67 76440
29222 81 29303
0 17 76441
0 69 76440
29392 31 29423
0 89 76441
0 74 76440
29433 11 29444
0 10 76441
0 194 76440
29521 84 29605
0 77 76441
0 114 76440
29618 59 29677
0 13 76441
0 157 76440
29783 97 29880
0 106 76441
0 206 76440
29963 46 30009
0 83 76441
0 128 76440
30024 73 30097
0 15 76441
0 47 76440
30199 75 30274
0 102 76441
0 48 76440
30348 73 30421
0 74 76441
0 48 76440
30441 29 30470
0 20 76441
0 11 76440
30519 25 30544
0 49 76441
0 192 76440
30607 40 30647
0 63 76441
0 96 76440
30727 60 30787
0 80 76441
0 135 76440
30837 19 30856
0 50 76441
0 193 76440
30921 50 30971
0 65 76441
0 113 76440
31049 107 31156
0 78 76441
0 145 76440
31239 102 31341
0 83 76441
0 122 76440
31364 26 31390
0 23 76441
0 58 76440
31492 69 31561
0 102 76441
0 94 76440
31593 40 31633
0 32 76441
0 183 76440
31709 27 31736
0 76 76441
0 84 76440
31803 96 31899
0 67 76441
0 142 76440
31978 53 32031
0 79 76441
0 163 76440
32050 94 32144
0 19 76441
0 56 76440
32164 98 32262
0 20 76441
0 118 76440
32338 73 32411
0 76 76441
0 170 76440
32474 93 32567
0 63 76441
0 33 76440
32614 14 32628
0 47 76441
0 205 76440
32680 109 32789
0 52 76441
0 132 76440
32843 50 32893
0 54 76441
0 28 76440
32912 54 32966
0 19 76441
0 131 76440
33018 87 33105
0 52 76441
0 191 76440
33180 39 33219
0 75 76441
0 34 76440
33296 101 33397
0 77 76441
0 117 76440
33468 105 33573
0 71 76441
0 201 76440
33644 41 33685
0 71 76441
0 119 76440
33784 35 33819
0 99 76441
0 70 76440
33850 14 33864
0 31 76441
0 102 76440
33886 13 33899
0 22 76441
0 164 76440
33930 94 34024
0 31 76441
0 199 76440
34074 60 34134
0 50 76441
0 48 76440
34233 88 34321
0 99 76441
0 31 76440
34338 41 34379
0 17 76441
0 187 76440
34414 93 34507
0 35 76441
0 96 76440
34573 90 34663
0 66 76441
0 146 76440
34746 30 34776
0 83 76441
0 133 76440
34815 59 34874
0 39 76441
0 133 76440
34903 89 34992
0 29 76441
0 44 76440
35088 20 35108
0 96 76441
0 90 76440
35153 104 35257
0 45 76441
0 58 76440
35275 12 35287
0 18 76441
0 158 76440
35388 104 35492
0 101 76441
0 149 76440
35537 31 35568
0 45 76441
0 31 76440
35677 13 35690
0 109 76441
0 81 76440
35710 38 35748
0 20 76441
0 102 76440
35783 93 35876
0 35 76441
0 157 76440
35939 107 36046
0 63 76441
0 26 76440
36059 55 36114
0 13 76441
0 34 76440
36217 98 36315
0 103 76441
0 136 76440
36404 107 36511
0 89 76441
0 24 76440
36561 43 36604
0 50 76441
0 91 76440
36657 54 36711
0 53 76441
0 163 76440
36817 36 36853
0 106 76441
0 168 76440
36962 76 37038
0 109 76441
0 71 76440
37091 106 37197
0 53 76441
0 128 76440
37260 89 37349
0 63 76441
0 136 76440
37431 43 37474
0 82 76441
0 208 76440
37536 60 37596
0 62 76441
0 159 76440
37651 51 37702
0 55 76441
0 193 76440
37744 74 37818
0 42 76441
0 172 76440
37890 78 37968
0 72 76441
0 83 76440
38005 98 38103
0 37 76441
0 162 76440
38208 97 38305
0 105 76441
0 86 76440
38392 27 38419
0 87 76441
0 17 76440
38451 51 38502
0 32 76441
0 91 76440
38579 72 38651
0 77 76441
0 196 76440
38661 100 38761
0 10 76441
0 44 76440
38870 92 38962
0 109 76441
0 69 76440
39011 42 39053
0 49 76441
0 151 76440
39096 33 39129
0 43 76441
0 144 76440
39202 42 39244
0 73 76441
0 197 76440
39275 23 39298
0 31 76441
0 110 76440
39348 31 39379
0 50 76441
0 137 76440
39446 21 39467
0 67 76441
0 100 76440
39493 58 39551
0 26 76441
0 103 76440
