1002
64 84 148
0 64 74720
0 61 74719
215 26 241
0 67 74720
0 153 74719
316 41 357
0 75 74720
0 75 74719
405 35 440
0 48 74720
0 94 74719
484 85 569
0 44 74720
0 200 74719
636 66 702
0 67 74720
0 202 74719
795 51 846
0 93 74720
0 104 74719
919 48 967
0 73 74720
0 181 74719
983 96 1079
0 16 74720
0 163 74719
1121 48 1169
0 42 74720
0 42 74719
1249 94 1343
0 80 74720
0 12 74719
1442 13 1455
0 99 74720
0 193 74719
1469 30 1499
0 14 74720
0 115 74719
1541 48 1589
0 42 74720
0 166 74719
1647 36 1683
0 58 74720
0 157 74719
1707 28 1735
0 24 74720
0 208 74719
1782 20 1802
0 47 74720
0 193 74719
1812 73 1885
0 10 74720
0 118 74719
1977 103 2080
0 92 74720
0 49 74719
2161 27 2188
0 81 74720
0 65 74719
2226 12 2238
0 38 74720
0 88 74719
2274 109 2383
0 36 74720
0 145 74719
2477 70 2547
0 94 74720
0 201 74719
2651 19 2670
0 104 74720
0 162 74719
2772 34 2806
0 102 74720
0 165 74719
2829 47 2876
0 23 74720
0 201 74719
2914 73 2987
0 38 74720
0 30 74719
3015 103 3118
0 28 74720
0 26 74719
3158 107 3265
0 40 74720
0 82 74719
3300 52 3352
0 35 74720
0 16 74719
3387 29 3416
0 35 74720
0 153 74719
3474 102 3576
0 58 74720
0 140 74719
3632 51 3683
0 56 74720
0 11 74719
3727 62 3789
0 44 74720
0 74 74719
3870 41 3911
0 81 74720
0 142 74719
3961 15 3976
0 50 74720
0 197 74719
4054 16 4070
0 78 74720
0 28 74719
4090 91 4181
0 20 74720
0 189 74719
4212 29 4241
0 31 74720
0 186 74719
4301 51 4352
0 60 74720
0 182 74719
4384 48 4432
0 32 74720
0 75 74719
4464 109 4573
0 32 74720
0 13 74719
4677 16 4693
0 104 74720
0 109 74719
4732 45 4777
0 39 74720
0 188 74719
4791 80 4871
0 14 74720
0 131 74719
4957 38 4995
0 86 74720
0 44 74719
5049 54 5103
0 54 74720
0 153 74719
5181 64 5245
0 78 74720
0 47 74719
5311 88 5399
0 66 74720
0 73 74719
5496 94 5590
0 97 74720
0 145 74719
5613 88 5701
0 23 74720
0 83 74719
5787 47 5834
0 86 74720
0 98 74719
5867 95 5962
0 33 74720
0 75 74719
6042 79 6121
0 80 74720
0 32 74719
6218 22 6240
0 97 74720
0 81 74719
6255 60 6315
0 15 74720
0 11 74719
6325 103 6428
0 10 74720
0 173 74719
6504 20 6524
0 76 74720
0 138 74719
6633 88 6721
0 109 74720
0 109 74719
6800 101 6901
0 79 74720
0 195 74719
6962 39 7001
0 61 74720
0 126 74719
7101 57 7158
0 100 74720
0 165 74719
7225 37 7262
0 67 74720
0 26 74719
7357 95 7452
0 95 74720
0 150 74719
7523 75 7598
0 71 74720
0 19 74719
7656 58 7714
0 58 74720
0 110 74719
7810 94 7904
0 96 74720
0 173 74719
7916 80 7996
0 12 74720
0 198 74719
8028 64 8092
0 32 74720
0 27 74719
8137 75 8212
0 45 74720
0 69 74719
8287 10 8297
0 75 74720
0 118 74719
8394 85 8479
0 97 74720
0 36 74719
8574 49 8623
0 95 74720
0 35 74719
8698 59 8757
0 75 74720
0 17 74719
8802 12 8814
0 45 74720
0 112 74719
8824 107 8931
0 10 74720
0 24 74719
8949 109 9058
0 18 74720
0 26 74719
9146 64 9210
0 88 74720
0 13 74719
9241 75 9316
0 31 74720
0 117 74719
9412 46 9458
0 96 74720
0 122 74719
9524 102 9626
0 66 74720
0 136 74719
9674 10 9684
0 48 74720
0 19 74719
9706 14 9720
0 22 74720
0 133 74719
9750 31 9781
0 30 74720
0 193 74719
9794 78 9872
0 13 74720
0 99 74719
9900 55 9955
0 28 74720
0 208 74719
10033 67 10100
0 78 74720
0 72 74719
10169 12 10181
0 69 74720
0 148 74719
10228 49 10277
0 47 74720
0 98 74719
10357 74 10431
0 80 74720
0 127 74719
10489 33 10522
0 58 74720
0 147 74719
10565 102 10667
0 43 74720
0 167 74719
10684 18 10702
0 17 74720
0 62 74719
10725 58 10783
0 23 74720
0 97 74719
10802 95 10897
0 19 74720
0 112 74719
10934 71 11005
0 37 74720
0 56 74719
11112 33 11145
0 107 74720
0 94 74719
11169 73 11242
0 24 74720
0 156 74719
11315 32 11347
0 73 74720
0 73 74719
11400 38 11438
0 53 74720
0 209 74719
11486 52 11538
0 48 74720
0 59 74719
11558 105 11663
0 20 74720
0 187 74719
11710 12 11722
0 47 74720
0 30 74719
11739 94 11833
0 17 74720
0 23 74719
11888 97 11985
0 55 74720
0 11 74719
12018 83 12101
0 33 74720
0 134 74719
12168 92 12260
0 67 74720
0 101 74719
12274 33 12307
0 14 74720
0 51 74719
12388 85 12473
0 81 74720
0 65 74719
12571 50 12621
0 98 74720
0 155 74719
12706 10 12716
0 85 74720
0 18 74719
12768 73 12841
0 52 74720
0 169 74719
12893 26 12919
0 52 74720
0 189 74719
12934 10 12944
0 15 74720
0 116 74719
12981 42 13023
0 37 74720
0 192 74719
13066 103 13169
0 43 74720
0 15 74719
13232 18 13250
0 63 74720
0 65 74719
13324 28 13352
0 74 74720
0 170 74719
13409 88 13497
0 57 74720
0 63 74719
13574 109 13683
0 77 74720
0 79 74719
13731 78 13809
0 48 74720
0 60 74719
13891 77 13968
0 82 74720
0 114 74719
13992 62 14054
0 24 74720
0 158 74719
14067 66 14133
0 13 74720
0 128 74719
14229 96 14325
0 96 74720
0 146 74719
14404 32 14436
0 79 74720
0 101 74719
14476 68 14544
0 40 74720
0 59 74719
14596 103 14699
0 52 74720
0 137 74719
14768 17 14785
0 69 74720
0 76 74719
14848 59 14907
0 63 74720
0 102 74719
14930 75 15005
0 23 74720
0 88 74719
15079 32 15111
0 74 74720
0 46 74719
15164 106 15270
0 53 74720
0 36 74719
15326 13 15339
0 56 74720
0 127 74719
15399 54 15453
0 60 74720
0 33 74719
15533 39 15572
0 80 74720
0 136 74719
15667 109 15776
0 95 74720
0 44 74719
15882 60 15942
0 106 74720
0 140 74719
15997 20 16017
0 55 74720
0 196 74719
16085 49 16134
0 68 74720
0 191 74719
16152 107 16259
0 18 74720
0 160 74719
16281 21 16302
0 22 74720
0 60 74719
16317 11 16328
0 15 74720
0 185 74719
16400 65 16465
0 72 74720
0 74 74719
16534 108 16642
0 69 74720
0 41 74719
16729 73 16802
0 87 74720
0 172 74719
16869 51 16920
0 67 74720
0 26 74719
16979 93 17072
0 59 74720
0 163 74719
17125 35 17160
0 53 74720
0 92 74719
17260 68 17328
0 100 74720
0 126 74719
17379 74 17453
0 51 74720
0 196 74719
17501 36 17537
0 48 74720
0 59 74719
17621 75 17696
0 84 74720
0 179 74719
17763 17 17780
0 67 74720
0 105 74719
17844 14 17858
0 64 74720
0 199 74719
17887 56 17943
0 29 74720
0 101 74719
18049 85 18134
0 106 74720
0 114 74719
18167 57 18224
0 33 74720
0 41 74719
18333 24 18357
0 109 74720
0 139 74719
18389 86 18475
0 32 74720
0 25 74719
18549 59 18608
0 74 74720
0 172 74719
18638 88 18726
0 30 74720
0 98 74719
18794 32 18826
0 68 74720
0 108 74719
18881 102 18983
0 55 74720
0 94 74719
19017 104 19121
0 34 74720
0 55 74719
19159 35 19194
0 38 74720
0 185 74719
19231 61 19292
0 37 74720
0 103 74719
19401 96 19497
0 109 74720
0 125 74719
19544 105 19649
0 47 74720
0 166 74719
19745 89 19834
0 96 74720
0 171 74719
19939 43 19982
0 105 74720
0 189 74719
20077 51 20128
0 95 74720
0 100 74719
20195 36 20231
0 67 74720
0 38 74719
20282 79 20361
0 51 74720
0 201 74719
20379 94 20473
0 18 74720
0 32 74719
20522 56 20578
0 49 74720
0 47 74719
20642 36 20678
0 64 74720
0 164 74719
20729 34 20763
0 51 74720
0 51 74719
20856 109 20965
0 93 74720
0 45 74719
21064 87 21151
0 99 74720
0 173 74719
21235 40 21275
0 84 74720
0 85 74719
21348 14 21362
0 73 74720
0 27 74719
21406 79 21485
0 44 74720
0 41 74719
21571 60 21631
0 86 74720
0 65 74719
21704 104 21808
0 73 74720
0 37 74719
21893 74 21967
0 85 74720
0 133 74719
21984 81 22065
0 17 74720
0 134 74719
22135 33 22168
0 70 74720
0 142 74719
22184 24 22208
0 16 74720
0 53 74719
22311 22 22333
0 103 74720
0 93 74719
22440 65 22505
0 107 74720
0 112 74719
22605 94 22699
0 100 74720
0 105 74719
22740 70 22810
0 41 74720
0 87 74719
22891 97 22988
0 81 74720
0 57 74719
23000 62 23062
0 12 74720
0 27 74719
23146 89 23235
0 84 74720
0 41 74719
23272 91 23363
0 37 74720
0 124 74719
23407 15 23422
0 44 74720
0 136 74719
23446 56 23502
0 24 74720
0 136 74719
23556 88 23644
0 54 74720
0 193 74719
23655 25 23680
0 11 74720
0 80 74719
23721 32 23753
0 41 74720
0 194 74719
23817 97 23914
0 64 74720
0 17 74719
24019 100 24119
0 105 74720
0 104 74719
24142 60 24202
0 23 74720
0 76 74719
24263 65 24328
0 61 74720
0 26 74719
24381 20 24401
0 53 74720
0 201 74719
24504 59 24563
0 103 74720
0 16 74719
24627 77 24704
0 64 74720
0 61 74719
24775 23 24798
0 71 74720
0 80 74719
24840 37 24877
0 42 74720
0 63 74719
24967 109 25076
0 90 74720
0 85 74719
25089 75 25164
0 13 74720
0 27 74719
25242 14 25256
0 78 74720
0 107 74719
25307 69 25376
0 51 74720
0 124 74719
25399 95 25494
0 23 74720
0 24 74719
25564 72 25636
0 70 74720
0 21 74719
25734 21 25755
0 98 74720
0 62 74719
25791 76 25867
0 36 74720
0 36 74719
25933 24 25957
0 66 74720
0 148 74719
26005 50 26055
0 48 74720
0 195 74719
26082 91 26173
0 27 74720
0 113 74719
26251 69 26320
0 78 74720
0 98 74719
26393 83 26476
0 73 74720
0 47 74719
26573 76 26649
0 97 74720
0 92 74719
26697 36 26733
0 48 74720
0 51 74719
26777 77 26854
0 44 74720
0 15 74719
26883 33 26916
0 29 74720
0 45 74719
27009 39 27048
0 93 74720
0 138 74719
27121 105 27226
0 73 74720
0 102 74719
27295 71 27366
0 69 74720
0 20 74719
27459 87 27546
0 93 74720
0 161 74719
27609 13 27622
0 63 74720
0 19 74719
27706 104 27810
0 84 74720
0 66 74719
27903 38 27941
0 93 74720
0 86 74719
27953 88 28041
0 12 74720
0 101 74719
28115 95 28210
0 74 74720
0 33 74719
28295 63 28358
0 85 74720
0 62 74719
28375 76 28451
0 17 74720
0 122 74719
28465 41 28506
0 14 74720
0 195 74719
28541 13 28554
0 35 74720
0 172 74719
28661 91 28752
0 107 74720
0 180 74719
28815 106 28921
0 63 74720
0 138 74719
28959 48 29007
0 38 74720
0 76 74719
29025 42 29067
0 18 74720
0 87 74719
29156 24 29180
0 89 74720
0 172 74719
29269 72 29341
0 89 74720
0 127 74719
29356 105 29461
0 15 74720
0 184 74719
29532 101 29633
0 71 74720
0 177 74719
29731 16 29747
0 98 74720
0 115 74719
29839 30 29869
0 92 74720
0 183 74719
29956 22 29978
0 87 74720
0 182 74719
30030 96 30126
0 52 74720
0 93 74719
30155 65 30220
0 29 74720
0 164 74719
30317 43 30360
0 97 74720
0 41 74719
30392 26 30418
0 32 74720
0 110 74719
30498 11 30509
0 80 74720
0 124 74719
30537 22 30559
0 28 74720
0 183 74719
30591 78 30669
0 32 74720
0 15 74719
30770 37 30807
0 101 74720
0 100 74719
30869 47 30916
0 62 74720
0 169 74719
31022 97 31119
0 106 74720
0 145 74719
31176 34 31210
0 57 74720
0 67 74719
31277 19 31296
0 67 74720
0 71 74719
31315 96 31411
0 19 74720
0 46 74719
31513 76 31589
0 102 74720
0 12 74719
31660 75 31735
0 71 74720
0 14 74719
31844 42 31886
0 109 74720
0 154 74719
31982 20 32002
0 96 74720
0 86 74719
32076 98 32174
0 74 74720
0 14 74719
32243 94 32337
0 69 74720
0 117 74719
32362 15 32377
0 25 74720
0 50 74719
32425 98 32523
0 48 74720
0 99 74719
32551 77 32628
0 28 74720
0 135 74719
32707 108 32815
0 79 74720
0 165 74719
32912 91 33003
0 97 74720
0 25 74719
33039 106 33145
0 36 74720
0 112 74719
33246 73 33319
0 101 74720
0 111 74719
33388 22 33410
0 69 74720
0 24 74719
33427 39 33466
0 17 74720
0 81 74719
33478 53 33531
0 12 74720
0 58 74719
33543 48 33591
0 12 74720
0 46 74719
33662 63 33725
0 71 74720
0 129 74719
33743 18 33761
0 18 74720
0 12 74719
33791 84 33875
0 30 74720
0 11 74719
33927 22 33949
0 52 74720
0 128 74719
34026 35 34061
0 77 74720
0 141 74719
34107 11 34118
0 46 74720
0 203 74719
34183 20 34203
0 65 74720
0 119 74719
34259 91 34350
0 56 74720
0 151 74719
34445 83 34528
0 95 74720
0 42 74719
34553 106 34659
0 25 74720
0 37 74719
34719 45 34764
0 60 74720
0 179 74719
34809 59 34868
0 45 74720
0 10 74719
34900 86 34986
0 32 74720
0 45 74719
35062 85 35147
0 76 74720
0 50 74719
35218 43 35261
0 71 74720
0 162 74719
35339 82 35421
0 78 74720
0 45 74719
35444 103 35547
0 23 74720
0 55 74719
35583 50 35633
0 36 74720
0 168 74719
35654 73 35727
0 21 74720
0 122 74719
35755 96 35851
0 28 74720
0 99 74719
35885 106 35991
0 34 74720
0 201 74719
36033 44 36077
0 42 74720
0 204 74719
36092 69 36161
0 15 74720
0 143 74719
36199 51 36250
0 38 74720
0 153 74719
36353 23 36376
0 103 74720
0 47 74719
36436 91 36527
0 60 74720
0 148 74719
36623 91 36714
0 96 74720
0 103 74719
36737 63 36800
0 23 74720
0 188 74719
36872 89 36961
0 72 74720
0 113 74719
37040 25 37065
0 79 74720
0 204 74719
37170 105 37275
0 105 74720
0 207 74719
37351 58 37409
0 76 74720
0 165 74719
37515 12 37527
0 106 74720
0 64 74719
37614 101 37715
0 87 74720
0 143 74719
37731 34 37765
0 16 74720
0 100 74719
37825 79 37904
0 60 74720
0 123 74719
37961 98 38059
0 57 74720
0 22 74719
38145 109 38254
0 86 74720
0 24 74719
38290 63 38353
0 36 74720
0 44 74719
38389 72 38461
0 36 74720
0 145 74719
38495 67 38562
0 34 74720
0 90 74719
38631 75 38706
0 69 74720
0 57 74719
38765 55 38820
0 59 74720
0 69 74719
38868 63 38931
0 48 74720
0 16 74719
39004 94 39098
0 73 74720
0 83 74719
39114 108 39222
0 16 74720
0 83 74719
39305 70 39375
0 83 74720
0 30 74719
39471 77 39548
0 96 74720
0 144 74719
39640 70 39710
0 92 74720
0 75 74719
39755 38 39793
0 45 74720
0 181 74719
39870 56 39926
0 77 74720
0 150 74719
40034 67 40101
0 108 74720
0 11 74719
