1002
104 45 149
0 104 75633
0 173 75632
212 38 250
0 63 75633
0 162 75632
310 73 383
0 60 75633
0 139 75632
490 100 590
0 107 75633
0 74 75632
617 52 669
0 27 75633
0 66 75632
772 68 840
0 103 75633
0 198 75632
889 52 941
0 49 75633
0 140 75632
966 107 1073
0 25 75633
0 147 75632
1182 80 1262
0 109 75633
0 49 75632
1305 106 1411
0 43 75633
0 192 75632
1446 45 1491
0 35 75633
0 72 75632
1549 12 1561
0 58 75633
0 17 75632
1608 36 1644
0 47 75633
0 158 75632
1710 63 1773
0 66 75633
0 14 75632
1833 96 1929
0 60 75633
0 121 75632
1998 29 2027
0 69 75633
0 118 75632
2105 15 2120
0 78 75633
0 101 75632
2203 105 2308
0 83 75633
0 124 75632
2357 75 2432
0 49 75633
0 99 75632
2509 15 2524
0 77 75633
0 150 75632
2556 51 2607
0 32 75633
0 190 75632
2688 45 2733
0 81 75633
0 30 75632
2756 94 2850
0 23 75633
0 66 75632
2909 89 2998
0 59 75633
0 165 75632
3023 35 3058
0 25 75633
0 27 75632
3136 54 3190
0 78 75633
0 32 75632
3249 37 3286
0 59 75633
0 11 75632
3395 37 3432
0 109 75633
0 148 75632
3503 77 3580
0 71 75633
0 176 75632
3644 59 3703
0 64 75633
0 36 75632
3747 30 3777
0 44 75633
0 58 75632
3866 17 3883
0 89 75633
0 22 75632
3917 19 3936
0 34 75633
0 131 75632
3949 93 4042
0 13 75633
0 19 75632
4149 36 4185
0 107 75633
0 85 75632
4230 72 4302
0 45 75633
0 65 75632
4324 47 4371
0 22 75633
0 37 75632
4417 105 4522
0 46 75633
0 62 75632
4624 71 4695
0 102 75633
0 86 75632
4717 21 4738
0 22 75633
0 43 75632
4763 72 4835
0 25 75633
0 112 75632
4917 78 4995
0 82 75633
0 142 75632
5087 37 5124
0 92 75633
0 199 75632
5223 36 5259
0 99 75633
0 170 75632
5321 79 5400
0 62 75633
0 185 75632
5506 23 5529
0 106 75633
0 169 75632
5637 44 5681
0 108 75633
0 121 75632
5765 35 5800
0 84 75633
0 24 75632
5879 11 5890
0 79 75633
0 48 75632
5914 34 5948
0 24 75633
0 40 75632
6052 70 6122
0 104 75633
0 118 75632
6212 66 6278
0 90 75633
0 182 75632
6300 85 6385
0 22 75633
0 46 75632
6470 84 6554
0 85 75633
0 198 75632
6627 10 6637
0 73 75633
0 104 75632
6706 62 6768
0 69 75633
0 31 75632
6831 87 6918
0 63 75633
0 54 75632
6966 43 7009
0 48 75633
0 155 75632
7089 80 7169
0 80 75633
0 201 75632
7244 66 7310
0 75 75633
0 56 75632
7374 79 7453
0 64 75633
0 40 75632
7485 36 7521
0 32 75633
0 10 75632
7584 87 7671
0 63 75633
0 181 75632
7770 104 7874
0 99 75633
0 86 75632
7922 66 7988
0 48 75633
0 90 75632
8004 51 8055
0 16 75633
0 55 75632
8115 60 8175
0 60 75633
0 181 75632
8206 71 8277
0 31 75633
0 87 75632
8325 42 8367
0 48 75633
0 88 75632
8384 19 8403
0 17 75633
0 100 75632
8460 90 8550
0 57 75633
0 86 75632
8572 98 8670
0 22 75633
0 141 75632
8766 44 8810
0 96 75633
0 102 75632
8837 83 8920
0 27 75633
0 164 75632
8997 93 9090
0 77 75633
0 98 75632
9196 108 9304
0 106 75633
0 56 75632
9366 106 9472
0 62 75633
0 195 75632
9576 69 9645
0 104 75633
0 89 75632
9740 52 9792
0 95 75633
0 29 75632
9851 72 9923
0 59 75633
0 99 75632
10024 44 10068
0 101 75633
0 160 75632
10134 81 10215
0 66 75633
0 27 75632
10320 74 10394
0 105 75633
0 130 75632
10413 20 10433
0 19 75633
0 49 75632
10517 32 10549
0 84 75633
0 106 75632
10565 59 10624
0 16 75633
0 169 75632
10711 106 10817
0 87 75633
0 71 75632
10847 40 10887
0 30 75633
0 104 75632
10919 64 10983
0 32 75633
0 197 75632
11023 108 11131
0 40 75633
0 60 75632
11227 50 11277
0 96 75633
0 159 75632
11333 24 11357
0 56 75633
0 165 75632
11419 16 11435
0 62 75633
0 82 75632
11537 87 11624
0 102 75633
0 153 75632
11720 42 11762
0 96 75633
0 207 75632
11785 51 11836
0 23 75633
0 129 75632
11936 100 12036
0 100 75633
0 26 75632
12091 101 12192
0 55 75633
0 102 75632
12219 26 12245
0 27 75633
0 92 75632
12295 93 12388
0 50 75633
0 133 75632
12431 67 12498
0 43 75633
0 51 75632
12525 25 12550
0 27 75633
0 72 75632
12587 82 12669
0 37 75633
0 35 75632
12687 68 12755
0 18 75633
0 153 75632
12784 12 12796
0 29 75633
0 115 75632
12836 10 12846
0 40 75633
0 196 75632
12877 100 12977
0 31 75633
0 113 75632
13068 70 13138
0 91 75633
0 34 75632
13186 68 13254
0 48 75633
0 75 75632
13322 87 13409
0 68 75633
0 157 75632
13486 50 13536
0 77 75633
0 188 75632
13609 86 13695
0 73 75633
0 109 75632
13707 44 13751
0 12 75633
0 126 75632
13804 46 13850
0 53 75633
0 29 75632
13882 92 13974
0 32 75633
0 202 75632
14027 104 14131
0 53 75633
0 22 75632
14212 77 14289
0 81 75633
0 122 75632
14313 98 14411
0 24 75633
0 158 75632
14477 56 14533
0 66 75633
0 168 75632
14543 29 14572
0 10 75633
0 118 75632
14643 18 14661
0 71 75633
0 174 75632
14724 65 14789
0 63 75633
0 105 75632
14893 108 15001
0 104 75633
0 46 75632
15017 96 15113
0 16 75633
0 131 75632
15214 16 15230
0 101 75633
0 30 75632
15300 100 15400
0 70 75633
0 16 75632
15496 13 15509
0 96 75633
0 106 75632
15573 93 15666
0 64 75633
0 25 75632
15709 32 15741
0 43 75633
0 171 75632
15849 21 15870
0 108 75633
0 113 75632
15962 62 16024
0 92 75633
0 146 75632
16040 91 16131
0 16 75633
0 48 75632
16191 65 16256
0 60 75633
0 134 75632
16317 72 16389
0 61 75633
0 11 75632
16411 11 16422
0 22 75633
0 142 75632
16507 41 16548
0 85 75633
0 103 75632
16581 28 16609
0 33 75633
0 167 75632
16620 70 16690
0 11 75633
0 190 75632
16722 91 16813
0 32 75633
0 85 75632
16883 17 16900
0 70 75633
0 26 75632
16996 101 17097
0 96 75633
0 89 75632
17179 62 17241
0 82 75633
0 125 75632
17347 66 17413
0 106 75633
0 159 75632
17464 64 17528
0 51 75633
0 135 75632
17611 79 17690
0 83 75633
0 120 75632
17719 76 17795
0 29 75633
0 174 75632
17900 104 18004
0 105 75633
0 27 75632
18111 64 18175
0 107 75633
0 134 75632
18268 59 18327
0 93 75633
0 190 75632
18394 102 18496
0 67 75633
0 45 75632
18535 86 18621
0 39 75633
0 115 75632
18651 103 18754
0 30 75633
0 18 75632
18843 67 18910
0 89 75633
0 35 75632
18995 13 19008
0 85 75633
0 172 75632
19077 59 19136
0 69 75633
0 53 75632
19222 20 19242
0 86 75633
0 74 75632
19312 60 19372
0 70 75633
0 84 75632
19416 24 19440
0 44 75633
0 119 75632
19484 38 19522
0 44 75633
0 91 75632
19564 104 19668
0 42 75633
0 28 75632
19700 83 19783
0 32 75633
0 149 75632
19864 99 19963
0 81 75633
0 95 75632
20006 72 20078
0 43 75633
0 206 75632
20133 39 20172
0 55 75633
0 51 75632
20278 100 20378
0 106 75633
0 17 75632
20397 40 20437
0 19 75633
0 85 75632
20453 105 20558
0 16 75633
0 134 75632
20649 95 20744
0 91 75633
0 23 75632
20791 49 20840
0 47 75633
0 34 75632
20898 49 20947
0 58 75633
0 152 75632
20985 78 21063
0 38 75633
0 21 75632
21159 100 21259
0 96 75633
0 78 75632
21328 29 21357
0 69 75633
0 141 75632
21367 81 21448
0 10 75633
0 17 75632
21533 90 21623
0 85 75633
0 118 75632
21670 102 21772
0 47 75633
0 169 75632
21854 15 21869
0 82 75633
0 48 75632
21967 67 22034
0 98 75633
0 47 75632
22051 70 22121
0 17 75633
0 136 75632
22162 107 22269
0 41 75633
0 178 75632
22350 34 22384
0 81 75633
0 142 75632
22466 67 22533
0 82 75633
0 86 75632
22585 57 22642
0 52 75633
0 143 75632
22707 48 22755
0 65 75633
0 91 75632
22813 105 22918
0 58 75633
0 147 75632
22991 33 23024
0 73 75633
0 61 75632
23125 52 23177
0 101 75633
0 37 75632
23247 97 23344
0 70 75633
0 137 75632
23417 15 23432
0 73 75633
0 83 75632
23508 11 23519
0 76 75633
0 87 75632
23557 54 23611
0 38 75633
0 101 75632
23713 99 23812
0 102 75633
0 99 75632
23829 103 23932
0 17 75633
0 104 75632
24007 107 24114
0 75 75633
0 41 75632
24194 36 24230
0 80 75633
0 200 75632
24253 38 24291
0 23 75633
0 13 75632
24354 57 24411
0 63 75633
0 125 75632
24488 40 24528
0 77 75633
0 196 75632
24543 87 24630
0 15 75633
0 84 75632
24683 52 24735
0 53 75633
0 25 75632
24779 34 24813
0 44 75633
0 148 75632
24872 87 24959
0 59 75633
0 76 75632
25066 17 25083
0 107 75633
0 130 75632
25140 65 25205
0 57 75633
0 103 75632
25216 29 25245
0 11 75633
0 207 75632
25273 22 25295
0 28 75633
0 58 75632
25344 105 25449
0 49 75633
0 120 75632
25541 99 25640
0 92 75633
0 11 75632
25718 58 25776
0 78 75633
0 165 75632
25799 36 25835
0 23 75633
0 183 75632
25905 29 25934
0 70 75633
0 87 75632
25982 93 26075
0 48 75633
0 40 75632
26096 14 26110
0 21 75633
0 91 75632
26194 20 26214
0 84 75633
0 202 75632
26229 53 26282
0 15 75633
0 37 75632
26325 55 26380
0 43 75633
0 75 75632
26429 23 26452
0 49 75633
0 173 75632
26537 52 26589
0 85 75633
0 122 75632
26671 18 26689
0 82 75633
0 53 75632
26765 47 26812
0 76 75633
0 98 75632
26838 34 26872
0 26 75633
0 45 75632
26937 76 27013
0 65 75633
0 15 75632
27053 25 27078
0 40 75633
0 14 75632
27148 34 27182
0 70 75633
0 13 75632
27228 86 27314
0 46 75633
0 77 75632
27400 100 27500
0 86 75633
0 61 75632
27608 17 27625
0 108 75633
0 122 75632
27639 81 27720
0 14 75633
0 37 75632
27819 75 27894
0 99 75633
0 48 75632
27917 84 28001
0 23 75633
0 154 75632
28040 75 28115
0 39 75633
0 184 75632
28189 39 28228
0 74 75633
0 132 75632
28255 76 28331
0 27 75633
0 29 75632
28417 105 28522
0 86 75633
0 10 75632
28599 75 28674
0 77 75633
0 84 75632
28749 79 28828
0 75 75633
0 205 75632
28875 32 28907
0 47 75633
0 175 75632
28994 37 29031
0 87 75633
0 79 75632
29114 22 29136
0 83 75633
0 173 75632
29147 101 29248
0 11 75633
0 77 75632
29351 83 29434
0 103 75633
0 23 75632
29500 75 29575
0 66 75633
0 102 75632
29680 31 29711
0 105 75633
0 208 75632
29733 109 29842
0 22 75633
0 72 75632
29950 64 30014
0 108 75633
0 115 75632
30117 90 30207
0 103 75633
0 152 75632
30233 58 30291
0 26 75633
0 92 75632
30303 55 30358
0 12 75633
0 80 75632
30456 54 30510
0 98 75633
0 163 75632
30553 83 30636
0 43 75633
0 133 75632
30703 96 30799
0 67 75633
0 126 75632
30844 87 30931
0 45 75633
0 123 75632
31026 24 31050
0 95 75633
0 90 75632
31134 68 31202
0 84 75633
0 167 75632
31234 78 31312
0 32 75633
0 94 75632
31377 105 31482
0 65 75633
0 92 75632
31554 56 31610
0 72 75633
0 194 75632
31716 46 31762
0 106 75633
0 189 75632
31799 52 31851
0 37 75633
0 98 75632
31945 46 31991
0 94 75633
0 20 75632
32058 43 32101
0 67 75633
0 27 75632
32189 17 32206
0 88 75633
0 102 75632
32238 47 32285
0 32 75633
0 105 75632
32299 59 32358
0 14 75633
0 81 75632
32459 41 32500
0 101 75633
0 62 75632
32577 39 32616
0 77 75633
0 152 75632
32706 66 32772
0 90 75633
0 186 75632
32852 34 32886
0 80 75633
0 151 75632
32939 55 32994
0 53 75633
0 69 75632
33082 39 33121
0 88 75633
0 177 75632
33221 14 33235
0 100 75633
0 167 75632
33246 23 33269
0 11 75633
0 158 75632
33325 71 33396
0 56 75633
0 93 75632
33409 31 33440
0 13 75633
0 149 75632
33547 70 33617
0 107 75633
0 124 75632
33683 65 33748
0 66 75633
0 52 75632
33795 99 33894
0 47 75633
0 207 75632
33935 69 34004
0 41 75633
0 32 75632
34043 80 34123
0 39 75633
0 157 75632
34196 54 34250
0 73 75633
0 99 75632
34260 29 34289
0 10 75633
0 60 75632
34353 21 34374
0 64 75633
0 150 75632
34393 69 34462
0 19 75633
0 208 75632
34554 51 34605
0 92 75633
0 45 75632
34672 77 34749
0 67 75633
0 48 75632
34806 98 34904
0 57 75633
0 176 75632
34992 99 35091
0 88 75633
0 158 75632
35175 48 35223
0 84 75633
0 198 75632
35298 12 35310
0 75 75633
0 40 75632
35360 98 35458
0 50 75633
0 209 75632
35479 93 35572
0 21 75633
0 16 75632
35671 75 35746
0 99 75633
0 154 75632
35845 103 35948
0 99 75633
0 71 75632
35965 47 36012
0 17 75633
0 152 75632
36070 108 36178
0 58 75633
0 136 75632
36260 22 36282
0 82 75633
0 184 75632
36316 31 36347
0 34 75633
0 45 75632
36373 40 36413
0 26 75633
0 120 75632
36477 12 36489
0 64 75633
0 141 75632
36524 78 36602
0 35 75633
0 103 75632
36654 65 36719
0 52 75633
0 89 75632
36758 108 36866
0 39 75633
0 55 75632
36966 49 37015
0 100 75633
0 171 75632
37103 90 37193
0 88 75633
0 23 75632
37295 33 37328
0 102 75633
0 41 75632
37377 29 37406
0 49 75633
0 51 75632
37468 83 37551
0 62 75633
0 59 75632
37596 97 37693
0 45 75633
0 18 75632
37790 91 37881
0 97 75633
0 96 75632
37897 84 37981
0 16 75633
0 106 75632
38081 22 38103
0 100 75633
0 159 75632
38149 99 38248
0 46 75633
0 132 75632
38301 84 38385
0 53 75633
0 128 75632
38441 75 38516
0 56 75633
0 19 75632
38560 102 38662
0 44 75633
0 18 75632
38691 101 38792
0 29 75633
0 88 75632
38828 73 38901
0 36 75633
0 88 75632
38981 15 38996
0 80 75633
0 113 75632
39035 38 39073
0 39 75633
0 198 75632
39158 75 39233
0 85 75633
0 108 75632
39303 18 39321
0 70 75633
0 160 75632
39388 92 39480
0 67 75633
0 127 75632
39566 100 39666
0 86 75633
0 37 75632
39761 62 39823
0 95 75633
0 159 75632
39865 89 39954
0 42 75633
0 130 75632
39989 49 40038
0 35 75633
0 25 75632
40115 61 40176
0 77 75633
0 180 75632
40252 11 40263
0 76 75633
0 33 75632
40324 18 40342
0 61 75633
0 43 75632
40369 109 40478
0 27 75633
0 89 75632
40536 82 40618
0 58 75633
0 116 75632
40727 19 40746
0 109 75633
0 83 75632
40799 86 40885
0 53 75633
0 107 75632
40945 23 40968
0 60 75633
0 49 75632
