1002
47 54 101
0 47 76408
0 143 76407
186 11 197
0 85 76408
0 147 76407
231 79 310
0 34 76408
0 87 76407
366 41 407
0 56 76408
0 165 76407
499 72 571
0 92 76408
0 76 76407
679 11 690
0 108 76408
0 153 76407
779 91 870
0 89 76408
0 63 76407
929 67 996
0 59 76408
0 146 76407
1052 23 1075
0 56 76408
0 17 76407
1125 14 1139
0 50 76408
0 96 76407
1196 70 1266
0 57 76408
0 31 76407
1311 74 1385
0 45 76408
0 193 76407
1486 19 1505
0 101 76408
0 48 76407
1554 59 1613
0 49 76408
0 137 76407
1675 43 1718
0 62 76408
0 66 76407
1739 32 1771
0 21 76408
0 152 76407
1870 16 1886
0 99 76408
0 159 76407
1974 107 2081
0 88 76408
0 25 76407
2122 22 2144
0 41 76408
0 177 76407
2218 42 2260
0 74 76408
0 83 76407
2359 20 2379
0 99 76408
0 71 76407
2452 44 2496
0 73 76408
0 155 76407
2568 30 2598
0 72 76408
0 86 76407
2655 93 2748
0 57 76408
0 157 76407
2803 23 2826
0 55 76408
0 104 76407
2904 88 2992
0 78 76408
0 113 76407
3090 21 3111
0 98 76408
0 52 76407
3174 95 3269
0 63 76408
0 24 76407
3323 43 3366
0 54 76408
0 75 76407
3462 78 3540
0 96 76408
0 142 76407
3554 104 3658
0 14 76408
0 65 76407
3759 38 3797
0 101 76408
0 150 76407
3872 105 3977
0 75 76408
0 168 76407
4034 109 4143
0 57 76408
0 22 76407
4244 96 4340
0 101 76408
0 191 76407
4395 73 4468
0 55 76408
0 103 76407
4575 26 4601
0 107 76408
0 161 76407
4644 75 4719
0 43 76408
0 145 76407
4791 33 4824
0 72 76408
0 15 76407
4926 67 4993
0 102 76408
0 93 76407
5032 15 5047
0 39 76408
0 31 76407
5124 11 5135
0 77 76408
0 29 76407
5198 79 5277
0 63 76408
0 71 76407
5319 78 5397
0 42 76408
0 22 76407
5447 24 5471
0 50 76408
0 171 76407
5565 10 5575
0 94 76408
0 100 76407
5602 45 5647
0 27 76408
0 78 76407
5666 41 5707
0 19 76408
0 186 76407
5766 107 5873
0 59 76408
0 48 76407
5913 79 5992
0 40 76408
0 197 76407
6043 10 6053
0 51 76408
0 158 76407
6095 107 6202
0 42 76408
0 149 76407
6252 32 6284
0 50 76408
0 80 76407
6297 42 6339
0 13 76408
0 174 76407
6436 93 6529
0 97 76408
0 170 76407
6579 69 6648
0 50 76408
0 182 76407
6757 86 6843
0 109 76408
0 69 76407
6854 98 6952
0 11 76408
0 193 76407
7042 86 7128
0 90 76408
0 89 76407
7184 26 7210
0 56 76408
0 88 76407
7283 104 7387
0 73 76408
0 57 76407
7400 70 7470
0 13 76408
0 30 76407
7510 94 7604
0 40 76408
0 65 76407
7620 91 7711
0 16 76408
0 72 76407
7756 41 7797
0 45 76408
0 39 76407
7819 65 7884
0 22 76408
0 97 76407
7910 26 7936
0 26 76408
0 79 76407
7973 54 8027
0 37 76408
0 32 76407
8066 30 8096
0 39 76408
0 124 76407
8142 72 8214
0 46 76408
0 92 76407
8240 43 8283
0 26 76408
0 198 76407
8295 15 8310
0 12 76408
0 202 76407
8331 51 8382
0 21 76408
0 73 76407
8412 45 8457
0 30 76408
0 103 76407
8487 48 8535
0 30 76408
0 102 76407
8575 99 8674
0 40 76408
0 16 76407
8748 76 8824
0 74 76408
0 203 76407
8856 65 8921
0 32 76408
0 206 76407
8941 89 9030
0 20 76408
0 144 76407
9115 95 9210
0 85 76408
0 11 76407
9251 79 9330
0 41 76408
0 52 76407
9349 30 9379
0 19 76408
0 52 76407
9398 19 9417
0 19 76408
0 88 76407
9522 70 9592
0 105 76408
0 34 76407
9681 57 9738
0 89 76408
0 163 76407
9771 57 9828
0 33 76408
0 198 76407
9918 69 9987
0 90 76408
0 10 76407
10094 62 10156
0 107 76408
0 205 76407
10262 105 10367
0 106 76408
0 18 76407
10385 98 10483
0 18 76408
0 131 76407
10566 93 10659
0 83 76408
0 152 76407
10701 88 10789
0 42 76408
0 185 76407
10873 68 10941
0 84 76408
0 199 76407
11011 70 11081
0 70 76408
0 185 76407
11151 70 11221
0 70 76408
0 202 76407
11305 21 11326
0 84 76408
0 190 76407
11404 72 11476
0 78 76408
0 134 76407
11535 24 11559
0 59 76408
0 90 76407
11655 57 11712
0 96 76408
0 95 76407
11820 48 11868
0 108 76408
0 207 76407
11928 14 11942
0 60 76408
0 204 76407
12046 84 12130
0 104 76408
0 32 76407
12233 33 12266
0 103 76408
0 84 76407
12315 14 12329
0 49 76408
0 169 76407
12385 14 12399
0 56 76408
0 135 76407
12417 32 12449
0 18 76408
0 174 76407
12484 88 12572
0 35 76408
0 124 76407
12649 108 12757
0 77 76408
0 118 76407
12802 70 12872
0 45 76408
0 133 76407
12971 52 13023
0 99 76408
0 153 76407
13117 99 13216
0 94 76408
0 63 76407
13244 71 13315
0 28 76408
0 100 76407
13421 98 13519
0 106 76408
0 179 76407
13590 28 13618
0 71 76408
0 126 76407
13674 62 13736
0 56 76408
0 29 76407
13845 72 13917
0 109 76408
0 113 76407
13979 90 14069
0 62 76408
0 135 76407
14164 107 14271
0 95 76408
0 125 76407
14307 68 14375
0 36 76408
0 173 76407
14409 30 14439
0 34 76408
0 17 76407
14491 103 14594
0 52 76408
0 88 76407
14650 14 14664
0 56 76408
0 45 76407
14694 32 14726
0 30 76408
0 81 76407
14740 81 14821
0 14 76408
0 195 76407
14906 79 14985
0 85 76408
0 116 76407
15087 58 15145
0 102 76408
0 81 76407
15182 44 15226
0 37 76408
0 157 76407
15271 48 15319
0 45 76408
0 119 76407
15423 88 15511
0 104 76408
0 27 76407
15591 83 15674
0 80 76408
0 82 76407
15719 61 15780
0 45 76408
0 128 76407
15863 78 15941
0 83 76408
0 124 76407
16035 11 16046
0 94 76408
0 90 76407
16071 26 16097
0 25 76408
0 118 76407
16186 20 16206
0 89 76408
0 170 76407
16235 52 16287
0 29 76408
0 208 76407
16325 102 16427
0 38 76408
0 171 76407
16446 80 16526
0 19 76408
0 58 76407
16596 68 16664
0 70 76408
0 111 76407
16731 99 16830
0 67 76408
0 145 76407
16853 95 16948
0 23 76408
0 99 76407
17004 71 17075
0 56 76408
0 147 76407
17135 72 17207
0 60 76408
0 59 76407
17295 32 17327
0 88 76408
0 75 76407
17411 42 17453
0 84 76408
0 204 76407
17500 101 17601
0 47 76408
0 178 76407
17652 74 17726
0 51 76408
0 190 76407
17834 92 17926
0 108 76408
0 98 76407
17970 61 18031
0 44 76408
0 93 76407
18052 47 18099
0 21 76408
0 193 76407
18124 76 18200
0 25 76408
0 51 76407
18228 85 18313
0 28 76408
0 26 76407
18407 13 18420
0 94 76408
0 182 76407
18508 68 18576
0 88 76408
0 16 76407
18671 46 18717
0 95 76408
0 20 76407
18794 100 18894
0 77 76408
0 100 76407
18996 73 19069
0 102 76408
0 137 76407
19127 22 19149
0 58 76408
0 28 76407
19222 29 19251
0 73 76408
0 128 76407
19285 109 19394
0 34 76408
0 27 76407
19419 54 19473
0 25 76408
0 126 76407
19578 96 19674
0 105 76408
0 81 76407
19728 67 19795
0 54 76408
0 136 76407
19884 105 19989
0 89 76408
0 111 76407
20082 41 20123
0 93 76408
0 22 76407
20193 25 20218
0 70 76408
0 78 76407
20325 19 20344
0 107 76408
0 110 76407
20411 63 20474
0 67 76408
0 25 76407
20575 53 20628
0 101 76408
0 66 76407
20676 57 20733
0 48 76408
0 98 76407
20775 38 20813
0 42 76408
0 80 76407
20916 69 20985
0 103 76408
0 48 76407
21014 71 21085
0 29 76408
0 93 76407
21163 94 21257
0 78 76408
0 46 76407
21328 71 21399
0 71 76408
0 12 76407
21428 87 21515
0 29 76408
0 18 76407
21564 32 21596
0 49 76408
0 168 76407
21696 97 21793
0 100 76408
0 66 76407
21840 75 21915
0 47 76408
0 52 76407
21950 72 22022
0 35 76408
0 38 76407
22116 88 22204
0 94 76408
0 117 76407
22214 73 22287
0 10 76408
0 155 76407
22360 12 22372
0 73 76408
0 27 76407
22389 88 22477
0 17 76408
0 129 76407
22529 84 22613
0 52 76408
0 173 76407
22659 38 22697
0 46 76408
0 52 76407
22726 32 22758
0 29 76408
0 25 76407
22802 42 22844
0 44 76408
0 54 76407
22858 81 22939
0 14 76408
0 142 76407
22951 22 22973
0 12 76408
0 155 76407
23014 108 23122
0 41 76408
0 44 76407
23171 88 23259
0 49 76408
0 35 76407
23310 82 23392
0 51 76408
0 72 76407
23479 77 23556
0 87 76408
0 159 76407
23578 22 23600
0 22 76408
0 89 76407
23663 20 23683
0 63 76408
0 105 76407
23749 92 23841
0 66 76408
0 151 76407
23859 51 23910
0 18 76408
0 56 76407
23981 86 24067
0 71 76408
0 114 76407
24103 32 24135
0 36 76408
0 107 76407
24187 88 24275
0 52 76408
0 175 76407
24361 51 24412
0 86 76408
0 103 76407
24520 40 24560
0 108 76408
0 23 76407
24617 81 24698
0 57 76408
0 83 76407
24735 42 24777
0 37 76408
0 115 76407
24811 69 24880
0 34 76408
0 176 76407
24982 32 25014
0 102 76408
0 26 76407
25093 27 25120
0 79 76408
0 193 76407
25199 36 25235
0 79 76408
0 78 76407
25284 28 25312
0 49 76408
0 204 76407
25378 106 25484
0 66 76408
0 101 76407
25586 52 25638
0 102 76408
0 84 76407
25672 20 25692
0 34 76408
0 134 76407
25783 21 25804
0 91 76408
0 74 76407
25835 65 25900
0 31 76408
0 207 76407
25924 78 26002
0 24 76408
0 141 76407
26023 38 26061
0 21 76408
0 61 76407
26096 58 26154
0 35 76408
0 56 76407
26246 36 26282
0 92 76408
0 120 76407
26292 103 26395
0 10 76408
0 48 76407
26488 64 26552
0 93 76408
0 58 76407
26639 94 26733
0 87 76408
0 166 76407
26839 33 26872
0 106 76408
0 154 76407
26952 16 26968
0 80 76408
0 86 76407
27068 96 27164
0 100 76408
0 136 76407
27181 96 27277
0 17 76408
0 44 76407
27374 58 27432
0 97 76408
0 25 76407
27525 48 27573
0 93 76408
0 73 76407
27648 40 27688
0 75 76408
0 182 76407
27725 107 27832
0 37 76408
0 36 76407
27866 46 27912
0 34 76408
0 84 76407
28020 58 28078
0 108 76408
0 31 76407
28149 35 28184
0 71 76408
0 48 76407
28207 10 28217
0 23 76408
0 73 76407
28257 66 28323
0 40 76408
0 36 76407
28431 27 28458
0 108 76408
0 74 76407
28474 83 28557
0 16 76408
0 83 76407
28628 20 28648
0 71 76408
0 49 76407
28718 91 28809
0 70 76408
0 165 76407
28871 29 28900
0 62 76408
0 150 76407
28932 33 28965
0 32 76408
0 207 76407
28987 90 29077
0 22 76408
0 41 76407
29121 26 29147
0 44 76408
0 203 76407
29212 73 29285
0 65 76408
0 124 76407
29360 101 29461
0 75 76408
0 88 76407
29564 71 29635
0 103 76408
0 128 76407
29683 62 29745
0 48 76408
0 190 76407
29844 17 29861
0 99 76408
0 198 76407
29964 43 30007
0 103 76408
0 13 76407
30065 87 30152
0 58 76408
0 30 76407
30253 32 30285
0 101 76408
0 42 76407
30331 42 30373
0 46 76408
0 43 76407
30439 78 30517
0 66 76408
0 62 76407
30576 79 30655
0 59 76408
0 141 76407
30682 61 30743
0 27 76408
0 32 76407
30791 78 30869
0 48 76408
0 140 76407
30963 63 31026
0 94 76408
0 159 76407
31081 47 31128
0 55 76408
0 199 76407
31169 96 31265
0 41 76408
0 130 76407
31336 12 31348
0 71 76408
0 55 76407
31393 96 31489
0 45 76408
0 98 76407
31536 77 31613
0 47 76408
0 49 76407
31688 26 31714
0 75 76408
0 182 76407
31793 90 31883
0 79 76408
0 92 76407
31933 70 32003
0 50 76408
0 69 76407
32085 70 32155
0 82 76408
0 136 76407
32179 27 32206
0 24 76408
0 160 76407
32228 105 32333
0 22 76408
0 150 76407
32356 63 32419
0 23 76408
0 168 76407
32480 108 32588
0 61 76408
0 155 76407
32639 25 32664
0 51 76408
0 13 76407
32757 49 32806
0 93 76408
0 27 76407
32840 12 32852
0 34 76408
0 90 76407
32899 39 32938
0 47 76408
0 49 76407
32976 15 32991
0 38 76408
0 189 76407
33083 107 33190
0 92 76408
0 183 76407
33207 71 33278
0 17 76408
0 140 76407
33356 107 33463
0 78 76408
0 67 76407
33571 31 33602
0 108 76408
0 128 76407
33622 74 33696
0 20 76408
0 20 76407
33737 17 33754
0 41 76408
0 30 76407
33777 108 33885
0 23 76408
0 196 76407
33937 40 33977
0 52 76408
0 165 76407
34044 19 34063
0 67 76408
0 198 76407
34086 39 34125
0 23 76408
0 81 76407
34154 59 34213
0 29 76408
0 207 76407
34314 83 34397
0 101 76408
0 144 76407
34497 105 34602
0 100 76408
0 46 76407
34637 96 34733
0 35 76408
0 45 76407
34798 81 34879
0 65 76408
0 209 76407
34979 43 35022
0 100 76408
0 90 76407
35126 33 35159
0 104 76408
0 196 76407
35180 93 35273
0 21 76408
0 100 76407
35362 49 35411
0 89 76408
0 105 76407
35490 90 35580
0 79 76408
0 86 76407
35621 27 35648
0 41 76408
0 170 76407
35697 44 35741
0 49 76408
0 55 76407
35796 60 35856
0 55 76408
0 52 76407
35887 55 35942
0 31 76408
0 169 76407
36007 36 36043
0 65 76408
0 142 76407
36115 47 36162
0 72 76408
0 120 76407
36258 35 36293
0 96 76408
0 125 76407
36381 41 36422
0 88 76408
0 82 76407
36439 26 36465
0 17 76408
0 183 76407
36520 78 36598
0 55 76408
0 32 76407
36655 91 36746
0 57 76408
0 163 76407
36762 106 36868
0 16 76408
0 170 76407
36894 25 36919
0 26 76408
0 155 76407
36971 62 37033
0 52 76408
0 130 76407
37097 21 37118
0 64 76408
0 124 76407
37176 104 37280
0 58 76408
0 134 76407
37340 107 37447
0 60 76408
0 152 76407
37498 50 37548
0 51 76408
0 111 76407
37558 95 37653
0 10 76408
0 179 76407
37705 34 37739
0 52 76408
0 107 76407
37841 27 37868
0 102 76408
0 49 76407
37907 90 37997
0 39 76408
0 188 76407
38009 59 38068
0 12 76408
0 38 76407
38119 95 38214
0 51 76408
0 209 76407
38228 10 38238
0 14 76408
0 171 76407
38332 19 38351
0 94 76408
0 193 76407
38363 106 38469
0 12 76408
0 58 76407
38503 23 38526
0 34 76408
0 171 76407
38603 31 38634
0 77 76408
0 207 76407
38707 31 38738
0 73 76408
0 140 76407
38792 20 38812
0 54 76408
0 122 76407
38837 39 38876
0 25 76408
0 142 76407
38925 47 38972
0 49 76408
0 202 76407
39080 58 39138
0 108 76408
0 54 76407
39245 66 39311
0 107 76408
0 36 76407
39358 70 39428
0 47 76408
0 185 76407
39486 83 39569
0 58 76408
0 50 76407
39637 57 39694
0 68 76408
0 204 76407
39779 47 39826
0 85 76408
0 102 76407
