50
654 48 1729
1812 64 1972
309 90 993
2158 55 2331
1529 52 2236
738 13 1418
2146 38 2295
1799 81 1990
899 38 1292
788 23 839
1491 57 2295
511 27 833
1327 68 1728
77 90 1734
407 83 1064
757 28 1747
934 14 2343
1009 28 1877
22 85 934
257 1 1306
763 41 1589
39 16 1513
1419 73 1874
67 74 2454
588 15 1721
444 96 1774
1399 8 2251
1166 25 1230
128 7 862
1641 25 1870
1025 79 2129
208 78 662
953 37 2428
430 54 1901
2248 34 2459
481 63 1052
327 64 1021
346 27 1442
1251 34 1576
10 50 1103
730 41 1378
1346 59 1411
254 44 2400
252 19 1099
806 61 2210
419 58 645
721 46 2459
425 27 2003
1120 46 1384
541 91 921
