50
967 69 1089
1299 36 1423
527 38 2375
988 42 1505
1665 16 2057
627 63 1378
1089 41 1754
1592 10 2286
48 9 1927
438 24 1753
780 25 2424
653 62 1587
134 28 1031
471 4 2221
1088 24 1358
1297 44 1743
282 5 529
453 8 1586
1377 48 1745
543 64 1838
258 87 1382
13 38 2386
150 46 2008
1756 21 1799
3 65 2378
470 68 1342
430 2 2176
1211 32 1582
1846 41 2225
1663 92 2107
624 99 1516
182 59 376
148 15 184
286 24 2212
1196 15 1214
45 72 1637
471 55 2174
1459 100 2070
249 46 387
412 38 1885
8 2 1944
220 35 2071
1014 62 2467
811 31 2389
13 42 929
1394 100 1720
289 51 1512
330 37 1425
95 17 1562
1047 71 1319
