50
1073 43 2071
1631 65 2131
384 39 1903
290 36 584
725 1 2394
1105 27 2013
912 20 1440
419 44 1261
1015 71 1533
1048 63 1709
893 43 1384
897 63 1479
438 62 2328
1482 53 2069
1583 42 2174
2239 32 2414
1321 20 1535
1023 23 2386
853 56 1937
1546 33 1679
1625 74 2058
1663 35 2004
1001 56 1930
216 15 877
847 84 1438
1568 50 2414
85 51 2271
975 10 1720
1501 59 1721
65 14 1491
793 27 1793
821 77 2392
507 90 2354
2166 96 2473
561 8 1787
528 95 657
1271 82 1765
41 41 993
904 63 1047
1498 85 2243
1214 13 2338
630 2 1310
254 85 1061
1355 92 1802
1186 3 1532
1370 30 1580
736 23 1016
993 14 1991
408 98 2253
1136 2 1582
