50
562 14 1959
292 86 703
2257 51 2435
96 77 2307
308 85 936
2272 89 2380
541 78 1434
255 41 709
327 34 1206
15 28 1534
1102 69 1631
1242 47 1314
710 28 2364
329 54 1324
1238 40 2499
776 10 1671
1267 86 1397
774 65 1916
971 38 1738
1245 57 2145
490 59 568
1277 85 1869
1762 94 2359
197 52 1072
991 80 1452
872 14 1984
995 43 2402
1195 56 1405
360 69 1195
2070 51 2401
127 62 215
1930 43 1990
1558 61 2083
89 94 560
1455 84 2201
1145 24 1567
1035 93 1238
1119 73 1508
354 93 1583
1883 72 2381
316 56 381
438 97 861
1542 6 1746
641 78 1055
300 48 2235
222 64 1138
1922 26 2349
22 88 2476
160 47 1900
767 86 1961
