50
343 62 872
1349 6 2009
208 15 1596
670 32 730
686 3 878
368 54 1391
670 24 1282
1328 32 1557
406 37 1765
1389 91 2460
110 2 498
691 67 854
288 59 381
15 63 2479
901 53 1992
2245 1 2294
382 75 602
564 37 2262
1753 83 2223
1873 25 1960
41 56 1627
810 73 1691
1558 36 2254
71 15 735
485 70 2369
278 25 1068
141 76 1432
1446 78 1617
985 50 1481
1049 98 2068
469 30 2101
1236 2 1481
1746 75 2434
959 45 1484
1782 71 1858
1172 78 2247
262 7 2367
1703 39 2295
461 65 2458
514 27 1263
1457 62 2456
152 13 536
1732 63 2129
802 15 1373
2071 5 2221
92 66 348
2185 96 2424
1095 40 1949
1197 65 1463
851 71 1142
