50
1641 56 1808
908 52 1746
388 94 1127
639 24 717
1149 7 2244
1074 44 1399
1306 55 1932
2311 1 2449
1566 53 2164
621 56 1353
232 38 1753
154 8 1801
1063 61 2324
1663 67 1746
273 22 1914
1381 1 1822
169 90 2366
2216 98 2467
877 11 1272
257 41 2472
1418 14 1694
1936 34 1976
1939 52 2216
2179 58 2333
378 44 2111
732 15 1499
860 58 1953
219 61 2299
209 11 2282
477 23 2105
63 23 1004
953 47 2418
1510 90 1854
2008 51 2190
574 41 1697
861 80 2071
81 46 313
679 23 2486
1256 55 1562
1260 22 1590
995 17 1940
593 57 2464
34 90 1433
875 63 1096
1166 63 2180
1915 32 2336
347 57 1423
775 7 1533
294 75 1449
1136 34 1359
