50
174 95 1527
158 12 1021
700 20 1623
2307 37 2360
1299 18 1946
212 91 352
318 18 1072
491 12 2303
474 24 1154
1002 42 2219
814 77 1315
1175 82 1417
635 96 2326
1483 66 2496
757 63 1825
620 39 1521
1200 70 2191
243 86 1783
1677 17 2257
2371 40 2492
761 2 1389
2228 29 2298
1877 7 2134
1230 65 1513
525 49 1825
1052 99 1763
1585 11 1787
616 4 732
635 62 1768
1440 82 2198
1535 67 2396
394 41 1241
1552 12 2493
1116 1 2082
790 74 1490
84 9 2477
392 54 2101
179 38 1160
1591 8 1663
368 69 1194
236 56 941
1899 91 2267
317 29 770
646 23 1550
137 5 954
1116 44 1401
1009 77 1472
153 77 1862
529 42 2390
588 27 1364
