50
1333 27 1552
39 23 505
15 54 532
2158 61 2417
2076 62 2206
727 85 1543
580 18 2096
1278 16 2310
980 50 1043
772 95 1318
1018 31 2114
654 50 1708
273 34 1200
800 46 1939
2213 45 2269
886 43 1127
340 63 933
1865 68 2202
1607 7 2339
346 20 762
561 2 2373
89 27 830
1742 40 2254
1515 7 2188
786 12 2455
381 65 2444
1635 97 2163
1390 96 2260
1017 44 1499
1826 29 2290
586 43 1029
428 64 1077
230 14 1413
99 10 1869
954 11 1745
1776 31 2062
1613 97 2055
762 22 960
625 52 881
1115 98 1919
679 27 866
275 88 2409
1012 16 1085
699 91 1751
2016 32 2480
1527 72 1706
12 99 2401
175 85 706
520 82 2301
1281 5 2013
