50
919 31 1857
610 90 1646
548 93 1132
1931 50 2250
882 92 1667
652 61 902
891 73 1086
791 76 2036
44 84 1932
398 6 555
880 34 1496
10 36 506
378 6 2490
330 100 2295
162 49 2192
1331 88 1626
602 54 1806
191 13 2424
1116 75 1984
1753 8 1762
1687 3 1920
390 99 741
1169 21 1664
1575 66 2490
903 45 1682
14 89 2258
1193 28 1338
1323 38 1703
339 20 1153
362 24 1081
261 57 1718
312 100 581
1004 26 2453
438 31 1915
103 78 1195
716 13 2030
718 82 1268
80 7 1540
1076 11 1697
230 37 1332
582 38 1362
264 17 388
873 57 1959
1585 34 1964
825 36 1056
19 39 2063
1892 78 2345
738 74 1861
820 14 2481
25 21 233
