50
915 25 2269
201 15 1804
1005 92 2052
200 48 460
1979 39 2068
206 4 1904
1899 97 2354
2186 65 2281
1106 72 1477
185 73 475
1076 55 1606
859 50 1604
2038 7 2062
1202 3 1576
1366 39 2203
298 9 2318
2205 49 2294
604 17 2182
1587 85 2245
101 14 1623
1742 68 2113
1149 63 1818
558 28 1218
63 49 180
2005 69 2299
1734 96 1877
1846 43 2151
461 59 1900
456 23 2232
169 73 463
148 2 1518
1889 73 2474
948 27 1198
242 82 1723
322 39 2451
291 51 1151
1546 6 1840
880 79 2471
283 32 833
6 98 1791
1549 72 2224
1238 2 2198
1629 98 2260
571 47 707
864 71 2321
1198 2 1729
1278 4 2030
1862 37 2194
845 49 2492
89 81 1989
