50
853 27 2009
1226 69 1402
953 23 1201
927 15 1012
253 43 2422
101 76 952
1623 50 2180
123 28 964
61 70 167
1716 36 2326
1766 27 2026
5 37 2292
897 52 1320
229 54 319
476 35 532
890 96 1910
823 43 1042
58 75 1041
1119 3 2328
1358 46 1581
206 55 454
118 39 923
2031 47 2133
1105 23 1426
589 13 1465
176 57 1508
38 58 2212
1931 5 2258
1048 12 2275
935 67 1558
191 1 1607
12 28 1249
1350 37 1677
1332 82 2318
298 70 1302
960 19 1952
510 47 1370
1030 93 2010
885 90 2045
46 78 1852
1434 50 1538
934 13 1982
147 69 1859
1479 74 2021
1131 47 2401
574 80 1256
923 21 1944
818 17 2195
1040 87 1873
1120 46 2406
