50
570 24 1818
1134 9 1865
660 60 754
649 26 1815
231 76 1732
1560 71 1838
1276 67 1482
462 48 935
1179 10 2045
1073 75 1688
1092 53 1579
117 27 1000
874 72 2119
1343 28 1406
1058 62 1215
53 52 429
652 18 1973
150 70 651
1525 69 2416
767 54 1905
257 83 2123
655 8 1223
872 34 2022
387 37 924
28 57 2143
1233 70 1303
431 42 2327
775 33 1563
962 33 1848
1051 36 2494
929 55 2110
2191 14 2343
218 44 488
1080 13 2150
2083 53 2360
1016 88 2376
469 5 838
1908 77 2393
923 7 1242
70 35 1714
726 23 1482
807 50 1948
540 28 1778
35 23 421
809 37 2493
790 79 2100
642 5 1689
1955 43 2004
1272 65 1934
1479 31 2070
