50
350 25 2214
6 67 1115
414 31 2444
1891 70 2081
727 78 1160
122 5 413
978 69 1194
1494 98 1909
92 57 1308
1943 75 2140
819 44 1578
1253 59 2424
630 29 1932
624 23 1368
1219 55 2284
1997 89 2115
98 88 2116
151 49 264
1465 44 1655
131 2 1013
1240 97 2019
2059 86 2468
833 80 1239
98 10 1077
796 49 2364
860 15 1082
560 26 1020
718 56 2371
1592 64 2199
1268 93 2042
1777 62 2020
1604 4 1668
865 81 1294
98 49 1548
893 86 1564
367 30 1396
63 6 875
10 96 108
35 35 436
354 54 1497
1047 1 1702
1164 76 1456
897 5 1588
1112 5 2187
441 60 1866
134 92 1854
1902 9 2223
1072 2 2241
561 47 637
1799 38 1908
