50
1514 97 1729
367 71 692
1963 92 2386
1614 14 2256
1854 71 2047
563 85 1857
43 27 1017
2017 84 2115
1270 23 2114
1845 44 2100
461 8 2084
818 65 1741
305 52 587
611 2 1179
452 32 538
75 17 966
1744 20 2384
750 43 1956
198 35 1342
445 9 2333
1101 47 1422
1111 24 1640
556 86 2360
1162 63 1682
843 8 869
1763 67 2052
793 76 1420
1612 11 2250
1293 21 2257
911 69 2193
1218 11 2079
107 39 2441
869 14 1825
1777 40 2264
1871 95 2087
109 4 2409
1503 3 2139
224 35 786
181 90 625
1423 24 2461
1458 26 1508
1862 74 2018
1247 65 2058
13 56 928
1489 23 2301
308 36 1510
486 60 1866
1545 84 1816
20 95 1013
1506 89 1648
