50
460 80 671
178 21 1580
14 68 1161
1044 43 1089
248 17 2367
83 39 1815
531 39 1722
1227 13 2188
932 80 1947
35 24 2179
1868 47 2017
273 47 502
2051 43 2354
399 13 463
943 57 2480
666 65 1750
936 66 1463
905 86 1059
504 43 2473
1188 82 1950
694 52 1350
442 14 2253
40 67 607
1545 9 1873
386 87 2343
1383 86 1693
103 73 1413
388 30 1557
1299 86 2191
109 49 193
1315 45 2455
1229 18 2446
759 46 2071
1380 15 2078
197 64 378
307 33 1820
1194 47 1628
868 47 1392
985 56 2449
746 46 2309
767 42 1166
529 52 2193
1127 51 1802
486 60 2016
1092 48 2474
1631 81 2221
37 65 2201
1773 56 2216
1591 23 1731
1 67 928
