50
1177 29 1216
573 83 1464
1660 80 2019
1979 63 2399
161 51 2202
597 9 865
2239 32 2365
1 80 2459
390 64 2061
481 20 2331
870 94 2330
473 54 538
505 97 2209
122 20 1432
88 47 2277
2123 45 2277
606 25 2323
590 29 1770
534 60 1330
181 30 244
1963 12 1981
438 60 1316
605 4 1772
102 61 810
436 42 1940
798 46 1968
2037 99 2245
486 39 1116
1398 95 1990
134 81 1392
271 5 2070
582 95 1254
666 83 877
4 42 1777
446 87 2231
1027 49 2208
1031 49 2264
520 95 1042
427 64 632
662 53 944
577 88 1404
1212 41 1869
872 32 1123
1497 44 2477
336 48 1030
221 69 987
354 68 1042
1255 79 2109
2192 33 2347
1456 49 1717
