50
1540 46 2139
1481 84 1771
1005 47 1122
1516 38 1694
152 43 1774
247 86 2392
424 12 557
786 68 1694
946 20 1437
76 24 1871
1435 76 1904
1652 78 1731
672 73 1238
523 77 1710
2057 39 2139
2063 15 2463
1439 71 1798
898 98 2075
1761 54 2254
395 91 1661
657 15 1104
971 1 2028
1610 54 2268
1528 65 1894
1081 4 1804
442 37 935
1177 83 1855
884 41 1394
1000 51 1757
1071 95 1683
330 89 574
1601 39 2298
1673 74 2121
464 32 1728
778 20 2166
468 57 1101
201 12 2356
149 72 1470
499 62 986
71 10 248
555 62 843
1420 53 1509
570 72 1520
663 79 2223
494 96 809
275 71 1837
916 58 1082
1425 15 2247
1278 1 1670
1704 66 2090
