50
935 90 2306
545 98 2447
1096 71 2052
2118 69 2487
1487 40 2443
184 6 269
186 28 1676
1197 76 2006
768 18 1891
1112 14 2377
81 86 2054
177 47 2405
802 9 2124
306 2 1319
1967 28 2127
583 45 2439
1427 24 2262
1306 20 1448
985 61 1772
353 18 1078
975 90 1359
1923 70 2349
331 40 1392
307 13 1165
448 82 1736
1146 33 2352
1051 99 1859
294 61 2482
1290 95 1638
925 8 1894
1389 28 1882
1331 62 2443
2020 17 2130
636 75 2239
91 60 1556
221 62 634
1889 90 2062
1518 8 2120
1189 24 1691
517 22 2302
556 32 1804
306 53 1930
1087 52 1150
235 76 1834
898 26 1649
352 36 1864
656 24 2384
217 76 1309
224 5 289
596 55 945
