50
218 86 923
513 25 1738
1369 95 1764
5 90 1678
204 75 1616
877 97 1918
267 3 1101
5 60 583
373 3 997
383 15 676
639 69 1473
228 31 1282
997 46 1236
1033 57 1998
763 72 2223
251 49 460
1258 25 1809
385 81 782
90 33 1856
466 7 1266
1356 38 2052
2385 19 2451
298 86 2114
503 25 1219
1131 24 1598
1256 21 1342
883 24 2408
28 43 1951
409 35 2415
772 73 2478
573 52 2078
160 27 408
78 65 870
324 10 1169
1129 55 1951
298 77 2087
380 74 745
312 40 2187
354 81 1913
1719 99 1828
522 36 1179
561 75 1042
1672 10 2285
221 59 462
1274 99 2420
1135 67 2228
619 35 1144
1192 4 2205
157 72 231
108 5 2188
