50
79 28 1933
1461 55 1834
246 89 1420
2102 70 2405
1490 61 1598
386 7 2010
309 6 1568
116 44 1604
689 18 1903
452 12 1341
126 90 235
456 26 2019
181 85 1648
309 95 2005
648 41 1524
887 12 1420
548 52 752
657 100 1602
180 24 240
1936 2 2354
1116 82 1445
1227 3 2189
96 96 2008
120 38 2380
1525 47 2196
943 57 1193
69 96 1659
525 57 945
240 68 1733
530 50 1830
549 49 1678
96 62 741
23 33 1967
1086 62 2342
580 12 1470
1831 15 2136
24 50 1409
229 5 467
242 49 727
824 45 2163
1198 3 1970
966 15 1117
351 26 849
736 51 859
495 79 1221
1377 21 1461
1339 17 2164
837 94 985
1488 23 2369
1544 31 2146
