50
375 54 1773
733 64 859
726 5 1552
633 6 1472
1182 20 1522
515 98 784
1401 71 1525
1038 59 2019
1289 27 1650
1307 11 1935
336 27 1034
144 67 1806
937 21 1125
87 80 774
887 60 1364
1924 77 2044
1063 68 2478
146 49 2366
434 53 1310
1563 41 1901
257 43 1971
1306 16 2459
1467 36 2130
738 70 971
14 55 704
1828 4 2137
9 56 638
1207 56 1911
333 58 1948
851 91 1742
133 77 2099
1327 78 1803
1070 27 2290
1416 29 1535
33 39 219
1947 57 2029
723 78 1084
57 18 1066
1331 38 1875
169 89 329
171 7 1002
86 94 795
1000 2 1026
465 48 1105
201 31 559
717 31 1788
1236 9 1355
208 93 2387
656 52 2283
1138 20 1786
