50
339 12 1132
487 29 956
197 29 2342
2002 18 2454
574 36 1970
1082 92 1655
2087 34 2479
814 39 1764
95 54 699
64 19 456
822 34 867
117 11 508
46 3 787
1335 21 1999
449 69 696
93 80 2186
28 29 2039
725 41 1385
1207 94 1854
136 2 931
20 25 514
398 94 1897
205 79 2215
967 32 2084
273 61 666
354 29 2290
2171 82 2469
1300 66 1520
236 36 1145
539 94 639
1836 13 1911
1067 25 1187
1548 47 2268
585 63 882
117 27 800
549 85 1776
1732 80 1990
910 96 1432
985 58 2347
230 50 339
1266 67 2346
56 44 619
1343 50 2429
653 5 1593
1063 10 1832
753 1 2079
558 15 910
1652 16 1680
290 36 1562
1236 80 1756
