50
153 50 2023
70 53 2473
160 72 2242
557 56 1694
915 24 1634
1525 1 1845
1156 7 1251
329 93 1395
1799 71 2065
1383 18 1696
1507 85 1949
1472 49 1604
189 54 1137
1199 28 1229
188 45 1369
196 58 1939
779 100 1569
71 53 1057
179 24 582
159 32 868
218 14 1025
735 21 1643
650 5 1452
508 43 1779
2043 12 2226
1728 17 1785
316 19 1757
1636 72 2386
1161 54 1970
115 51 321
717 45 974
113 82 399
1184 68 1479
695 30 1460
228 24 824
1299 54 2301
112 55 1951
204 51 1301
1132 39 2424
580 94 2148
898 11 2148
1268 5 1731
129 97 1431
145 24 217
1792 88 2317
87 4 1222
427 27 882
3 73 509
1197 1 1455
1441 26 2034
