51
95 34 129
0 95 3799
0 131 3798
206 51 257
0 77 3799
0 56 3798
269 70 339
0 12 3799
0 78 3798
447 98 545
0 108 3799
0 83 3798
601 77 678
0 56 3799
0 13 3798
745 106 851
0 67 3799
0 141 3798
899 106 1005
0 48 3799
0 85 3798
1059 12 1071
0 54 3799
0 102 3798
1133 76 1209
0 62 3799
0 155 3798
1226 106 1332
0 17 3799
0 68 3798
1392 56 1448
0 60 3799
0 187 3798
1504 102 1606
0 56 3799
0 120 3798
1712 64 1776
0 106 3799
0 21 3798
1804 66 1870
0 28 3799
0 49 3798
1917 27 1944
0 47 3799
0 185 3798
2032 87 2119
0 88 3799
0 24 3798
2136 18 2154
0 17 3799
0 146 3798
