51
16 82 98
0 16 4287
0 149 4286
133 85 218
0 35 4287
0 112 4286
289 47 336
0 71 4287
0 194 4286
347 28 375
0 11 4287
0 29 4286
450 46 496
0 75 4287
0 188 4286
581 64 645
0 85 4287
0 125 4286
696 50 746
0 51 4287
0 160 4286
833 52 885
0 87 4287
0 145 4286
932 99 1031
0 47 4287
0 131 4286
1123 89 1212
0 92 4287
0 84 4286
1258 70 1328
0 46 4287
0 185 4286
1434 45 1479
0 106 4287
0 102 4286
1582 44 1626
0 103 4287
0 50 4286
1654 90 1744
0 28 4287
0 76 4286
1836 18 1854
0 92 4287
0 181 4286
1889 98 1987
0 35 4287
0 195 4286
2005 85 2090
0 18 4287
0 90 4286
