51
102 89 191
0 102 4061
0 185 4060
251 97 348
0 60 4061
0 169 4060
444 44 488
0 96 4061
0 52 4060
509 63 572
0 21 4061
0 124 4060
648 11 659
0 76 4061
0 16 4060
701 76 777
0 42 4061
0 24 4060
863 66 929
0 86 4061
0 48 4060
1018 93 1111
0 89 4061
0 140 4060
1203 33 1236
0 92 4061
0 41 4060
1253 23 1276
0 17 4061
0 207 4060
1329 106 1435
0 53 4061
0 100 4060
1533 46 1579
0 98 4061
0 194 4060
1653 82 1735
0 74 4061
0 12 4060
1842 104 1946
0 107 4061
0 67 4060
2030 36 2066
0 84 4061
0 52 4060
2127 78 2205
0 61 4061
0 130 4060
2252 42 2294
0 47 4061
0 205 4060
