51
42 62 104
0 42 3829
0 75 3828
126 48 174
0 22 3829
0 91 3828
271 20 291
0 97 3829
0 115 3828
357 91 448
0 66 3829
0 168 3828
529 25 554
0 81 3829
0 102 3828
574 64 638
0 20 3829
0 108 3828
710 102 812
0 72 3829
0 206 3828
838 38 876
0 26 3829
0 119 3828
936 24 960
0 60 3829
0 39 3828
1035 71 1106
0 75 3829
0 82 3828
1182 73 1255
0 76 3829
0 203 3828
1326 65 1391
0 71 3829
0 60 3828
1457 90 1547
0 66 3829
0 118 3828
1617 13 1630
0 70 3829
0 30 3828
1659 68 1727
0 29 3829
0 81 3828
1806 99 1905
0 79 3829
0 30 3828
1938 90 2028
0 33 3829
0 173 3828
