51
27 50 77
0 27 4256
0 180 4255
134 67 201
0 57 4256
0 22 4255
255 93 348
0 54 4256
0 201 4255
404 61 465
0 56 4256
0 149 4255
556 52 608
0 91 4256
0 130 4255
627 99 726
0 19 4256
0 184 4255
749 92 841
0 23 4256
0 75 4255
892 83 975
0 51 4256
0 196 4255
1024 66 1090
0 49 4256
0 18 4255
1172 23 1195
0 82 4256
0 60 4255
1228 87 1315
0 33 4256
0 46 4255
1378 105 1483
0 63 4256
0 209 4255
1549 36 1585
0 66 4256
0 192 4255
1651 21 1672
0 66 4256
0 83 4255
1741 98 1839
0 69 4256
0 87 4255
1945 37 1982
0 106 4256
0 186 4255
2027 24 2051
0 45 4256
0 186 4255
