51
17 76 93
0 17 3869
0 77 3868
124 96 220
0 31 3869
0 181 3868
269 64 333
0 49 3869
0 108 3868
415 72 487
0 82 3869
0 87 3868
517 20 537
0 30 3869
0 56 3868
572 60 632
0 35 3869
0 91 3868
696 16 712
0 64 3869
0 47 3868
801 43 844
0 89 3869
0 191 3868
908 39 947
0 64 3869
0 150 3868
999 47 1046
0 52 3869
0 176 3868
1057 29 1086
0 11 3869
0 40 3868
1129 59 1188
0 43 3869
0 189 3868
1284 100 1384
0 96 3869
0 172 3868
1396 84 1480
0 12 3869
0 46 3868
1574 64 1638
0 94 3869
0 111 3868
1729 54 1783
0 91 3869
0 209 3868
1837 35 1872
0 54 3869
0 65 3868
