51
53 108 161
0 53 4258
0 89 4257
233 16 249
0 72 4258
0 148 4257
261 56 317
0 12 4258
0 146 4257
419 13 432
0 102 4258
0 76 4257
480 75 555
0 48 4258
0 106 4257
603 32 635
0 48 4258
0 156 4257
654 92 746
0 19 4258
0 123 4257
839 30 869
0 93 4258
0 209 4257
906 39 945
0 37 4258
0 156 4257
1009 44 1053
0 64 4258
0 168 4257
1111 81 1192
0 58 4258
0 164 4257
1288 61 1349
0 96 4258
0 109 4257
1456 12 1468
0 107 4258
0 38 4257
1555 23 1578
0 87 4258
0 135 4257
1674 91 1765
0 96 4258
0 180 4257
1830 23 1853
0 65 4258
0 17 4257
1953 83 2036
0 100 4258
0 201 4257
