51
24 57 81
0 24 3414
0 88 3413
99 82 181
0 18 3414
0 43 3413
195 69 264
0 14 3414
0 142 3413
372 24 396
0 108 3414
0 73 3413
409 103 512
0 13 3414
0 158 3413
527 56 583
0 15 3414
0 206 3413
604 54 658
0 21 3414
0 83 3413
695 86 781
0 37 3414
0 194 3413
854 36 890
0 73 3414
0 25 3413
947 20 967
0 57 3414
0 31 3413
1029 21 1050
0 62 3414
0 105 3413
1157 83 1240
0 107 3414
0 46 3413
1327 78 1405
0 87 3414
0 10 3413
1425 33 1458
0 20 3414
0 75 3413
1504 96 1600
0 46 3414
0 60 3413
1668 72 1740
0 68 3414
0 136 3413
1817 12 1829
0 77 3414
0 109 3413
