700
6856 9 19831
12827 75 23658
12428 27 16157
14209 65 24016
2350 46 26386
7003 56 9295
21368 57 31089
27652 26 30754
2364 55 28750
16416 76 33434
10823 16 21702
18061 32 22050
23609 37 28117
9259 26 25068
8506 11 30741
10183 52 12649
19742 79 29345
15098 2 23059
10621 4 29435
21091 84 24665
14316 92 24489
11820 53 28533
5062 35 15384
10218 29 29656
7831 1 33046
3350 68 20447
5504 19 10377
22068 71 29021
29320 79 32974
1337 47 14015
12337 68 17788
16922 22 30151
24398 76 32966
4247 15 22820
11569 7 18240
29089 15 33412
11065 68 12988
6551 90 34024
12728 4 24695
6577 26 34587
21591 64 32958
18333 64 24821
11307 98 14796
8876 42 20390
8329 42 14259
24624 21 28772
13469 86 24356
14638 49 23412
4965 94 22305
17410 82 20247
662 74 6540
30638 96 31989
21163 62 22279
13131 22 33384
188 88 13403
21963 38 28834
29229 61 33792
15248 9 20607
5549 64 6616
556 36 15473
1482 65 13098
17041 49 28584
19419 20 26632
928 34 1978
20023 83 32248
10971 32 13330
11966 21 33959
3847 94 12155
8372 91 14013
6490 6 27644
2572 68 9822
3120 76 29651
4438 20 12896
12964 8 13383
2633 91 29883
5922 7 32946
19721 92 31024
17368 67 24455
12710 20 32325
25435 81 30315
4080 13 18899
7658 25 29350
3893 20 7854
13575 92 34329
29238 8 29588
13653 62 33563
12738 95 16068
10732 82 13383
4478 33 9432
19416 50 28243
14212 72 17534
7500 54 31107
21250 97 26724
3962 35 29642
16166 29 23538
2442 91 32305
10877 43 24091
8643 61 32422
5910 5 25150
1009 30 21745
2330 48 33958
17724 61 23652
10083 24 17353
6632 17 32422
6603 61 25876
6253 94 23544
14285 80 22034
7765 56 20313
1043 55 15666
8163 78 29251
17179 55 21398
16103 37 18831
1574 31 30639
31326 48 32009
2454 55 15815
8245 23 34635
23240 3 29837
3583 82 12762
11829 41 11905
115 64 10737
28497 47 31978
14933 6 18742
21079 32 26287
4436 9 19913
4249 28 23523
9428 71 26854
15972 47 31418
20081 15 30773
622 4 31801
25813 71 33526
5290 17 23394
25560 76 33648
21416 70 25336
18859 91 22035
3291 22 30585
5910 37 20658
8793 9 34295
13370 64 21818
7890 18 14333
14661 38 21278
12614 93 28143
25722 80 30427
26145 92 33486
17005 16 34288
13492 74 15401
11259 22 14953
11863 35 19076
3301 57 5403
27789 28 30296
1174 26 26755
2740 23 16766
2794 41 34446
9438 27 19665
4164 71 9926
14018 66 31475
11971 29 27363
17 4 10398
6550 60 11541
9525 40 18058
6034 60 21686
22126 10 34528
5534 8 23202
6315 99 17361
11613 43 23323
9491 4 33179
12860 82 13853
1115 15 10404
1311 21 16889
8695 12 33363
438 51 5840
5336 52 34994
3021 84 8654
1544 81 18298
6912 13 8320
3590 46 16983
19793 1 27174
30047 70 34467
16354 90 29738
2876 29 4101
12524 80 16014
1187 100 19584
12398 87 18935
2846 73 17785
13519 21 25789
13362 45 25594
19136 98 33046
3701 88 14772
1180 74 6996
11353 57 32941
2767 60 4373
4281 54 25830
18982 77 20520
23471 47 28359
12781 31 16579
21323 42 25922
18880 92 22567
15639 93 18334
7264 12 31355
11248 68 22723
14888 86 22894
4040 37 20742
10271 25 19627
27246 36 34442
16734 40 28247
6552 30 23825
19431 53 29646
19651 94 29001
4438 55 19950
2587 56 12110
19904 33 23150
24117 70 34049
2606 8 4898
7142 83 16370
12719 29 29521
1110 19 5002
600 35 7636
25077 30 29694
7676 4 13159
13199 23 18574
5127 47 6180
5840 75 26724
8919 57 13213
19722 46 23346
8103 22 29834
24459 79 32517
24132 69 25748
656 77 13034
9577 21 34883
11820 68 16719
20672 61 27302
14978 91 26393
18224 14 30194
11539 9 12755
13369 62 26156
11522 3 27732
15722 24 24829
15914 37 32741
11837 19 14835
4742 10 10585
5735 7 19278
6177 66 23810
14315 5 30521
6544 84 31542
15616 31 16026
12859 80 31192
10082 12 17674
12204 91 18869
8172 43 27437
4945 90 23466
29792 11 30493
19872 51 25044
354 50 20559
851 31 30519
4323 57 28564
99 84 6413
7989 32 27621
751 99 8239
8905 55 19945
3533 48 30438
25394 59 32502
7406 58 8516
14112 3 30595
31795 25 33579
11313 39 30786
14670 49 29211
7759 69 22783
15291 76 32148
246 94 1017
25420 40 33051
10323 46 26644
5583 45 12783
11994 61 21277
4646 59 9880
4004 76 7326
2964 41 10799
11336 66 15501
11848 1 12279
12414 3 18680
10054 37 12266
18316 2 19428
23636 29 24424
15048 100 23816
10265 49 21740
8580 24 14773
9311 67 17575
14105 87 34277
1434 95 1851
12356 8 21468
7906 36 20703
11052 73 19040
8696 8 21523
606 1 718
14790 65 24223
6163 71 9671
6770 65 24781
5129 78 17463
2976 52 4799
5706 57 26536
6422 79 14209
27393 17 33152
8639 48 21503
25536 38 28385
30150 69 30492
6291 26 22297
1643 58 17606
3407 32 19616
8201 74 33235
2868 38 7274
3285 93 10765
18112 1 26951
25242 65 33846
5928 36 14692
11990 1 18872
4975 45 16141
1631 20 12189
9568 84 23962
2711 88 8615
25488 57 25634
2177 79 11741
8759 80 22027
9463 44 14519
8470 98 10800
31444 96 34804
2124 79 14263
1155 92 17503
167 22 494
3911 32 24959
3996 1 24356
7292 9 21471
10459 100 14764
14294 70 23821
8673 71 29582
6685 31 31365
14662 84 25538
13116 34 13551
11248 40 21022
19658 3 32866
20903 47 34976
21174 26 29925
13324 73 25107
11327 74 19433
11342 82 27851
2387 96 15974
9874 57 14838
8610 39 19945
16855 43 29459
14597 46 15835
1057 60 30181
24295 96 30731
8120 63 11704
19462 57 33369
30962 69 32075
8720 9 8787
4309 45 32849
4793 89 7794
20575 54 30427
1783 1 13113
20401 41 32570
5204 40 33991
14670 84 27543
7297 24 20663
8942 96 23339
11612 25 20610
4405 78 7934
8166 10 9678
15944 57 21753
16565 68 17224
9582 40 32483
22161 29 32198
18155 96 34820
10799 61 29874
16505 30 26862
8685 24 22900
34022 15 34344
17135 34 24093
5997 54 18749
22381 3 33391
5578 56 34491
3254 59 3477
221 55 31863
6964 96 9263
13869 64 34983
24403 6 32279
34557 3 34805
10622 99 20336
22028 56 30806
16215 80 31013
17011 59 23940
12628 53 33422
6019 97 18980
30516 44 31503
11132 58 15532
6303 35 21821
2818 72 26275
9841 65 14622
13683 31 21646
28887 42 31403
5030 45 30370
7060 41 21665
4516 85 11247
23296 16 34216
12382 13 13161
1914 24 8918
26952 94 33357
24441 56 30287
5559 94 28372
12940 41 32196
10254 52 31178
15286 17 31269
10468 83 17825
2370 48 27100
27172 58 34144
13864 85 21312
3490 55 34336
8854 51 13362
7329 30 12262
15413 45 30218
6307 13 21573
17727 41 26082
3532 19 11616
9694 70 13059
3642 33 10960
151 54 29139
19017 10 19325
3230 64 31098
10400 83 24255
1404 3 3025
4909 76 28838
1538 94 7512
19071 21 19228
7975 54 23742
958 69 10439
5444 86 14739
13808 47 21980
28453 24 34725
3514 24 11316
31875 73 33085
21781 94 24251
9257 28 11212
26027 25 31725
3972 36 10058
17833 72 31879
12995 65 25726
4750 30 10370
13044 86 33671
6431 35 19073
20883 91 27382
11391 46 27068
19037 6 30263
2665 96 34508
12566 2 16167
15399 5 31045
27724 6 31626
18805 32 26292
11367 65 25136
3319 98 16375
14437 26 33009
11399 16 34876
19399 98 30759
25382 8 32036
8936 79 13559
25369 95 29830
17821 29 22594
20326 9 32809
1195 43 7491
27073 93 31714
9602 58 29782
7885 78 17330
7085 21 33363
26437 73 27121
305 66 1742
17379 8 31373
738 90 30624
11589 20 26871
6722 15 7441
4993 11 24502
4632 13 34654
8960 74 24660
5508 31 6138
4003 81 34584
8211 74 16845
3578 39 33555
8875 93 23680
15565 24 19580
17864 32 18430
7508 62 30264
12148 45 28286
22113 67 29305
9562 72 15851
993 93 32161
6762 97 10644
3910 72 3989
26084 6 29547
17185 6 31662
7917 46 22158
781 90 10662
31296 36 33670
975 36 12722
12849 14 26672
1010 85 8239
27920 40 33079
16247 66 34313
6213 18 25583
15841 87 20825
2855 21 4685
19571 76 23294
27035 22 29518
23981 78 28166
14426 92 28669
22161 47 33971
7885 49 28397
13113 12 25079
28150 73 29864
5757 8 27516
3896 41 9856
12440 33 18157
4831 54 13487
8076 52 28685
26821 57 28776
11550 21 20973
20773 59 24738
9657 31 27680
13299 41 28705
4532 35 19048
7711 72 29568
3587 54 33711
11236 40 34646
18680 41 22544
2698 84 6018
21185 39 30782
1853 100 27022
2631 63 13221
5139 96 18079
2418 64 25512
389 23 16763
8586 97 10046
5434 22 6433
4918 68 21901
9428 52 14631
12565 83 13566
168 30 981
16269 55 25313
14143 76 22980
25996 47 29386
7440 29 31379
940 86 7693
710 84 7374
2717 94 11146
4342 20 23179
23608 42 28753
4315 5 21294
19301 100 23908
23671 88 33355
25932 1 28495
5092 36 26160
11528 34 34598
14705 60 15174
15113 67 16481
14743 94 20016
11539 54 22649
3973 25 30000
2632 12 31692
1723 20 15353
21964 85 31373
26348 19 31410
1963 5 33379
14026 82 29353
9642 12 10637
22555 17 28235
10760 27 13221
4133 3 7263
7265 44 13996
15304 23 23022
10542 3 33597
30231 7 33180
19330 30 32312
5020 58 10914
2433 72 27390
12517 21 14270
27563 58 28721
9658 12 14152
22513 28 30479
1417 46 3858
8708 98 13313
4435 49 15717
2934 6 14705
17451 71 27595
3750 50 25776
26343 41 26733
11600 54 14076
3850 2 22034
18910 88 33919
4944 93 17244
3103 71 7528
5549 48 26956
12234 9 18283
12295 30 15406
17752 37 32687
23458 91 24289
2116 25 5969
23602 85 28544
11968 80 25326
2996 78 33892
2771 20 26118
10602 87 18575
12416 41 21797
5022 53 7813
1797 21 18200
7893 3 25899
28226 67 34486
17001 75 29124
15 60 24431
1319 50 9558
27462 53 32457
29041 36 31776
2504 94 30035
5573 22 29704
12902 36 16955
554 65 10337
16443 45 29520
2395 96 10948
11050 57 20476
8693 36 34763
3473 79 6015
8628 26 16892
18054 43 24758
3399 30 14369
16656 64 26508
10124 53 23070
29155 75 33205
15087 89 15799
12439 22 20082
5739 18 14468
21313 74 31279
4970 28 15057
19173 9 20341
701 3 4176
9531 88 21725
9879 88 12179
23127 11 23353
281 16 33325
8252 30 14136
12741 19 21788
1335 33 22839
21230 90 26013
18343 26 29915
5373 13 31646
23312 7 34007
533 82 32394
11759 25 24849
13905 3 19101
7935 69 14055
17070 85 18981
10448 12 33030
20482 60 29189
11724 84 25348
11495 3 23804
22309 25 22429
22452 8 25115
6852 76 13169
5856 4 7617
2264 83 12422
22910 7 27270
8327 71 34346
17139 54 18781
10031 38 23152
12976 45 17716
22002 28 26324
17095 18 21612
6310 75 17343
884 53 23700
8180 19 34102
8566 94 12101
18805 16 30624
20067 82 31430
30157 91 31620
13190 94 24035
9739 7 21536
12450 15 30482
8761 3 15437
34182 75 34811
5133 75 25691
12803 48 18987
20027 34 33735
13920 82 23570
15811 48 20747
8390 12 18705
565 85 8473
25344 13 30039
12607 2 28296
17290 53 28694
14262 78 28428
4287 35 16405
10069 34 31349
23873 14 30614
11296 34 28169
10260 13 11335
13258 62 32536
18083 73 20457
6081 64 11671
