700
19136 91 25708
10239 91 34140
26104 16 34064
14805 13 21369
8325 2 32852
118 9 29556
14796 68 23949
5222 74 27908
27983 38 29106
17280 72 24504
8604 28 25187
17790 4 20201
8886 76 23530
11309 36 19402
23368 92 27061
20967 44 31311
5916 44 13659
16809 46 19003
12255 15 15699
15403 63 25512
19741 11 32802
13604 52 33391
3359 17 5641
5141 83 13997
5521 12 20760
27649 27 34705
18523 51 22215
4811 21 11521
14443 24 15073
15896 10 28280
9237 59 26023
20645 44 24156
11154 45 12634
2404 95 17087
8408 38 14469
6683 67 6953
15436 85 25882
4528 53 23127
28731 8 34077
2652 31 3335
27 47 24154
3361 96 31941
8307 16 33102
6103 35 32000
21470 5 32467
23621 29 32131
3577 63 20775
13758 86 34629
34233 43 34911
22448 68 27555
3030 46 31851
12615 88 17869
1074 85 7211
11378 67 13447
23847 45 28557
3259 61 33145
14282 87 18340
24273 67 34116
13758 47 27062
20731 39 26396
10711 5 18503
33076 34 33182
4157 80 7686
24801 28 28960
5863 55 16735
13152 8 28161
26944 32 33502
3597 81 14997
13958 43 23803
20173 44 29954
3347 93 16719
7298 81 8711
15128 15 23259
14025 97 29072
15561 86 18259
4483 23 13502
4240 41 6364
6995 42 33689
6657 35 14931
13277 50 32507
2717 67 17222
28243 49 28970
9275 20 24284
1797 27 24474
6660 29 34467
10687 67 17301
3894 95 5703
16548 34 34395
7334 32 16265
13462 70 15510
30049 31 31808
8898 39 18615
4521 17 23501
9158 57 33179
5440 74 22589
9269 78 14174
16976 61 18796
10678 77 17568
24138 2 24696
1027 42 14330
16548 21 18014
16545 6 23927
5574 83 21496
5984 18 27689
9981 29 18054
23410 21 32196
29329 98 30015
10628 54 25422
2869 15 33679
9002 69 28911
18993 89 20339
425 2 34222
6062 96 29600
2914 90 16122
10206 2 21824
7774 19 9257
12885 25 27643
9148 2 17101
14953 32 21098
8439 45 22581
31561 36 34864
25892 7 28924
17766 58 21249
23019 54 25919
8004 79 31367
8539 81 10717
9061 85 31355
25408 61 33362
21010 89 28723
7053 5 27363
20066 47 23020
26880 8 28251
3150 29 10530
1977 14 13660
26825 86 27005
8777 85 26814
4908 1 13810
6730 58 31054
4137 84 19970
20635 34 32210
9952 40 13381
7847 38 13827
13102 6 29909
26603 27 30276
21562 13 22212
6023 60 31831
252 12 10798
304 59 25942
6180 20 20474
28880 85 30487
10689 71 29995
17210 83 29809
16789 23 18059
29313 45 30782
11966 48 30640
16856 51 26172
14885 11 27203
417 99 32130
2460 42 4416
5616 30 32918
5912 94 21156
11867 14 15307
6721 76 34709
7171 43 33227
23406 46 34476
28614 35 29494
5161 64 21646
18121 95 26376
12309 7 32930
26640 45 27056
16824 24 17358
30376 49 33425
23443 76 26078
9629 4 28839
13586 65 20825
24397 20 30367
5103 7 25635
1101 39 12228
191 59 14408
27066 47 34675
6268 37 34900
21644 81 30083
12453 35 17296
488 81 12085
6287 16 14170
17268 14 31272
10587 79 24354
1233 15 6749
30618 84 31313
23484 3 31734
1995 2 22774
2572 20 5451
16758 20 23207
16631 4 33511
15399 97 31060
4624 90 18765
17166 37 20354
13644 9 27868
29830 21 30130
9162 47 9213
16330 1 27504
10362 87 28850
7195 35 26311
5787 91 27474
2993 69 29370
21423 65 26705
7016 12 12495
5480 58 11411
4665 33 20656
3399 72 28789
3363 37 18902
9918 63 22746
492 31 4631
3673 67 25658
20034 10 27303
1148 19 9269
2732 86 30817
19491 89 21646
14989 84 18421
12544 41 25742
21738 20 27512
8806 75 9188
6447 36 34737
1500 91 27236
16232 16 20666
8024 64 17876
606 51 28223
10097 58 28419
22520 78 23097
4933 83 33339
6327 72 26570
6353 71 29534
10121 64 32503
16980 34 27203
21585 32 31056
20006 81 22482
747 42 10244
1929 23 28145
17236 37 27832
15589 89 17268
4021 31 15798
26533 92 27845
1489 76 22210
7522 14 23962
29779 93 33288
14070 99 18705
5027 9 6255
32720 2 34753
17512 21 27251
1333 90 11031
1237 57 29111
31981 31 34341
31412 2 34118
5331 92 27675
3371 83 25726
2935 1 19980
16769 94 17506
551 69 32203
28231 12 29385
15306 95 19366
349 68 32954
1391 81 15641
12518 81 15512
2747 44 15772
1187 28 21761
7234 9 13245
15511 47 30408
3796 9 33852
1089 81 3094
3564 90 7761
5158 45 15431
26591 69 32043
15162 9 31221
1642 71 16596
15100 29 29173
454 43 13946
24002 53 29227
27763 15 34921
2584 53 8549
19897 36 24224
8559 78 12127
7681 100 32388
12103 25 24263
13822 73 22870
1460 25 24269
13944 99 16963
29602 56 30088
28196 42 30574
1224 79 2415
4520 53 28677
15992 73 25806
14244 31 28375
3727 9 22635
21019 16 30522
3568 75 13998
14877 42 30581
17592 63 33694
31109 93 33246
10268 24 12020
12140 17 13127
30824 62 32127
11259 34 15130
12551 59 33472
10933 12 24703
3994 38 20278
17127 26 33137
2147 30 24671
6868 56 8353
2499 36 21507
11877 18 28286
4853 84 34693
13224 39 32446
6115 3 33323
22153 14 32829
4648 38 5062
5713 44 15281
23241 43 32693
18013 57 27269
4965 28 30726
20402 61 27352
18487 94 25841
11707 4 14571
3932 57 15538
131 15 19007
17331 1 30734
2842 20 9773
7503 32 11360
25109 51 30861
18300 78 30201
25524 20 34721
20720 16 32656
16 88 4396
7000 28 22615
9057 45 10294
14211 83 32097
2769 78 33785
4622 2 29793
28398 2 32673
10930 40 13925
10822 68 12323
3714 82 17910
10648 3 12182
6466 42 12482
15548 49 34818
9685 35 11402
11712 98 11904
29044 73 34293
3093 28 17670
24874 9 30946
12697 36 18387
4255 77 13109
13581 79 16783
12480 58 12732
26020 25 32444
12581 98 24291
16771 42 27473
11809 87 33639
670 24 8398
14767 65 23044
30822 7 34187
6306 44 33002
26107 1 29700
7986 72 23183
17912 63 32262
1943 49 20388
9374 86 13390
25276 8 33030
22500 21 32242
24325 78 25903
17073 69 28598
9383 3 26038
2831 85 9572
15536 82 18233
11247 15 34031
21253 55 23433
8913 89 23443
10683 76 23198
21696 95 29907
6684 57 21038
14874 69 23202
7882 100 17540
1043 42 26743
24463 100 31558
19792 46 32105
13865 65 21289
21019 60 28606
10551 64 17021
1165 32 18581
15892 84 23337
14928 29 30178
763 99 12432
15512 79 24681
4388 43 33078
1274 12 8063
19552 79 30972
1577 15 4165
31778 51 31880
5936 64 28624
8707 56 32530
6534 96 26828
8960 24 25058
13717 95 16848
20866 51 31625
11819 20 33819
7182 29 9834
11295 9 22904
16745 45 17948
26544 95 28698
10464 53 32796
5521 83 26005
13993 91 19818
6852 76 28823
30193 25 34462
8218 18 23158
5002 98 32774
5045 39 30501
2680 42 31853
13057 95 28667
33241 86 33353
14421 40 29427
12267 97 27239
18047 51 28721
4590 50 7995
3954 47 5434
1030 25 32184
15259 47 29376
10354 7 16107
22105 50 29929
23688 1 33922
2018 2 31568
19626 83 24713
12826 36 15194
1756 29 16064
26222 22 29378
12167 58 33153
7655 51 18903
21224 24 24732
823 59 22506
9353 87 15902
15098 14 30335
17888 39 32783
8023 36 30965
13559 36 33258
7534 45 25165
504 61 25560
19443 6 29203
10280 2 17542
8541 63 19565
24099 47 32562
4927 62 8612
12437 95 15887
21981 78 33763
10464 58 17037
7414 19 27331
859 79 2626
4605 69 28524
18401 70 33846
20840 61 28453
16156 5 17223
9756 14 26712
6169 31 17609
15440 42 29549
2904 5 28924
34174 95 34553
974 17 27664
2756 35 20918
13657 36 34242
28346 18 33542
2476 71 16374
23249 81 32079
5301 94 6295
9025 10 19610
24945 20 30909
14530 91 17106
6222 46 31114
1208 99 22900
2611 80 13737
3475 80 31790
27907 36 34168
19316 66 30238
8430 11 33977
9823 50 18492
11211 37 15735
16778 79 26565
8949 37 30690
12130 94 33993
3404 82 24523
3669 46 33945
28017 49 28485
11851 8 34644
25657 78 34707
1577 3 12622
6602 64 28495
9591 84 14948
5532 47 21714
10807 59 19513
1414 82 20464
291 77 8541
11911 56 22498
10822 2 24333
2308 64 5848
29680 40 31644
1583 10 34420
4105 19 31727
13992 68 28262
20796 46 21831
13962 68 19979
14568 26 30886
19527 49 32348
27922 29 34558
24284 54 34919
20225 95 22062
16020 34 24116
2182 51 32463
5564 79 9312
29665 33 31081
7278 15 17905
214 13 8677
771 26 28786
1787 91 3020
7297 59 29969
4093 47 21548
4566 67 26722
1938 66 13950
1045 30 13372
521 64 15401
11798 70 13008
15694 71 22196
5978 6 25474
2447 6 9498
20395 98 28525
22018 83 31923
3230 65 11231
6595 46 9164
13518 2 30470
606 8 34742
9434 22 22540
3713 56 18267
3139 42 19489
15398 22 22171
3565 64 30056
8183 16 10060
3215 40 6561
31813 91 34161
23793 15 30340
4808 66 34969
16868 35 30551
19556 38 30630
5399 84 16122
520 45 4228
14254 96 21740
27771 21 30847
1899 9 22157
8677 17 9139
12296 72 26573
28940 54 33879
15939 2 26883
23128 66 31923
9574 23 33312
8598 87 10629
4567 79 26302
20868 34 33865
17939 94 22804
241 100 12268
484 61 4340
26466 43 31373
7561 5 29643
9377 34 19263
5991 16 8673
3847 38 10420
23515 89 32173
5546 69 9490
8948 21 32732
13058 57 34931
8098 31 19113
6255 9 25101
7438 33 21964
26044 44 32323
12590 65 20730
9132 82 19774
13486 11 27022
3077 79 26209
751 85 2417
24490 61 30168
10101 75 11572
19186 58 21118
9542 77 10246
25162 72 29897
6034 26 31710
2690 42 34277
12445 13 21037
4282 36 16718
5358 23 18748
527 25 4553
24859 58 34051
23242 68 31542
2549 46 19642
14469 40 22568
11126 70 32971
5794 69 26190
8024 28 13549
5522 12 21017
23571 10 34211
20908 12 28727
11219 53 21927
23729 63 31057
2339 17 31522
13377 93 21801
15036 27 29408
16752 9 26996
715 84 23313
5975 11 30271
16552 58 31783
5457 23 21628
2716 67 22980
23014 76 27176
9335 86 19552
29292 47 30254
1574 5 17430
11741 1 27892
5307 86 25502
4840 45 8348
20770 48 27550
3478 90 9663
15943 30 21319
18620 70 25417
2631 29 18022
289 6 12412
8928 65 9368
6893 83 27155
24999 21 29831
17295 87 23153
30620 42 32549
28700 90 32309
22678 29 32985
23850 32 24526
7298 80 28038
26196 96 28640
21788 29 27810
32681 84 34416
23181 36 34764
15856 83 19871
32187 76 32716
1508 84 24223
22848 37 24344
3713 43 33379
259 99 28190
1923 63 15482
23066 51 27810
3280 17 34310
1152 29 22472
8904 95 21606
17432 23 19174
8591 77 8841
638 7 2676
3461 96 21800
12975 91 27199
2767 3 17557
3097 41 12299
4978 74 18950
1699 32 4540
2057 90 14102
9955 86 11622
6850 80 26733
12147 53 23717
2098 54 28048
3636 44 34554
13208 8 15879
8424 63 20322
13678 56 24627
24349 47 29157
3319 23 34807
27240 69 31191
12780 63 31173
3960 18 18674
819 76 29354
1188 37 26810
21013 22 33977
18865 90 28647
6310 32 9412
9908 97 25325
255 93 8999
19414 36 29791
6544 12 23248
17336 46 30100
3102 48 19228
10105 26 18180
14645 12 15721
7900 59 18385
12961 83 25988
12006 33 29165
11218 63 34491
2938 85 3080
28354 19 33626
24647 8 26309
15131 90 30750
1238 62 19152
16218 56 27856
17580 82 27642
25910 71 27427
