700
9256 34 20877
8072 8 21514
20875 49 31112
29787 92 34082
16610 57 24101
1963 28 17058
23818 60 25199
4537 78 30202
7616 74 20375
214 74 10311
17494 56 25142
8450 99 8781
9319 72 17617
19791 89 19909
3756 19 4479
4117 77 9185
20060 7 23569
17444 82 23702
17091 96 17537
5080 36 20903
12017 65 30380
27267 69 28120
6422 1 19924
11055 9 33101
7270 24 23189
3629 39 32663
20506 44 21960
15946 93 19097
21202 76 27721
4081 56 20476
11378 25 13316
22045 61 33249
18638 29 34556
2049 62 14422
775 29 3296
16037 6 19603
18844 35 21706
1789 51 29917
18192 18 30300
17004 69 20171
313 89 20618
29286 2 31873
803 61 8080
7922 8 12696
8137 27 33374
10211 80 15311
7342 90 20360
19577 63 32513
16834 21 28575
8974 58 33767
6807 96 31101
4911 18 34978
1343 44 30449
8443 95 34592
7786 57 27894
2470 56 32089
782 70 24260
27458 51 28414
8104 75 26416
5515 9 10980
8658 50 19811
4168 13 13972
11690 8 30806
14255 17 21484
18569 60 26197
14542 50 15968
8077 70 16348
3244 92 13249
355 91 16529
16443 69 28806
678 86 12692
1721 58 10652
1131 8 31804
2865 64 7948
19738 8 24809
16526 39 32539
14625 94 32699
28741 14 29214
20208 57 32000
18385 76 33408
14061 33 14144
19432 45 29360
4654 35 18920
507 13 13515
6504 82 34399
15988 20 32549
14327 87 31522
20079 9 22532
4991 58 18883
2291 69 28085
4108 93 33277
1382 27 18119
19325 17 31807
41 22 4359
10879 23 28019
10420 93 29452
22226 41 25665
25699 1 29732
10098 75 31593
8099 33 15870
1617 30 10630
7096 31 26789
31275 60 33818
9370 69 27364
1007 54 11968
10579 1 30666
8571 17 32204
5928 34 10042
3672 89 17699
24940 99 32978
12991 63 28848
2793 20 19702
3484 49 5878
18815 76 32554
53 98 32901
1065 35 26810
21886 57 34057
9710 81 20316
17399 88 25454
23405 91 31258
521 59 21530
25022 52 25349
10951 80 28661
4573 94 33740
11216 17 13539
1308 31 16433
19078 58 22307
3641 74 15650
10212 16 15231
6904 61 21353
3770 23 32704
14440 58 17503
20087 28 23932
9471 67 21313
8038 76 9071
22320 99 28142
30388 40 34746
11353 98 32307
1409 37 25315
14669 90 16169
3059 88 19192
5724 53 25326
15044 85 28517
9730 54 24533
7868 57 31973
10253 7 25629
11968 23 32801
14948 72 28172
27016 100 30353
4373 6 6013
5144 49 32127
14610 49 34613
8257 77 34282
5649 4 19871
3119 65 29081
16537 11 29001
10564 75 15392
7593 72 27603
14830 78 34286
15773 47 20036
12043 90 33115
13301 49 22039
380 42 23203
22999 43 27005
19901 66 31498
20297 81 26416
1031 35 33091
15767 23 16736
15479 64 33369
17918 74 24381
19340 54 29306
25253 100 26799
4020 53 17982
5461 92 12403
15999 30 31361
12107 94 34927
5489 4 22969
8008 55 32330
16008 44 30502
3141 10 24382
9147 68 26853
7654 76 23308
6716 48 24349
8573 59 14313
5678 24 27634
15309 6 20702
7521 2 20685
1564 14 13177
16836 21 30443
8519 47 14604
9786 49 33952
7079 39 28243
20021 1 33929
9093 1 12040
1470 33 30696
8934 55 30503
4157 88 31934
19305 22 24501
13935 38 32785
10950 13 13281
14568 67 28339
10227 91 23735
9993 67 31003
27210 35 29679
4492 8 34540
17133 79 22407
12381 72 14473
18470 57 27575
32993 94 34975
6236 89 27836
4592 67 32863
5076 71 20977
27235 31 34548
17675 87 33955
137 54 23590
614 93 3251
4420 39 29708
4720 72 15512
24739 44 30600
9432 26 21411
11277 9 28118
1583 99 21293
21953 75 25564
2795 70 19955
61 18 3143
21019 90 22811
17201 27 25226
16956 34 25015
25985 9 32192
5199 25 21038
12876 61 31221
18374 43 28917
4890 22 17952
4190 5 4647
30418 93 34008
767 52 22713
20844 13 23961
2283 47 15746
11268 90 14980
30047 26 31945
332 93 21000
7142 19 31607
1262 60 34124
641 45 939
15013 28 21553
12376 95 32378
24368 98 24898
9480 70 29069
31981 86 32902
21782 72 28540
1515 77 19403
1967 55 9964
6609 11 19392
3885 86 4523
5443 61 18272
7886 1 22433
14604 2 22344
6740 23 22337
10952 18 19883
19561 92 33106
12964 52 31836
5610 80 12837
4968 68 9449
6376 31 18633
3807 24 26436
11742 78 27983
5665 55 12879
25319 38 31324
3903 24 23154
1748 46 22343
12790 77 29069
3756 53 21538
5250 98 27136
1668 18 5553
22356 29 25414
24822 39 25221
9224 26 14444
5398 16 23036
12044 48 23340
13569 53 19428
21245 57 29187
8561 4 26129
6688 18 21589
4823 85 13406
15441 3 25542
13757 79 32253
880 55 29659
1149 83 32568
30055 21 33001
24893 52 31804
1586 14 14966
15088 65 30353
3906 75 18889
7160 95 34553
4670 61 10643
4770 23 28864
4474 88 13139
30330 60 31453
18615 7 27046
22684 98 32959
957 88 6291
2668 33 12201
23610 84 25290
15669 8 22017
6298 90 16831
4582 26 27764
8769 25 12790
12161 3 22506
28435 51 33394
15076 31 29452
578 15 34152
16761 89 26468
3214 89 17881
16758 50 28566
14632 42 31937
19205 38 28811
19017 9 19819
4555 58 29411
925 74 3848
384 85 34312
33351 88 34863
34158 41 34733
8312 52 17798
12714 48 30403
9878 48 24394
24293 76 26581
1320 81 10522
15705 8 28375
15882 56 22437
32151 32 33814
2253 60 12973
984 47 32423
16172 13 21916
4293 95 32419
27598 20 30926
7686 64 18381
10734 68 11304
18461 2 26554
1437 32 4901
6721 91 34422
12358 92 32363
9070 23 14199
7534 39 30963
3325 35 24382
16801 26 26664
7464 37 33175
16422 17 27078
4253 12 10907
22869 7 28877
5085 89 22902
19910 40 31681
13276 34 26791
2465 9 8493
12238 53 20618
23449 42 33935
3714 37 18303
3125 73 15938
1129 69 7574
5124 91 20601
20636 95 28178
21010 75 29664
8588 53 30157
12253 95 26468
9811 85 28493
1433 96 17844
9075 10 16200
29682 36 32532
527 34 33887
13623 57 29229
17062 81 25117
3102 59 4641
9548 73 21206
25263 35 25521
22394 57 30157
32361 78 34119
3059 37 9874
14198 68 29333
18246 3 22696
1307 45 9055
5331 54 27998
14802 10 19733
7607 51 17045
3381 93 16959
8572 9 23097
788 68 940
10266 33 11200
4022 84 4192
3957 35 26697
19484 52 32691
7646 74 21054
14480 90 26783
32764 5 33334
12261 31 34342
30326 87 32908
7211 72 18093
3087 24 3139
12368 17 18364
14461 88 27680
16097 26 33499
19803 12 29303
1584 44 33362
3436 17 8223
19169 61 26692
2493 30 22066
28124 14 29649
19852 85 20371
5364 83 12681
8814 71 33890
1766 44 20549
17881 93 26278
5441 12 20930
2807 29 4028
5894 49 7429
9012 91 28413
5524 40 33671
7277 100 10713
20712 89 33686
13448 94 27053
17292 5 30459
8423 29 26717
6600 51 12357
5477 92 7428
15569 10 26833
31095 85 34972
6168 32 34956
2706 94 33529
11131 33 13691
5656 76 22401
30086 84 31805
23532 29 28734
5073 8 11925
6695 76 28195
7085 11 16087
5660 20 14812
14458 43 31956
24963 75 30112
7928 65 8351
8395 3 17206
18385 55 28623
12321 60 16746
1045 14 8926
3561 62 30230
24562 34 33343
13180 31 30235
8649 34 18723
10538 10 31632
8890 10 30020
6280 81 15262
1385 31 15635
27503 25 33070
305 20 24716
271 41 5201
2049 58 11807
12584 67 13738
27367 9 28123
13349 31 22267
8812 79 24379
7397 6 10773
19220 81 29534
11747 52 23604
7770 57 16214
32003 18 32751
3558 59 21659
26367 54 28675
396 59 14342
3592 35 7779
12851 35 24166
5627 29 32372
15871 70 27637
2169 25 22453
12884 32 31711
1048 52 27921
3308 70 9055
1306 27 20250
9599 4 12585
4189 95 21372
10039 3 15730
14507 13 22976
1371 38 33311
2021 69 29611
11832 91 30223
26223 88 29661
9082 91 32891
12769 97 28046
11930 40 22941
439 6 3316
1882 91 4398
16765 26 28721
19079 95 34063
18346 76 32548
14923 90 34854
1588 51 26261
5192 20 19319
20105 84 32554
5620 50 8000
12386 55 25375
9826 33 15339
12 29 8784
20866 16 21539
2475 27 19005
3088 12 33495
12669 19 28321
10184 31 12774
10179 43 15258
19709 72 31598
13289 71 14446
6600 32 28711
32642 37 32795
2668 63 28505
24630 51 28172
5882 10 26147
26983 13 28757
25243 26 27771
27990 80 31830
8023 66 30508
3667 35 11009
3016 84 3909
2170 72 21932
31142 20 33744
5673 33 33492
12936 50 32501
5619 40 34513
18184 63 30368
14564 1 27706
3596 93 6245
2015 12 21362
8096 49 23460
12926 71 16128
3774 82 13276
20863 20 21930
10314 27 26349
18276 25 26175
20136 10 25094
3050 44 5605
4480 21 5873
15626 14 21164
5009 70 13375
15218 1 16282
6803 69 19928
14313 55 26769
24048 93 29564
6367 30 11219
8525 27 18122
15898 18 26294
1161 39 19011
10701 85 31247
6647 7 9962
16673 11 25354
30372 18 34318
6706 52 30183
11089 40 15975
3414 86 17602
282 2 23726
16248 76 23345
344 5 20218
2616 41 13561
13038 97 34165
11174 42 27510
1250 49 34109
22899 43 29179
24098 25 29308
16641 64 25667
14475 64 26262
9806 45 32482
16360 13 33409
21708 88 34219
4695 43 6329
12754 89 31652
11050 16 14227
5686 8 7821
10599 72 29123
1034 96 16066
15997 10 18805
6864 19 31790
28777 58 30114
3564 51 30874
13322 31 16970
6966 7 19434
12371 98 18343
12792 71 28135
3545 100 12516
17524 85 33317
9694 70 34745
13055 97 19915
27278 86 32536
4551 89 29885
16092 71 27109
4214 58 6773
28080 80 33619
15188 94 19556
2476 29 18576
30190 77 30849
9866 92 22604
11679 5 30771
1415 15 27927
16019 95 30924
21836 76 31147
3330 33 29599
7997 59 33854
12865 54 26436
8372 76 23397
13196 94 20976
7499 63 16782
19602 56 22869
12282 88 31844
17285 15 21414
9443 47 29187
8055 18 8674
9912 41 16221
21209 75 32848
13125 15 13374
3461 49 3882
29052 78 29211
13346 85 24171
12776 31 26832
2071 12 6621
16816 2 31720
4241 13 20894
4246 68 12714
9928 34 27340
4606 100 15707
8408 62 27277
27290 85 29456
12718 91 34080
575 44 13458
4195 42 23982
9119 64 25850
6857 9 32855
19651 93 28293
4807 10 5921
9887 13 23148
3830 45 21317
548 2 2874
2373 84 4929
2383 83 12113
29621 11 30567
15056 1 28714
8226 57 31831
4144 84 20143
9908 91 27474
3363 100 20978
28920 14 32871
4458 23 5074
6512 78 11510
7997 17 32331
3 93 2789
17562 91 26744
11466 10 29292
10751 45 19480
4019 44 10709
1253 44 1886
938 79 7653
3850 78 18868
2986 53 23338
9037 38 9808
1529 29 13211
9680 17 24760
20347 51 23924
3771 31 29267
12612 7 24813
11273 33 11782
11080 71 15226
17353 5 17906
28832 20 32408
3066 26 7292
8700 86 17224
16205 77 24799
5222 36 9214
27551 71 34879
5299 78 16542
4626 26 7605
11240 23 27412
26895 72 27125
10940 1 14054
572 21 2632
9816 28 15403
13003 58 15530
8895 44 30673
2286 57 4325
13034 92 19792
1812 33 28202
21447 30 31624
21159 15 30144
8790 34 25514
2469 34 28163
992 12 12263
15740 61 19977
4170 89 8958
23319 25 34441
3228 41 30462
17555 49 24589
15314 16 25985
21755 47 34088
6851 59 11671
15378 29 23937
21576 36 26041
30626 60 34740
959 60 10303
1670 81 33549
17308 22 34596
