700
12306 26 15543
15615 42 34089
5427 40 25788
11053 10 31926
24749 32 27547
19092 13 29809
22669 31 31645
15631 36 33777
13832 10 34605
19185 100 31974
1165 45 28396
13947 10 17728
12296 82 15932
25327 88 30873
22333 14 22429
4078 41 10167
655 53 30534
13660 35 25916
4929 65 14015
11790 90 21480
2234 93 20779
30115 95 30856
3516 53 13707
28839 75 34712
12897 55 30646
4714 28 20318
9036 3 18673
12860 25 19194
6606 12 29687
570 42 9825
3407 60 6588
4564 10 5617
3052 25 17106
14218 27 19310
3732 71 28611
6123 76 12929
10841 85 34613
16930 12 22624
3425 36 29787
7820 97 25973
10298 100 22074
13169 25 21862
5698 25 22755
2936 54 31251
303 32 22865
8953 19 21063
7536 13 9981
15543 47 33077
3424 49 23118
6680 50 15202
1755 70 13332
28136 47 31580
12627 96 20986
10581 15 26569
6279 88 17405
14868 42 32598
10008 19 21683
31652 53 34875
5450 29 33471
2012 50 15335
27954 21 31961
5558 12 23836
8830 81 23518
16939 25 20228
15046 57 22798
3096 36 21944
4118 1 4464
3170 51 3545
11627 73 16601
20291 18 34365
18284 45 24397
15750 32 16862
2960 64 25154
3460 34 22906
4368 5 27392
13458 16 19386
15103 93 30123
5288 26 9509
17912 73 25804
5235 73 9293
8645 92 18794
21008 12 30559
17160 57 23443
12091 28 13023
13275 90 18847
22506 58 27429
5476 7 21672
19584 24 29393
8418 76 13014
9867 59 28914
656 37 5917
1855 48 9485
7261 92 8962
1527 81 21107
14239 13 27548
19435 38 21937
17084 55 29103
10884 60 28335
13065 81 31369
2445 49 25390
3612 16 26232
28763 64 30344
9574 9 22432
6091 72 10067
10679 51 15338
8182 93 11357
7200 86 11993
193 23 11721
10673 34 32297
5732 45 33479
2495 97 13660
11177 14 15409
6440 2 32566
4056 76 7770
1833 4 19925
245 72 5402
16033 79 32412
4089 90 7981
4117 53 32813
25505 68 30829
23490 6 32096
12274 78 21533
271 64 18424
22319 34 34583
6572 9 10858
21143 15 32677
2161 64 9574
5194 90 16469
24182 37 28689
22513 80 34585
14812 1 23400
2766 89 17855
1208 33 21075
4566 67 15915
10257 26 11894
4558 22 7444
5113 30 28934
5037 94 23362
6482 37 28960
19093 34 29068
3949 68 10136
9561 52 29976
5990 42 17516
6959 2 25551
17185 8 28869
9819 53 13428
12998 90 16055
16951 86 33377
2179 74 8078
7169 11 13106
18194 42 23044
14934 91 28984
11639 98 32908
32110 55 33614
4299 35 14680
10049 13 12875
9290 10 14394
7084 83 21221
20341 47 20438
7427 44 18955
3791 47 20370
12247 91 30396
2537 36 27359
7339 60 32332
4396 68 28804
8300 64 25078
4922 74 34290
6934 81 19351
847 65 23085
971 56 3131
18769 18 19393
3657 39 12962
8663 12 22921
5342 54 27899
764 56 19394
262 61 5739
12908 76 16747
21323 97 30669
2367 54 32046
13058 52 22655
6463 13 20691
21369 97 24842
12381 56 31355
14407 46 18096
9971 37 18929
5762 5 30516
3551 74 24078
6546 61 31567
16641 63 26487
10271 55 15972
16380 97 22202
13036 82 16739
20843 81 29468
8418 78 23571
1256 3 15191
14948 96 34767
15911 64 23892
48 12 34544
5686 88 12810
5925 98 6108
12349 77 34081
5748 10 15557
5862 39 6030
1179 1 5566
21310 3 34479
19572 11 32184
25837 44 26726
7616 24 32061
11617 7 14326
6580 15 24162
10449 4 17064
14460 77 33562
9494 5 15386
5686 95 13411
3568 70 22880
5685 86 19131
3342 6 24309
20384 27 26073
21446 61 26217
6926 75 20002
7770 80 13259
8363 33 34437
20530 31 24458
2674 44 4444
9725 6 11398
1882 82 33275
13482 9 17300
22307 30 33090
5210 22 30596
10456 31 22516
9717 57 22802
14412 7 16296
2224 16 28860
9148 67 16628
19757 3 28870
7562 87 30395
16893 61 21327
9081 27 18637
17101 79 33842
12444 17 32624
4553 72 18268
18283 53 31765
23198 35 25352
236 42 694
501 90 6689
32199 51 33001
4382 73 32546
18918 18 19542
17922 97 26036
20849 49 26323
16397 45 26809
19693 23 25499
753 8 17829
1761 26 23593
10889 37 32240
9044 50 26773
1267 58 1726
6599 83 8979
5164 11 18889
7491 73 9853
7521 66 32069
7152 75 13850
3094 4 7448
6641 7 33268
8717 69 24606
9468 17 34198
18070 95 19367
3353 4 21602
13704 57 32513
23334 26 24190
14533 41 21415
18623 77 23133
7296 59 23680
1423 42 20648
16354 31 23618
14374 66 18702
17647 15 25371
14402 10 33821
11480 90 19336
11778 92 14958
27219 25 27559
26299 4 33534
7651 89 16880
33049 25 34921
3585 96 5202
5838 86 29351
27570 9 34715
8659 82 30330
11153 63 27765
9084 98 18510
2893 87 22869
29213 95 29358
19329 70 20240
30065 21 32954
14908 23 28752
7922 79 17778
388 79 9292
25060 61 34046
11723 44 16892
651 3 15033
13144 17 21469
16182 40 18749
20867 66 21972
8167 13 26387
29748 17 34294
1637 80 6999
16457 46 24270
16745 98 17903
3678 96 27911
26331 60 27390
23733 69 26534
14097 73 16648
5999 36 25343
1335 26 11727
13117 90 30938
23096 74 26562
31003 39 32949
18720 64 22562
3043 12 16225
11143 79 12155
22468 63 32168
11521 83 31818
14762 25 26619
11081 49 29472
18842 88 24028
7725 13 31424
4916 36 20219
3785 74 4239
1776 71 24227
20148 90 34063
9565 92 25998
17197 12 28055
1631 26 4990
27875 70 28120
18545 10 33346
6219 96 31162
3061 22 15180
15450 64 19620
9420 11 10213
17059 24 27850
17834 84 21322
9960 38 19376
6728 35 23289
17229 4 31207
24912 96 34289
18949 64 33310
3941 22 5097
10848 35 17520
1364 43 17894
1784 91 32499
14629 94 15898
3095 24 18521
12885 25 28475
2857 39 22073
5170 54 22296
3457 26 17113
8878 13 13493
28203 84 34192
9226 97 27183
3390 27 12380
11725 75 29716
11560 1 31390
32722 9 32905
7960 34 18151
30851 98 32790
7213 17 12965
2868 27 4475
2463 4 4919
1378 85 16401
10218 39 22862
3278 17 34093
2531 44 7687
26433 35 31737
7617 80 9882
3813 39 26180
14371 50 17408
139 80 16665
12436 5 30549
8153 37 30917
16035 20 20626
5903 35 23350
1394 82 19936
5625 25 22593
26078 51 30551
14617 26 34802
11 56 27145
13233 46 18328
4411 45 19077
864 54 31847
22354 55 27411
9534 40 27641
18384 2 18592
1655 76 6669
7287 90 13973
18767 61 34133
5074 67 9883
3313 34 32832
20253 11 29198
7050 87 34983
17915 26 27166
6954 25 26679
25701 60 33451
10299 22 13294
1453 31 11683
6587 88 28538
10124 3 14520
18672 45 24618
24892 55 34645
15849 51 31634
14109 60 14320
100 41 11191
5947 71 8597
23887 5 31988
4872 70 22005
28508 74 34115
32803 36 33899
10983 7 32933
17362 52 28022
13293 81 19811
17559 55 34671
17027 78 17880
31100 1 34400
6021 53 13261
8213 2 29026
25650 65 28811
3260 17 17058
17480 46 34475
3921 93 17287
1302 16 9824
5231 24 27889
28861 74 30287
31687 28 33237
22678 32 34357
21589 94 33597
19379 33 27998
14635 16 29167
2626 81 27395
15620 71 26925
23169 77 25283
5216 71 21702
28661 87 33392
16961 19 28123
9188 7 11181
2798 40 24398
2844 100 21578
11728 13 18253
4610 20 20178
9581 89 32483
7868 62 32463
1542 24 7143
24136 61 26308
3410 53 23109
3394 33 13167
12176 38 12354
10338 29 22597
9556 12 23632
30666 7 33636
24120 34 24375
5129 85 32995
4505 72 34048
1104 48 13516
1538 72 20666
14957 93 24325
7611 3 12986
3376 51 16760
5227 4 7141
9929 67 27298
10398 96 14094
14580 35 16559
9030 83 11546
17135 63 29346
33414 20 33881
17518 8 29773
14410 32 17783
28512 49 32350
8425 12 17837
6533 5 13639
11365 73 22010
10894 39 12507
1519 90 13538
25253 6 30530
17964 3 32056
8203 88 21302
7986 78 34890
31055 77 32086
25847 9 34040
1555 47 22206
24317 37 32718
17253 46 17705
6965 75 31396
1497 90 28401
1341 93 31956
14547 31 25234
15868 95 31944
1854 11 32308
8107 89 20141
16001 86 17666
16235 63 20509
7256 28 28167
2146 11 23729
9641 34 28275
8929 23 22334
18024 98 32548
19939 73 28892
10752 89 29629
4486 68 27092
890 82 3710
14848 59 23891
1644 29 7626
9310 8 21742
5592 42 13709
33624 65 34250
5819 52 10538
20002 30 31703
1620 100 19827
25048 73 28732
22368 32 31266
13735 45 18001
10512 73 16552
184 45 12205
11987 40 34066
29392 1 30407
30737 41 33518
11123 7 30167
16225 11 19840
5589 39 20619
14326 86 34742
13966 34 17248
10579 81 22234
1251 95 25040
29188 81 30643
15271 37 33783
16542 53 21783
11132 78 25939
8228 18 16731
27062 48 30779
17410 48 31153
1061 14 31480
3406 60 32102
1458 15 7659
9380 3 33603
12235 42 30910
16774 31 34357
11932 69 31860
2373 24 12378
18623 17 31726
15324 37 16285
20 53 14123
8037 56 22503
7610 86 15545
5430 70 30370
6696 17 32926
3175 97 24783
12463 46 33259
9786 85 29159
6523 24 25317
9820 34 26925
15716 31 24893
224 80 12812
16768 14 18125
30750 64 30989
16065 50 27788
28570 13 28914
7421 32 22845
4779 38 15126
17376 43 28158
8996 70 34401
11138 27 31653
2384 46 30525
4852 65 4919
6463 85 12998
20685 77 29540
15442 95 18356
1970 26 7694
14512 35 21156
17519 40 24856
10959 40 23798
12771 10 13786
14577 30 27989
1859 70 19641
26275 18 34014
7579 34 22848
18750 92 33334
19655 59 33842
24942 43 27661
3614 60 13541
5498 47 8218
10093 84 26987
9687 85 11011
17586 41 33570
17340 97 19528
8274 98 33190
5675 71 12502
28594 92 33240
18757 24 28174
18394 60 26181
7705 69 28037
11068 85 12987
924 61 9679
15111 6 34067
12892 45 17951
22677 62 29959
8379 40 26028
3682 11 14834
21765 37 34756
11386 4 19040
17014 50 31394
8939 75 23267
7321 10 13085
3881 90 12135
21844 89 27407
343 22 30233
2736 22 6757
10556 40 11687
4688 36 22797
23114 80 32377
23029 67 31748
4804 33 24062
17813 60 30429
13591 91 16059
6999 97 25394
23698 69 26603
23513 83 30312
25986 100 32766
7539 33 16397
17804 39 18626
1867 62 2683
11564 79 15709
6843 25 22267
10922 78 22382
1246 8 16016
3079 52 19673
33175 10 33250
30126 17 34722
23685 97 29840
14166 62 23333
20182 93 26225
30686 54 32717
1401 25 26146
9062 35 22432
18116 83 28970
3763 45 10911
6398 28 26747
7372 53 34906
467 36 28733
19705 47 31954
19853 51 29026
8750 95 12616
10512 71 23601
17496 35 22593
24110 75 26936
20113 12 21027
3706 66 12851
3403 33 10790
10577 16 26286
22318 80 29209
6968 10 31048
15837 86 31924
17600 29 27814
7119 23 18183
12594 75 28943
878 99 26157
28610 75 31836
4736 24 34773
19146 40 32025
6444 44 17036
513 23 1711
17706 44 21897
13806 31 31565
14756 79 16969
11066 91 12716
20494 25 26173
3649 92 10665
10902 73 29889
9431 56 24755
3885 51 26942
12562 92 18196
19512 42 31719
1038 46 11446
15101 1 27777
27208 6 29543
22218 44 28741
13894 51 25383
19017 64 32854
2806 87 27856
12278 25 31769
3081 25 18939
6297 81 29630
1550 16 32195
10248 59 21020
16060 68 26428
13209 49 34107
6565 97 14727
2446 90 10478
399 50 6945
15023 78 31063
13840 62 32509
7721 62 19860
26815 75 34951
6614 49 12161
