700
17688 38 32718
19246 48 31753
5130 92 18507
22643 25 32483
4671 30 26754
20418 74 23976
18214 60 21682
10938 78 34290
6167 36 25802
26231 55 31719
20695 21 34968
12909 83 29259
4717 8 31525
6600 47 24965
6071 34 31402
2120 61 33363
9769 19 24998
14498 11 34385
31660 46 31775
5241 21 7871
4076 6 17170
25148 62 33176
9665 8 29070
178 75 30056
1687 32 22537
18636 8 30275
4667 34 32918
6082 69 25175
24762 94 29381
3358 23 10492
2468 66 29260
10118 76 15876
16443 8 30304
3146 50 15835
7697 36 21131
10397 12 34694
7296 84 33863
14593 36 31849
5342 1 15682
11718 80 15927
14587 96 27469
16936 91 34954
17297 14 28374
7453 42 14796
7388 72 29883
13689 76 32166
7020 100 22717
5589 1 10178
14735 18 26703
7732 84 28628
13357 82 15635
13067 29 30979
5643 69 34622
8290 3 18877
14025 81 21888
4364 30 25924
10046 82 20570
15697 25 20482
6267 61 22004
26417 81 27120
13433 84 30003
2253 93 5839
9849 58 19883
1500 86 14088
14269 9 20403
17444 72 21265
21264 85 24241
20332 67 25575
2195 11 12733
26180 73 33674
3258 32 33754
19157 96 24628
17159 25 25607
4832 79 31465
5019 15 21113
19727 86 24194
15529 38 20561
12110 96 22013
12972 77 29144
15200 18 34339
11076 13 13037
23104 58 25467
16145 99 21670
7669 80 8391
26365 71 28294
19570 12 25333
18559 84 28383
14984 34 22357
3855 30 21691
198 32 13867
26124 42 28196
24385 26 28913
2154 28 33583
2632 57 16337
2889 52 6184
4206 56 9853
14361 12 31823
4575 50 13603
8910 47 33138
18516 41 26178
25607 60 26157
31819 56 32642
19364 95 24099
2226 98 3682
3862 19 5854
14107 14 28666
10310 72 11073
5604 3 16872
14629 42 34164
25742 35 33558
11731 37 24330
8175 92 13085
17222 11 22724
24491 30 33764
6698 77 33196
9535 40 26188
4729 62 7747
14341 15 17014
2789 47 27064
3878 48 9165
5288 47 21279
15087 30 23883
21722 90 32802
12651 71 32723
2160 36 20627
22985 85 25207
21991 26 25667
120 79 4322
8004 82 32210
4969 60 32989
15471 34 22638
11292 59 30420
8660 64 19447
11332 61 13160
19943 24 31508
17075 65 17784
1344 4 31690
11089 68 17453
3284 6 4605
11711 76 18844
15496 4 22933
6804 87 10161
23937 15 34319
12120 39 20372
20779 19 30309
1368 69 13660
8219 76 11048
3637 96 11812
6631 49 10679
4959 66 23178
4678 70 29453
8604 6 29284
27014 61 30824
1411 100 13912
18270 21 28731
18349 19 31390
9584 93 14530
9270 2 14326
20164 56 28923
17089 50 34760
2701 53 24419
17540 66 18698
6850 80 27453
3433 43 12980
26285 64 31677
24768 51 34553
17846 32 20884
16634 5 26938
924 10 3015
10678 18 23571
2083 23 6706
1721 52 17800
11641 31 17594
19539 67 27096
24396 23 24897
19358 9 31674
2384 23 21961
12402 34 21362
14203 8 28619
19602 16 27748
4689 43 18080
15302 87 22303
30641 89 32024
615 56 5049
7962 93 9999
9483 39 20026
16938 32 32397
11660 59 28870
13499 50 19790
12 31 31177
13975 59 33252
11219 32 11420
7876 68 31478
6107 31 19263
4666 86 17831
5578 62 20257
17262 24 33610
19262 81 34158
17922 1 23692
9377 18 18440
5529 21 27959
6463 21 9225
13937 7 28815
3807 50 24851
15882 31 15953
3743 51 27350
9288 82 14827
10295 37 28446
4617 65 25522
5530 48 12165
7721 70 19074
12573 81 14223
15420 8 30064
6207 11 29852
4316 69 22110
17531 35 26149
127 95 1221
11062 87 22235
23421 75 24089
3593 41 8738
7122 42 11643
5146 77 30415
8713 91 18636
12722 83 28165
16635 27 18553
15294 75 25638
1737 66 17170
2100 84 30187
3952 36 26815
15175 90 28151
2251 60 34320
5090 87 26252
11299 73 17914
8507 95 20610
201 2 545
496 19 6784
3526 73 15764
8892 20 34038
10453 78 26527
19895 77 32154
7320 83 33693
21252 97 22657
13959 79 14508
1821 86 4510
15550 65 17640
24155 48 33179
19373 60 21012
18514 83 24964
14890 47 26973
24673 65 29867
15977 6 20467
2917 70 17370
4316 28 23918
27638 40 32028
8238 50 25992
25413 50 26664
5561 67 29060
1353 82 29554
16409 76 17686
22902 92 30682
8917 46 10211
19386 43 27647
5235 19 10326
17983 68 21852
32822 87 32978
9238 27 17877
11907 76 33057
15114 67 22161
32189 28 34590
19667 59 26133
17264 42 19012
6737 19 30316
3580 68 4046
23807 18 28455
20766 27 21576
14807 63 30206
31766 58 34681
5493 19 22304
1538 15 14086
14856 38 22827
8921 2 10305
15818 19 19974
8680 1 12973
9589 52 15016
25049 36 27813
5342 53 24166
25724 81 32272
11326 66 13723
10469 41 31655
8172 84 28189
24210 78 31156
5279 5 28299
28204 45 31166
27026 30 29156
472 92 17866
4072 41 24823
11527 93 12784
14467 9 16105
11086 30 19579
12817 43 30031
5764 44 15644
20428 66 23984
15313 17 17775
2879 10 29269
11500 97 28283
1900 33 5755
12634 59 24228
7295 21 15586
4162 4 29398
2776 67 5232
7965 87 12725
6210 73 24708
2650 32 19905
2799 63 5291
13002 22 25137
703 40 16997
8436 43 26997
6699 24 25068
13 86 16218
1646 18 14128
8663 66 21780
4218 56 12420
26947 69 27508
15474 32 28025
14599 18 15823
19601 63 25259
3646 20 30109
26642 63 29085
23554 57 26184
94 5 25570
16993 85 27641
9065 52 24057
5610 65 7689
20840 27 29545
22513 29 31420
1094 67 7481
31260 69 34325
18045 12 22441
5221 8 17291
27725 10 34856
18889 37 33894
15738 68 25943
25811 38 33717
14030 71 32114
9850 34 22888
27100 90 32776
16945 45 28730
31031 7 31601
675 90 29125
11252 74 29962
6424 35 25983
8334 24 19656
972 93 18336
11640 34 12530
15940 95 29358
2670 56 27659
5264 88 22024
8301 4 28157
16925 66 32057
10162 68 11108
1323 3 4789
4123 52 13826
2657 27 30666
16989 27 34746
9045 62 14452
10831 13 15435
3986 98 20276
13762 25 30504
7174 23 23192
4734 15 20060
28739 18 31859
20967 65 24101
5929 25 23369
11681 98 34006
6947 51 14850
17922 14 17972
9319 51 16716
26413 49 31365
8403 22 17363
18049 87 28761
21492 21 34369
30661 89 34029
9133 75 9689
4676 80 18060
10459 62 16307
17029 32 34656
11969 82 23770
19907 39 27601
18802 60 33269
17744 12 20713
5726 53 17229
623 91 6848
23151 75 30784
3572 45 20135
7142 23 23251
11174 54 17913
12510 29 13035
22230 21 22319
853 10 30230
4882 52 13032
901 67 33908
3519 91 8665
8814 15 26911
16661 73 24600
12542 99 20195
8782 92 13950
598 33 3213
4487 48 5232
9627 37 31175
16312 4 28133
6166 89 28061
7256 78 17956
4709 68 31707
1320 42 22763
12191 27 24258
13753 35 18221
13183 95 27682
14251 56 31299
16617 40 22900
1719 65 20753
25779 58 34805
11469 53 28592
8824 28 19472
14881 94 26472
16479 45 27561
16137 44 26068
6884 14 13652
13641 31 17139
438 94 12197
28550 44 33289
7775 49 17171
13218 58 21248
21416 44 25313
9118 88 20601
23026 83 34365
12390 70 16330
26388 74 31208
18995 47 28229
22496 87 25207
22021 45 23682
1927 22 26729
14399 78 18062
32974 59 33659
17556 99 28594
6723 7 16650
7537 9 31211
6052 46 27573
30905 81 31614
10321 64 23634
25298 44 33932
6929 53 28523
10771 67 14086
460 97 33808
447 44 8697
19728 80 25349
3382 17 4149
4147 83 32966
25250 48 28050
3189 92 13201
17194 89 20739
5876 24 13417
18088 21 25314
8794 72 28499
1445 57 11853
22186 61 32563
3574 20 3792
14776 30 15387
3333 91 6458
3945 52 26501
11616 36 26581
15118 44 21431
10293 18 18625
22750 46 22796
15630 56 17228
27526 9 34217
20234 47 33469
8244 64 28801
21354 1 22845
5812 26 8260
3153 12 11460
5448 99 10024
12361 64 14582
5086 80 28691
16304 17 21093
11535 80 29826
12202 73 23619
13924 95 31378
29362 35 33377
16429 34 27489
11857 64 23642
8411 43 28857
21383 18 23873
6112 16 7640
17736 27 22886
10411 37 12416
10886 69 16545
27268 46 33099
6655 81 17457
10197 50 21608
4857 11 5203
28479 63 34574
27637 53 30114
8283 88 21245
745 4 13157
13291 69 30870
24239 8 29387
427 38 9871
3504 13 19643
131 10 29637
7275 54 13011
9648 38 20471
6636 3 6639
11123 72 34905
15742 53 21825
19851 14 20067
14203 3 17454
6767 71 22584
1983 18 4134
6632 16 29682
3042 15 12518
8266 30 22239
26432 13 26600
16941 71 17781
2976 19 21326
23471 32 27093
29839 46 31818
4753 77 21155
23098 33 27554
3910 53 12933
6359 47 19311
18731 8 27307
2325 9 31351
12937 86 14396
6717 26 13329
27902 51 29272
16543 90 29519
6172 100 30890
11522 80 27550
15559 36 25410
14917 50 32201
4942 52 14908
10580 23 17669
6710 6 9252
7440 99 13434
13395 67 19216
25421 11 31095
2586 5 15763
371 42 3718
17936 72 32458
22982 14 23448
6672 97 12325
8068 78 8657
3584 60 10543
1651 84 33070
14384 76 29591
1800 25 6262
11695 77 28206
22343 41 25713
340 15 8114
2341 97 2522
2146 25 27319
12619 77 24438
16565 3 30014
13781 1 34949
4312 97 25714
27136 33 30740
2449 79 12071
11241 13 23481
13569 74 20629
15156 94 17285
24491 6 27787
11526 75 23831
18962 88 33906
5597 64 17659
13519 50 17364
14315 46 29051
15825 76 26646
1741 25 2519
30296 77 32386
9686 4 25789
23879 73 27412
15422 95 23499
8312 27 24839
3758 27 21576
32322 43 33587
9579 84 20299
19523 8 25593
18724 85 21854
10684 22 31563
318 12 15483
11066 24 21417
10034 27 17167
21725 15 29113
22412 75 30142
804 39 21837
5278 54 10005
15213 17 20187
5725 97 11901
23058 2 24499
21142 61 29239
17138 11 26607
9414 39 32880
3608 43 26069
18438 21 27317
15992 63 26783
5155 88 17050
3567 47 5486
15166 93 31928
9361 47 19850
9274 77 31183
3478 26 9422
17984 8 28521
22707 13 30276
28744 85 33777
20543 72 21169
5080 95 23709
12409 75 19536
3876 52 8012
14471 64 22332
17998 100 27898
20368 12 23236
18152 1 27298
7552 37 9328
4941 67 33561
8794 44 24090
98 52 16603
21717 5 30613
6741 44 34690
14007 55 27973
18821 16 21662
1222 20 30071
3575 34 28262
2872 12 17265
20846 65 26010
19962 78 28067
5091 20 26720
848 25 34156
7830 12 34021
24051 37 30413
6498 37 19119
3123 3 22141
17430 53 28921
14859 81 34176
13104 14 31635
29834 22 34433
4852 71 32807
7950 83 27642
2891 30 5998
10903 45 25104
7784 11 8219
14131 99 15940
84 39 27739
12000 34 29245
2062 63 7009
3732 66 21943
11017 7 20972
1897 97 30072
16436 4 21917
16480 26 31491
678 98 19408
1824 6 7386
28100 54 28820
6207 89 18621
29080 33 31394
27375 79 28839
12913 48 31739
8362 97 19341
10247 99 28659
5138 51 34230
23714 68 34515
7998 74 19807
30199 94 31872
21159 60 22556
26431 70 34388
32732 1 33311
6914 15 12660
14763 24 22854
987 10 13334
10584 71 18543
18008 16 33646
21769 8 34119
24654 30 27831
3116 83 18307
2420 40 22197
474 16 5237
1872 92 23312
21305 20 28924
2526 22 4799
4998 5 30040
7992 81 9036
1062 6 23962
609 73 31196
18088 78 24875
12033 84 25300
6194 6 16277
3526 91 11959
3311 22 15467
9452 56 17861
11706 98 29527
16402 86 19773
