700
16954 30 17133
31569 68 33447
9002 100 34385
6537 73 21043
7360 27 8947
10605 7 13193
25468 11 30696
5230 81 13446
4491 72 12432
8071 81 27888
15959 94 31999
23383 39 32735
12291 13 21176
20664 53 29642
21600 29 29848
15169 76 15568
14680 41 25074
3550 57 26328
33080 97 34217
15947 32 24318
32 42 10903
17899 91 34023
5952 29 8871
7534 2 20050
11810 63 20095
10022 43 15087
12963 4 21029
15292 12 16599
25114 79 31590
18639 34 23211
13501 75 29852
3958 82 16917
2668 59 28063
62 85 28150
5405 17 27688
19154 30 22365
19774 38 25389
7637 26 12546
27455 22 31897
20072 73 34857
2798 83 18221
18483 98 22139
2645 74 21914
5077 17 33224
13881 53 25459
3300 38 11746
3427 57 8235
23284 97 31279
1814 78 32592
2725 61 27756
4499 2 31640
991 62 33161
2068 59 14432
15649 55 29235
5322 14 29885
7993 62 33924
24384 64 29175
1197 64 4714
29237 35 32547
17470 81 29461
48 42 13107
28341 58 29137
14392 31 15615
16932 6 19670
8723 28 27820
2265 87 4100
17190 89 23940
7206 16 19553
6991 22 18850
19470 73 30130
19301 77 22538
4518 43 11979
9035 41 9228
4738 36 19388
7725 40 24260
728 11 2961
10128 47 18832
11976 23 21594
21387 84 24840
4094 64 28085
19464 80 23220
791 44 13541
6162 69 28984
25870 53 27040
4467 24 8716
7417 89 12413
15224 53 24477
13816 28 16780
2855 94 23032
9028 19 24245
19275 39 23285
6005 27 21399
20602 79 33714
8757 65 24412
21184 79 21406
13679 58 18529
23877 93 31992
5209 77 31240
14343 54 19957
9186 69 21861
4637 3 8864
12333 5 20664
20260 22 26176
1796 88 17077
5821 36 19795
3413 60 32178
5679 79 31749
2394 72 27758
18642 57 25711
1323 12 1669
16697 82 26197
10057 16 30783
2018 2 4483
16472 6 26001
3546 59 19181
9939 11 29151
15422 84 24959
7674 32 9472
9843 47 33190
15189 26 31356
10253 22 14132
4658 58 9868
22434 14 30973
18048 32 27802
8141 88 22547
23151 37 34308
11005 63 27027
5891 77 20382
6867 67 13597
4895 60 31178
15952 100 22127
27575 90 29301
14129 55 21875
7917 8 32752
12891 53 34933
20727 89 32102
27239 14 31101
3472 92 28280
20123 36 32287
30858 8 34249
26505 44 26614
7500 12 27114
10890 11 12323
1919 39 8109
13974 9 34720
9685 27 29658
10321 38 27299
3553 53 5081
20194 87 32779
27324 100 30571
2738 93 25814
5965 92 26176
3701 64 14107
4440 74 28885
30332 87 32294
22262 1 22617
19841 85 24243
1504 34 34992
12776 22 28947
931 9 16505
6565 24 13338
10794 67 16204
4191 61 20547
1036 80 22305
17328 82 34260
3996 97 10092
25516 7 28044
7683 8 10122
5660 16 30100
8805 17 12895
7792 67 13481
7211 60 30382
5104 43 31929
3354 28 24737
14876 73 28490
4333 87 9499
3881 85 20379
10014 64 13401
11985 25 27071
16207 80 23582
186 40 33482
9340 80 33374
16811 74 18578
18317 9 32450
9020 13 9863
3035 8 15636
1743 6 3359
2281 74 5053
23684 87 34466
4463 80 27362
20199 30 28811
8770 66 34194
29603 80 31603
14382 37 17568
5634 20 6557
8090 9 30845
2918 66 28388
6839 88 33366
10141 78 18865
23343 50 30246
9722 100 25050
13274 3 32104
4338 63 24997
14662 13 16990
5154 13 5841
16544 34 17793
9910 97 17786
16429 34 28719
46 70 2335
6676 39 26923
17064 14 33631
7286 59 13837
9604 80 15268
18590 11 24907
9084 2 23002
1574 86 30301
174 89 25683
21341 89 26481
24740 46 30678
10917 72 18053
153 98 7520
15967 92 24019
16769 14 18967
26727 12 29266
15166 17 20977
16580 70 31499
4765 40 22577
1624 21 26319
7101 64 10360
6245 60 34401
4037 65 15858
18608 87 26051
1482 12 22527
8295 16 11480
826 72 32210
16884 10 34372
4077 42 17374
3832 44 6979
27555 46 28038
14451 33 21602
3956 76 17697
15665 27 15889
15920 73 30208
7900 74 19802
10211 71 12054
8909 67 27738
4515 37 34215
8815 46 15891
5416 1 15023
9786 72 19680
5618 48 27525
9058 67 23399
2905 92 5631
8852 64 20665
2554 33 19787
18170 55 20295
14736 99 30916
5223 54 10118
11469 6 23802
12587 18 16901
16425 73 23118
22049 57 34532
6656 47 34998
16336 1 27010
6242 91 28471
1485 44 17519
901 35 11599
4896 95 11534
16930 51 25174
14589 89 27841
12881 50 15455
27396 63 30959
7 66 24020
13944 46 34571
30521 63 34113
2590 19 14325
9257 1 29214
3893 76 25906
8970 45 16633
14203 91 32043
16413 26 21695
5301 67 21590
9956 57 32165
17915 39 17988
9787 74 32227
22856 48 32334
5218 34 13313
9129 32 23929
30292 14 32978
24039 40 26818
7733 56 27086
14850 11 34704
10596 21 11249
13480 13 30032
21877 32 34636
23267 2 33455
4697 25 22075
5993 50 15180
13411 59 15832
33151 11 34125
11023 57 17615
6792 73 16341
1045 13 28740
10727 23 26181
14766 22 32076
7604 13 20099
19212 23 20225
994 5 1030
18263 21 28097
6705 49 10425
20124 97 20752
6772 64 25984
5374 22 20721
2995 37 16396
31557 1 32486
31674 49 32047
1826 52 15520
7451 79 30135
8536 62 19733
1573 38 11604
5998 84 17721
9521 58 19314
20293 26 30216
3029 36 14221
2640 6 27775
15887 58 33733
119 14 29313
10356 11 33630
14 48 17659
8824 49 33393
8801 3 24904
18857 64 32296
11064 85 18274
4073 24 27603
1991 43 26406
6450 86 19777
12209 13 20238
13654 70 21683
6418 88 20255
17621 48 20422
21641 16 22479
9691 14 14895
28979 23 32105
13193 84 16888
7306 20 20439
3513 27 30894
10013 26 33708
14984 69 17765
8072 68 29433
10072 36 12802
3791 93 34030
1874 82 5262
1801 1 14604
30173 56 30637
5428 57 14057
5537 28 13387
7473 23 28946
14990 25 18608
5974 9 26292
6678 61 33538
13782 5 21726
3549 71 29919
5613 24 20337
11975 7 18261
2188 86 4313
13125 92 33875
293 59 19421
6915 64 10497
10346 72 31036
18780 30 32570
13808 40 22482
2406 27 25579
3513 7 23402
24548 1 30471
1173 64 11929
9241 25 13068
8561 64 32575
9629 81 20851
12734 67 20681
859 45 3221
4589 45 19610
2753 91 15045
3418 34 27615
2883 92 31498
1730 1 28643
3640 96 26356
5985 30 20088
14917 53 26319
11077 74 23387
3323 13 17592
5507 13 31886
9414 68 19955
2413 60 7777
4791 65 13513
456 38 21968
3927 66 29544
15441 89 16939
5739 36 17630
6109 34 27501
13555 9 34484
263 5 20476
10915 50 26438
6411 93 24160
11261 12 20512
14810 36 22622
9223 76 15821
9858 71 14175
7188 14 22269
15725 24 33281
17946 17 30143
684 15 5864
9185 14 21048
23482 51 31693
5325 72 22326
23610 27 31126
12318 86 33246
2713 83 22283
15061 3 26040
27905 85 31160
7962 41 13253
5957 71 7907
28129 17 30278
14729 60 21131
4305 23 20535
24363 14 26562
5525 61 8836
5015 56 33604
17601 66 21928
10534 83 31445
9367 51 10822
14586 13 30947
27145 17 29118
22881 72 32581
4454 10 4591
19204 10 28973
154 99 29714
4743 13 10253
20402 57 29129
7174 95 14836
333 17 21531
15587 60 33756
23920 80 32563
23495 4 32664
14700 73 25637
29831 5 34519
17092 25 22274
6234 30 18259
12166 93 33685
4370 85 32748
1753 48 31556
1076 2 10063
17085 40 31868
3363 86 8381
18549 27 34175
31451 91 31559
5374 82 32066
13749 20 21720
9393 20 16701
25847 61 28118
7545 93 15838
4739 83 27328
5871 34 33374
2615 5 26904
3690 61 12808
5560 36 28116
23138 88 33158
1920 1 33455
1178 92 34236
1363 9 27066
44 57 17786
9777 66 21860
174 90 32082
15121 48 20157
2086 9 34287
17176 56 31604
4500 25 20836
25076 87 34443
25538 45 32717
27123 35 33028
5548 98 31348
12908 36 19010
627 28 16520
7083 20 22093
4916 70 16931
19698 81 27771
4531 89 6952
6341 72 21277
16323 51 25105
21126 61 25683
8777 60 13951
15333 51 33685
8131 39 17830
5532 59 14846
30724 6 32857
23540 88 25479
1851 10 26226
2444 76 11666
2141 41 24274
24323 60 33689
14216 29 26301
6450 89 22902
16658 16 31055
18411 14 19681
43 23 3259
25312 29 33772
15362 4 26490
477 35 22805
2305 41 7487
21712 77 28616
19359 62 20961
23487 43 28777
181 69 12077
18722 99 25833
19027 62 31509
11960 5 24477
12224 22 30217
16120 53 25548
279 95 19973
23786 10 24747
2704 45 20865
232 16 25724
2976 75 32252
5981 78 34170
14375 88 34229
20022 82 27539
1576 69 14949
11080 2 14424
12445 78 25517
10579 79 28054
1997 23 18972
2836 56 18919
11481 52 13430
7758 92 24829
21315 67 21770
898 44 19899
16566 64 28304
3613 19 17944
14573 78 32446
12671 41 23038
8193 41 26302
8294 52 34794
15132 8 27291
9140 48 19650
1941 35 32130
7381 8 20674
1349 25 24313
4379 97 23811
4700 19 31313
22984 79 29956
3083 71 15726
18582 91 33076
32484 73 32560
15443 65 31146
334 61 25132
5955 57 22216
9021 45 19435
12232 79 30856
29043 6 33328
1195 24 1773
11093 32 17806
7563 38 33078
2467 46 3967
17402 79 23302
22755 90 31074
24393 68 30688
32 4 8906
4722 2 31996
32497 59 32740
7295 39 21316
8928 29 34295
7640 11 19630
13541 9 21352
17830 29 25458
9830 97 28482
13802 36 24600
13491 23 15671
23262 99 23969
20901 61 26124
17750 3 24832
6575 12 16057
30939 61 34827
15543 3 32140
5514 45 24083
15166 71 16015
5977 5 23778
24769 30 25544
13508 23 19382
11489 80 21024
966 56 27837
14228 16 20937
8090 90 11268
6075 63 31543
24046 25 31915
22207 31 27373
7404 99 8310
9250 27 27600
5704 11 8801
3208 63 22945
13689 43 32489
3110 50 6600
4273 63 10515
752 32 4591
15430 44 26998
6096 74 13871
26035 52 33416
6220 67 30749
20315 84 29117
12935 8 25081
19106 59 22394
857 50 25818
10197 84 13781
21189 61 30305
26738 5 27226
11286 31 22310
13339 45 25925
13837 98 16649
1389 60 25179
3433 45 18287
4316 17 23589
12396 8 34070
951 55 12989
14069 97 27634
12379 17 23045
2422 18 18916
961 7 14854
8759 24 33939
1178 42 23454
10463 30 34663
7262 20 12323
1818 7 26030
2472 31 34395
12186 1 31180
10654 13 19695
17343 83 29456
30688 49 31535
13793 52 18356
27822 96 29140
20496 2 27536
8310 17 26927
829 39 14680
24878 83 25293
12798 62 13430
515 84 5219
16484 97 34094
4827 95 29314
9424 29 15991
8067 54 25059
15644 70 32329
1196 36 7669
2723 30 10490
2218 11 12323
25525 10 29175
12921 44 24006
6272 16 16803
30571 39 34320
24556 87 33236
27924 62 32677
12387 52 17012
8680 28 12219
14803 79 18135
9830 84 14531
3227 77 16119
13237 54 21053
10969 53 18113
1947 28 9023
11528 1 13544
14986 41 22084
5743 83 15126
27026 49 28732
4272 81 15180
1997 61 32093
4161 21 25543
5910 21 17570
3364 55 21972
24792 93 32965
3083 48 18445
3795 43 25765
9294 54 29753
27103 39 32521
19730 29 25333
20740 42 28736
30346 70 30758
13222 14 27076
11945 20 34405
1685 82 14121
17176 99 34427
8458 74 14889
3879 61 7455
979 64 20904
18461 63 23944
16034 37 20172
31033 47 32520
6511 3 23452
16115 4 30762
27148 20 33870
15357 84 29225
31446 74 32162
1077 5 33281
22193 3 29579
7772 54 21384
