700
6349 49 31180
14971 92 30323
2599 56 7019
5230 35 30183
8722 97 15178
9068 65 18408
6971 66 25549
12422 28 26472
7950 7 10872
19948 3 28765
15075 45 34757
10060 76 24736
3397 50 24510
13271 82 31272
13011 36 13274
17621 10 20572
26922 85 33415
29821 18 31516
14700 50 24466
11806 57 17296
12350 61 25703
13707 80 27608
17362 29 17865
24403 98 25325
4160 100 26542
912 88 1683
4373 31 12135
5118 42 28797
6360 54 27476
21176 27 24172
5063 27 9270
303 88 7391
3830 63 9513
22956 70 33310
3354 48 8043
16877 22 19089
2664 90 24008
12786 39 19359
6390 60 19021
27940 64 33380
34464 97 34754
9796 67 18620
12792 67 26924
30793 65 33236
11565 32 15442
1226 24 29409
18908 74 25847
11898 13 14772
1530 76 30272
13220 58 30983
24402 37 33029
8296 65 12223
7373 37 17493
10876 56 11890
6783 51 11063
26954 30 34314
17116 45 30155
9001 2 10802
1859 80 17300
15801 82 23315
4522 47 24095
9338 31 10215
1495 87 22700
20539 44 20967
555 70 13296
12967 69 34615
2784 41 26380
378 70 22235
14721 71 17951
3185 9 34303
6554 71 14509
15382 27 19208
2678 27 23212
12143 23 34402
1864 82 20187
4447 20 14932
4382 8 10383
2559 61 4834
23737 12 31848
3931 33 28762
6758 82 28286
23507 90 31366
6918 2 30813
12722 83 20424
24418 45 30176
4349 52 28736
25067 64 30709
7563 39 17513
10844 78 15066
28095 60 30125
10051 53 22672
7543 76 15298
2316 74 7909
26382 18 29157
9693 46 12781
5758 13 11145
21478 54 22231
9155 68 33889
11882 10 33211
4628 14 33214
30348 73 34469
6007 42 33164
4349 66 6234
11871 28 12383
7879 36 9182
27116 77 34683
16804 66 24740
1498 31 16606
4982 84 26548
10774 75 28849
14187 80 18791
26226 100 26354
9708 70 9932
14122 13 23408
5331 58 27550
11363 24 28283
25020 61 28142
29667 41 31090
2061 57 22437
4851 44 16873
16819 39 27561
3001 77 20364
15782 89 31488
11840 64 29494
9540 50 34527
16147 21 19801
13717 85 14668
11657 84 22955
9412 38 31635
1410 99 25487
10770 33 27725
7435 31 16615
8984 92 32008
3828 60 14663
8577 22 34140
8802 74 14439
23094 5 34635
10458 31 13873
13728 88 15959
11505 43 13032
6488 63 25769
15829 17 16948
13011 24 21411
8116 72 19407
10411 43 11730
5796 36 11518
4704 65 8417
9967 5 31162
11541 20 13100
26721 79 30371
22624 4 24227
16479 96 16767
18921 83 27016
13925 100 20351
6846 9 28241
21651 53 23109
24720 93 27303
10036 14 17246
27909 44 33338
5468 74 29515
22353 68 34204
9406 22 13899
17592 89 25676
111 42 24070
6922 3 15343
3013 56 15067
11352 94 20487
1851 17 22984
1089 12 14674
13822 33 17734
3795 42 3892
8770 7 31883
3909 56 24474
3661 65 26491
363 19 14222
29167 41 30795
25417 49 34494
359 29 33013
7590 3 34090
23266 17 27899
19459 29 31825
3601 23 6614
7235 74 19847
4038 83 34997
4997 92 20792
14635 41 17796
4397 54 28584
2864 1 23652
29235 21 34770
1563 79 32452
9260 56 31641
8781 31 26010
2482 46 11446
12872 43 30339
9550 64 26081
3470 87 8402
5733 36 7415
7907 94 21475
24900 92 34893
29554 74 30619
5002 89 7357
5443 58 29153
8632 89 28813
1271 53 17375
14072 26 22463
18431 15 33134
8368 20 25930
9174 25 18261
17229 63 30318
7985 9 21348
22479 80 26847
16797 85 30654
1926 98 4429
10661 53 22645
17469 45 33385
20424 5 34959
904 54 18261
5934 37 32685
25117 75 29117
24870 77 26195
1518 49 19412
11407 100 30892
30597 1 31519
6974 74 18873
7218 25 32742
11092 69 17682
19981 65 23062
28749 62 33952
2065 36 16520
611 2 31208
9941 31 17171
19144 1 22498
5624 63 31091
33297 6 34922
7486 63 24708
4109 79 5639
8465 43 12570
3443 42 10948
1002 57 29563
29235 30 32521
3597 61 12020
484 27 13493
18521 52 33670
6828 13 15743
16553 42 19851
10264 14 13167
14850 30 20174
11758 47 27581
445 69 33138
11270 79 34636
5051 71 5606
11073 83 19472
24913 71 30929
23891 16 31978
1983 6 29613
9637 43 20243
10978 5 26329
15399 43 32599
20106 17 29955
16065 19 16669
4731 50 31533
395 67 753
9228 84 11073
11682 17 28132
9755 15 20645
4847 14 32384
1618 59 15533
3486 40 8046
22459 59 33245
12610 51 25175
15652 24 19211
13092 36 18964
2715 94 34725
4475 49 26795
1827 32 28190
21730 27 26866
17335 1 34619
16928 88 33184
24875 34 32426
27272 40 30397
6271 94 23731
3109 38 3612
7859 51 34306
3936 86 26149
2395 49 20527
809 89 2392
935 43 24628
12915 50 24460
1305 16 12371
20890 63 23607
10616 5 10723
7045 80 26593
10339 23 15462
15638 68 22998
7177 77 24334
11415 84 24673
9108 21 14977
16326 65 30223
9929 57 21820
11477 85 24211
8042 76 26303
20194 13 26967
21281 28 22622
28291 58 32536
107 28 24688
2645 55 12994
19091 80 23568
21008 66 25024
10133 70 31477
1839 90 21825
6941 12 24589
8060 64 15993
25581 2 34702
20388 25 25640
4231 81 17303
26543 45 28952
6173 40 20964
15203 41 18391
10937 86 22910
4719 57 5888
14889 87 15939
9409 32 23138
6750 35 24366
22050 40 32380
20592 34 32877
16332 20 26117
20351 24 28658
5400 56 32963
5738 20 25081
25851 3 34252
28646 95 33721
4080 76 33792
13491 56 31674
10888 37 26935
4680 3 25750
17359 92 29259
19735 70 28275
21396 38 29270
15962 66 33387
7709 46 7894
10260 100 31990
10577 52 20218
10537 93 18136
1076 30 14893
8358 43 12426
5636 87 10078
4527 75 19990
24720 46 33452
28612 17 34253
4445 4 8694
17368 34 29766
29075 26 33318
6677 18 25082
1644 45 16111
25372 72 31515
14666 6 14823
14369 61 33202
15039 14 28365
4485 65 23713
25357 96 33740
4412 79 15374
4662 46 5483
9154 32 31906
6648 62 32670
12175 85 27299
12160 53 18081
5390 33 32740
27053 5 28239
7057 10 33353
4015 63 32585
6747 26 10249
16584 5 32851
17172 93 25437
997 11 23400
16499 27 26798
12454 11 12577
626 58 2243
31692 17 31801
17322 11 23835
2386 91 18292
7520 2 32637
13035 32 28155
17451 68 32463
2007 16 10407
10355 63 26892
11745 38 24171
22525 9 30676
12813 71 28697
3302 49 23570
2190 25 10197
2233 24 13713
10714 1 18684
3909 59 27325
18783 89 29986
15646 23 21441
8707 78 20355
5705 27 8611
6028 27 28177
7662 31 18896
24896 33 33841
7278 78 29214
8513 90 22927
19301 38 19404
2425 61 24646
14612 94 21158
10649 32 18598
531 86 1975
25329 18 28985
18056 49 33148
18733 24 24520
13022 27 15353
14968 1 28380
3642 16 27153
29389 5 29756
8678 79 24907
18381 73 33634
23763 96 28025
15918 41 33393
22695 39 26949
529 20 24614
13513 53 18926
2918 99 28546
14215 56 17823
1919 9 9533
9307 56 11247
8904 23 18707
11513 15 14976
12853 32 30784
22728 22 25394
16672 94 25910
2405 74 26193
20215 44 25297
1756 27 29315
12330 67 27502
21134 68 27908
12710 40 15881
1566 4 18761
13259 71 15099
23028 34 29329
25461 21 30145
29882 17 31670
18026 48 21923
16125 53 26945
5485 31 30905
18628 11 26526
13748 25 24112
31360 10 33840
8932 66 14142
1840 31 30653
12738 13 18823
3574 1 4828
21690 33 33076
6935 39 11475
15938 26 18088
13926 59 23966
10126 25 19737
2745 61 20999
3274 70 24034
4584 32 22000
7542 94 25574
8772 43 22344
963 75 18777
3333 79 31828
7839 7 33186
6395 91 15667
1858 97 5043
7928 15 22916
11980 68 17292
850 69 18574
2609 38 28320
3455 39 28774
1056 71 5136
5251 39 25679
16129 97 28437
223 83 1238
21817 20 32817
12766 28 21831
19415 72 33323
2287 24 9259
16935 81 34715
3217 67 17502
5058 78 17176
3430 68 4903
29200 46 31758
896 22 17842
22657 18 25814
21673 72 30438
9841 10 23543
5562 31 12752
16091 96 30205
14098 96 23763
10986 71 13623
19399 9 23447
16145 37 21766
10330 39 28785
24292 98 33482
3685 10 4008
6436 6 16375
27693 81 31067
3792 89 27741
29633 20 33417
11730 68 11849
6866 70 10746
3023 9 17522
17704 28 33962
3730 31 31344
1286 60 4837
5402 85 34261
26786 27 28896
628 57 15985
21479 66 29789
3826 88 22253
911 17 33139
4500 56 13818
4851 3 10315
16620 95 28869
25232 21 33825
13849 75 21943
14066 73 23727
18201 47 26661
3315 13 29120
18235 76 24154
11180 62 14260
25065 93 32294
26965 39 29357
15543 77 18811
4514 3 7121
20527 24 28344
13408 33 16827
984 89 33160
24828 79 27151
22440 97 23936
20780 48 21350
13368 95 26681
19852 27 26008
12701 1 29120
350 58 16075
9583 57 12702
8820 78 30132
8824 98 19261
1613 1 19125
2093 82 26778
3710 42 29850
25900 48 26482
22964 62 32754
11875 75 26056
1738 90 1910
18180 33 27700
15218 40 31904
485 81 34755
19864 99 24413
5067 1 26009
19750 45 23467
11489 16 18057
5413 86 34273
19677 75 27007
7159 74 15786
7068 49 7640
5928 86 12274
1698 27 16299
19814 13 30567
7191 97 17657
29680 9 33180
13567 83 30331
7762 76 11869
20104 26 30205
14738 21 31468
20704 65 32870
15555 65 23168
13759 21 14015
8057 89 34035
23656 36 23815
8675 71 28063
9584 22 25899
2148 93 29747
11237 61 14888
142 72 3348
30691 22 30922
12523 93 25102
6477 40 28941
10472 67 19210
1148 61 19436
7868 38 10026
9624 82 23748
3347 16 30449
142 59 5878
1437 79 25588
14707 54 33037
7072 63 14020
5309 61 23235
10933 74 23107
7763 76 30414
22375 74 27354
27674 65 28004
1861 35 13196
1579 6 14590
2347 56 6294
2883 33 26394
27904 33 32196
1459 10 8824
13550 5 25198
7492 89 16269
6019 86 19319
24314 23 34987
16931 89 21509
24363 40 27540
4929 53 13215
17124 18 24144
5188 59 18831
1605 80 30484
20949 25 28844
10879 27 23030
8771 18 33907
8597 86 30624
30344 57 30526
6630 74 18319
367 81 29832
3093 80 10110
21164 92 23607
1748 69 8903
11493 21 18526
29576 43 33396
25193 86 30065
17228 41 27309
4270 42 10392
11635 30 26671
11974 96 19548
25734 74 26672
5446 25 20262
17982 57 28330
16197 31 33479
12989 48 25761
7364 56 14394
14962 45 28839
7167 32 13642
3273 91 27144
22444 59 28343
21840 39 30253
21971 78 31256
11721 82 22923
9938 18 24449
12274 75 17353
28705 91 30360
16856 93 23178
2083 13 20090
22882 63 29209
8937 13 16879
18393 5 31725
18344 38 20179
2666 92 32460
13347 11 20511
5621 42 14268
8138 54 24316
6996 19 21416
4822 84 11374
9806 17 21002
9200 81 34656
22780 45 28453
28220 39 31190
5648 31 28902
2649 70 15228
5143 20 6731
16699 19 24969
3942 91 13492
9092 28 30447
11486 90 18460
2904 6 10474
10516 45 15541
2613 4 22944
6187 55 15199
946 18 22425
17285 92 30414
12820 5 27645
6553 49 26489
6930 24 28328
6958 63 20921
1959 18 6657
16180 27 28403
13787 27 23879
6780 50 13347
24704 97 32774
6066 68 20078
25407 72 33542
18002 82 33853
916 24 14209
14251 54 31349
634 30 2624
8080 65 9819
11284 56 24731
14869 52 30100
29137 21 33319
6776 97 26477
2641 7 13168
18189 27 19124
9158 17 29585
5343 19 15204
2345 76 3728
4981 14 24542
6601 23 14547
643 35 5877
