700
11386 91 13664
2610 79 17935
7638 43 11985
32816 16 33983
8902 31 18785
11671 25 29379
23297 30 34547
12301 23 15747
9525 26 28750
13291 32 16221
9318 82 17194
7436 68 21105
19326 44 21784
7853 5 25312
6111 86 9527
21265 11 34702
4880 74 33652
35 60 3298
16408 60 30098
143 55 26920
6145 68 7677
29292 15 31242
10267 2 31106
2022 46 14700
29100 86 32567
16937 90 21614
31951 20 34133
4398 10 7782
15401 85 25677
538 81 17812
2246 41 32750
2061 33 26535
3897 58 17865
17400 56 21614
7661 36 27827
11963 24 29094
4434 81 14803
4861 48 14233
8996 18 20050
26527 23 28689
2513 82 26291
32611 25 32686
3477 49 11870
4410 12 23872
2445 50 15612
12925 71 34098
19320 40 20340
23655 62 32647
4816 64 29707
18625 16 30884
675 80 17720
8677 45 21049
17709 16 29526
4270 34 27654
34438 8 34958
22653 45 33675
29731 64 31252
11553 49 32367
7156 78 7679
2732 2 29080
15137 8 25640
16366 68 25257
7472 63 14234
11236 19 24819
15187 46 30749
2650 82 3083
1315 21 23548
5590 3 9219
14810 9 29664
2541 99 29979
11000 52 26261
2230 63 19090
6780 77 7542
9448 60 32736
22151 25 25309
9368 72 22241
19012 2 32485
22 2 28846
16845 77 23848
32904 87 34760
13590 58 14683
19687 50 26643
17088 89 27738
20458 97 22765
9797 29 28582
17235 22 32550
4334 58 21674
3368 70 12608
18204 38 18619
13204 64 23340
243 2 4707
4022 78 9772
8989 100 31810
7658 45 32507
11643 61 27809
8143 42 17163
5648 21 14490
326 31 19937
30676 94 32297
11578 26 32882
13874 83 33082
5442 32 11958
21245 3 30729
32453 92 32815
64 63 5991
7565 67 31256
18767 89 34408
26855 92 31116
9529 91 17402
3071 53 33755
28620 98 28769
4554 61 30289
23468 68 31504
2169 38 21689
3908 71 31276
5700 79 13349
4372 93 6581
28182 14 31958
13475 35 23902
354 80 32312
21760 39 21980
21977 33 33741
28020 27 29550
18661 57 32482
11603 89 25037
22685 73 34787
7250 25 34200
1759 26 31690
5470 32 22840
2078 11 17959
2514 73 23872
8470 15 33366
11101 44 26962
12527 75 18006
76 52 34307
17772 2 23848
1486 95 2700
11423 72 16966
10309 62 31120
3992 37 33550
383 7 1051
23010 93 23604
8319 21 9446
20224 42 29721
1468 88 4395
431 62 30570
16816 19 21281
16323 96 27633
8504 27 31120
1537 20 27734
2959 38 16121
17901 100 19814
12715 95 34708
8395 69 8483
7867 93 27928
5469 76 32675
22995 69 25458
19791 99 25408
9325 64 29156
15253 67 29009
1458 100 26552
6665 29 14843
1366 99 30030
38 73 797
8140 12 9316
21135 14 24444
22158 18 25999
24646 8 28261
15 91 27811
3389 95 16477
19086 13 24532
5419 89 20118
13133 11 22098
25610 44 27921
10914 12 30426
28210 20 34800
8528 88 29008
12295 31 15144
5308 20 15131
29153 92 32122
18964 49 25267
11819 19 28581
23238 76 32643
6778 74 25469
324 72 11488
22242 2 23679
27979 74 30720
31445 50 34095
2863 54 30692
15001 42 34388
15041 44 34474
14155 38 15308
2115 61 6977
3710 60 23248
1673 61 13608
7359 93 22373
8829 65 34839
15579 59 23591
19541 21 26143
12971 87 25219
19791 83 30504
2470 61 15088
2151 41 18978
12424 85 28384
23062 10 28798
206 83 12590
10846 50 13757
20327 8 20759
1432 18 25191
6245 52 8898
16212 24 26574
29350 59 34476
7710 41 30847
191 30 33635
3380 25 16994
26168 28 31854
12638 98 19994
17343 46 23934
16662 41 25263
9040 79 31975
4671 38 31427
8342 30 23195
11634 57 29234
10717 75 17065
4075 18 10949
12940 7 14182
26289 9 27931
17376 59 21828
3663 100 15463
4975 50 18681
27523 77 32737
3083 6 20226
14445 9 29954
25204 15 33865
1415 55 8944
19084 28 34925
3522 48 16827
2123 85 11471
13481 87 13884
570 67 21275
15390 1 29288
6410 32 29571
20036 98 27527
4263 22 28393
6252 6 19591
7898 36 17927
9835 97 29779
20230 72 31106
13936 24 17583
28532 57 34497
5346 24 23965
9767 96 32132
6555 26 34938
10680 17 13402
3619 98 16944
19257 80 20141
18244 7 31199
14068 29 19312
2263 65 12920
6289 73 20125
1947 63 30077
6846 9 11885
5262 22 6434
950 80 4898
20800 5 33072
14276 78 33840
9299 80 25487
1185 26 4746
26826 38 34396
22956 13 25756
9851 93 31152
760 15 22315
13020 54 13726
9724 71 23026
28060 86 30311
18374 61 28902
17661 84 21251
14750 45 30600
18264 28 33768
28170 70 34527
10048 19 11851
4323 58 5968
26626 42 33546
11895 27 22463
4558 86 17521
5033 29 27880
6836 48 10898
4048 9 28950
20841 48 28053
14563 51 26850
5124 6 7463
11795 91 18385
16832 10 28431
28172 27 34565
2313 45 11648
13570 2 25716
6098 52 31420
12559 82 32616
24144 65 33485
25714 90 30582
27897 44 29111
5049 85 15362
10941 31 17280
5894 93 20994
22961 38 23599
4113 40 15331
22263 82 26176
23952 33 27800
569 96 16718
21973 99 23204
27490 48 29895
14732 49 28463
10430 45 15166
7417 38 22067
23421 57 26065
3273 13 21569
11415 15 17591
9580 70 18956
13082 9 19953
30874 11 32320
28951 62 29652
16259 21 27470
32955 99 33339
18624 83 26450
13353 24 31016
5554 74 25153
521 75 14004
9962 67 22669
10310 74 31254
16541 24 29449
6538 34 23202
537 54 19759
12111 87 34153
9275 26 10386
8463 26 22653
10293 23 25647
2641 2 30839
7422 28 8521
7998 12 21066
1800 37 17410
6465 18 26427
21124 19 31525
20236 27 28205
8367 5 15263
11371 67 22899
10185 50 17790
13099 90 21865
28785 83 34336
7930 81 25251
4483 98 28164
24127 71 26332
2561 85 23521
1525 44 25945
5243 31 28464
7034 43 29682
1748 56 34656
16161 74 20754
190 41 22884
8734 90 11471
20330 77 21094
11469 99 30720
10005 75 30073
4586 26 34478
13168 57 22760
10721 13 24841
6125 89 26748
23473 18 26243
13779 48 14757
5424 69 25342
7367 1 8183
7062 32 20278
2036 51 20752
6610 29 13047
10257 76 34822
18050 23 25768
19265 85 31873
15066 14 28036
3564 77 5446
10443 70 29530
2415 33 25506
9552 72 16628
16631 44 31211
13093 68 21941
20892 88 24909
19844 73 29687
13979 29 29875
645 89 2477
10331 35 24751
3222 76 30643
17044 9 27685
17593 100 27509
24808 41 25875
19123 30 33500
655 39 11166
13698 22 24134
7142 52 31544
3615 28 17419
13147 67 16906
26955 36 32706
56 81 34465
11190 65 27030
2596 80 24955
26093 99 26770
4318 39 18344
6355 5 14590
26621 48 30147
1550 9 19853
8707 35 31294
4043 85 6428
13979 4 28144
14921 42 23583
11079 83 26387
28434 88 32634
19335 20 24600
6910 5 24080
399 85 17315
11819 6 13655
3148 61 34402
6702 56 24637
16046 64 22738
10931 58 18982
15613 56 19863
17549 94 19167
11733 7 28957
12249 60 20822
28189 29 31007
21773 2 23055
10335 5 18978
1180 61 23932
7550 29 15953
6134 75 33407
1864 24 22608
8297 17 26163
4081 78 24199
16713 51 18505
5335 41 21371
26707 39 31362
2816 59 23389
6435 61 16309
6248 21 21839
6554 29 8535
17610 54 26955
7090 25 13253
9706 37 16936
9147 79 15585
13472 31 13879
3973 32 23221
7186 77 9004
12771 92 32200
2084 96 34973
6660 43 30584
4307 32 15895
9577 88 26777
10580 42 34951
3387 32 31839
16704 98 25863
29158 19 31324
21058 12 26609
27212 68 28743
10031 58 33468
13683 18 28110
11862 72 24426
2383 15 27825
3135 35 12183
11302 4 27711
12015 9 14997
1350 8 11855
4344 76 21181
22237 98 33063
7491 84 8966
10947 13 20895
12524 54 33281
29385 15 31613
73 75 21334
60 59 1563
9273 25 18792
14951 19 31154
13699 31 23740
7506 82 29860
20684 25 24607
9447 78 21154
4343 34 17989
16944 53 17560
16327 11 24105
8537 23 12697
8597 7 18103
21894 76 27810
3241 48 9311
7589 97 14060
1064 75 8642
12755 69 24739
30698 45 32717
3943 89 33889
16146 28 25738
1807 80 31510
14079 51 33560
21036 48 34867
6104 5 13410
1331 14 23624
1736 67 6513
17920 81 33135
19924 95 26593
2169 38 14333
3307 80 16518
10411 27 20696
3591 46 33842
15281 79 34029
10482 90 18254
2472 2 25796
19982 71 20303
9574 45 14291
30408 76 31499
23164 3 24435
5702 67 10341
2614 99 28739
6005 78 26284
8477 44 33794
4822 19 23517
6563 46 22663
18873 33 32897
4730 35 33858
1187 85 7521
6482 3 33827
10735 48 25376
21601 55 31377
10850 34 15989
3117 99 14360
7600 34 24615
24363 17 31907
627 51 20511
23953 76 30309
17504 71 24882
13494 50 20688
21514 76 22513
1048 32 31621
914 12 17971
3040 73 33236
6292 14 26089
14211 19 22492
3344 30 10028
24055 83 24597
2520 44 32658
31754 78 31878
12480 45 33211
5151 26 12889
23712 86 25773
1192 83 8564
16733 37 32458
9866 33 34450
7728 14 21117
20317 50 28133
11768 37 30744
5344 70 26491
4814 4 27252
25172 77 32885
10996 29 34377
6331 23 16483
2483 96 7896
9381 100 29102
3952 33 32621
28290 29 30687
3601 72 5759
12550 72 18056
29695 49 29788
18090 4 32034
12284 69 23066
7693 79 10108
17543 74 27889
540 18 33759
4584 58 10587
6384 17 24037
5212 46 11714
16573 91 30554
4297 86 22214
6174 52 25567
6104 22 34057
15203 9 15342
21790 56 24406
9230 21 29202
238 6 13291
4270 45 34172
13005 17 33308
1774 89 2706
11458 82 32916
651 52 7498
22399 40 34851
7767 45 21965
4141 5 19728
10652 42 30972
1882 50 25222
3118 92 20391
13796 6 17337
20455 40 23686
13915 48 15979
7232 4 8519
22574 10 25161
23883 47 25878
2823 89 34188
8388 79 19033
1148 98 15525
6348 45 8665
1288 14 18710
2489 8 26002
4619 42 27514
20379 31 33356
4445 84 15907
2716 56 33187
387 14 32458
5066 52 28493
4728 67 29795
8127 17 16109
32024 67 33724
2952 48 20663
16654 85 33123
7846 48 32873
6731 4 31959
6338 92 24966
20993 65 32830
15888 88 26400
1258 20 3483
1386 10 27041
12861 34 26890
26944 24 27040
33172 19 34877
4676 38 12329
11100 28 22523
95 24 34138
9000 80 29952
28231 86 30908
31155 75 33599
8054 82 34270
7258 17 34450
39 49 32910
19206 26 27800
5327 11 31497
14382 50 26988
16070 66 28591
4852 12 15655
7048 94 13012
8025 57 24117
21751 24 23135
21465 91 30922
2690 20 3278
8052 82 33659
4874 32 28516
1132 11 20000
6777 41 18003
1592 96 17269
4274 21 21238
10866 61 12229
9322 14 13656
25621 15 33353
21174 39 25869
2376 47 12178
8663 17 10546
4050 49 25863
8577 37 19205
20306 36 31941
6828 23 24035
7765 11 24903
28515 65 33404
1752 4 17907
3593 3 18849
6299 31 25840
5098 63 33016
7460 42 9404
6625 6 30433
22362 54 25453
20056 95 23393
25171 15 31980
5956 94 27296
10132 59 34158
21361 11 31894
4597 23 19767
24571 82 29679
12516 7 27137
6813 21 15065
15682 4 20462
7880 63 23131
2671 39 32210
21841 34 24200
19132 4 29977
8124 42 29899
20379 95 29714
5181 30 18356
27411 91 31719
766 28 27349
14386 37 30134
16560 13 27422
5329 1 32029
8536 7 29402
20917 3 26880
378 47 10566
7331 14 23929
30971 1 33335
7286 26 21507
5659 22 29552
22793 26 27754
11341 38 31413
13384 93 30834
