700
4009 43 12967
2954 43 12570
23910 79 34090
10574 45 17709
12461 24 27203
12511 80 19145
15162 36 31907
1984 33 23362
6924 75 19089
9697 90 15018
3450 75 18678
10621 79 33222
18509 10 31905
3846 75 24027
15560 90 29497
20270 78 34427
6440 17 8970
21350 2 28339
13585 28 16610
15192 64 34045
8060 16 32551
11836 28 21359
17934 32 24877
11513 59 26804
4752 91 22962
2228 10 33009
16629 20 20292
3402 32 9912
10018 24 18950
55 3 33745
9932 13 21571
2200 2 32465
2960 30 19211
7989 64 8170
16796 1 17853
11307 84 12433
22274 51 28945
20824 81 32975
3458 95 5419
4563 62 32282
17761 66 32167
564 70 19691
7583 28 30519
20904 44 31449
3126 81 8573
16652 100 25316
4389 76 24464
1913 3 34944
29043 83 30704
16175 12 26982
14202 55 15141
13844 15 19637
3389 34 7329
29160 62 31661
25754 77 28857
13465 63 18558
12364 24 20408
276 56 30806
4494 79 21202
12695 31 25420
9379 100 33327
30838 59 32690
5736 70 7035
6420 52 31703
9163 99 18974
30551 40 32923
12523 2 17529
9440 73 27543
16151 21 32241
20640 71 22204
7531 45 26935
14246 1 28602
9815 30 15851
28046 24 31769
8232 38 33005
9848 48 32067
3400 49 9833
2153 56 19694
16685 100 23731
15103 51 27436
14901 60 29081
14459 8 34152
13627 39 13779
987 70 12160
3303 66 20426
20942 36 25904
4580 21 14577
2003 27 34801
2081 7 15754
13334 36 28962
13650 21 21559
16985 7 19578
26076 9 32837
558 24 19437
2274 64 12020
5333 34 7836
5868 1 22803
27462 10 29087
8184 84 28448
13584 59 17701
1592 80 23941
1966 50 4489
17504 79 31577
2468 93 3434
3661 6 3820
9408 10 26854
8198 64 11339
18443 3 21675
15636 11 17538
3483 30 25573
2460 11 29415
19895 28 24612
25541 88 30194
4551 28 17099
4566 31 28983
9202 10 14429
5241 81 16476
2174 19 34870
425 39 32619
5688 8 24675
19183 47 19673
29527 54 30716
23557 45 32649
5562 44 15636
7215 57 8149
16552 44 30152
15767 92 32256
17345 7 18960
11692 7 20238
12385 77 13461
5572 27 31827
7510 68 21361
18935 61 34169
564 53 3439
19521 40 24322
7922 47 29588
17979 84 25631
7671 95 15543
10665 98 11008
20717 76 22954
620 18 18085
29100 28 34682
4520 97 11125
3184 68 22477
2283 43 19186
4047 77 33298
13860 73 18816
5446 32 9314
22296 11 31390
9366 50 12238
13722 63 29519
193 30 8962
14359 79 19015
2751 78 27694
6965 12 15712
12186 43 30072
32860 19 33360
133 60 13434
14159 85 24442
20549 48 30694
15167 42 25485
12466 6 26764
11673 67 33945
13993 9 28475
1989 39 25187
4795 65 16257
9633 47 14335
15872 41 21281
1046 51 20598
15715 81 17327
4636 20 7364
5334 23 10309
12341 21 14994
15453 25 22466
8743 2 9884
4242 88 34186
75 59 3424
4241 44 13604
27109 12 34233
4138 79 14053
10747 44 32696
11598 85 14495
17486 8 31358
2292 31 24450
15764 46 33787
6806 44 11823
5239 67 22745
7699 37 9723
5312 45 11907
6405 27 24500
15134 73 20536
10087 85 12888
24450 95 24547
6429 45 24868
12633 32 18535
4023 74 9024
5277 47 31490
12499 48 23518
2828 64 31123
12159 74 19435
15842 28 31847
19750 38 28358
14172 22 16864
3403 1 22728
15138 31 33991
8136 89 28780
31856 85 32642
27456 35 30056
18938 51 32030
10774 18 24795
4033 30 5150
6088 48 23818
4429 44 34614
20299 65 21171
4079 36 6419
4658 29 25049
10865 11 13995
15648 2 33941
18154 3 34742
3657 26 14064
24497 36 26032
9 9 27256
20764 42 27500
6428 55 31627
7163 7 21183
19562 44 24541
26058 50 29691
15089 4 16749
11279 79 32433
19979 96 34409
20512 22 25482
6104 24 22948
10257 12 25912
23933 42 27685
12456 15 27361
403 75 8339
18056 65 18692
10183 96 29363
12611 56 19184
733 71 25221
16015 75 30180
6767 85 17296
23753 24 30257
2676 27 20552
19528 6 21149
7685 62 22070
4220 7 9832
29733 20 32149
14667 89 30690
6228 27 15228
25301 99 27950
6863 61 18389
4437 88 32319
7357 73 22408
3306 2 33748
7918 93 14354
17755 2 32108
9616 34 24354
4338 76 8971
9075 34 25378
17089 9 21258
5744 85 29500
21380 23 31623
27980 35 28675
14394 30 20233
3046 95 16798
22135 39 25415
11675 2 17547
17051 89 31809
529 18 6562
28204 22 34957
24831 74 33016
372 40 18952
4524 97 31012
14700 22 16657
24851 11 28080
11850 59 28821
2760 10 13334
5528 25 30269
8323 28 8422
7398 13 27487
26677 22 29816
14001 32 19881
11882 21 18381
8071 12 17952
18421 88 22915
3891 29 22557
9192 97 20215
4457 45 10078
25026 92 28259
989 57 26245
13944 28 23468
1027 33 15280
19060 39 20222
650 6 22250
7009 77 29891
15509 11 28638
30068 52 33517
29070 71 34158
4295 44 18503
1523 90 27295
31144 48 34748
21798 60 32245
3343 66 28578
3399 56 19869
23842 58 30016
5729 12 10835
1066 48 13446
2003 10 16317
13599 18 15714
82 70 26763
28946 87 32444
13057 100 15402
13478 5 18533
6362 81 16047
22890 75 29691
22823 60 34982
4541 3 19521
11930 88 28241
4881 76 11774
24258 43 34045
8987 34 26755
12756 60 25712
8208 60 31199
16630 6 29770
20442 61 29153
24276 23 30873
10558 83 20210
11858 60 22886
16504 54 30420
26188 8 26926
17999 54 25282
22862 92 25946
14735 13 26033
17398 2 22281
2596 92 24414
5529 86 22387
13398 79 31403
30172 82 32383
27155 68 32624
8581 93 25907
7070 44 26807
30666 61 34228
6713 87 26549
22202 14 23569
27886 8 32347
12949 53 14553
2331 43 34640
23839 49 29873
21622 50 33516
4707 57 26968
1905 61 29352
24118 77 30367
6186 78 14367
18423 2 29525
11288 12 33547
3877 57 7599
12969 43 34303
21801 31 34885
458 33 4982
10014 60 17983
12551 3 28588
10629 60 24968
13870 21 32112
4781 18 25918
5249 61 16923
21480 37 24347
15897 9 16688
4167 38 15870
23165 100 34275
743 29 8182
23660 47 28721
29014 19 33655
6084 17 27537
6119 32 29941
6480 15 23859
5094 9 7141
16817 71 32121
12600 36 28693
19225 15 25002
20116 41 32796
8500 3 25555
6846 96 22888
27012 6 30908
1822 98 8516
6007 93 16144
14533 35 14798
10371 50 21327
2376 89 2572
14973 25 22786
7317 86 31395
13488 67 26468
1645 31 1861
11437 84 23417
25494 32 28500
14810 69 21495
12239 4 21072
2052 31 7539
13892 31 20431
25382 23 34703
14146 12 32978
3431 57 15849
16330 33 31033
3227 27 12674
8696 39 34465
9694 14 32317
22192 98 29434
13945 50 17408
16077 71 33063
6755 41 28760
6014 97 11671
25427 13 28640
9194 25 12795
10058 70 13417
17375 71 33458
31594 97 32510
120 13 27313
32369 98 33248
10238 69 12931
15492 4 25687
17181 91 17988
9204 6 23074
19129 24 33211
11112 52 14477
15391 86 18093
6825 96 31297
2009 52 28547
3107 91 32882
22437 87 29863
6537 54 21477
8621 7 22388
4975 90 23245
17537 25 21184
2292 14 15579
484 90 27172
6483 61 17475
7497 27 17375
4117 70 22633
8177 65 26212
13617 77 32273
24040 18 29942
14902 55 27286
13706 40 30930
1367 46 29260
7190 4 27110
25952 16 34907
546 78 4387
14711 64 34205
10928 99 32931
28870 85 34939
8102 87 25918
22547 36 24822
25215 97 28999
11553 97 12445
12129 70 31510
8796 45 17308
7025 93 32830
7057 97 12095
32794 2 34590
7086 39 31918
1718 92 30064
13878 50 34322
11959 8 11987
7830 27 25997
18430 48 34703
4408 4 29254
17104 54 31392
23913 13 33630
16778 35 29241
21214 73 29692
16806 94 26001
22167 14 34496
11624 18 11799
16674 86 29074
6182 50 31374
3411 65 17991
693 22 6822
2 4 28702
18688 19 23216
11202 38 33494
7048 75 30023
5523 94 24414
17620 68 22730
12751 42 29328
7108 80 14652
5254 95 15492
9326 7 18004
109 92 28817
27165 99 30415
8442 47 32298
10326 7 21574
6325 56 22520
10355 61 14091
9915 18 25419
16365 46 31395
27126 33 27969
15613 20 28588
6461 35 28957
15467 37 33490
6918 77 24184
13817 1 14702
12488 56 34978
18673 29 29982
3559 95 15601
21203 41 21338
18208 18 20633
28889 62 29057
13024 2 27709
383 6 30046
14 14 21121
23261 97 29609
21793 94 26004
4083 73 22777
21429 6 24075
13658 22 31813
11481 98 17999
1408 95 22307
11913 78 22610
6948 14 33201
9192 57 24999
11313 83 27094
9563 63 20420
22799 96 31054
2980 94 6282
21849 46 22217
3683 29 28269
3102 97 17102
22288 62 24728
12359 60 29902
3075 35 10554
3647 65 9241
18834 96 26905
10145 79 30401
3161 13 10214
4347 20 10223
16469 18 21757
2265 51 14933
25762 27 30841
20745 54 23029
21690 86 33273
2731 83 18080
10355 68 34110
19293 39 28016
30805 94 34499
21878 21 22967
9545 33 23307
12389 76 21054
30840 38 33220
24312 57 32996
27215 88 33580
9192 42 27392
5538 58 32664
9329 20 33196
7765 55 10053
27714 87 28471
11095 15 12702
27274 39 27995
22365 17 31610
7957 98 18449
3408 21 5709
9013 94 9974
10098 33 12802
17613 32 24605
436 99 32663
11376 26 15282
5531 6 32233
23682 49 33358
1414 69 23910
4633 93 24194
2821 93 23484
22030 52 23159
3636 35 32382
2946 74 33073
11480 54 32018
22398 40 33616
28709 43 34883
16972 71 33032
2834 46 22084
23336 57 29269
2111 96 26706
9135 8 28628
19061 87 30566
18379 80 33413
4282 33 11461
20643 100 22510
9332 1 13100
24305 6 26889
14140 24 32220
24799 12 29984
17883 12 24370
7228 74 31195
13333 84 30021
14120 74 28383
24170 65 30697
1095 9 7460
18236 73 18473
11577 85 34184
24376 73 26838
12439 54 33445
18774 8 18933
4480 63 12103
7874 12 10162
30546 95 31520
1076 78 19323
7019 42 30218
9658 38 27536
2658 2 30670
25440 28 32741
31356 87 33103
1045 19 22400
16825 67 21094
10129 83 32027
19073 3 24559
18490 45 19007
11172 10 30295
4459 17 13440
17831 63 26071
15682 87 27894
9692 25 27340
6207 86 34536
12300 24 25517
2713 77 27993
34241 27 34946
13779 77 25654
284 48 33776
14301 26 15865
13945 65 26553
15087 64 29229
3882 34 14360
519 7 17189
23927 72 34235
6847 7 19358
8951 73 26191
5110 26 5311
16541 84 22753
23776 40 28589
5850 49 9849
1400 15 31927
3306 15 34833
25843 64 29183
6316 60 10820
11651 100 17099
10096 2 28702
21823 46 29900
9964 61 21288
5914 15 31220
21092 35 30830
1056 18 34967
21750 61 27407
11363 63 31664
14790 50 23502
23742 77 33518
23738 27 27704
10795 11 11515
928 26 5409
1795 46 4244
12550 63 25666
27524 27 31806
9830 46 26384
5322 83 23851
22117 62 24469
12764 15 13386
22016 67 23072
28954 4 29885
26944 57 34076
8239 6 9989
13166 75 28264
23061 86 28658
4780 19 8917
6210 28 9085
2818 75 15989
30934 29 33960
10375 63 34651
7943 25 33405
6546 20 16992
27023 21 30698
17509 88 32175
14253 99 14372
8771 11 15782
5946 29 29750
25573 70 28105
17861 62 25709
4669 29 17714
15353 92 20178
8883 68 13474
18673 29 30208
3070 82 21727
5447 22 32580
8975 10 20551
15259 31 32666
18920 49 30294
9504 73 29124
2086 35 26996
29329 2 33328
15353 59 21850
8219 21 15915
14676 99 16483
1346 98 31836
24651 20 27961
15894 51 20849
