700
17004 9 25294
4517 40 32307
3204 31 32436
16434 83 29665
21859 12 28797
7089 3 16945
17549 27 24913
12991 66 21919
25122 31 31884
2442 53 28563
1115 87 19230
1805 67 20286
11859 29 28314
1001 73 32767
24797 66 34418
3069 91 26163
13462 12 19514
27244 10 27536
9485 25 33629
3578 98 5705
29460 77 31721
12916 93 25838
6500 64 33161
3283 19 30875
21895 59 30127
10661 87 18006
9274 26 28143
26399 54 32624
1281 75 22447
10116 73 34658
6099 22 10014
9680 2 15746
10180 11 23083
3104 50 24775
1193 35 9997
20838 20 31133
7526 26 31771
2189 91 15935
26567 18 30765
14424 86 28191
19598 44 30783
17377 73 27584
12795 61 29115
23203 30 27472
7324 40 21702
1390 55 13441
11431 70 21378
18679 24 19619
26826 48 34570
703 37 14825
5294 83 32535
4434 55 31811
32910 1 33674
17802 3 24009
32912 38 33464
1752 9 3910
16798 35 27078
25066 15 31803
2212 30 2662
25548 4 26502
14243 12 18181
12334 73 15672
287 78 24152
3560 78 33252
12631 14 14284
3267 49 29569
6802 49 19304
1656 83 1796
3710 32 20256
13689 100 28934
7467 38 15028
17072 84 30514
13916 48 14913
9554 34 28557
12767 4 29451
3403 94 9244
8615 45 19228
29399 22 34449
1185 74 22127
12209 24 18344
17855 63 28065
24819 46 33105
14570 82 28929
5299 12 16517
30135 65 33777
5943 14 34481
5422 49 15350
5262 91 12884
18059 79 30434
4111 17 19014
1807 1 16853
13310 34 20389
22560 53 27200
27884 21 30670
14337 55 33974
9246 88 25907
7050 66 25952
5862 29 25904
2993 54 20211
11797 87 16882
12519 67 21871
33857 28 34858
16429 29 19183
4385 58 26625
7010 1 12227
2466 67 9438
5904 35 10159
14551 77 31738
18897 43 27793
13012 42 34927
1279 84 25464
8636 41 15031
14087 35 20284
16449 5 20595
17533 11 32349
2759 12 12848
10678 27 12123
19188 31 29989
19296 78 33845
1777 48 14217
11426 51 17850
26968 61 29491
31167 68 34506
7898 60 28766
5112 24 21783
1001 14 16932
16647 85 17133
1752 68 18308
1050 83 15322
21118 4 26708
8177 70 16943
12631 61 21248
6708 87 19258
25441 62 31583
3598 90 10980
20217 40 30034
7460 25 31347
15213 68 18129
982 18 23121
755 6 9300
5047 90 7003
1480 70 5235
698 46 12344
3791 30 13246
5285 44 9072
4753 66 21310
18896 11 25144
7964 61 32746
2254 5 14624
2069 60 11264
2519 55 34550
724 32 28395
1078 5 11639
1298 85 21801
21645 9 31152
13642 91 30959
27348 89 34096
11286 70 12753
16223 86 26163
12598 11 29052
17234 69 21397
2792 70 6825
6207 81 28310
3327 57 21254
12477 86 22868
11454 47 23177
10502 98 19879
18976 34 30074
4362 25 5228
4523 92 18426
21672 85 26932
2634 68 32227
5913 64 13023
2642 3 21493
3906 55 33284
953 3 34424
18263 95 30932
23491 52 24103
4329 35 18163
7244 5 27581
12301 30 12365
15077 75 32889
14614 4 16763
20208 6 29690
16407 46 32667
6577 36 32088
2009 78 29186
6289 44 21785
9816 83 32233
11798 47 15150
22188 89 32261
19889 2 32166
20635 66 26321
22796 1 28073
530 63 7641
16000 51 17176
1878 51 22332
12443 43 27296
3529 81 16668
24362 63 30937
2351 79 3727
7825 40 15008
14174 13 33864
19003 85 27117
5141 68 6506
27498 76 33966
12825 97 14109
25462 63 32270
2992 12 13398
23268 69 31803
4264 81 15966
3890 27 6409
13304 61 21963
2388 35 18239
29960 66 34195
16652 64 21484
22661 18 31001
18055 67 24130
18245 87 28666
14114 61 31164
2329 2 21690
10579 61 24594
11645 35 19892
10425 25 23445
5729 30 29544
10504 72 22233
10022 85 20739
14149 100 22954
8238 78 15583
8332 41 16822
8327 42 23610
862 11 29368
21522 27 33381
5668 75 21762
11891 36 30025
5227 31 18906
4213 80 24901
11432 82 21330
195 22 31690
4408 87 14614
23194 4 30213
17289 26 31544
27522 5 31843
888 50 23477
9327 21 15013
15196 90 28886
19058 72 23528
18285 63 26886
9238 35 26904
290 97 26734
21672 80 28476
6236 50 34315
1085 22 16575
25597 72 29136
8161 66 26117
17432 40 18032
19598 64 28819
19843 33 30195
27052 56 27633
7862 72 27966
20639 100 26966
17722 12 34048
25333 60 26022
31199 85 33042
12694 1 14269
21315 7 31829
7599 95 22747
7714 46 32874
15460 14 25352
26661 97 32913
6801 40 24409
11496 62 12417
137 77 24068
15671 80 29003
15547 46 16212
5975 89 34456
16913 75 19113
9502 68 28539
4059 27 18413
4873 49 11061
7920 88 32937
7022 26 25260
7686 25 23608
24778 35 28138
6458 89 22826
24582 9 32450
504 16 23076
23164 48 27803
32751 5 33048
16392 27 25401
25069 77 33607
23223 85 25624
10342 46 26890
5404 39 25181
22 57 8403
3258 27 31957
2989 25 15011
18259 19 32566
21047 63 30058
13960 69 34661
6928 54 32170
2725 54 23086
8900 40 29144
17752 66 22515
4940 53 28773
8133 44 22445
4072 59 21287
17943 51 29212
22193 60 22736
22239 5 34546
1148 75 19241
1873 69 5452
22844 51 30726
2941 30 14067
13823 34 18949
4757 79 33149
14031 3 14468
6120 78 8946
676 36 25924
6943 51 7208
21669 19 33443
10170 4 16610
11678 15 29304
13616 38 30113
27681 64 29311
4628 28 14765
19607 43 27638
690 41 10712
5145 26 25716
6393 88 12167
17139 84 25047
3585 23 7735
5067 19 29856
9696 68 24122
3364 98 5975
9397 65 13044
4066 31 21307
3441 8 17952
1772 98 17358
25471 27 34299
17938 59 28517
21506 32 25168
24344 7 28828
3488 29 33919
17218 69 31627
248 96 14741
3864 49 23752
4893 73 10667
2330 86 25657
2378 68 19168
2908 12 29314
12840 65 24952
20384 67 22556
11094 45 14913
30909 13 31850
16648 98 30916
25591 69 28648
29464 46 34940
10994 6 19862
28127 71 29284
7741 12 34215
13254 4 24779
27623 13 32632
19818 21 27210
25524 51 29236
14445 29 25382
11693 35 33504
5635 67 12840
3009 66 4936
4648 95 27291
4582 47 32777
19378 46 30710
1930 74 20784
21014 62 32628
2073 40 26207
6337 65 29236
11325 70 32831
4181 5 33316
9235 56 25685
15054 51 17465
13205 58 33566
11393 10 17133
23793 81 31717
21149 4 31997
1828 68 2861
20071 2 20533
16904 49 18955
3241 74 8608
641 36 8365
9997 76 25099
10994 63 32224
1003 93 3318
16191 60 28790
353 61 20987
2974 14 14311
360 59 24448
14247 50 18771
9523 25 18460
21978 2 23511
27011 10 34546
5634 2 17246
13576 75 31556
7561 94 12418
16578 12 18849
14197 24 32486
12427 6 32219
3407 27 23600
9624 57 26270
2504 67 6218
11251 78 22220
7208 68 32029
11538 57 32771
3129 16 33289
2296 13 3195
26368 21 27864
7633 49 32627
6180 87 28746
32868 68 34413
22833 39 26392
17614 40 25721
6354 48 28185
10194 31 10382
17946 81 31201
2168 11 5756
7059 88 21414
441 83 32024
17078 67 31190
1196 67 19601
6042 15 30869
16029 19 20994
30887 94 31654
22313 58 25377
3505 62 29245
14619 57 29521
17290 71 28105
7036 96 29538
4768 26 7667
15634 100 21870
16979 60 25562
12193 63 32913
13044 82 18077
10368 64 18966
18789 25 30672
9990 52 29483
6771 21 20645
8342 25 13076
13234 19 14910
2830 82 22035
13892 50 18617
6535 34 10221
23557 15 27047
1932 51 15785
7233 31 14535
2010 11 31604
3878 66 8940
15673 66 21664
25058 86 29348
9905 55 33305
1416 13 10794
486 95 3310
17813 19 19169
8131 59 16956
20531 28 30747
14338 90 32541
8929 11 20729
363 43 11659
29842 87 31877
5302 32 7617
6789 31 14190
544 97 16191
21548 52 28833
7177 86 8779
13654 5 31977
11402 3 30512
1036 54 27875
20731 27 25127
8810 71 10484
16031 85 20180
21927 71 26635
9255 33 32221
5171 63 21319
3700 18 21988
18594 66 26922
80 24 27427
12116 88 19853
32498 68 33437
17465 37 27509
18085 33 27045
14656 3 23349
6254 78 16989
14662 60 31596
6839 49 8744
12946 68 18731
9847 75 26762
9930 40 14446
3955 4 22000
20265 40 33183
9801 44 19772
8937 18 31477
20715 5 31104
20122 36 30147
21343 43 34262
21424 58 28378
4681 33 30623
12495 17 29671
2601 68 14326
2935 2 19841
10487 17 26344
2172 48 30748
5479 51 30089
8165 1 31561
24592 90 26810
17099 76 23147
2917 59 18207
27246 84 29904
9270 87 18545
656 30 27185
3910 61 30486
1840 30 27130
5330 17 9717
7537 18 8226
15629 66 32592
3873 12 25148
10824 76 25300
10062 96 28449
2697 7 19184
13352 24 20611
400 50 17858
134 62 2203
21867 33 22550
19659 23 34473
20509 51 25791
16280 3 27348
23184 32 26047
334 30 10867
19302 13 20482
6194 4 11130
13501 40 34729
4668 30 33250
5595 33 26496
3053 60 27695
11545 68 24876
478 10 34682
448 61 23085
1900 32 17906
19841 53 22669
9053 3 14820
5640 34 8168
1867 5 7453
26384 15 34676
14014 22 14995
6553 87 33608
612 97 22274
20263 27 24835
993 10 8053
7264 28 28777
5766 92 20490
4097 38 9172
29695 27 31911
15841 70 21943
16637 72 29943
21191 15 23001
12577 77 27287
1884 44 13045
20843 22 23549
7086 23 25156
15374 13 19367
75 11 23049
15792 33 16212
6865 22 13499
20409 37 32446
13090 4 19840
9775 65 24337
1693 6 15985
1506 62 27734
17975 49 20395
10341 63 34076
1049 1 8065
1760 83 25886
13802 16 33164
13739 94 20072
1461 50 16877
7827 44 33212
5445 32 34651
13606 80 25881
12431 27 23764
17815 68 20133
5763 77 13937
12943 44 26043
18045 34 22833
31691 53 31802
10187 14 13976
18238 6 21094
29652 47 30628
13735 44 16388
11278 26 17292
33205 75 33817
22475 22 31036
6473 56 7301
6599 19 28576
6105 45 34828
7754 44 32607
20714 76 25658
15317 89 24815
9013 76 34290
8273 16 18913
19690 2 23516
12711 63 15590
9398 64 28992
1071 75 3992
6899 15 19009
1396 80 8254
6353 31 7444
13698 84 34413
2296 56 21041
18352 94 18594
15091 49 34898
23066 2 30479
6746 87 7753
22383 41 33580
14865 89 17507
1383 89 14681
20123 2 34235
15185 56 33095
17114 8 25353
13763 86 15793
2911 25 26840
17875 90 19613
19576 16 21746
6993 51 21802
30738 32 32887
12657 57 26473
18558 17 20758
16686 15 34655
495 96 13714
15279 70 23572
8539 44 8658
20363 42 26210
14877 36 33203
32726 86 34002
16486 47 33032
13768 24 26935
18452 60 29743
21924 51 28460
14523 14 23232
3326 40 30264
11493 19 18737
8231 38 24165
25660 57 28683
12900 24 27244
5727 86 34643
3587 89 12595
21112 48 25539
9155 74 32025
6116 35 24213
1458 96 32277
21102 98 34419
14968 99 21768
3055 17 23860
22497 99 25840
26200 1 28436
13240 92 27217
6310 100 12649
10446 95 13546
11044 1 29767
4353 96 29334
8449 25 18914
28037 61 28635
10786 59 19558
26526 58 32748
1452 22 22323
412 41 9859
21001 26 29137
8743 11 20233
2233 86 3838
1909 87 30426
17322 70 28396
23350 88 29337
6674 22 28343
4359 88 23604
33095 98 34249
24859 59 28430
11993 78 18431
23872 22 24583
3380 21 23818
26414 69 30712
11687 20 12976
1397 17 9339
23211 22 27737
14051 91 14185
7486 81 9259
1934 41 22621
19008 100 30562
5141 16 19183
12496 17 32323
2557 4 9525
7814 60 26636
23935 95 28037
3832 29 29706
2805 60 2918
