700
12059 25 21509
20394 31 22713
13171 38 32082
5143 64 12880
1173 61 32887
6613 96 34810
13760 18 16481
20720 73 33728
4471 25 13030
7121 82 9520
31992 99 33746
4809 57 25755
372 66 31265
17058 95 31979
14437 40 29139
21954 42 33016
21272 27 31737
32114 8 33548
17180 24 29064
10839 1 14934
7252 80 18493
24439 80 33927
7095 60 15369
7574 9 19053
1539 20 31239
250 74 16216
13158 79 18933
6504 92 16672
3517 100 12987
31834 70 34578
7658 56 13395
7501 93 7775
5135 11 29280
1587 98 7591
21760 27 31492
21124 81 31929
17681 5 23018
4579 11 25135
6659 53 18929
8623 90 13509
9890 13 21860
1653 52 4275
21249 83 22878
16297 34 28723
9767 56 10748
17062 94 31716
8917 73 20609
20317 15 27525
14914 52 24268
12116 61 19537
11726 96 18654
16582 36 24113
13856 86 20906
7549 56 20454
3338 17 12577
9709 65 12329
7911 33 26610
19563 62 29162
9713 71 30012
1420 77 9802
9902 87 28902
12996 58 25333
431 75 30423
11849 28 34877
12635 16 20374
708 31 11996
22217 33 30441
5377 28 16512
14639 95 22915
11735 36 23893
14822 19 21829
31033 27 34769
13314 95 31751
16111 90 18539
1257 43 21584
12028 84 18146
21728 16 28273
15291 23 26093
16087 33 33604
9145 79 14163
25314 72 31202
3705 35 15693
18001 16 26869
2420 5 9617
7155 27 31667
10367 74 20719
655 19 6135
34136 8 34673
8774 98 29666
32203 66 32507
15559 12 24932
4179 43 7372
5212 54 17390
6127 82 13356
2562 76 20050
2198 28 25602
26068 90 29368
23067 6 29196
3134 74 29955
2345 72 17811
12541 2 14574
23564 45 30626
8798 16 8901
22499 93 25915
32253 96 34783
3224 18 14291
7508 27 11370
26370 14 31425
17216 43 28463
7688 34 12354
24965 30 26965
6017 77 28008
29983 36 34935
9617 21 13830
13411 3 16056
11519 59 12538
29267 88 34106
30339 56 32966
7734 30 29109
11072 58 16242
11362 67 17834
399 60 4566
3802 44 17415
14210 41 28608
5234 17 16236
3715 21 17927
10588 83 34015
2380 95 13944
7847 48 22833
6266 91 20214
18643 45 20855
28578 33 32767
14191 82 21556
9784 6 33642
21639 98 34405
20970 51 33403
2746 59 13740
17331 7 24949
9491 70 33686
9296 84 31409
8655 60 24767
30431 73 34438
4633 46 9423
7717 13 20757
13511 1 19634
2575 77 7235
9988 16 34517
10658 10 26247
34300 67 34551
12650 99 13291
10918 46 17535
31616 96 32101
1016 13 23308
21982 5 24596
33494 52 34465
19134 97 32632
5633 44 14227
5489 100 30431
1152 25 26309
7884 55 17203
13578 30 34789
13471 86 13607
14767 89 15596
13837 12 20334
3397 50 18182
15831 99 18953
1852 86 32443
32895 25 33496
1279 37 15534
1409 51 21537
10634 100 33522
4709 53 26568
11903 97 29615
27616 8 33268
2357 53 16529
918 69 5000
9171 69 14998
17242 27 18996
20877 39 25726
6289 15 34857
22147 96 25373
9445 64 29904
3692 38 34816
2913 84 9136
1397 31 20014
12966 64 26097
1550 69 34614
25185 88 33922
1813 68 30146
6760 80 31630
14426 44 34669
3325 99 25314
12724 47 17320
16481 68 34991
11657 39 20562
8749 8 21518
4508 91 34532
2474 63 22478
19796 25 24119
18377 33 24285
1097 62 32646
8786 73 31481
12278 12 28837
10360 19 22516
4112 24 17727
28092 27 28634
21134 22 34715
1555 66 8047
1106 85 2391
13917 19 29422
9950 5 32270
24041 1 32993
22096 1 25392
18612 75 22512
7896 96 11538
568 26 13075
21213 40 21816
18215 11 20288
4814 19 20916
16230 2 26913
11831 96 32195
16657 63 33602
5141 75 27949
9058 62 27598
2366 1 10583
466 49 29482
6549 30 34445
19432 55 25457
3605 20 5461
13845 37 21714
18714 3 28374
6997 2 18598
11382 22 14484
14955 18 22704
5336 38 17240
21271 49 27306
6038 16 12162
32778 63 34785
12778 44 19731
20398 10 27885
11966 37 32536
29524 69 30441
12222 52 16057
10276 53 28187
14755 75 33874
17943 73 18588
15483 45 26382
5286 100 27099
11739 77 19967
10170 4 32503
2626 12 15088
433 74 22253
14404 57 21371
11581 14 26230
4224 11 5817
14975 25 23584
6468 89 18885
5901 30 19292
7077 87 19804
2988 98 9178
9941 28 25028
22652 56 34264
18179 79 25013
2849 39 19509
683 56 5615
8941 20 17715
21645 8 22367
3351 47 30784
21632 20 34998
12290 33 14762
18043 32 27062
5304 42 21065
21135 19 25434
18275 15 24449
26357 66 27644
34234 97 34596
16312 47 24997
9774 32 31905
23873 33 24345
22088 82 23968
19276 11 28179
29942 20 34438
6525 78 7518
11369 67 16702
22530 94 31279
21935 51 29972
7359 42 34261
18919 98 27593
12073 92 25591
9356 79 19262
9211 31 28637
27575 91 30381
5640 85 15399
922 26 30330
11256 28 25704
13877 52 24706
30586 89 34107
7143 91 17403
12385 17 16138
5627 91 25613
18465 10 21349
21710 95 24501
33032 2 33690
11416 85 22783
20794 82 30260
4991 60 25580
16535 59 31753
9370 3 25104
9768 43 23209
19746 14 21155
8302 36 26292
3582 31 5318
5165 89 29820
7774 20 17295
5986 9 12381
1355 37 5090
7361 65 16745
10967 40 13029
2625 79 23503
9285 40 32521
10699 41 15939
8290 82 10271
16555 43 31370
14948 9 29981
11017 67 34772
14983 85 29987
9389 100 21329
29702 64 34540
453 28 13238
3251 59 30809
14042 9 16135
3877 25 11319
9075 83 13318
10964 25 34627
3482 6 13806
23416 22 32756
8224 48 14580
8426 94 12971
27885 96 34645
18011 31 30820
7552 95 15117
18056 10 34280
4551 17 15309
3798 45 33211
11703 96 28805
18523 82 33965
9309 78 32971
18367 5 23685
7996 34 24044
1773 69 13591
7474 45 34102
4896 19 28041
10375 11 21304
11703 38 19520
4705 3 20556
8456 80 30216
15060 36 33873
523 12 10655
6756 72 13633
11123 78 13286
6947 40 19361
2319 14 10410
5070 20 10442
4425 25 7158
198 86 20268
14678 46 20073
9669 81 26909
9627 14 22644
10315 38 16729
21977 98 27760
2016 91 21809
15725 80 18288
12201 95 31720
11185 71 29843
26155 37 30352
6650 8 26187
5966 17 33881
15421 24 28121
7103 65 10536
13143 49 31823
3125 67 5261
699 17 16717
10236 46 17559
3722 40 28038
1817 25 7139
15454 50 19716
2887 15 22959
30718 39 32010
695 6 24242
4553 17 4631
15710 67 17416
3959 35 16826
23141 86 26127
21191 90 32324
517 21 7010
3585 18 12804
31221 48 34772
12085 53 31037
12768 54 22897
1962 43 3252
12372 50 17883
470 11 26358
9279 90 18338
7949 63 10030
19607 36 30794
2290 46 25352
5896 32 13366
10259 94 20695
4078 92 17383
11290 35 15045
26165 3 30132
2278 13 34786
12954 8 23963
21032 78 22637
21133 88 26269
15322 84 34853
28108 65 32160
6510 84 14230
18403 52 25811
7541 23 14214
14332 70 17701
3706 24 26730
13084 71 31101
18691 92 26155
6125 36 32039
878 39 3710
28005 18 31229
17292 95 29901
1694 2 24794
20956 8 25209
15824 84 29810
5429 42 13022
5758 83 11304
9779 22 11280
2771 92 29435
9458 31 12374
12729 31 31498
15212 13 20777
12142 67 26639
1463 37 17205
4765 9 20593
15528 1 18632
2320 72 25752
19192 43 24667
23832 79 32865
13057 75 20072
12808 39 12969
8155 49 28717
1857 71 19809
5982 51 17722
4730 64 33164
16222 11 20233
16109 84 20575
2706 9 30873
16663 19 19236
25135 23 34404
13258 87 16802
1783 87 27605
4866 94 6934
15248 51 17437
4028 17 20776
22229 40 31511
7492 83 7689
17351 27 20799
13071 62 21733
14385 63 19052
24595 34 33406
24826 11 29766
1877 47 19399
13532 97 31541
5950 11 11523
24499 28 27952
7784 26 29654
6505 26 13306
14470 42 23506
17833 54 27658
10056 94 32514
27719 83 29015
3610 9 33941
6948 37 13470
4732 91 8249
8711 12 31299
13437 87 13624
7126 88 13318
10516 86 16378
382 48 2488
21737 20 32979
22352 16 25091
8647 35 21200
3410 25 30935
33559 98 34493
22447 45 33260
969 12 28717
14559 28 21041
11465 98 26927
9978 34 30285
3864 96 22538
18853 60 26828
6387 36 16021
27462 29 31682
20466 86 27935
18638 43 27720
8043 55 34269
10993 44 19476
3163 7 17474
14709 15 27922
13245 99 24714
12827 19 32659
31951 81 32596
14102 10 27396
5932 92 31562
25623 44 32554
8752 32 19058
22035 13 27438
9368 68 34753
5602 60 30400
3320 28 23919
9094 22 34102
13290 24 31886
5076 34 9781
22859 95 23580
14265 28 32090
1758 43 11555
3970 20 11118
5592 92 9156
8697 87 12194
9364 69 13733
32905 52 34649
15588 4 33811
11030 11 20851
12777 55 32691
18481 12 30175
20210 22 28268
20135 92 31970
31312 59 32666
2911 66 28150
9120 84 12360
32177 13 32499
4476 77 29986
8318 18 12840
316 44 19077
10202 9 31810
10643 14 32859
6985 20 19088
16352 21 28999
22637 68 34446
2718 98 29612
9601 70 28935
16236 27 34334
8960 65 20234
19283 84 21338
1496 97 16079
1496 16 11731
11156 3 27091
16136 79 33140
28508 27 30207
3245 44 10725
420 39 10615
53 64 20067
8492 56 9488
5874 1 16909
15784 19 29844
10253 5 34518
10927 61 14699
10772 62 31581
6396 91 19710
844 37 12249
8262 19 12793
14987 98 28540
9203 57 34330
19569 55 22297
2721 21 24064
11854 59 14389
3742 75 18812
14765 50 31737
25042 94 32121
18995 99 29219
28650 65 33967
2159 91 6010
29464 99 30560
18337 39 33390
6161 31 13162
22941 51 30234
11599 6 32418
21625 94 23575
9140 61 34826
3218 39 10449
3202 93 19445
17615 15 26051
15019 23 18265
2805 89 16794
5829 19 33874
6534 9 24883
23362 52 25365
271 32 17801
15459 14 29525
7455 30 14180
2455 3 7997
4730 79 16478
9792 41 21560
9750 14 33281
5918 8 25926
29225 62 30072
2244 31 8089
13420 97 32123
1778 8 27619
17417 97 19929
10771 1 29741
14940 68 17551
25588 72 33868
18056 63 26833
8436 95 31511
1604 69 14966
23970 89 34990
16062 73 24802
16688 7 25711
7986 14 26279
6789 72 14701
14215 8 16829
3821 34 6468
14944 47 22904
2819 14 8079
26580 69 29405
7667 38 32804
7658 56 32760
3176 5 25704
7049 78 21033
12478 16 27569
8429 43 14850
3891 68 6672
2847 91 25656
29146 55 31142
5772 23 11761
9946 35 34806
7974 77 13880
11774 82 34546
15956 18 30503
11117 69 20436
14613 5 16917
7273 69 20555
13467 81 16193
10901 37 24979
502 7 26986
10399 62 23766
3775 70 10503
19725 93 21693
2535 2 34153
21023 6 24436
13595 60 16989
6093 99 27883
17126 51 22438
22869 17 30429
3154 51 5707
19912 9 26863
9546 55 32468
8463 66 25586
4952 6 27787
2145 35 20344
5151 81 7339
5589 16 22273
16694 3 21228
12865 38 29080
2608 53 22811
12710 21 28776
905 11 19789
25658 36 33187
17095 87 17891
15771 45 25117
2603 74 13089
3419 74 6143
20452 21 29840
11336 29 25466
23017 93 25301
25957 46 34455
3543 48 31757
1535 34 34093
6647 8 14190
8388 3 34311
4706 39 23748
10185 42 22551
9066 83 17629
652 78 6832
13904 89 16673
379 59 26446
141 78 29201
3483 48 28064
12658 87 33789
10337 18 34829
346 15 34233
1807 40 22918
6725 99 7591
24834 88 34583
25705 82 26292
18230 6 32784
11896 74 24335
443 98 654
883 54 4440
6520 3 28420
3233 66 10352
17967 64 24452
