700
736 34 14344
5124 26 8216
18631 76 26419
16279 28 20015
2719 48 13085
3428 63 7995
7350 19 23428
17905 45 27387
11825 60 25431
13725 96 19200
2286 48 24892
7578 58 18754
17345 50 18714
927 31 5195
23758 72 34275
5595 38 23170
7703 81 8620
11976 96 27830
15576 100 21537
1515 55 13688
5713 64 19438
7654 80 25573
7491 65 9142
4164 43 13417
3560 23 17831
447 87 10858
4780 42 31857
16437 4 24406
6509 4 23683
9820 73 27748
7093 2 28806
5178 23 16683
11480 60 32126
10238 22 17757
18305 24 20209
2521 65 5804
8188 33 33225
424 27 12273
7174 30 11921
6377 68 23846
11551 45 14873
5835 43 27823
1544 34 11918
25626 26 32008
11251 85 12848
24251 98 26088
2312 98 34504
25096 77 34269
19823 75 34148
28377 60 30181
12399 14 26629
16588 64 31196
7878 16 8967
16299 53 34967
5437 87 32874
12517 19 28765
6834 88 25455
6181 63 14246
12962 10 31688
10660 1 13086
15104 78 20168
11990 34 32442
4070 22 5071
95 65 1375
5221 58 20332
18615 100 28377
19891 75 26574
17260 69 25839
13433 75 31211
1866 29 11508
12953 17 14154
7515 26 14212
7822 64 12853
1027 89 34194
19545 53 21675
13521 32 23244
3714 41 11379
13140 70 28975
18063 99 28767
6803 72 12574
9513 5 19964
11885 62 17182
7881 43 23564
3627 26 32911
5832 69 8196
311 64 17766
17291 56 23426
13066 95 25860
31139 32 32020
5256 64 19638
666 72 30160
10725 76 34015
908 79 4982
24546 81 31328
6112 20 9701
5111 100 11594
10224 19 21787
4513 40 23213
4517 1 19520
17317 23 23571
26901 62 33105
15480 45 20881
3569 79 24313
3244 73 31414
17989 27 20525
15286 18 34875
11671 21 32570
10677 13 28835
5926 89 15030
28863 24 31557
631 63 15797
23801 41 31819
14166 35 26019
7462 65 16311
2125 17 28561
19830 72 22764
14056 5 33923
5042 60 32403
10830 95 27534
9158 12 13712
17762 40 30813
666 15 4943
21623 19 27904
10945 8 11913
3991 45 22688
443 14 34091
5705 21 13280
6510 85 23408
15480 12 33030
20240 74 27560
908 21 8248
5430 36 23012
5714 36 24566
4794 80 22958
24054 31 32379
27184 46 33818
1263 75 23564
6504 17 20712
14820 43 28242
8675 1 10398
8843 94 21742
19092 71 19621
29490 87 33359
14166 36 15621
646 52 14017
9071 53 17708
2971 73 16552
29188 27 32196
2708 73 27991
10336 54 27833
14567 25 30842
14582 74 34218
13311 20 25244
29151 91 34613
6637 15 14466
2942 62 4869
2942 97 31988
17674 72 34268
3785 49 26712
1441 43 11717
5029 53 7055
12225 93 31724
2390 33 24814
18113 16 26487
13986 3 17783
9574 66 11060
11465 23 25928
8486 29 19158
12387 35 30510
15606 56 20172
400 82 23031
2683 28 32710
8316 32 10082
1819 27 11545
17943 31 33446
9567 82 12661
25750 25 32050
23856 87 25928
20709 69 29142
14173 67 17065
13668 37 28271
6062 11 10027
577 26 27225
27735 38 27891
6848 26 9487
4203 92 31413
3004 51 13812
1756 45 8657
13338 35 33293
15914 47 32558
16769 37 27630
2398 6 20956
7354 78 11126
8082 59 28736
7986 7 13086
18947 17 25153
16086 11 30173
920 95 25272
11219 78 24801
16866 78 26730
2462 21 23842
11785 28 23255
34526 96 34704
1084 62 29430
15226 34 23183
5333 22 20225
14132 2 25416
5336 51 16226
24343 28 27914
5145 18 15258
33113 20 33539
19905 87 20963
9226 1 9614
6908 71 23354
4266 69 32072
18945 2 32005
25433 25 26289
8636 11 14169
3544 85 31786
2957 81 20274
5787 56 19711
1762 47 32556
8767 23 14128
11730 36 22436
28546 81 34816
213 57 17993
1831 13 12386
24333 84 27707
10187 4 18527
8845 71 27881
15851 12 25018
7065 43 18178
7385 13 17481
657 23 30814
17870 36 28044
2064 43 3383
21168 67 33575
11438 51 22372
868 71 5769
3296 32 5409
1898 6 13150
12755 4 13102
11970 21 26489
6832 7 8041
23595 22 29509
3343 55 16949
12591 40 24985
3506 87 18824
18594 36 19353
12359 23 22947
11662 73 26159
4137 53 9522
11417 97 16695
21983 7 26232
1024 46 2177
8990 93 31726
91 77 1258
4146 63 13339
21363 57 26949
21977 3 28290
7019 37 10384
6442 19 32312
15534 54 33339
9153 69 19835
19947 9 34796
16043 56 29978
18843 66 23448
7677 65 20508
1890 96 7851
19454 34 25511
13775 46 15021
13516 89 22510
26919 56 30059
26270 53 30616
4786 69 22859
18466 40 28707
15584 38 27510
1563 70 13850
9833 76 10322
23827 70 33632
9839 58 21133
13468 76 26328
735 88 2224
7705 57 26128
1890 7 19556
14537 20 24902
9371 44 33928
145 41 27900
6587 26 10127
9625 35 12995
9975 25 20830
24105 79 32544
5599 8 10014
10743 9 18344
14355 30 34651
27736 97 30884
1867 15 13515
8758 31 19483
3276 16 20591
254 40 24416
3901 54 23969
3331 67 10642
9541 90 9666
983 29 8297
6341 17 11131
22126 23 25498
27241 44 33015
5416 46 29106
2372 76 29091
14776 17 22866
4242 39 11247
7023 71 17606
19368 94 27358
17734 3 22196
1085 85 21840
8199 53 28069
7531 1 30516
3510 51 25190
30175 39 30889
8463 68 18389
8524 24 24420
24253 73 24551
23874 35 31389
6297 9 19547
19922 6 31147
6441 75 27011
14967 68 33432
1796 89 14565
7098 33 18171
15506 66 18360
30690 77 30794
16725 5 19110
9509 58 18485
1044 67 19924
20119 74 26294
12910 9 33689
16950 88 19030
1365 69 3096
2250 100 29926
3821 73 14678
6343 45 27454
8567 22 15889
6724 82 21440
11412 8 15509
24230 80 25938
9374 18 33020
9031 30 12962
16724 49 23174
755 67 17800
19101 99 20916
2027 15 12470
7129 1 25667
15855 58 30394
9463 6 9910
373 55 10192
849 87 7977
2688 45 29195
439 50 31261
7102 66 21753
16329 63 25983
3980 100 13223
12961 62 23771
5989 51 15838
25565 33 29076
4178 92 22629
13327 5 30656
1100 85 2684
5173 31 27676
7031 84 22056
4282 26 34519
7182 60 17702
17328 68 32669
8670 43 34155
22236 46 34410
5516 2 21194
22796 12 29133
17028 71 21344
14880 5 15077
25459 44 28892
8412 57 30904
2722 56 27259
1035 92 3050
1251 37 17118
21114 87 27405
17498 85 32127
3939 12 19118
22721 56 25220
1382 36 3709
5097 82 31988
10052 100 19995
25050 21 31160
18265 83 34857
206 39 621
27647 89 34899
9293 18 9721
498 28 17041
27384 53 32683
16780 54 34012
4401 56 21424
4346 61 9583
3212 41 26422
24628 38 27483
30269 75 30596
19229 41 24260
6951 93 10834
17524 15 17639
11015 91 26701
11822 26 16434
2530 17 21182
7607 73 9336
1548 35 2040
825 30 25160
12294 57 29631
18503 19 21203
33747 48 34748
20106 84 28975
3239 99 4785
10768 77 30083
2743 31 7555
19935 60 27182
17271 86 24994
23664 67 29126
801 14 14586
22111 97 28546
16484 98 30777
6498 79 18615
7773 35 18131
5060 35 25647
3412 26 9043
19127 58 27126
11761 44 32198
4251 79 30429
4299 90 24947
3891 9 23446
59 33 11127
5632 50 26433
3369 45 19434
1882 68 33793
870 75 31027
12242 60 29272
1457 6 14307
21598 54 31027
12498 14 18125
14478 40 31940
4685 53 25562
5009 44 26483
24557 99 31744
7011 84 18367
15048 15 16349
5427 90 30229
5477 86 34639
18053 97 28319
3364 31 21323
4644 69 21840
17489 92 30912
12410 56 28692
11799 89 29690
20396 24 20592
8809 33 33504
10557 66 15298
6743 26 12646
9284 28 27151
3373 40 33880
1640 4 25509
21330 14 33062
6557 73 32354
23608 18 29678
13287 39 26129
17343 92 22362
23461 73 27175
4506 94 25356
22397 61 24782
5500 61 22731
3971 45 12415
27700 66 28449
2506 51 27900
1259 69 18209
3947 32 34377
2828 34 18873
17522 45 18017
253 11 33014
2379 86 34918
7373 81 24743
724 25 21416
14173 24 30917
6714 96 26863
27079 30 34956
17224 90 31170
19591 43 31033
1209 46 10517
13939 39 23328
5739 60 21934
9834 76 13422
12285 75 28727
12074 59 16209
17287 25 24156
9579 79 18938
3775 71 9115
25689 16 30366
2899 46 24096
660 10 32870
14231 96 16847
3889 96 26561
11455 30 24118
17205 6 26805
25941 14 31033
8000 12 10745
6153 72 11519
19821 15 20627
10115 59 25032
7395 41 15900
32441 79 32755
17198 96 22330
11486 9 33494
17617 68 21758
12974 16 31899
16517 37 28105
7871 64 31187
17441 5 28772
6624 48 23704
18620 94 33762
10366 34 11144
16506 48 33444
2042 72 4826
20098 12 22467
1583 100 17344
5059 71 22101
184 50 27972
4520 98 15865
354 40 8579
1922 15 24761
19673 77 30092
6464 84 11679
12729 51 28302
1990 62 7921
13587 41 28347
23106 100 31670
9130 53 21736
8201 38 25558
3548 13 17980
28952 100 33456
6429 4 11660
21418 56 21901
4337 97 25758
6761 27 27301
22196 3 23140
6858 74 31824
19486 50 31469
3185 24 16654
762 30 33313
18317 47 33698
29586 13 33935
1736 48 19802
8480 28 20446
2022 11 7755
17684 61 32966
734 64 1452
23183 35 34500
13594 17 14841
18661 22 22583
17474 14 29732
17290 88 21477
5500 8 10327
11513 83 25943
22551 15 31391
8618 97 30371
17457 91 24891
4030 22 23727
3679 32 15092
9508 78 13225
12828 1 33527
7605 5 7755
25304 46 26142
15415 79 28088
5075 77 21461
8842 9 11278
12944 67 18255
17838 81 26182
14880 73 17895
24592 97 26693
15374 62 33563
2881 39 10739
18651 47 27611
20951 94 34047
34000 44 34958
1096 3 15003
20144 85 31833
18281 10 24210
18384 19 29682
10151 72 24564
2293 32 18202
29937 63 30986
1194 32 14053
2306 50 11932
5761 97 25102
27977 27 29247
10816 88 32405
24166 21 32379
7089 92 18664
16186 6 18312
5766 52 27724
313 42 25886
1737 56 34854
3164 80 32152
3661 26 20240
25735 70 26754
1672 87 17445
1546 14 1877
3858 74 15591
29 27 32216
6270 36 18491
24824 46 32067
883 24 18889
20724 27 30103
9558 71 25651
9327 76 24312
7121 34 25570
7149 29 33572
14670 85 27206
15548 21 21330
11400 43 25761
3714 66 11384
11593 63 19356
21396 47 28832
4867 26 10826
19255 69 31212
23853 89 28259
4611 73 27246
2581 74 10121
21168 16 22126
31608 80 33221
17085 46 32989
4782 6 24991
1739 5 31452
13025 44 32253
4124 59 24435
10610 33 17100
15093 97 19455
3176 14 19779
9414 13 25332
13926 72 16596
23438 69 26434
5576 22 19386
19344 71 25846
15405 43 16224
9921 73 30858
23992 35 30451
8416 53 15804
15331 92 25004
12650 15 24753
6605 66 33171
26668 99 32826
1344 5 33361
19929 5 32107
2118 58 19400
9943 10 24141
20852 81 28772
8148 6 30376
14930 55 15167
11063 86 18622
4407 23 21885
2786 21 16175
10277 74 31455
2374 12 32681
29761 56 30748
18330 84 21329
9554 40 22428
15499 97 34268
27471 15 32539
7048 9 33645
914 58 12542
6611 70 26563
17472 26 24481
23365 18 31992
12894 100 23884
30278 66 34654
6677 6 7218
26395 37 29310
19106 1 24114
10845 3 34775
20318 83 27274
21820 73 25831
9115 65 34635
15467 71 31281
7931 57 30106
8936 44 21609
6011 42 9232
6539 98 31699
4704 78 30042
14972 89 30694
2378 38 10554
7048 58 15323
1430 94 30905
8027 39 16509
28210 76 32511
8577 1 17120
21130 76 22952
23940 91 24299
255 43 25972
10681 9 19508
