900
13889 8 41771
26713 34 44509
1663 18 19078
18312 84 29235
586 77 34012
11653 85 22335
2543 97 5937
3870 17 20736
1075 93 21196
14377 39 35882
29231 18 34057
33299 77 34363
5493 47 23728
4422 9 36699
33733 5 38661
20733 55 37038
22519 37 32948
1086 67 19517
21999 25 38434
15767 96 35397
10142 9 25016
30525 71 34046
25275 27 39743
24295 100 29199
10582 1 42051
2159 64 31213
5672 36 20118
7185 79 34764
13683 43 35361
23980 8 31497
4563 81 8593
3872 77 12992
4118 80 7427
13465 61 17700
756 31 22846
12066 26 23313
10835 3 44101
3209 59 37855
6961 79 22531
19283 96 36991
25860 92 43175
30313 29 34637
8815 16 26072
9022 26 26662
22337 16 31959
20269 10 26825
1672 71 19638
10055 89 12486
745 53 18986
25092 55 39788
14853 96 30014
41859 28 42574
18389 3 40534
32078 94 37912
13611 99 24311
14788 27 19306
7780 74 11081
10122 96 36901
2036 82 11282
18805 45 25141
5502 97 38897
30855 19 40093
34109 43 41125
2671 52 42791
25236 83 30331
31109 24 44165
15191 66 38674
26132 100 26476
2152 22 42298
8522 5 20648
22003 83 28529
1972 57 38989
40245 20 40838
15328 100 31322
27405 97 38670
4702 55 29731
16965 18 24585
24667 54 31690
21839 50 25821
3521 6 37985
245 27 42305
11035 43 38080
10547 28 24045
28044 10 32581
7703 37 14585
4210 16 32957
22828 26 24766
28722 5 30177
10447 8 31225
29898 54 37247
30082 86 34474
8936 79 20669
5942 22 21261
4746 3 13715
599 2 37215
34316 27 35954
5235 53 30620
31034 10 33384
3569 65 14652
211 25 42970
13150 63 13352
1596 48 23464
2006 22 30276
1000 6 12815
3261 31 30401
34295 87 35808
7586 32 14948
23285 62 38212
36083 73 38807
1258 37 21020
11711 73 24334
15082 58 28799
3969 36 40896
1648 18 37975
5719 24 22455
25420 22 33895
2620 10 27281
4444 78 33297
4510 38 22614
13118 52 20839
18376 12 30387
24111 56 38409
40051 75 42695
12841 89 27909
41897 27 42657
16147 53 29310
5499 8 20943
15981 45 40420
9857 96 25381
14614 75 34391
33527 76 41828
3410 52 28831
16913 70 43360
11483 30 38661
2870 71 42709
35832 88 38494
9890 67 35298
617 36 27724
4015 73 28079
4260 81 43669
3614 75 18277
8205 1 17674
3027 77 40723
9290 43 25259
18708 33 34228
43446 37 43492
12341 57 20633
5385 44 24401
19662 16 35675
24051 47 33918
1176 3 29142
15636 86 33364
43517 2 43638
22645 92 36152
27234 15 31025
24308 48 32002
14990 18 42087
15376 16 30056
18399 73 42111
14367 81 23424
23893 38 39523
42647 96 43985
2370 49 32945
27031 100 30997
30347 93 40872
18338 68 30534
23265 40 39139
7835 92 26860
3017 3 30516
6082 52 39826
37443 78 37696
28326 14 41645
13541 80 17989
8865 45 22063
17398 85 37269
23719 18 42315
8674 66 44027
2710 62 25218
39341 95 44092
415 22 34103
25257 41 39568
19852 49 28489
13448 42 29946
9582 49 36278
20300 42 44587
13318 99 38252
537 3 14060
2815 32 14822
13566 37 37922
10139 77 38077
12183 49 26851
278 65 2936
2446 41 23539
8433 8 39246
20794 10 44692
20759 87 37915
3098 33 28611
228 82 16527
4994 76 36250
9455 93 10785
10906 36 16626
9769 72 24161
34297 88 38743
12055 50 28526
6503 27 29479
4760 32 41101
11114 4 24336
22316 52 31764
26259 51 43277
20628 52 25039
16623 31 41209
23551 59 37841
12412 58 24918
17374 41 20137
30343 36 38858
28918 62 38039
2737 37 34430
18381 46 39922
4551 73 33055
5903 18 27434
9514 80 14230
36204 48 38240
10924 15 39369
946 8 40407
9004 26 16513
10598 63 29090
9832 95 33458
4305 87 36698
3336 55 17513
1071 3 20268
18222 1 24865
2147 5 19360
16521 31 43370
10812 96 34150
4145 6 32712
6279 24 22710
2659 42 41363
23853 86 44367
3740 13 33046
25027 84 31040
29211 11 33373
25821 44 33245
2692 52 8072
10319 41 22230
10387 50 43484
15809 46 40219
4867 91 19299
3468 89 24794
37742 62 40329
4926 91 7624
41531 26 43318
35330 8 43537
5662 47 16981
32446 61 42888
21073 1 26728
21697 76 31445
18846 74 37438
5788 66 8386
11536 99 30728
5409 23 12275
31984 65 32088
6195 53 26758
876 41 30705
16296 87 36913
10965 30 25116
4617 30 10293
12684 16 17304
37022 90 42348
31713 39 34863
12472 40 28413
21925 58 23871
30690 64 35559
31546 7 36785
8247 85 40594
14317 55 43405
2743 51 15937
9514 38 28820
17052 54 33668
39577 71 41049
2812 70 20575
26862 83 43297
15539 35 16924
17313 77 29572
17407 36 27722
28404 69 42687
3099 9 33714
15812 40 30675
21893 23 37964
841 7 38704
1329 13 26209
21163 6 26953
20405 72 21737
21164 90 33572
3341 19 13789
36763 15 40728
2402 12 36617
30145 28 39700
8395 95 11548
846 18 36128
6293 66 23120
24052 100 44199
39504 73 42139
13008 62 24976
27577 60 30237
35123 40 35184
25117 47 25440
38453 20 41708
22469 66 29671
19219 95 30767
3334 3 30079
10624 60 31980
17178 32 24557
35557 52 38327
30774 61 34248
2924 21 30078
40378 95 42015
8312 49 23974
24119 85 33694
14325 46 26550
12526 10 29126
30405 71 35021
18709 82 41185
3193 78 41469
984 36 33111
24089 98 40697
16324 54 35054
33029 14 36510
2350 32 18376
16262 24 43235
1869 70 30185
1614 24 3966
27321 54 36136
26825 73 40738
82 19 43622
1900 68 27066
4334 27 40043
12784 31 31395
30833 8 40498
394 25 17597
16682 21 40139
2700 20 30819
23467 41 33899
29538 31 35075
28781 59 37877
21405 78 24089
7038 67 37032
6110 85 34591
4175 82 44143
19883 6 29942
24755 55 31506
23092 61 40830
14684 7 24031
3339 55 28917
20825 93 39005
28466 85 38522
16802 58 37814
2867 95 19552
17197 27 24856
32025 25 35452
28910 90 29648
8319 87 19508
14952 80 37155
10691 36 27228
26321 46 35474
12548 67 15395
9268 77 24578
11857 76 30447
12431 20 40490
693 50 16358
1743 99 6090
10603 69 34969
17834 6 23920
6075 47 16266
18842 5 39476
14906 29 33170
13405 95 26491
3149 35 12360
7994 75 19925
19257 42 22356
9094 25 11516
30630 95 34772
39555 8 44731
34219 89 41770
4829 29 35871
34702 15 34925
27454 7 32926
23297 84 42547
11472 100 43611
11376 23 19564
4561 71 29228
5630 85 26946
12073 17 16639
19254 49 29145
5635 43 25928
20872 16 25601
5663 55 14607
13149 31 34616
4867 48 36877
2346 54 30201
83 95 26541
24135 28 29326
4562 50 14030
13583 22 29474
28023 10 31285
34572 33 34621
25 91 25117
35740 35 37729
24718 38 40241
34551 1 43538
3556 20 25053
25513 61 39269
8794 91 10599
3610 79 36948
20834 66 27850
13665 85 32267
10465 32 28644
7900 68 44059
10472 82 23887
1183 75 18631
28759 39 35660
34135 55 35697
4342 73 11419
18692 18 32038
9589 55 19096
12461 16 22393
32909 4 38750
33327 17 37442
28134 92 38630
2432 68 6874
16684 50 17691
25596 99 40147
1713 45 42647
5342 93 38624
11796 54 15395
42 91 17592
11863 74 38529
24127 38 27275
11053 66 27781
5296 81 19255
7566 43 35278
21432 89 38082
42534 6 44439
2422 51 17399
19060 3 33475
5627 86 24089
3043 65 10675
31368 9 31926
13842 45 21144
3414 73 26093
852 67 30235
27360 84 40536
14935 67 21979
18421 95 30107
20958 27 26924
33072 18 44982
20833 26 30685
14491 58 41711
31545 78 40644
8505 6 44584
10190 59 26872
8768 62 33274
26307 80 41367
33214 86 42365
6746 56 28580
8690 7 23096
15915 40 22443
4351 32 5625
27886 40 39236
6994 94 13846
612 70 42303
25538 2 25963
9114 27 18753
3577 89 32294
2980 6 42048
20612 72 33591
23217 8 38110
23880 64 27289
22220 96 33968
1415 12 34093
240 32 3177
16328 89 23473
10094 5 21851
19204 32 37096
5054 91 20501
15276 82 28619
23136 3 26916
27583 95 40003
22114 91 30635
33716 26 38306
2383 77 44884
18277 69 25815
9238 72 30755
26555 64 36181
1764 74 11570
1131 56 24268
8227 63 19370
39725 57 39814
25754 62 44776
19277 15 25610
5984 43 12449
17916 53 21424
15024 9 19284
22063 1 39317
27909 6 30201
292 32 34228
15983 56 17836
1516 40 43504
7614 43 21489
37072 20 43307
5514 99 44116
15644 52 18076
931 95 2999
21104 14 38572
16004 77 33266
19330 47 28402
2912 64 23320
7051 81 31285
10911 37 34693
13849 29 44964
6062 92 25656
7267 44 33368
27080 61 31294
828 32 19053
774 31 20529
23840 32 27124
5606 17 5631
17668 69 30478
33000 46 43572
14998 80 44074
27522 100 32776
5563 33 13428
28071 21 32655
19809 43 40191
8012 61 33102
8016 18 26644
16614 3 18951
2112 7 31613
31601 11 35777
25699 65 37439
12853 68 41503
24935 56 30110
40570 12 44513
14320 67 25397
2097 22 21663
16469 1 27367
31776 32 34791
13685 58 15045
35238 61 44158
21369 84 42048
9562 65 33659
23914 54 26488
30891 18 44674
24709 20 42965
17344 34 37159
14326 24 31402
3353 5 29727
18639 3 28271
1691 4 32701
6083 64 25146
5530 69 32407
25850 31 29196
21320 39 32237
23523 13 41235
38501 76 38825
18297 44 32443
7632 22 33360
21750 91 44282
24934 59 41216
13482 96 27218
4796 99 39288
9118 63 12724
9805 34 40463
29312 96 38411
14152 59 29247
4990 63 35329
33647 50 43027
27591 73 32115
6891 98 20353
37624 38 41527
12021 51 42292
33 10 41750
38096 55 38395
213 6 29416
26210 98 27625
26800 47 44950
33241 13 38716
14806 53 24226
7544 65 9509
8373 58 32959
10162 82 33057
25063 52 35258
16931 34 24914
3734 38 39224
24430 66 37665
17297 5 34332
3770 79 39605
32181 55 36969
13042 45 38925
379 6 33663
11716 97 14297
8219 21 15877
17526 46 26786
23439 40 31883
17398 4 32467
2485 45 14010
8724 45 34554
4289 23 20907
6598 7 21956
12788 8 29490
8362 24 29844
29466 6 39542
1175 67 22660
1960 58 33088
12020 6 22845
22726 10 28864
36072 3 37055
26460 46 31910
13454 21 38931
5965 5 15194
5527 32 8764
24201 7 40348
39630 57 40607
10727 66 34429
34078 51 44302
22163 59 26635
10553 64 40514
21577 43 30254
31179 36 41026
33239 49 40124
4931 72 43216
41380 37 44581
25733 74 41662
15934 9 37606
8707 71 20964
4133 75 35864
30281 33 39941
5531 18 31560
2753 11 23576
26762 91 38852
12909 92 28591
37903 41 41717
27361 24 27572
6460 78 44684
25231 60 41545
22522 19 34474
18645 98 36626
25739 61 41690
6094 34 38734
34987 81 37318
24395 65 32822
3013 72 36589
37313 25 40473
36393 40 41310
8944 67 25445
10668 78 32049
13397 36 24797
20025 27 33315
14616 91 23462
7643 4 15651
17649 73 30396
20444 30 37901
2687 92 21590
4525 18 33675
10611 55 43260
40344 27 43971
16758 84 39946
12108 26 21253
5838 100 8372
28963 63 36114
8478 63 15597
4384 67 26208
26377 72 26615
13904 16 37653
5064 95 43328
4515 25 18452
9316 79 33123
14824 91 40675
23413 10 35373
50 28 17954
26989 32 40023
28040 40 37375
2233 66 19235
25088 39 41275
28454 20 39590
1619 58 42782
6630 27 37631
13995 18 24044
282 42 12082
3250 77 20427
13711 4 22047
5833 28 32152
39391 51 43173
17006 66 24518
9479 76 42118
26893 62 39262
15272 26 18567
3020 40 8725
21775 74 33304
5847 16 23816
36518 81 42097
28473 94 32386
41474 98 42601
7214 56 30498
16352 64 19860
33678 8 40571
36975 17 40192
31669 79 35469
37674 48 39774
19923 65 27998
10504 75 36213
32355 28 37167
2158 4 20216
17623 5 44255
5816 88 40555
35085 70 38975
3195 97 17837
10830 59 21336
35628 44 38986
32852 62 34757
29167 8 42630
22775 67 30554
24935 49 34023
12323 87 15256
15282 19 22576
7181 84 38753
29900 8 32682
22589 31 36646
34629 39 36022
31105 12 31356
20897 10 23792
43130 59 43872
13986 60 32900
1797 71 31796
4137 10 32762
10211 39 27227
8584 15 32321
13411 16 32730
25959 59 33759
28532 72 40561
4764 17 8368
34344 93 43852
11798 65 24727
12594 2 37022
1034 42 7899
34701 43 44685
32300 57 42383
26189 67 27296
41432 12 44512
10976 49 34190
34628 12 41927
22848 35 37049
10477 48 22220
6822 1 36858
33914 35 34040
27134 22 27715
30003 78 35999
3217 59 35506
33841 50 43386
4369 93 30338
29391 78 38729
2113 89 33707
11474 19 41955
32129 27 42703
9811 99 44929
8730 17 18652
17879 97 33119
23385 22 29203
22357 17 40944
16818 15 29059
2851 62 34357
15353 77 36915
1058 51 7027
2599 60 27733
16195 41 41473
11210 26 36294
34503 46 40442
8835 84 25618
33608 74 40179
23808 42 26623
21773 21 39381
10434 65 19749
12674 62 19870
13594 40 22913
4796 63 42142
14419 68 26373
27688 65 28700
11792 5 19245
2835 92 28841
11027 28 35618
29149 59 34280
27954 60 36710
35822 64 44327
7697 48 38872
17802 70 33637
10379 11 31859
5791 25 19621
14247 40 25232
28641 8 33837
929 86 22129
17752 66 40864
8225 47 9411
28452 64 41661
717 92 9346
5735 1 9012
17555 67 22400
4852 67 18772
7854 38 31739
14434 73 22295
25142 47 34708
12678 84 22509
2249 13 14557
31005 9 40074
23347 70 39482
25982 65 34146
11610 33 41118
28677 47 38811
10414 16 39645
27427 98 33027
11625 48 35842
23659 82 27606
5105 52 42576
33685 1 41483
25575 7 39394
35790 31 36134
27925 37 41455
2597 66 22043
6197 7 18356
32395 71 40959
8702 38 37396
6949 77 7983
7948 59 41731
1169 42 19265
15601 73 32166
34371 72 37930
13303 92 40492
11649 16 42621
28886 53 29769
6773 78 28586
6090 66 34649
30507 37 36673
22401 80 38973
7557 96 24667
10035 63 12072
22271 95 35394
13810 45 36144
697 77 34641
35958 21 43968
14091 59 21934
7458 11 17258
35840 58 43389
39804 82 44440
16769 82 23363
43031 65 44664
1878 91 5064
25916 67 41751
1089 37 28929
25747 9 31387
34153 31 43428
21872 98 39596
11331 51 39870
14512 43 21236
21009 1 27379
17155 82 28657
13207 20 34074
23670 17 43800
2794 26 5323
2934 57 6611
31691 100 34053
16544 3 19689
8752 6 35292
21110 61 44635
6681 72 26229
10059 4 19366
8279 19 30218
796 65 22489
27295 65 30830
21238 63 37671
13982 85 30542
13868 91 28402
29037 76 32490
34472 15 42207
1966 31 13782
3119 100 28566
14473 34 44280
13505 36 40008
14011 90 28212
34283 8 36763
15537 46 22982
12364 84 29135
16685 65 39800
12320 59 20912
1768 53 16224
33554 87 37361
14662 32 20266
10579 52 32127
18774 46 25568
5661 28 8829
12016 72 32586
20019 95 20690
23656 22 44139
