900
32830 3 36651
1452 35 11570
8488 17 35388
4617 75 5433
22770 10 36182
823 7 3790
4294 43 5961
30990 18 33506
2910 37 6930
11673 13 13547
6624 11 25482
8931 78 37607
24490 6 24674
3532 24 28827
30938 14 31402
5923 11 30865
18220 63 19611
10307 12 43460
14925 95 24690
28390 26 40736
21899 7 27585
4276 80 25079
16145 27 43908
25181 42 38985
9788 29 12820
14547 45 24069
6101 70 12274
16871 93 19030
433 51 38918
16710 19 21034
3521 70 39504
13412 13 42821
2193 15 35376
7837 12 29774
26019 70 37118
32338 89 39897
8498 29 31703
22394 12 26282
28972 6 29662
7057 9 17740
5250 16 12274
6553 77 18400
29395 62 30490
7381 74 10807
1329 34 26431
14544 40 38038
29615 33 38942
17657 8 28318
2394 60 5988
11826 95 27580
6159 36 11942
12885 18 23801
12069 71 20386
28382 2 33756
21945 91 39361
6816 23 39023
6625 91 33627
32554 20 33658
21957 86 41198
1315 54 14300
5933 93 16904
7657 44 38358
22859 55 31950
14549 32 35177
1119 72 31568
5315 38 11897
7956 42 23378
16323 83 42382
25078 82 33576
38796 52 40607
37067 76 37427
9954 58 17543
2802 35 44570
29868 55 36020
10237 81 31283
32816 95 35649
1128 66 11408
11650 61 31626
21038 55 34896
2088 77 29415
15771 18 33576
23398 82 28782
16485 12 41985
13610 15 32593
2765 66 31481
28594 93 37334
20993 71 30359
2761 59 25172
27989 47 28211
27587 22 44782
23749 37 38787
1563 4 17344
7120 40 36089
31066 9 41356
29257 61 43341
8579 63 23668
4307 39 9108
24645 56 25102
24635 76 44588
22462 49 38020
8657 22 35320
649 100 31223
12699 75 19898
8472 53 28383
15030 35 43937
26389 42 35197
21860 34 37808
26380 20 28546
36055 93 41539
27742 69 35882
889 58 3569
2631 44 37264
33598 27 33844
4800 97 11903
8312 77 14169
4951 41 10579
34284 38 43825
5705 32 30391
34098 37 39013
29273 97 40173
19857 68 38010
13224 61 36514
37085 26 42713
11149 11 34317
11335 43 33059
35686 23 39446
27847 2 33467
3378 74 21492
36447 52 36701
8231 89 44835
40843 42 43290
8756 12 36573
12603 16 28470
40065 97 42323
10490 66 11292
4969 80 23552
29606 38 35806
15413 97 40039
24455 60 24754
23399 18 40884
17387 96 34653
8754 13 32373
32261 26 41871
29595 90 38481
24837 11 26901
21166 70 36471
7480 93 29564
12961 76 25741
14766 4 24126
36452 53 40206
6964 69 10874
3659 69 17610
7934 78 34835
2032 96 40635
23785 92 35531
25784 7 27034
6076 30 17217
744 32 42200
4999 78 20089
22579 37 42953
9823 7 32057
41106 91 43266
37908 85 39335
31418 83 37597
29203 94 39889
2378 7 34356
21110 33 40212
18795 47 33001
4174 52 17068
31623 30 39049
16715 36 21708
32410 54 43613
3914 38 35362
28548 50 31220
21391 13 32165
4792 70 7198
37988 89 40202
19746 12 31940
15472 39 15655
16941 89 26103
4182 68 19475
26608 33 28922
3276 80 17983
9530 32 38603
5766 12 13101
28874 68 42144
11941 15 39159
36012 82 43455
31225 7 34178
13846 95 19883
22784 80 40514
11729 97 33768
23845 74 31669
25671 72 41317
5271 23 37469
25797 97 40112
30664 76 35890
22071 10 26685
25746 1 41014
4564 42 37044
2137 48 9700
4690 46 35035
4078 46 40068
8396 23 33562
33091 91 39480
11466 5 20025
9819 90 30744
21334 98 34623
16637 17 30897
32481 64 35221
31403 5 42100
15601 65 19461
31948 98 37954
8910 70 31182
13621 90 41974
2487 77 37245
1663 44 29507
16035 44 39607
31105 91 39300
4381 4 16451
19655 68 31725
24600 46 25463
31892 16 34237
26805 91 35681
6552 35 39954
2099 30 2564
24710 10 37174
522 61 20581
9419 84 17662
18647 6 32258
2648 99 12537
1848 69 4103
7760 100 19552
36344 44 44789
3724 49 18211
15044 57 36354
1250 50 36328
15855 24 36064
745 32 28877
5821 88 23524
22763 18 27701
35870 80 44103
17395 17 43312
25830 48 28038
23021 20 32195
16511 20 26587
1476 39 32514
12964 80 14785
5245 86 18280
36593 22 38832
31217 71 31329
7526 79 43764
33963 42 38946
12429 74 26824
4057 15 35621
25962 33 39808
25282 1 44428
4589 28 43930
5373 21 33602
15886 21 17760
34810 48 37606
19466 19 23397
3035 64 20403
6300 70 26127
11896 95 13446
28181 95 28773
25292 4 36056
17553 70 35687
3659 70 13155
16739 68 41404
2789 26 28898
32971 64 36733
21381 33 28657
9826 72 37328
4293 2 4536
9813 4 37467
5065 54 5179
5441 10 31289
36997 7 38435
38986 14 41971
11913 17 38028
33329 34 36196
22890 51 26809
25269 83 33023
395 90 20225
10063 81 32372
17818 39 30042
3994 66 23490
35133 23 36217
28851 18 38922
15584 30 42551
8989 75 29654
25473 84 38022
631 43 6499
17666 25 33882
1869 65 7945
15736 84 38274
562 7 14756
35634 29 41544
24170 73 28543
33223 50 44680
952 60 1427
30948 57 43075
13215 84 26999
24304 12 35900
17023 46 37185
25677 60 32691
15171 24 19569
12088 10 39171
27880 10 31191
4906 63 42258
27685 93 33232
27963 46 38079
27172 81 38173
2902 87 39033
38214 99 41708
9359 1 37500
26344 53 27809
26482 41 43691
2107 45 3377
7531 72 43688
7551 58 21817
3157 28 32770
888 3 13585
37939 24 41286
19649 12 21721
21661 26 42502
18055 68 39123
33076 90 36751
28030 88 37556
16165 39 16660
10713 28 16705
1121 19 42240
8760 30 30683
5187 56 33845
12477 92 32526
6071 60 15709
2263 43 40513
14508 64 22121
12574 91 14964
30918 4 34842
4297 81 39353
27826 2 37844
9662 67 31905
16495 25 29295
27473 88 40727
8356 54 31636
34852 25 42681
14345 75 36170
30563 32 31100
886 31 11635
30981 20 33871
1697 16 10215
3861 29 41664
34448 23 38674
1901 59 41487
16320 19 32078
4448 38 20318
39918 83 40547
26850 10 37884
26174 7 29080
1146 98 44027
8834 11 27778
23302 70 43522
22147 41 31751
349 62 8664
22415 4 25792
4541 94 42107
11512 71 26534
1959 43 27109
3839 37 27574
1983 15 27725
20406 18 43043
1244 61 5980
27278 2 29073
8924 84 29878
10839 28 33117
3541 91 35510
25219 4 25335
20660 24 32840
9983 49 43430
5529 82 15886
3715 87 8853
13983 88 19240
7199 23 19455
39361 88 43971
33198 68 42336
15054 46 31714
19343 49 26657
13195 27 35534
10744 20 31210
32100 16 40077
25681 45 41139
9158 9 40283
33712 72 39813
5988 99 9822
27178 28 37796
20395 29 41495
9169 5 34975
2050 94 34570
27373 65 33692
16903 91 28949
28558 30 44665
25250 13 27034
8681 18 40935
8394 63 21142
31334 42 37962
168 22 39232
17954 90 29332
36092 20 42856
14039 4 24014
24594 99 40331
9433 25 32906
917 94 2872
2315 7 24941
8408 43 37218
28073 28 43386
40294 74 42691
7187 1 16809
34578 59 36900
7914 32 33567
12848 51 22361
9294 24 11396
4870 93 11302
31084 21 36906
12150 52 28910
3271 3 15285
495 77 1679
2483 68 15775
8456 27 27535
34950 57 35699
1880 62 22957
26678 63 34297
30763 61 32434
5993 3 32233
13855 89 22767
13341 78 33998
33611 2 44827
7556 92 26844
7888 23 36652
4807 24 32532
4397 48 43712
4682 11 22768
9492 81 33414
18863 36 31913
1623 22 18789
34048 94 42314
16132 91 31880
33012 50 36033
15788 12 31822
29722 37 43882
17389 15 33978
14568 33 28573
4596 87 10461
25484 66 33459
22885 87 23189
5051 39 15486
8254 35 31071
19808 59 31793
17096 69 39486
23994 17 24131
18502 4 20679
3342 6 39468
30703 36 39878
813 49 23419
5437 50 39655
13758 48 29540
8239 41 11702
41353 73 44536
24247 92 44766
11502 54 21232
20077 16 32638
7909 92 39897
3815 69 22243
27194 37 44025
23507 40 24460
35042 43 38187
27067 3 39979
20429 1 44961
29842 6 34803
13402 73 23518
5293 25 44561
12690 43 34454
23028 56 32305
30378 98 41213
15788 71 38243
6913 99 13503
16674 77 19720
24272 34 36685
5767 99 32789
5255 67 7800
14293 69 15575
15010 65 19538
28861 46 42816
11559 5 30271
12009 56 23430
3477 76 22016
2943 33 26521
9343 78 44899
17353 88 29168
24929 71 28098
12041 54 36830
12823 35 43673
13580 71 39933
4812 57 29919
283 50 43846
12235 26 19976
36201 15 42850
35609 64 42287
20511 40 27865
31486 62 41514
7167 24 31150
6831 56 37872
32878 74 36110
27992 60 41530
1462 8 14509
20483 56 34117
17259 97 25651
23654 61 27649
25964 16 28960
7259 28 8688
13317 8 29935
9989 8 13373
21981 81 27089
22440 14 35277
2594 44 35716
15429 68 17083
22139 50 44553
9076 87 19875
31049 10 42158
25344 83 42109
16580 96 43668
24479 39 29227
17737 9 26814
11191 18 34234
17046 21 29526
5785 29 34461
10889 87 13987
17828 75 31261
41257 61 41705
11541 80 18177
31028 41 35952
26833 31 27157
14331 22 32473
14640 66 31825
22765 8 31698
5088 96 7056
22867 45 34983
9352 87 14353
418 51 36116
18441 21 28445
12123 42 40562
163 7 44570
18585 16 38556
28869 26 30556
31831 47 36529
1398 8 30022
16710 7 30078
7197 8 19407
34172 24 39338
13199 44 40818
12604 88 32146
27516 1 38664
16788 20 43575
2121 93 32436
16181 58 16315
11041 61 37423
16079 7 33203
22683 68 34191
29173 42 33095
6126 38 24271
22833 54 25437
3286 20 5839
9226 6 25578
23496 90 32612
27557 51 41886
12455 48 27652
12774 65 29932
16079 51 30275
8126 69 14158
15834 55 43693
5091 43 22272
13847 29 25152
24154 6 40758
148 59 40007
5269 4 40356
34716 80 34901
35973 27 38044
16893 97 35407
10287 17 34419
1874 55 3405
13940 91 23460
9803 69 30177
5477 43 35983
12637 84 29062
13603 91 33626
1422 70 26818
9633 27 20999
433 95 11704
21907 69 35899
2614 70 19920
4257 62 7227
35783 86 41812
25642 32 30227
14571 82 33443
23236 71 28794
33014 30 37677
4549 14 33278
24626 57 33281
21662 45 32480
2102 6 33409
17427 17 19294
354 36 14733
18890 15 20978
6561 79 44095
5871 85 25843
4871 55 7079
27778 14 36968
30513 53 37324
9986 47 41769
17709 74 37978
6078 71 23758
6025 28 43131
24344 86 25474
14096 82 23257
4123 68 13601
34337 4 43444
22824 30 31465
17707 30 37550
36868 40 40945
2591 59 25412
27364 49 33226
10396 13 16899
36054 82 44541
9165 40 33661
17851 47 38039
4925 49 23542
1567 48 20649
2921 48 30196
953 100 10303
2132 34 29926
6711 80 14449
16221 94 40014
2532 48 28735
14273 27 35562
14086 24 26039
12935 58 17722
35317 14 39691
1459 4 35823
10736 74 29984
18838 96 39559
22386 79 27029
26050 6 31588
2786 34 13929
19310 72 28118
33808 35 44849
6590 2 29929
33780 87 41728
5435 73 32938
10967 63 18157
2111 23 11319
2302 34 33316
15802 96 21910
1384 88 44057
21187 26 37215
10447 35 32926
2020 24 37885
22185 3 33848
253 79 2263
31658 100 33072
2234 46 11887
24388 86 28425
37417 47 41492
653 45 8026
22239 27 32854
35592 79 42743
5458 3 36821
14690 30 36710
3248 44 26531
20410 28 28381
15826 47 33105
14922 37 31125
7070 91 36295
38164 21 42023
5628 80 15416
22282 42 38797
34409 80 43067
37098 26 41512
23355 69 29842
37167 77 42868
429 57 32267
35517 39 44813
1318 90 17182
11062 38 30410
8494 20 35250
9957 31 10045
34903 98 43224
6071 31 38102
7450 39 22874
35299 67 41229
28390 42 36848
15548 31 17953
16998 30 36153
26699 26 39711
13213 3 38574
39449 4 44912
2059 3 34526
619 60 20527
22579 92 26052
27600 47 33021
15577 10 24886
27106 68 43844
8292 38 27562
2219 10 27389
30124 67 31826
21184 60 43774
29922 99 33095
22939 79 24189
25925 100 35033
6501 43 39824
14163 59 23254
6976 14 25951
17927 79 36614
1900 76 27787
511 73 31318
30174 23 40970
15306 77 23798
18150 76 38725
38964 27 43639
31226 69 36249
7316 67 27640
15093 73 44129
28607 45 29124
39077 51 44156
4591 12 39806
33827 39 42821
8144 87 11224
15821 91 19675
437 36 37043
10300 7 29460
26855 74 44346
23149 30 36352
3048 38 44425
40126 9 43296
6825 32 39145
1497 68 42559
39215 16 44121
4856 95 33802
36958 32 41875
33784 24 35809
36214 89 38135
37180 6 42430
1271 64 27882
6511 16 22962
883 93 24489
19002 32 38913
12664 78 37422
26145 98 35153
17907 47 42082
7207 82 29471
11989 73 23275
17250 99 36014
3855 88 28825
22929 21 33386
5251 16 19657
9241 33 39889
4170 48 25063
38184 6 39309
10518 64 31196
7498 57 29406
9003 24 35114
14921 6 44963
34997 48 41625
14887 35 31258
17072 71 28513
37126 73 43246
1139 56 40594
37691 27 43084
17681 44 23916
3462 95 7068
26769 27 31548
24302 87 26320
422 97 43078
730 14 6685
26408 98 38801
31463 22 38086
10655 78 10943
11244 10 13781
18604 31 34420
32925 70 39788
13015 27 35872
41469 4 43349
32228 99 34791
8888 32 32479
28393 22 32276
8712 39 25051
4858 79 36387
11696 33 23090
27016 22 44628
5352 10 19770
29564 4 33962
10428 13 30766
12424 83 24444
9910 74 13361
490 9 44045
28667 37 29533
22692 42 27116
9941 99 41911
1787 31 27529
4665 81 38271
12883 72 22045
1158 78 32248
26050 47 41138
31380 10 41838
21991 16 33196
3509 25 33959
13609 83 15322
11305 64 17184
16927 44 27054
27318 64 33312
16648 86 31591
13995 80 18801
12118 44 31622
19395 75 40133
23148 100 33389
29615 42 34667
26516 89 33702
12686 50 44744
12619 23 32013
4440 25 17804
7955 46 25253
5645 69 33793
6070 51 32840
6598 51 24618
17766 82 38440
4373 72 10573
19353 54 29576
21632 55 40826
1655 23 41537
31729 9 42016
11378 54 34333
10562 88 32366
3671 76 7591
1464 4 30967
23684 56 30160
41470 77 44280
12238 7 21217
15392 29 22596
29138 52 31138
32737 73 33589
34151 11 35548
5784 90 43155
4057 80 15651
36045 9 41302
32983 28 37746
5024 86 43149
18036 7 30742
14708 78 31712
19636 52 40896
6829 47 30200
7837 59 10471
1799 90 33710
2824 13 38942
18459 96 42735
30020 70 31631
20703 8 28861
17152 35 40016
23236 23 36522
38516 63 39256
18992 24 36109
5361 23 37546
37126 15 40906
661 64 21805
31653 23 35974
11086 91 11863
9408 95 21999
32297 75 43767
33568 40 36953
37515 7 40832
3507 56 35369
12262 46 37164
13657 6 32972
17639 34 25754
21525 79 39796
7579 3 13200
20482 36 44977
1244 6 13761
20527 32 43625
27878 37 30120
30569 85 37134
8903 59 30319
25229 16 33384
1843 60 6982
7152 7 37561
24865 55 35421
33322 65 44683
12044 40 28733
21651 27 27124
28184 66 34718
5009 43 23397
