900
24804 44 43405
22521 76 44161
32377 44 33757
3897 20 25722
17760 15 28673
11051 42 44179
24090 48 32978
13592 8 41339
28052 81 39696
25978 46 33121
26202 66 33994
13873 37 27964
11186 76 32493
4924 19 13564
1072 89 27213
4291 49 29726
11956 100 25336
3249 24 20682
5789 42 38308
18478 88 34894
8834 8 14804
34542 7 39158
17197 87 36979
3538 94 14899
22632 22 24755
19072 84 41105
1364 62 35221
29890 33 30392
3565 8 12005
28611 77 34458
16271 59 26706
16148 18 39378
11502 48 11855
12988 87 32752
13781 27 19439
9138 32 34614
6366 73 44757
35429 70 35905
11881 11 39011
22916 34 28435
33433 97 41018
2219 11 22885
475 83 38504
43083 18 44099
11829 34 44241
1490 35 34242
24036 80 41872
8494 26 25159
123 46 26751
30087 95 33322
8635 59 36939
26010 98 29173
9477 76 36490
3396 20 34740
15818 46 40677
27061 52 31676
17695 38 30523
14597 37 23348
12280 12 34493
428 56 30507
6671 36 44024
4936 64 32292
8941 62 36121
18882 54 29650
1397 11 8127
3701 63 20571
17817 62 31507
10604 32 43235
8284 34 23150
11198 80 24113
18908 71 33703
24220 71 28659
23624 81 44178
13999 57 34674
29900 46 42926
5573 100 13654
189 55 38754
39593 22 41477
778 12 23181
26732 49 30639
17141 93 35942
3620 32 44390
5661 56 22368
13849 58 25144
2593 49 14920
32522 37 35800
40650 57 41081
21514 52 34185
9409 96 31541
29967 26 40491
21076 46 36620
18437 73 39052
12552 99 42439
33593 82 43386
14848 2 20101
9701 20 25228
23553 67 44739
22850 45 38946
22588 27 40570
27334 66 41579
8447 21 28379
25691 70 27438
19859 80 27993
1919 84 36134
11665 33 36800
3608 22 12036
13509 4 19111
25222 30 29646
2996 35 24018
13657 97 34601
4380 47 34810
5657 73 18733
19641 22 41099
8772 52 43489
9679 28 27305
37236 38 41185
29916 75 43755
1467 72 36517
648 100 37468
19385 51 20259
33521 39 42360
18798 5 25507
30752 49 44999
34424 1 36323
5008 25 26672
11005 46 23219
32619 15 34879
27088 12 31562
8439 53 38057
6900 22 32706
17698 84 30381
18386 57 25939
34311 85 34427
5778 4 24862
24782 24 39774
24996 48 37650
34851 15 35681
3292 43 43925
3885 50 4643
5735 3 28137
499 87 8990
30360 15 41571
15800 88 17778
26571 48 43645
14593 4 19117
33779 70 35318
11644 71 12436
9902 10 31386
1208 34 27300
12298 95 32746
20816 97 25444
15816 31 28165
11154 72 29459
13185 54 33498
19180 5 24801
18748 56 19462
31267 85 32217
5435 66 24161
1193 4 6046
13888 37 16351
42671 64 44895
21537 88 31313
15224 61 28938
8220 90 29337
34733 46 36060
38891 15 43216
2766 3 11564
4561 29 37157
9710 71 19887
12611 63 31999
783 25 33641
22460 80 38439
16320 10 26699
16938 22 39282
6728 54 40554
1939 61 35054
19284 14 22179
15458 25 18828
25988 80 41337
24799 18 42959
32994 62 41495
10359 15 20948
31475 56 36961
23386 23 30328
16525 11 43309
29004 83 40524
33900 5 36493
26778 14 38014
19072 18 29105
29934 46 34100
28715 13 34389
34873 32 35656
15617 100 35776
35719 79 36181
20254 80 21204
23580 21 32376
21229 82 34724
40818 49 41694
19864 34 40338
33585 31 43316
8706 26 25291
4197 21 37753
22333 43 31514
1496 78 19440
8261 81 30643
3244 28 41632
33430 27 39651
30637 40 36964
29443 41 32403
11326 27 30609
4386 95 26212
5169 82 18326
1546 55 15162
33266 89 40039
19811 33 22002
9613 11 31014
2802 66 25440
32699 22 43532
10845 85 36425
22079 65 42931
794 19 25382
29052 44 29512
35409 92 35725
9294 27 28042
20059 56 41401
18180 24 28522
6624 59 27432
24125 12 26870
3261 33 21790
4066 19 29201
12467 63 22562
13972 3 44964
32870 75 37847
12375 24 25645
15193 44 16937
11807 34 14062
4352 28 44132
28667 59 30773
16362 95 31171
8179 12 37818
34756 71 43980
32172 20 33798
3949 67 43271
9262 32 37562
7550 25 9219
19778 96 39089
5561 60 19678
21691 69 33917
22582 99 33007
22994 65 39261
8056 11 38374
18972 33 26998
19949 53 40636
16825 97 41909
2090 47 30660
1291 2 20972
22772 74 39304
29632 71 38609
33255 56 33812
25126 22 31020
4993 93 25486
17346 43 29364
17655 90 40808
20862 95 30292
20608 92 31702
22054 15 44705
5750 99 31986
6124 38 43069
9367 93 41771
15730 19 33279
26369 51 36970
10012 91 23630
16106 9 35754
32682 15 35729
19922 42 44185
32036 40 40962
10924 71 11935
1141 27 38040
17845 66 28529
3582 21 36565
10218 1 33176
25035 21 26852
12084 4 18903
18240 76 22080
7688 73 23610
28793 50 38301
11018 35 30355
10992 62 19303
7514 33 15401
20202 97 33924
18025 89 39042
27400 5 36326
3555 18 24102
975 49 36881
14302 86 28805
7959 64 40643
25046 46 28735
10378 36 32597
37057 34 44887
4083 62 38658
21621 12 40001
22820 87 28673
21753 85 29550
8568 34 32287
6641 36 30405
6745 25 18558
2507 100 27992
30833 84 39051
26730 36 42925
6976 22 22861
19374 10 38810
28908 4 39151
25003 8 34915
7163 47 8054
6885 28 16899
6813 72 18191
26375 11 40468
24809 37 27822
10506 96 35321
22758 53 26873
4866 50 37862
263 37 18093
25088 86 37445
26802 61 38878
11656 29 19920
6742 77 10330
24106 88 36690
3597 37 19763
42298 21 42635
15663 73 43512
5237 52 24560
13813 91 32478
22113 2 33090
14099 45 42154
19016 40 40422
21335 60 38956
8004 5 31505
28483 81 29978
15317 15 33609
32445 81 39179
22419 78 44995
4299 36 40504
44105 56 44364
24936 82 36115
17387 88 26882
10514 4 34795
16467 34 29855
25466 84 35675
3306 48 13414
26516 3 42823
15880 24 22841
10181 32 16111
34602 38 35629
1799 16 43791
13404 14 14419
31842 38 35608
30537 15 36577
12074 87 13800
819 66 1602
36910 99 39842
9113 57 43557
2568 97 37861
15879 7 30954
16344 86 36650
27036 99 27579
28719 76 38359
10289 17 11508
19731 26 22068
3946 67 33863
5896 92 16418
20534 28 44622
9982 22 36959
2216 34 18275
24052 94 34948
4033 11 36912
4159 43 39292
27270 2 42229
8007 3 36287
11385 65 18412
1313 51 2217
42344 57 44772
4803 18 22228
203 35 16637
26293 94 31354
25470 22 25646
36456 3 36633
38877 68 40792
1275 100 32470
4478 99 27404
26106 85 37703
459 69 32703
18406 1 22684
9045 22 44679
23645 70 26930
6659 78 39098
15449 94 38592
7049 66 14351
38889 61 41461
26080 2 28624
908 17 42430
3361 90 20826
3672 17 13010
11309 31 35328
3291 31 16446
17649 34 36813
17044 16 35683
13566 12 26723
6084 31 35011
5107 92 27591
4481 93 42920
3342 18 25882
34082 36 40626
16387 46 37734
4499 84 26368
1239 77 31167
5332 27 21500
30479 97 36079
1404 29 29106
8501 31 9328
60 62 2018
24295 34 34314
22227 8 26963
25756 26 28068
6311 29 22659
22578 75 27095
36559 76 38598
27942 48 38867
26952 92 37773
3465 6 40107
19682 70 30554
18728 94 43892
76 47 19961
21097 96 28250
12929 70 26729
29926 93 42653
11195 41 43366
30138 78 35097
11574 12 37809
24441 80 29812
40738 81 44613
10174 98 17565
8965 47 20289
843 35 43382
14610 93 31873
18789 60 29046
28464 61 42527
6493 37 23762
23111 49 36183
11817 39 39278
25447 43 27421
31219 12 33266
29928 19 41994
5444 32 11361
12026 99 21873
33421 66 33758
20132 87 40843
224 29 44647
19373 95 31830
21354 14 39914
14533 41 43505
33703 1 44697
17530 50 44166
12598 81 15070
15428 41 26200
17235 85 34175
28793 29 41520
35474 29 36889
4190 84 16526
11217 63 38174
30786 97 43733
21665 42 38975
21453 66 29591
27417 66 40628
41627 50 43509
6200 75 30062
26820 64 39186
9640 65 32660
8016 37 36903
852 9 32090
4772 37 30629
7192 48 7465
31581 51 31646
40853 85 44922
6834 55 31442
11894 26 44353
13426 87 29305
179 58 4038
1492 36 18603
9617 69 44791
17778 58 25909
14238 73 31329
4156 24 17797
16709 83 18285
18001 4 36275
28592 66 40177
32075 28 43233
24522 36 38191
27665 20 32733
17199 19 32724
24371 65 28448
3575 69 26355
32967 82 39896
29020 2 32729
27286 61 31820
6591 42 28637
22067 23 26812
43976 39 44280
628 86 24248
5100 28 43233
1233 52 20911
35760 82 42578
7522 97 34058
35289 57 38304
1560 95 38032
11318 97 41207
1172 12 2052
3553 31 31506
13005 69 22190
12986 19 24326
5495 42 12026
20767 12 27660
6588 58 27501
11831 76 35368
23862 50 30973
10743 16 28956
5631 5 27562
22096 4 32014
23661 96 41474
4695 55 32721
19407 22 33322
14555 3 41353
11333 9 41107
23453 37 33417
41536 23 43836
17655 85 36695
26343 16 28918
25766 41 31323
11861 4 32150
14368 62 20074
10601 90 20761
26080 98 37671
6109 57 7259
16932 73 43273
17544 22 23708
25141 14 27887
19161 65 44413
6186 32 44114
6430 67 33801
3709 75 29979
25569 96 36892
12074 53 38059
7807 6 39268
22153 19 39403
15472 40 36078
5345 9 31593
25154 25 30738
42592 44 43308
4655 78 39720
10166 24 32311
27162 83 33529
15011 53 33133
11298 99 37400
6399 42 8591
9144 26 32130
30413 18 37727
11115 40 39020
14818 94 25234
39188 43 43165
1365 34 18058
6227 47 17502
36904 80 39766
35021 25 42402
37983 65 38351
857 6 6827
21093 83 34664
7905 45 22410
16087 16 31508
1461 50 30236
16884 28 35651
21888 1 40579
27497 83 32859
33848 92 38342
8278 19 43371
22494 81 43768
2327 95 6306
17044 33 41578
24096 10 28827
30400 90 33374
33361 5 42632
20512 57 36821
22869 13 37891
31299 21 34686
926 74 24582
29487 87 30344
5431 100 41232
3866 7 21619
29413 44 35825
5373 89 20047
21181 2 41771
26469 48 32775
9298 78 43847
24170 52 42133
22538 69 27856
26450 75 36540
12706 48 32425
25940 46 29698
19440 92 25760
750 45 24719
11518 78 30966
24672 10 30218
33885 34 37690
5679 67 7503
21767 39 29908
5406 62 21072
34244 69 38502
37 53 16381
9765 46 10942
34298 76 40672
13547 62 27453
10058 26 42881
12058 53 41386
831 14 4976
14435 99 15218
8692 66 35228
14480 33 31246
15897 5 44061
40963 81 44341
37948 66 41371
25623 88 43351
14208 14 18485
25051 98 28973
2292 39 28149
3533 61 26163
24141 55 36832
1925 81 25311
18136 52 19771
14248 82 14450
12772 2 25695
11064 54 18084
100 29 30007
6284 3 18329
4222 38 41706
29696 77 30681
4774 58 40596
13594 89 26662
34959 57 44467
1273 85 25750
27318 52 39224
11656 36 21229
30817 79 33218
15145 93 32642
3664 85 40479
22388 52 40153
22142 98 39174
25093 39 31470
407 64 1861
24731 74 33943
9524 20 22782
29697 34 35401
5454 87 7789
3235 10 20011
35881 3 36669
27383 65 27743
15109 44 37032
9706 26 24896
23698 74 30683
10863 46 17212
9047 73 28279
9040 75 35592
4275 67 18951
29559 41 35280
24599 71 44813
30738 50 34698
16979 19 17008
6290 90 22428
6047 11 26708
17728 8 28616
11689 6 40856
28074 22 37098
33869 57 41547
39428 43 43028
12222 31 31933
9122 10 40291
20159 12 24929
7585 89 36520
976 38 32282
15289 86 23152
18777 90 29026
2727 20 6496
3680 84 13854
35206 23 35512
5814 54 44169
35341 52 44078
19607 49 39868
8349 89 17000
32843 23 37275
26362 79 35311
15292 2 25727
39442 82 40757
19955 48 28152
33419 43 35186
10134 74 22793
25602 38 44828
33050 24 40911
22292 39 27689
5215 55 6496
1044 33 42412
3450 21 30389
9539 22 30279
3222 23 8557
14964 82 26974
15885 52 25135
21956 29 36741
14956 41 36072
16149 12 29524
23167 79 43057
2143 38 24265
3355 31 9359
11248 47 18699
19034 46 22179
34931 40 38267
7502 61 24215
571 95 23171
26808 18 34995
23983 14 29520
26463 9 28109
7944 87 18242
20861 22 35423
7871 45 33634
7002 79 37793
27666 2 42359
19733 51 28780
6389 16 21881
28123 20 38457
10950 76 29397
18525 48 34078
4069 77 29607
5204 47 40088
6486 83 38369
13236 5 37338
43412 43 44835
6802 24 30774
30067 5 32945
32686 41 38960
41639 3 44653
14901 39 22431
4337 39 25917
1190 8 5966
23831 68 36313
18798 27 37562
7999 41 33895
22558 40 37664
24580 70 37871
10731 51 27360
12339 27 40564
9617 13 41123
11740 74 40598
9055 1 22789
5260 73 35696
3046 69 37993
27380 59 37209
12460 6 41167
36081 41 40091
18443 31 22620
20445 43 34290
11731 77 18715
11215 45 35452
33061 80 36874
1803 86 2894
33360 90 38478
18778 15 29560
36933 20 38161
13267 14 38447
12891 30 26230
396 82 29310
37276 90 40281
24031 39 32939
22477 3 28303
39537 59 41246
34292 55 35257
22261 72 33859
7628 98 28255
26846 80 42945
36135 84 42841
2736 40 26389
4627 65 23647
1392 26 14359
8435 45 11107
28067 10 39326
24856 80 40298
26124 61 43700
27370 54 27434
12054 20 38573
826 89 6523
3760 22 33788
28689 8 33537
9894 96 43453
17574 91 41416
37202 24 42490
19588 83 33156
9438 97 32358
24801 21 39166
4892 8 22914
2790 47 39289
8955 58 37928
16787 2 34004
12399 100 15234
10707 87 17813
26793 35 26841
5215 86 35390
3501 70 20116
11052 32 32051
2616 91 34814
18235 5 25077
18804 70 43253
30083 27 44202
15093 69 34095
20882 50 27215
32441 72 33840
9098 71 10082
31021 3 32271
34170 50 38038
8076 69 32754
29688 85 40396
10007 93 14650
12847 78 36441
8723 17 21399
31053 12 40578
5936 95 37305
4846 18 19167
37926 3 44235
28226 95 42443
25740 73 36987
28249 18 31641
2890 81 26411
11772 38 28975
6898 80 17079
4696 53 12153
36299 65 42890
31244 52 40071
701 5 36304
2162 21 11658
35136 77 42035
10830 55 25508
25198 89 43879
11604 4 30537
965 57 26218
19767 56 30309
14457 50 23037
18283 46 29943
5615 85 5940
3930 61 20103
6774 8 13339
17621 95 36418
2885 77 28448
22741 69 33682
29351 36 32691
11797 6 35848
15066 89 32951
13450 39 39037
22916 68 34699
28804 82 35835
36082 58 37752
2304 67 14910
10010 7 36655
9650 58 26796
34796 20 38731
9073 75 19775
33060 73 42986
3327 82 33282
5481 28 25115
19095 61 38671
33550 79 43835
17809 76 26331
2671 16 9348
3688 6 32148
23410 37 42272
315 44 20739
6619 72 34718
5157 92 21245
17208 39 40508
9080 8 15231
26674 88 40060
8724 76 38947
15928 41 30170
34150 100 39879
2937 2 29543
4744 21 43233
14848 25 25531
10373 88 14060
32786 3 40781
18514 3 21189
7571 53 18513
14272 39 43717
6364 81 25838
21538 95 29763
20999 5 33578
28316 82 41415
15972 15 27385
1405 100 10615
