900
22064 11 38382
13531 3 38090
14304 34 20851
12961 50 25677
9511 49 25678
22767 18 40616
10873 100 27656
8605 64 33305
24534 1 36441
26494 19 41916
9521 13 27229
726 18 25924
15236 84 21786
26044 58 36696
3100 92 39858
3882 9 39064
23933 83 43734
4249 26 9442
9197 42 37369
30655 49 32029
17457 85 27069
39209 57 44619
30178 59 37192
18541 34 31246
28796 73 31178
26312 20 38194
29 7 38254
5981 1 8301
21151 6 37906
362 98 44724
3741 44 39634
11231 41 25340
3322 80 7145
26825 95 34268
27635 6 27871
8643 36 27962
25471 81 33131
5308 22 38869
10192 68 43595
18468 99 38557
5749 13 19000
223 17 40888
11645 85 20317
5940 52 27726
11422 90 17793
4424 41 20987
3600 42 13599
33208 49 37516
3734 61 4183
1739 53 32776
22337 99 40888
10929 41 29137
31852 49 33701
6873 82 22619
30449 47 39831
13938 72 16769
21256 40 43544
29958 74 41990
16365 41 23943
9151 17 11010
11317 20 37173
39789 33 42454
13511 98 29083
3381 48 26993
30939 23 39358
17829 48 29777
19679 80 44974
13991 16 27743
6284 54 35604
20193 29 37317
42509 86 44240
6485 18 38094
39599 72 44944
22998 25 24214
16303 41 30863
234 6 36901
33035 39 34052
36633 75 37080
2534 74 3978
18994 10 31944
12695 51 28787
1063 5 18411
30091 67 31925
36047 63 37992
6162 66 29049
6931 98 19645
35702 99 37537
25798 76 43984
2187 93 40305
18503 59 29544
2655 73 39743
16810 27 31456
4821 88 37089
31810 94 38215
13246 62 35409
11100 99 35661
37745 100 39979
10472 80 37124
205 84 4125
1772 49 18568
37431 17 40995
43306 87 44170
15491 60 32447
32550 13 43997
5 45 14201
14551 30 25800
39554 30 40628
10918 42 26541
5382 96 13673
4690 17 26878
6851 67 35122
12771 83 26087
30133 32 33135
1342 42 6074
33106 54 33528
1221 8 35365
8893 7 37178
2259 49 38989
29769 7 36265
16783 97 20321
9481 23 31456
39851 67 44748
31163 5 37828
13513 99 18767
21765 37 27843
3473 1 15151
8865 22 26579
13494 28 34006
39777 21 40669
23892 78 41929
14928 40 22876
10327 49 33165
38722 100 42311
31785 37 32102
10673 90 41331
2678 95 9587
35472 61 40235
1167 49 20180
9671 98 24419
19723 63 33447
1309 45 25087
663 77 32833
9243 59 44721
1018 11 35682
29257 33 43436
3295 29 31881
32020 13 44186
3962 36 32506
10264 45 33307
18629 70 35361
328 42 32099
16178 36 33652
10040 64 15638
30884 92 31938
9594 19 18605
14999 9 17297
13092 39 20342
2489 88 11388
3270 44 13794
18679 18 21161
32446 87 37272
5417 39 44971
4186 33 28122
16873 43 33054
601 53 24886
5810 26 21596
2914 84 30033
24792 8 34750
2235 37 22516
2742 35 12673
30216 79 30845
9790 21 37424
40132 25 40474
4087 80 18271
4821 22 9246
5930 39 16156
4809 91 34248
2920 19 12962
6170 23 10628
32401 12 39888
315 96 24040
27798 57 34452
17500 12 26093
16179 47 36905
20451 48 36339
17726 31 21901
2552 64 21043
23927 79 36647
1337 16 27959
22265 12 34028
3197 42 32714
27455 60 29955
26138 11 33356
18148 84 40843
37772 70 40392
33429 63 41439
8993 36 33130
20215 12 38409
13999 15 35970
10483 72 25447
28722 91 31689
11586 98 29827
25092 58 38110
12113 48 36179
21846 34 37111
24478 89 30771
5260 63 30878
25450 44 26679
19338 37 37034
12981 44 32044
14066 29 36588
30508 87 39239
13704 52 21759
12357 3 21758
9392 80 30015
6457 92 43568
31244 31 32337
29147 51 39455
24965 47 36923
11591 30 24884
19274 64 29796
2127 95 20668
9215 37 21570
32219 47 38275
13321 57 15137
21386 28 35158
16729 61 31624
36720 28 40539
1882 75 25519
1068 65 9183
10984 65 30602
4754 74 20143
8586 11 37425
15998 99 35907
18095 40 31792
15330 14 31206
7295 24 30144
2798 6 9307
5788 84 6803
35786 97 40767
25675 13 38503
19334 82 20881
9133 18 19330
30760 51 38756
15769 69 29227
1188 15 12729
15156 45 40802
6098 55 34488
4334 23 24043
13095 20 41674
20690 15 36740
2029 29 31198
14119 45 22285
37666 54 43459
20475 42 41450
16471 41 28433
25999 70 32731
2083 16 15306
16438 58 31946
15605 31 38435
33614 99 37644
33804 50 37902
25787 15 44980
36046 93 37873
13917 1 43559
18129 34 34422
43111 72 44683
21388 24 35501
11890 75 22343
2670 66 16113
25073 50 39444
23223 15 39189
8342 25 40765
14759 9 26961
2563 4 17960
6832 18 19108
29767 43 42017
21507 21 29936
17534 57 28489
38719 66 44332
16010 52 34695
363 12 11335
31535 40 41103
21713 2 35579
8326 19 16057
10558 56 36432
28428 39 43523
24691 4 32675
4387 26 7189
34836 77 38989
4954 15 7399
565 59 19441
7109 14 22533
1546 57 44130
9164 8 43686
5568 52 35791
5206 33 12401
549 75 12488
32421 73 35086
38951 81 42775
21893 83 22338
33901 88 38188
4275 46 26796
21390 97 31656
25860 52 32189
27591 80 33512
8640 10 35692
9642 29 28782
32243 55 44263
7935 76 16008
33858 36 44962
9423 43 34095
7558 50 23555
15543 60 24736
11837 86 33692
14040 99 18621
15948 62 44951
14549 56 31113
36203 80 38640
2581 88 29562
36193 85 41451
16306 84 36991
23161 63 38347
16507 14 27956
14699 21 21769
22759 73 41547
625 21 30273
281 60 2009
12027 28 13088
7369 87 37973
17423 52 33485
5318 10 13293
28464 51 32336
19357 73 32065
10046 40 30315
11154 60 36405
16525 87 35847
19235 59 32129
34162 9 38478
12732 9 27879
6520 84 26012
13744 6 20815
10675 29 37787
27128 30 43575
373 95 15020
10499 24 26711
21172 30 29035
1747 29 35804
4303 48 42031
6934 100 34333
28830 2 41426
14838 17 25991
17285 63 37485
1200 7 28751
18014 100 37841
11125 80 42173
23896 86 41438
27380 58 29109
9304 17 10326
11827 4 23966
12411 67 27386
35640 29 43434
15022 22 41826
7995 89 36889
28945 21 34318
35780 40 41858
29107 22 36487
28098 51 31957
32534 97 32723
18886 87 29897
3567 29 19342
28912 27 33710
4200 73 32155
19510 66 29104
23995 4 33918
23188 100 39742
34288 47 35750
13115 25 19375
21555 39 38294
30111 18 33905
2051 29 30911
6620 69 32704
7507 91 40266
5991 19 12866
15845 45 15960
4830 66 13804
27856 15 34693
15264 81 20228
11175 4 16832
15029 79 24464
22024 12 22624
35082 27 41055
43077 17 44194
5661 59 25622
2278 23 10086
9689 31 13098
30023 76 34323
5103 98 37846
7146 98 34928
923 13 29453
41180 97 41321
3028 88 34677
1980 100 38767
25699 87 41940
10589 74 29883
541 85 29877
8778 82 40619
11715 14 42577
4729 24 33541
18018 55 38793
23855 72 36686
7512 18 21709
29526 68 35534
3061 5 20533
8231 6 36975
10853 97 18496
12267 60 24486
2070 13 21429
30694 95 38676
4303 20 11223
15193 78 36266
12343 8 37124
21871 15 22512
8950 92 32689
5164 65 40260
6000 53 17385
5065 51 13148
16321 81 25962
33764 33 35158
19323 78 37808
19388 79 33206
25909 22 36027
16140 68 16396
1465 3 22123
11886 36 24862
11381 98 26529
13538 43 23967
18842 26 30975
289 22 22211
10440 39 31135
27216 59 38612
35133 93 40484
8270 78 44969
22738 21 28875
12901 91 36834
23225 62 27063
8410 41 22980
25739 13 29874
13780 92 21173
12278 81 30961
62 54 15539
27216 51 36015
19231 100 33541
23281 72 34982
4999 15 16247
626 90 19450
3082 64 8991
22704 94 34894
21624 39 34687
5753 55 22169
28774 31 36731
6482 40 19959
36152 23 40790
6382 68 22350
27064 83 37773
22750 74 26634
15366 84 36569
12571 80 35080
17329 9 42054
11564 100 43846
17505 66 39166
13022 36 35967
18046 26 35718
37545 80 43800
10918 5 35196
20789 75 29237
1034 66 40824
18263 54 38670
7711 31 8515
39038 16 42527
30951 63 41411
29668 87 36405
11321 57 41732
32469 25 41572
22249 77 42719
27897 12 30785
37907 28 40435
23268 21 35991
2357 18 26467
17569 90 30924
12743 45 28720
27901 91 39273
20955 55 38714
25732 80 43807
6383 23 26387
22164 76 42998
3606 46 43908
31856 5 33310
17810 62 38901
13685 51 37335
30238 99 40820
11875 32 28370
4874 83 40487
22682 90 40318
32614 51 43239
9217 70 18770
28749 43 41792
14648 58 15884
9810 67 13223
875 98 20074
8469 32 28290
19911 31 31017
30958 93 36253
9278 100 22083
21022 21 23572
4309 78 40127
7128 2 38616
2629 21 30078
20932 39 41037
18025 24 44137
27529 25 35090
5538 3 10358
16650 41 19908
8858 48 39053
26189 3 40719
8963 93 15378
25259 31 28816
9038 42 12575
12923 41 21599
21150 31 23875
6645 85 11982
9121 16 28466
4013 3 32459
29321 73 38968
2170 86 24571
33901 8 37035
18294 18 29419
2073 75 33211
18947 19 20747
23514 14 23548
7790 96 9687
17566 81 40324
1046 85 6524
23678 29 40585
13955 51 38462
19874 51 35182
31010 38 40011
15625 91 29650
1881 27 28786
8588 30 26069
18193 45 41045
13971 15 34467
6035 31 37331
32116 8 42883
36875 18 43709
22579 8 32478
21138 5 30671
20889 13 21502
11348 65 28076
2443 33 33595
17972 92 34878
23478 44 32547
26169 72 43281
28443 78 38567
24098 96 32890
6546 28 36242
4185 24 34363
6123 7 29779
1696 14 30594
29717 40 40971
22134 59 30244
26421 42 35360
2827 29 32704
39940 100 42722
26212 3 40705
14523 79 29559
9765 47 19887
9510 87 24969
36756 10 40384
24363 23 38235
6801 42 21641
31561 8 36881
30713 53 30948
28447 22 28843
7819 53 9927
11933 33 25946
24917 21 43485
28276 5 35158
28644 65 33400
21655 25 22965
7554 43 42080
16588 85 34071
34889 70 43974
3233 77 16235
20799 4 27604
5926 5 31196
33713 23 38940
25318 2 36686
22396 80 35951
4824 35 31483
25066 32 26629
4848 26 24463
16872 62 38009
36066 65 37687
4040 59 16751
1151 35 5994
4578 64 32527
2228 23 4761
32 52 36496
23265 10 32237
3829 4 33703
24278 59 28869
17660 85 26088
37342 3 40452
1891 88 23348
38963 77 39898
8520 6 35425
25853 67 30230
16516 79 22206
7235 51 43847
1952 11 28261
28362 28 40406
19356 60 30132
558 94 32322
12609 91 35718
3719 23 6132
23722 17 32020
8883 69 19218
3136 31 44476
9499 91 15195
7275 23 40176
41164 89 42698
10311 50 20496
10209 38 40432
22845 87 36020
18970 16 42756
13789 9 38886
26511 51 31388
13266 53 28386
16368 22 25549
10510 89 33705
17749 7 32770
36715 6 42489
28984 15 43260
37064 4 41884
24890 48 27118
11472 34 12365
23281 39 27648
24153 66 42192
834 47 24372
26493 61 32993
15378 35 31785
32487 7 37776
5889 66 43105
2141 9 33464
8882 61 38662
33363 100 35771
6595 38 7828
27653 57 39196
4269 39 15776
17798 36 20237
17360 48 35579
3972 46 13904
23385 72 23758
1975 91 38208
3970 28 10816
12462 75 36751
27444 83 43363
436 67 30545
10594 74 26432
11790 14 13469
27759 49 36808
10644 58 15342
22182 37 43016
5294 85 27751
19655 49 30422
26099 24 32971
25630 39 39359
692 5 3288
5176 95 28494
6995 90 33093
6524 20 27056
13630 53 42409
4029 7 36984
2508 39 14461
15160 22 20514
15500 50 27991
10219 39 16244
16706 93 36305
30853 23 38659
26148 55 36158
6372 44 16756
17852 86 44536
22043 34 36182
19803 40 29776
20490 93 39905
32843 42 37245
20026 16 38977
14775 43 28203
5786 57 32368
25062 95 38888
12292 62 41633
24712 90 26412
21885 44 33910
2158 99 18412
36509 64 44098
9256 79 23940
15215 66 28062
1361 73 1464
29503 84 43343
31014 23 34361
1276 98 34454
15741 42 22145
24536 26 36463
1008 58 36288
8618 51 44015
30214 48 34053
3525 91 35018
15220 8 21980
1552 9 44250
1108 51 29428
42900 87 43678
28333 47 39634
32767 90 34218
6665 94 38854
18841 37 33868
23888 47 28020
1597 92 30274
34938 92 39609
28788 30 29423
12082 32 43400
17770 73 30250
2146 22 4429
6021 33 11123
15732 10 34303
2533 43 34536
17501 21 44101
7907 45 35473
41623 7 44844
1530 98 5474
19988 61 26339
21171 12 25316
10601 46 38251
24365 38 31005
20282 71 27479
25642 99 31679
16679 3 41636
3552 11 34874
21851 58 31048
40081 34 43360
21638 70 44706
21140 75 38315
37207 9 38415
5776 8 35659
7106 78 37523
1433 1 16407
364 35 25319
23274 59 24741
539 26 42000
35227 55 41521
16532 10 25518
24512 55 24762
15127 88 31744
36391 51 43258
1917 65 40682
10104 86 17771
8022 52 8599
20700 57 43363
20815 37 41362
18336 89 24052
13859 30 32638
23450 57 31736
4237 64 34680
19197 6 23018
16027 27 21281
9035 6 26256
28108 20 41786
6884 14 24018
26743 84 42053
4122 95 30122
26802 34 31368
808 83 35041
17952 19 28932
10964 60 17837
5643 20 30745
34970 2 35347
9700 82 30262
27943 18 33636
2983 40 13319
26615 44 30518
10871 73 14646
32035 21 41585
24852 18 41972
24042 79 35662
7550 96 23084
29737 52 43550
33979 26 40157
28123 88 38655
24778 64 43106
6809 79 36486
2556 10 12036
32153 54 44982
4 59 38549
11290 5 42176
7220 61 42608
26963 76 35987
204 1 3422
147 41 2306
2548 14 3885
26075 25 26491
30909 13 35125
2031 9 31046
40555 72 44097
3843 51 10841
25908 1 36270
7831 33 36121
14508 70 31799
28931 61 40233
3865 83 7753
18276 15 23653
27642 46 37853
3564 78 26027
1275 15 12471
8284 84 27991
5507 40 41446
10888 70 19256
4908 27 25919
12946 10 38775
10205 7 33839
11683 35 31733
14762 92 41134
14347 68 28531
5488 25 28637
8620 28 13991
9143 14 35522
23756 49 42652
25812 84 33294
7695 39 29039
5719 90 6766
20184 22 38194
9389 61 13350
12281 87 35227
21431 60 24559
29320 21 40512
20437 89 35910
8321 8 37219
21876 15 30830
9627 25 10413
30824 41 36759
24460 30 43939
7464 97 42140
2519 82 27158
23722 62 28200
173 60 26547
34984 46 40703
32575 40 34636
15945 28 39882
2486 63 39407
5691 2 20804
12560 58 22457
28370 35 29891
15169 65 39593
19797 4 26634
9397 29 35795
37179 95 41150
25908 34 34944
16609 31 18766
2185 64 32751
6472 35 29810
3885 88 6152
19668 42 34427
13544 16 29710
23907 21 25552
277 18 41856
19872 1 26108
2435 63 9244
3380 32 26897
4645 7 14802
18530 50 39822
24728 19 40827
24254 64 25209
14238 75 17730
27188 12 41573
568 71 31023
4442 55 31294
7146 62 9003
4698 49 20717
25907 74 36601
5108 16 40162
15976 93 30053
22436 43 36774
30672 94 41207
9066 68 37306
5907 60 15542
38446 75 40452
30961 93 43226
14822 85 32525
5945 21 11228
17453 4 29152
14837 53 26230
