900
13244 65 14165
16498 66 21026
3320 42 6471
1534 26 28965
11881 58 16562
6605 91 22035
6378 76 38472
1981 25 34243
9265 32 34765
5279 61 36781
159 75 4129
20838 15 27341
10108 45 33688
1565 34 38567
6044 90 20766
13001 35 34638
31200 52 34191
15731 19 16220
30636 97 32417
16955 10 40795
2178 11 23387
9983 53 21462
30954 28 36723
12273 77 21906
27273 57 27340
23864 44 33454
6704 63 11493
24146 32 39065
694 42 27219
13659 7 33779
9007 88 23445
11500 46 35172
33663 5 39535
7653 54 14764
15121 23 17947
26577 84 38820
17479 54 31993
17244 48 28195
1139 20 5942
11945 14 38527
18458 92 38246
3129 54 14155
27229 98 34282
3928 22 35548
23473 58 35653
29971 21 32342
6836 88 18186
36811 81 43419
13371 77 24823
29944 84 38805
24254 16 31228
4294 75 12247
22839 79 38936
25755 22 44117
26642 14 36937
23595 79 24476
13086 43 18732
27379 33 32952
37470 90 43107
12739 20 31941
17415 53 35786
31140 17 34833
31548 28 44307
14174 27 18804
16528 66 37726
3252 97 16295
6148 12 29726
10799 81 17116
12345 72 15030
6521 48 36969
3927 13 25756
17900 76 28234
34402 57 37539
32709 34 40051
6849 51 23740
11851 80 32544
14468 17 34709
34413 35 44104
10813 66 38308
8323 92 12222
8292 52 11934
625 25 37281
5556 11 16135
5793 76 37301
3228 9 31515
9475 28 32491
18420 83 20890
37033 91 37692
5476 78 36913
36930 53 41856
23713 39 36475
8806 44 31664
12195 69 25915
2955 85 27936
25118 21 26722
6387 68 22905
16985 78 24514
8 33 26544
30300 8 30926
29553 44 32907
29314 84 32771
4818 17 19618
29787 43 35718
3095 8 6309
427 34 3894
33802 12 35455
12620 23 31608
23948 32 33124
7522 24 28965
14672 57 34069
5934 98 42921
6899 87 24238
1838 6 14580
34027 99 35592
18156 57 27528
10918 55 31918
33058 40 43822
28349 60 33874
8876 94 42805
24902 73 43782
8134 38 35724
22654 56 43033
702 86 25658
8416 76 39921
5301 39 27541
32957 93 38620
13709 60 19070
38010 80 38892
11955 87 30831
17967 56 43855
1039 10 25247
23909 5 26865
12618 71 24561
5443 84 34478
2007 91 39242
1213 49 2511
26433 1 30737
23302 32 24975
9121 11 26678
5666 57 30467
13365 7 41856
1289 85 4231
24571 64 37420
11158 98 12099
23393 95 44286
9515 36 26511
30526 84 37455
9918 10 26918
7604 87 10908
14663 36 33392
20845 18 36336
18689 75 27732
18671 33 38858
15228 75 30485
12412 11 22533
24937 56 32805
17490 94 24938
15855 15 29569
10924 47 33853
24569 19 27486
9975 47 38825
2690 85 33336
3809 46 36581
26848 24 37520
22587 83 28785
37463 31 37888
27977 92 34892
10580 54 44180
27380 65 43272
21856 24 30547
19075 49 39111
18924 95 32367
14032 56 31989
1972 54 36127
1065 66 42440
8308 66 21999
28343 53 42275
1661 86 18425
15181 50 32816
27678 36 38348
13413 1 39052
40124 67 40396
21461 94 22324
24538 33 29802
3133 18 43250
18917 27 38934
13227 28 36372
5483 91 19015
22590 79 30142
20458 42 37487
25731 7 30613
4278 99 32315
22870 68 41779
18913 67 35852
160 65 13421
1465 15 3860
29509 82 30248
16310 25 41092
23710 30 36491
1233 58 27072
1276 25 32979
6871 95 12351
28373 11 41102
35109 6 38035
33936 4 40332
13080 82 33511
36292 76 39817
37201 37 44298
3255 15 41506
22446 77 27622
34125 97 43513
21566 87 28906
3156 26 37949
28168 98 41736
9840 53 30495
26788 82 36490
35212 50 43784
1305 37 27302
4864 13 20569
13996 40 22322
23868 15 44355
708 53 18119
3672 33 8072
18208 42 40044
3922 44 5552
26126 76 40805
25522 38 27035
1502 99 15492
30694 84 33398
40498 64 41014
3877 34 15701
32907 17 34465
20111 59 41542
5675 21 13007
8735 34 24904
8341 6 37593
13335 25 23972
34778 16 39131
24942 24 44318
26669 37 31223
11531 19 29111
1747 34 14253
1116 56 28886
11867 88 23580
30672 5 31013
25212 84 43005
2013 50 37536
18730 35 27887
35650 42 40562
6996 67 13202
29071 30 34939
26078 70 39536
15489 85 23851
2573 18 9868
430 77 17731
23182 41 37509
10017 48 23774
29968 49 44940
27550 51 28611
3412 51 38225
30112 15 44587
14260 14 34772
28268 51 30149
6772 79 44421
3992 94 34221
28798 68 35245
13730 53 19908
16518 40 21897
22147 91 39569
19762 38 43890
11365 81 25999
4042 28 4079
4751 97 39937
23855 88 43749
7429 15 12217
20507 25 21264
20009 18 39091
7616 62 30463
15251 42 36674
1495 73 33590
13403 14 24135
10916 49 14036
35259 8 39300
17533 16 18254
33727 68 35312
3459 9 33904
13889 83 26850
925 41 9624
25171 22 34380
457 15 8679
33419 63 39575
18254 4 39195
26018 31 37560
13312 72 27862
15703 41 40489
27761 34 33515
18742 78 32651
19447 47 25499
6691 79 39283
2857 82 34544
9636 84 17913
5708 96 35533
17374 38 34150
15419 84 36039
2191 55 29126
5018 30 35691
1555 22 30654
810 52 43267
33662 30 41975
9847 100 23278
21062 16 30338
5431 19 40773
1436 49 9836
34481 85 41494
8365 80 15066
3279 88 31951
14943 15 39701
9633 93 37572
4680 43 7352
5353 16 17701
22962 86 24850
5956 12 30405
7757 93 37283
22463 36 22616
3423 6 36807
1769 63 11609
29386 82 38582
17638 95 31569
14439 45 37640
19763 56 25386
15994 45 28204
14318 47 40667
30142 29 39623
12844 82 28283
30960 29 35486
31092 64 37927
2802 60 7388
19070 78 26462
27473 58 40505
6278 37 35388
19821 51 24696
2815 35 32748
7970 94 34857
24302 18 38519
6519 74 7535
13749 60 22067
26260 89 32322
27999 100 31735
9675 20 32260
15337 49 16194
14065 51 40199
26591 23 40143
22597 66 36903
6697 69 35644
31808 76 32900
19799 96 35493
27469 77 32363
26258 18 29182
5397 5 26318
13853 49 32597
23927 16 36298
10417 90 35379
11441 95 12079
3382 37 32941
29599 37 35831
13813 10 13922
23314 76 44466
31996 2 41435
9833 99 23924
33103 91 38399
29520 32 33048
9753 37 32184
2349 86 17634
2243 47 3436
7572 16 32213
733 78 2310
16739 60 32770
25661 40 42326
16782 83 22566
1859 98 18880
7 5 18170
25795 44 26413
33428 40 43980
1492 38 19197
4251 48 9416
15619 88 39375
34604 10 43498
15766 3 33982
19193 61 35127
34014 60 34661
6819 50 15610
10597 56 24661
28641 61 42607
32984 29 41652
29100 64 40522
35411 73 41488
10406 80 30717
10163 37 20614
2966 74 3944
4250 58 32094
7524 60 22348
7319 51 25874
28317 20 38221
3993 92 27943
39861 16 41585
864 58 4171
10685 95 33511
17354 15 25249
13655 64 36832
19509 17 25348
26717 69 27807
34141 36 37029
19504 20 42114
4806 8 24923
19982 80 38849
31532 8 32935
4115 23 34699
29982 3 32507
7698 58 42391
9408 16 33202
16725 82 28737
2134 96 27992
10474 27 36760
33918 11 42208
12266 1 27441
12304 44 33251
31848 65 43927
9614 15 16200
30142 11 40291
931 16 2314
17940 51 41109
2921 22 29335
16282 74 34213
3625 16 25257
25754 53 37845
35103 88 43605
7597 8 39719
3267 50 28885
22024 82 23888
33246 1 34302
2076 82 43047
19837 71 21165
33588 48 38874
3972 90 42457
18066 58 23478
4220 14 26993
5147 88 27504
42381 43 44424
12856 96 26369
10232 69 35745
6858 48 39114
8955 4 28467
26178 11 27511
14661 24 28859
16671 4 26752
32096 55 32818
2136 78 16570
6569 66 12439
23624 48 23805
29301 3 34959
36990 19 40249
822 56 38041
5240 98 17279
23585 15 33754
17191 52 40070
16133 8 18136
28343 75 31863
8708 11 13810
17302 56 43499
20654 7 31248
6892 3 25690
1276 56 22723
7971 39 44607
1718 18 32092
4158 27 15653
15315 73 18728
3926 71 7390
17718 8 37513
5176 82 13227
5961 5 13594
27149 34 43722
24314 61 27279
6556 44 9870
4155 88 14044
3896 91 37620
6081 23 8599
35956 70 42835
27127 33 35535
808 7 37789
27070 27 31092
11967 51 32630
36135 99 38606
14806 71 16738
33506 92 37461
3917 72 9138
29966 13 30926
30845 3 34224
18133 83 40601
10359 23 31460
32906 35 44816
4638 91 12064
17339 20 27493
36741 2 42387
8927 77 26879
2622 64 28644
23461 76 30306
1332 84 33306
496 57 20003
28241 13 35420
9149 52 11489
15395 8 40111
12393 71 26309
3061 69 14382
3617 2 21957
1849 26 41441
49 51 20959
33615 18 38791
31219 36 37727
828 61 17525
15560 45 24122
29609 48 29893
35013 87 40773
12724 96 43722
2002 70 35476
1394 56 28078
5532 15 31449
590 61 39271
9555 10 42468
11513 1 36984
10872 32 12956
6202 8 41597
25852 83 30766
37445 78 44998
37448 97 38474
15850 98 32756
8759 47 9356
10469 17 34902
14488 62 23509
14733 53 29575
37780 81 44725
15405 73 26205
20133 74 26731
25324 25 31475
12585 39 23862
33150 84 35908
9486 56 25713
17499 38 29308
15547 25 36415
26002 28 26064
24518 91 33373
8165 15 36447
10647 85 29528
18529 61 34806
20830 54 32898
32365 6 42548
10710 55 23381
23173 8 37468
18468 83 26531
4967 43 27908
29454 33 37850
16266 56 36190
8148 22 27517
9048 75 36552
9354 44 39638
7890 22 33022
21222 26 33458
7639 50 28674
32581 55 36925
3763 29 38989
7729 33 16029
22214 54 33228
9920 19 34275
460 90 2325
7393 17 33706
38280 68 41184
10480 98 27281
9959 34 42194
28296 3 44074
27348 96 37552
9143 84 26994
20496 34 39669
71 18 8639
15437 27 36963
7927 46 38933
1323 46 16046
39709 89 44197
13048 41 28049
3554 71 6570
10469 52 36286
18995 54 41088
822 1 4915
888 33 29012
26943 7 31602
21474 28 21707
26558 82 43304
9749 33 28306
1594 62 15011
31375 72 44574
7961 25 10971
9753 7 42576
26681 5 44739
14488 11 31655
26466 19 30099
30561 35 40996
6470 61 22963
37348 52 41377
24299 2 24670
12819 70 41521
29707 73 32979
20120 83 39885
1072 73 13018
24696 38 29275
10259 12 18612
27605 68 35621
15182 16 42548
1961 75 9312
8058 72 15578
4263 60 20821
4630 71 31872
10783 86 18032
9282 93 16160
5465 57 36624
26716 95 28414
1592 13 20462
11810 59 26618
3147 45 40497
2690 55 8754
9758 27 19534
19123 67 32402
22779 77 24411
6225 91 10895
3041 28 20905
21079 28 36312
9835 69 23919
15415 20 19461
12733 22 27450
7629 96 38302
33615 34 42838
26493 97 33576
25742 58 30575
20455 11 35038
4322 31 40951
11023 76 32339
21571 4 23079
7215 83 43466
32860 45 38129
21868 96 23179
31649 79 41443
10268 11 13762
28335 59 43676
11856 77 17591
30563 97 38015
14083 67 20642
11773 26 30952
6533 35 23517
1057 11 7447
26551 12 33289
29706 52 32964
14250 69 20865
949 10 5767
21344 99 37174
5687 77 24279
27380 22 29830
24410 33 30337
855 55 18978
11775 78 33369
42806 76 43881
20311 68 33265
4544 81 15851
3087 80 35487
849 71 7600
39648 46 42813
9742 29 40626
1543 50 14087
14077 66 16848
4010 48 32012
25229 79 39811
9002 35 25060
2483 7 5648
806 67 25218
27807 10 43959
23418 67 23998
5807 60 11273
3216 34 19514
5716 95 34844
28285 19 44473
15038 47 16883
19517 56 35763
27147 22 35922
4579 17 32831
16629 2 19972
39491 48 39796
495 73 32773
18625 25 19479
4894 38 13404
13961 2 29384
1984 12 38486
27461 22 27559
4619 4 14676
21986 24 34407
26176 85 43308
22980 14 42871
12469 17 27745
2049 89 34957
15257 86 39391
4217 12 17231
30873 38 31840
25984 22 42708
9376 60 28751
12180 95 33076
38313 56 41438
30337 74 31864
32852 45 44174
38354 60 43273
747 22 5517
4383 28 32644
11025 47 35893
20025 2 44497
29472 36 33769
19498 54 27466
23150 71 27275
742 100 28354
35543 60 44459
18285 88 21372
11109 23 11343
44076 68 44246
2331 56 28328
6867 71 15388
5471 71 29372
600 80 44373
19074 91 31038
1291 54 32412
21696 60 31448
11531 41 37459
18384 23 26491
5494 72 23880
4875 10 17136
23708 15 25991
5994 84 35334
3636 58 16901
28745 85 44481
481 3 34675
21057 56 33827
14321 85 41294
24518 7 34418
25285 3 36463
33812 18 38002
15229 49 42642
33795 38 37126
34871 94 39041
6058 11 37434
31160 50 32509
2173 75 14973
27395 21 35340
10192 27 37792
35525 54 41189
27197 55 36283
27440 23 27553
106 94 39432
9127 8 38792
5920 41 23471
28891 85 30572
37258 5 38653
17383 14 22473
23560 61 36486
6531 86 32748
810 79 24276
5275 97 38340
24953 46 27982
31831 32 37448
27217 48 35490
4967 61 10878
13242 49 37415
7050 100 37250
6907 36 34601
20473 39 38158
28626 39 35477
34145 59 36664
29876 16 34420
23112 54 31462
12126 89 31345
1026 26 1125
12780 89 17341
8061 76 35502
6706 50 42616
12992 38 16014
2160 19 21108
2296 32 34034
24402 3 44632
25244 68 31961
26697 12 31058
11259 26 11342
33866 100 39787
19659 68 24626
11574 72 43459
9133 3 15735
31901 87 33347
6108 92 44905
19037 72 35299
19487 82 33055
29654 13 37412
11688 94 32940
34455 57 36389
19635 45 43397
8100 41 38398
18294 83 35588
34495 40 43623
6039 55 32323
28241 40 30128
32291 11 33554
19104 85 40807
30658 19 41411
11209 51 43760
7714 91 12880
20612 59 33834
13244 62 17564
36795 75 43033
7385 57 44727
4455 69 32282
26134 16 30053
12865 37 39503
9376 27 25666
43 45 27286
806 80 3957
501 73 36710
31837 95 36124
17906 1 20119
786 62 34722
27189 71 32277
13131 12 33156
8218 19 31434
29764 32 31723
41337 3 43461
22158 35 39970
8704 30 20831
5739 89 20644
10047 54 22666
13418 83 31868
17861 50 22628
401 19 26682
26442 23 43194
15759 70 36629
4657 91 20585
11326 91 22790
41328 95 44205
28303 85 43108
1151 36 39490
2372 32 9174
6474 16 34710
36441 31 37942
23182 86 25979
32274 31 36547
4110 10 22644
29896 78 30173
17149 10 26236
13357 71 38345
32157 82 36698
21690 50 30719
12820 32 40439
962 39 23485
10390 97 14475
16608 64 39389
33991 84 37477
23770 52 28343
17867 85 20091
12914 18 33669
3264 79 10014
1123 34 38024
25842 72 26924
32817 75 33858
11529 11 40322
1907 88 39284
6799 18 10488
31780 80 38045
27534 12 39834
5909 87 41403
20004 29 28966
14249 80 24200
28817 35 41671
18374 25 42180
12255 16 29525
19336 8 32231
27710 89 34839
32698 29 37985
1811 53 24911
19120 43 33999
164 90 41394
192 11 41876
1785 8 25110
13537 23 19796
3440 52 16118
20239 92 38268
27899 71 31165
2312 27 2956
1537 69 17384
29657 20 40647
1502 42 27334
26725 93 34601
26794 99 44522
11623 62 16960
