900
10324 2 36974
26064 27 29463
14102 72 30429
31967 74 37769
29299 41 32483
26422 7 36440
7200 30 33721
27429 28 30662
38403 34 44178
34022 72 34107
24965 10 25971
14098 31 19956
2787 48 27004
1286 97 32648
34271 22 44116
14099 53 33648
9992 90 11235
10380 32 23030
306 73 42996
760 42 43236
12522 83 30818
10366 93 24490
23130 49 35288
27994 19 33449
19236 13 24257
23841 6 30793
2075 83 10729
8106 32 44766
28648 2 40344
17405 33 28452
9144 89 33054
2121 48 36355
25952 55 28744
25578 55 35662
18605 59 31942
10571 23 38894
21738 13 35797
29259 66 38967
8046 75 20071
18134 16 35937
11422 51 36159
15776 96 34618
23136 19 40837
10663 82 20778
14733 5 39993
34467 23 43333
6169 40 23635
9257 39 35362
16773 74 40206
29636 81 30561
27975 54 39443
15716 35 26070
19926 21 38503
16356 26 29134
24450 65 40786
17175 89 33781
2828 30 32032
24329 49 43727
6502 4 31942
21610 36 31634
31694 20 40279
1530 62 22549
11406 45 28327
10994 60 43059
25145 40 35910
31044 18 35937
9159 3 29468
31958 50 34544
27801 48 39124
26821 40 31856
10300 71 11822
17462 31 31248
10322 57 28134
14548 83 27873
26166 34 33096
204 7 21110
2666 22 10635
12939 87 26272
27362 96 38574
13566 18 41880
20069 86 29648
8231 35 31790
32353 25 32733
17647 90 37314
34640 98 43187
22896 67 40115
29195 12 33651
7619 23 33972
3111 37 34161
16687 72 22379
8095 65 41762
1694 91 40032
29122 69 41090
15640 77 41805
5589 28 7422
18328 65 29034
6969 74 26464
17526 86 39079
18345 65 41694
3271 66 36859
21498 42 30114
24876 33 35613
17308 36 20838
24030 79 37703
6446 65 24041
438 10 21513
12304 66 23822
36406 97 44512
14371 22 25210
16422 21 16668
15280 84 26601
44330 55 44716
21837 56 27969
27744 23 31059
31456 6 42502
22929 47 30961
5414 44 39311
19222 78 40053
25503 37 37734
35437 76 37636
14027 28 33830
20080 91 32119
25989 49 31701
25617 38 39142
33150 24 37330
8129 84 42536
27078 35 27682
20418 55 33380
20616 83 27180
24357 68 34818
10809 68 44182
10963 54 28802
5940 52 31263
527 63 34644
31168 87 33916
679 56 4454
34874 14 43146
2898 5 37416
4207 70 37058
28775 9 41757
28163 42 35018
7416 33 27458
30297 1 35419
36280 33 40062
28207 78 30661
1851 59 36484
7853 96 14625
25906 57 38294
9888 22 31498
17465 66 38418
10311 90 29475
15491 9 42275
3201 66 41116
13618 55 39596
1184 76 9372
15757 55 42987
2350 98 44969
18807 27 29702
8847 9 18563
11377 90 20090
32219 57 41553
26144 80 29550
16937 95 27739
816 95 13098
2443 56 23120
9354 80 39898
15183 34 29185
17660 31 40549
40517 3 40617
5084 55 15429
1561 66 4634
6457 82 39165
21496 39 33301
29105 39 37400
4492 54 37142
18712 11 31788
7843 27 41263
3641 100 5222
375 7 20959
13898 71 23406
9694 46 15196
27312 31 37563
28223 85 32463
14591 71 24838
24838 42 30313
34178 37 42051
8380 63 23153
2711 1 27359
19574 11 37960
13644 72 44526
22040 13 34927
5486 11 12048
29916 62 36828
12070 76 15938
2104 46 5520
15426 23 43455
19471 88 28166
29231 55 39711
23260 56 30164
6482 60 17071
5288 8 20843
5197 29 23683
30558 61 32663
16643 84 25768
32795 66 34611
11568 66 13447
10477 35 27716
24433 94 34729
19907 43 34719
13783 75 35235
14938 61 41906
39394 49 42656
26697 49 33088
20655 28 27671
1960 66 42681
29404 17 34561
22009 6 23787
34756 90 36186
24357 97 36797
19320 21 35295
18418 37 29678
19935 67 24966
22264 84 35292
36948 11 41937
12341 83 19683
12263 46 19418
18267 60 43773
7298 40 31167
10535 20 36493
9735 64 20727
32488 57 41434
27727 83 31086
28241 71 34061
5328 71 8618
1247 72 40079
15518 66 19680
22364 11 27759
10163 40 39351
28386 79 31577
20252 97 30678
17880 39 20875
16759 36 43663
34956 69 43324
3328 32 42707
3514 28 38789
18669 31 38397
34986 5 36695
9494 28 41842
9536 100 42318
1010 91 12410
15563 44 19920
2761 62 28694
27376 44 37770
24849 28 35647
15309 22 20066
38404 57 44267
29103 86 33921
30854 38 35739
6371 44 44630
4162 93 40910
32498 39 33249
24135 67 32427
28114 41 30992
32497 44 36189
32959 24 34371
4894 9 21490
19071 33 41282
3990 1 30737
23658 9 40867
21613 56 41898
13624 49 42787
23786 41 26596
2561 33 37858
22629 30 24896
20711 45 29265
18313 1 31602
644 40 31647
11403 94 34891
20113 12 40231
19742 48 29571
24628 37 37818
35126 2 40574
25736 9 43212
40628 77 41129
34156 45 44202
25462 44 27357
10839 90 30581
27050 14 27300
5173 62 41333
2645 19 42311
19495 77 24941
11019 54 41391
34645 71 40621
3814 59 40648
34786 33 43322
29715 28 30949
12149 22 28757
38163 13 40980
28204 4 36583
7716 22 44796
24324 74 33192
2231 23 11117
23400 5 37268
1273 53 19150
24521 92 38278
6047 41 17986
14660 9 15993
11495 4 32014
1954 68 43174
31430 87 39216
16548 55 38777
1793 34 5148
36116 25 40765
37515 100 38541
8607 86 11948
14812 9 17340
3193 4 20169
3156 74 32824
33071 50 44291
24270 55 31306
3711 73 29561
16589 17 39426
12229 89 33598
8871 17 36154
451 20 41738
3926 95 26294
5921 54 10661
12097 22 33355
23692 3 28993
32791 18 33805
4439 8 12382
5277 68 24510
13970 10 35216
31275 4 35040
12828 28 41701
16125 68 26153
29431 14 37174
21928 31 40308
903 99 42682
23133 82 39398
31029 50 32506
19551 15 30317
24603 77 41013
34805 40 42495
22319 86 39557
16298 49 19467
17965 30 39403
43617 4 44188
36808 30 39124
1116 66 26965
5209 92 17887
34523 41 42486
10366 26 27730
19311 19 34681
1667 7 27534
6896 25 27854
24949 34 42671
5147 75 9263
22118 62 23327
16447 98 42505
25248 87 38836
15151 10 22164
29517 12 40172
7921 81 30580
710 98 33748
6169 34 40494
9752 23 27215
1989 61 24410
24086 73 32513
4290 100 33876
488 10 2759
7441 89 43098
32370 90 40558
4851 45 20305
31876 59 35511
7517 6 32765
36468 85 44359
38725 94 44810
797 81 12139
4921 30 13791
7893 57 41897
9179 43 12543
33307 92 35493
23666 26 37080
28642 78 44319
23517 28 40687
18610 71 19297
34897 23 39214
11984 53 40950
7029 85 38226
25667 88 34591
13113 87 37514
16288 17 36533
30008 81 30720
4163 54 33445
7754 7 22027
19811 89 31512
14175 5 36559
10187 20 33027
26564 30 42960
13956 1 17390
32849 7 37265
22185 64 37239
23089 73 28313
2987 24 33437
4177 70 15806
8078 65 10727
7806 11 26504
6232 84 30462
8915 14 29827
2711 24 33954
11368 36 29423
3005 22 34882
24719 74 43137
26560 32 27352
696 73 28655
28083 38 42182
3178 12 10293
33053 73 39909
37033 76 37519
26189 76 35828
9719 60 37776
6568 13 15781
26756 26 33068
9140 56 33061
17053 93 38560
12160 82 43192
9638 41 42397
1045 47 38714
3404 88 18820
26252 63 30624
26963 74 28071
3629 87 40451
923 81 24004
2193 39 24886
32941 60 42534
26508 73 40102
35959 59 36021
29973 75 40115
26694 72 28925
14413 23 37398
6357 60 8633
6725 17 31724
3709 3 9593
28759 88 31988
17444 27 39106
2794 72 26179
17114 30 36362
9172 79 39425
20171 60 30847
36646 92 38627
19935 4 26254
7126 84 44193
14293 68 30972
8518 57 26023
2630 48 21596
9324 76 43304
3777 40 20926
7729 19 19577
26374 78 35407
17048 16 41284
17348 13 33125
30738 3 39385
1519 21 33111
33243 17 43707
27290 54 34593
26519 39 37847
20623 11 21749
20980 80 25894
6067 4 35232
11480 11 38138
12360 19 43128
334 75 37351
716 9 13287
10957 1 30650
10073 32 44676
664 23 30694
4190 19 11413
8292 2 21210
13668 22 22062
32341 33 38998
37123 54 43169
12737 59 23279
9610 20 20600
32025 90 34562
21428 94 33241
10851 53 11477
21020 27 40684
19971 95 33283
5203 57 32811
15212 65 44850
19925 92 23667
1198 34 29480
3059 29 17060
7206 3 9585
40284 5 40304
32576 82 42700
10117 59 39388
3524 46 43902
189 24 13444
5690 52 28777
40663 54 41054
13276 74 23717
17870 62 22465
1139 2 4561
26599 57 32611
8954 87 30873
24827 11 37593
12084 37 34665
5570 1 26808
29482 9 32666
27364 10 34236
13444 61 42186
24600 56 44064
33064 68 40579
964 32 37673
237 81 15656
19715 41 40733
4850 3 15886
10927 10 39406
19455 57 29461
33193 68 39089
4463 18 25542
38702 52 40243
13008 30 22582
2381 2 5688
5593 91 38455
4523 81 17056
16691 48 26364
3510 7 17577
7443 10 26138
19610 89 21652
30657 23 30863
9675 35 13467
10909 27 36165
16075 48 31004
27223 2 31633
7023 93 30858
28744 60 36004
15893 100 23743
3135 77 18663
3975 74 24386
10235 94 29300
27902 38 28526
33425 14 34855
21177 63 28002
6282 73 23776
12207 63 31473
13484 70 41864
31445 79 43988
10911 17 14535
40269 45 42646
28993 43 40629
29532 18 44261
6378 63 10784
23119 69 35223
299 62 30456
11909 31 42150
27328 88 38942
37298 81 41665
5646 62 40779
12072 90 34815
34628 76 37724
13387 13 29507
9610 8 31325
1512 100 29169
8481 78 39708
25430 4 41105
41306 78 44517
23850 26 32332
11964 46 37371
6139 86 8973
17449 37 36922
5344 85 35012
6274 15 8491
18359 14 23172
34097 30 41808
25661 3 36848
26102 39 42935
1799 95 36729
15366 70 15797
30146 19 33000
15116 67 39831
25051 10 36126
12369 31 22914
12349 71 26524
18710 30 41755
23995 91 34992
4109 7 18243
24378 38 35305
1447 60 9038
10589 27 38936
28628 66 44548
11022 75 35324
2899 40 29403
17264 10 34506
26883 25 35213
5899 61 28104
21627 16 35747
30934 76 37761
4525 89 10281
5404 56 21175
552 81 11631
29391 2 36800
5177 75 29869
1995 26 39714
21532 1 36394
5149 22 33453
131 58 35675
27473 90 34638
29266 97 35816
2556 5 25303
28087 93 33997
14075 89 38561
11561 12 30119
29972 60 30599
5680 71 36412
28813 81 37067
11526 59 38111
14066 27 42994
1829 9 6881
19317 90 33900
15934 73 28844
12540 84 24933
32694 14 42748
17689 25 43398
32095 73 36781
40940 80 42003
34358 8 39809
22146 14 31652
3229 92 3794
27751 52 29937
2743 88 37447
14220 44 21747
7681 18 44275
32431 19 33155
28610 95 35917
15663 93 36801
12819 100 31114
6811 95 38381
13824 45 34298
32954 3 34096
13272 70 36160
7950 79 38334
19277 60 32768
18617 59 24617
501 60 8195
3539 83 43991
33251 45 40497
24866 73 40453
29491 95 39220
14029 77 41791
1637 47 40223
33757 32 38772
26559 9 30228
16660 74 26038
31956 83 43535
35258 89 35456
5961 86 14047
33157 32 41408
1820 77 40906
7200 45 19439
1722 25 9192
8883 60 21109
16472 34 18084
29772 95 29911
29581 87 42964
5891 35 30002
3729 56 24925
1473 15 31186
7190 69 33003
9741 40 22432
14427 40 24558
11541 93 36219
5985 19 23863
19886 78 35933
16869 57 40467
14168 84 22075
37862 66 44579
39703 56 43077
11782 49 15995
1457 82 8626
26594 33 41987
15298 87 41599
5410 85 37013
899 5 21338
10691 69 17193
16912 56 35134
21294 3 23118
40848 43 42231
33277 77 37989
4281 51 34366
25321 11 41149
23042 27 28807
13967 62 32714
1539 45 33050
35423 18 44640
13650 73 38967
4107 15 26222
10248 45 14556
16035 2 24593
16524 54 29316
5393 79 21899
29069 38 35027
34261 3 35602
30799 7 36485
25634 44 33970
4056 17 26817
14364 18 36019
29354 12 31283
3755 51 38251
23934 16 35009
36934 50 42278
1497 11 43877
1649 57 35845
24086 25 26259
24182 4 38949
11088 18 36853
3051 58 41023
19461 74 39054
42816 53 44932
930 97 33334
363 38 34826
8526 75 10373
33970 80 42364
3329 74 4495
6701 95 36711
7578 77 37511
11481 86 33542
17435 19 40198
7830 16 14968
577 73 36255
1082 13 19306
19123 69 27740
7839 52 31822
13022 62 26078
35670 30 35774
26565 67 27559
19455 18 21054
14917 65 41235
27838 85 31100
23032 85 34193
15555 36 42137
1951 65 34253
17379 90 22551
23827 67 24503
6879 81 35037
15692 92 18479
9497 74 35772
3888 45 30186
16573 17 35387
362 11 31076
7464 52 28531
17527 61 20569
11574 97 15026
30972 9 36130
24039 91 40141
20755 70 38834
8279 76 15576
22145 100 33466
15179 66 21290
28592 4 37309
7121 36 12918
10531 32 40859
6223 38 25243
9343 54 44780
5290 65 43412
1624 90 32962
7499 48 18067
17932 96 30110
15435 32 34276
22649 59 42947
563 78 33644
22316 30 33791
17420 22 28853
11237 31 39811
17 77 40950
13257 92 27967
9993 89 11121
6005 95 7739
19472 35 40521
31857 99 38138
21068 42 31440
6887 50 29367
11625 100 33709
16117 4 31372
21136 75 33555
30937 67 43712
10877 75 39162
33576 49 44584
13437 48 17940
8266 30 33723
38740 3 41317
12174 40 26164
20435 44 34622
16069 84 34039
9021 83 30684
631 56 38641
13890 43 28497
13597 60 42081
33503 93 37060
28846 79 29215
10365 71 42706
33785 80 41148
8186 98 8823
36652 46 40384
4874 76 11113
20555 36 38945
3610 25 35685
13179 4 34593
23515 74 34478
22245 22 38974
20005 37 26487
967 96 36063
2064 27 25187
8079 61 32428
24245 79 34240
22791 46 42337
25064 62 32133
33716 97 38206
32232 15 35672
20164 93 23860
9462 21 28618
34494 17 41868
11298 9 40488
19604 79 28902
18759 4 35825
19115 55 35071
10264 94 32276
25139 59 37450
27736 10 36011
5474 73 19693
222 19 32985
8783 28 14829
37643 64 40474
186 61 6866
5414 55 13618
15741 83 20737
4532 19 29191
26633 51 33482
6072 5 22348
8946 2 37375
6398 15 39911
34598 22 37530
4100 99 10676
9222 55 25303
10485 87 31795
4569 58 14171
8976 22 36529
13365 91 37971
601 87 23566
4392 45 30538
3625 50 8929
9708 22 35131
24034 75 34216
675 6 6043
21598 73 22690
1147 34 35132
2929 31 34249
324 53 31312
5861 35 36806
3061 52 11837
7105 56 37338
17861 35 41277
27506 14 44370
24910 61 35739
7870 47 22601
3715 51 37341
29808 5 29982
19635 85 42975
2592 46 34617
13797 54 37871
28581 19 36029
30220 30 41726
4673 85 36764
9033 64 27590
19257 22 24058
229 61 14000
7205 25 14122
4069 12 31154
4023 53 43217
14942 97 23792
3439 82 8542
18483 40 18673
13278 24 31017
5394 45 35765
22767 11 39296
2089 50 23475
446 98 44386
17186 77 33976
3856 38 21103
11983 69 36163
7672 99 27303
14114 17 27085
3570 95 30412
11930 26 15419
3806 50 15311
4 57 43885
2871 75 43052
1678 51 4002
