900
5285 73 22070
12368 47 35887
23511 77 32581
8905 73 10029
7703 52 31999
10621 28 35816
6733 79 16051
23429 58 31150
19704 37 27300
1865 34 42476
30598 1 31814
2128 74 38556
182 8 13851
28983 69 40136
32680 34 41170
14515 39 39357
27186 81 39592
26893 45 32474
20839 50 22164
1618 6 1658
25013 33 25764
2109 12 22752
10172 66 23488
23871 76 43666
23710 38 27056
8376 93 12396
40972 53 41216
6369 20 44406
32027 22 43562
29190 64 29796
6570 69 17472
1615 16 14277
2683 52 32260
9287 95 11630
18598 33 39217
17960 97 33687
7886 27 36556
6411 81 13602
5157 59 31081
18599 55 23752
23576 52 34336
8862 52 43247
4017 13 28856
3874 49 34047
21925 32 32491
10082 56 26302
13946 30 32838
8870 62 10218
4060 2 28317
19006 31 21082
31938 6 37821
9607 92 12031
7374 66 22121
7035 44 36014
24380 2 37771
31806 69 44318
12398 26 33196
37970 17 43853
19243 25 25154
12488 44 38566
24520 34 38262
10372 31 23585
14773 76 30663
34811 82 37765
10147 83 29064
27839 51 35456
13318 85 42143
19095 10 38776
41900 60 44878
20895 2 39129
29276 30 44491
1240 20 25409
41789 82 44957
10215 47 40193
19064 40 36001
26660 29 36717
36151 30 42665
11818 28 28255
15467 9 25061
1478 11 22417
14212 71 27970
19915 70 34251
9582 52 38476
23896 26 35155
1836 99 18600
2804 16 42891
1488 45 29751
13773 89 36758
14810 48 22156
21537 5 32426
7879 32 24664
15992 3 37200
31486 54 38419
29098 94 31934
5513 85 18511
2428 16 30531
1930 46 12413
6868 99 42136
6903 29 19737
33106 52 34705
42535 1 44958
20695 29 24095
34167 39 38647
32551 32 33025
33767 47 38219
11378 89 26987
19409 83 26799
3583 88 31602
37341 58 38282
27769 100 32009
26134 86 33216
17455 78 22267
10626 28 17750
5736 58 29732
20041 59 37889
15449 8 36438
26747 20 39566
25313 51 34148
22967 41 31878
8898 2 26558
18802 26 29571
16229 4 29056
7306 69 14459
2909 79 30860
2676 80 36748
11399 8 29003
3991 29 15832
9203 68 23746
15860 71 37178
31051 78 37645
28208 16 42318
2878 100 31561
17870 80 30207
19663 24 21345
250 84 1825
3140 11 31834
2095 7 11776
12839 98 16092
8505 67 25414
13018 98 36493
9455 5 40955
26588 26 28327
4288 61 38698
31207 49 38575
13304 71 41111
4072 2 28324
4855 100 19854
22542 8 43138
18091 53 37209
11043 14 16508
13074 89 38603
24601 40 37062
15757 38 20579
7755 75 23921
8429 74 36302
16263 70 25271
28329 7 32035
15447 94 20453
943 4 13866
16558 15 29474
33833 52 34964
28713 81 32549
20792 21 42023
16030 27 27458
4068 34 29655
31126 8 33458
12223 38 29081
3217 27 5623
22671 74 29846
25620 6 34158
11989 58 42668
5907 91 9140
19078 39 31718
9329 46 42417
28404 56 30862
27025 13 31011
7310 8 10479
4438 59 22746
41135 53 42683
13629 88 40880
739 45 9460
7674 62 43631
4637 30 19468
29572 72 35885
2196 34 28740
3091 5 36176
15742 68 31285
17389 41 24740
6729 37 16925
37089 99 40522
9007 67 23700
20292 24 26090
6221 53 13889
11834 21 37301
10059 62 32334
16955 23 32976
25616 28 32551
3087 69 31515
2988 40 31796
23236 19 30022
30904 10 38715
33254 1 34648
6889 71 26578
11198 51 38489
32488 56 36185
10074 71 14849
23980 21 43633
11325 85 11730
17935 28 35275
9882 7 38759
440 93 43827
3419 60 35441
23849 79 35080
7793 52 42032
5247 91 21102
24280 81 28695
25832 84 30200
38875 24 40706
21084 18 44826
27565 78 31144
12106 7 42997
2653 50 25347
21687 18 41474
22291 74 29774
8027 7 10438
4284 14 8744
6842 34 29625
30613 93 38655
12071 99 41288
9126 4 39493
22151 94 37816
16694 74 26198
12096 77 39904
6006 88 19632
29856 20 29955
13289 48 30932
300 1 32707
28678 9 44854
8759 97 33872
29193 11 29576
24588 48 26953
13766 11 33522
23888 88 38365
28440 3 42650
8756 86 36916
3190 90 17853
20350 79 35406
9378 44 24255
20032 63 44937
33757 98 36219
430 58 27969
8155 33 43891
3848 24 36552
10894 4 41791
12469 76 33992
987 9 27968
15356 25 43518
20863 30 34678
31132 99 38892
37600 13 39458
5361 35 6180
6935 48 7370
26882 80 41259
12229 75 13585
35255 14 36654
3095 27 34631
3764 50 20067
2903 83 18532
30986 83 41289
12150 24 38899
23779 25 31098
2495 32 35640
4219 67 22418
3410 13 33805
9284 60 39197
5037 20 26205
24379 23 33810
1466 37 43395
30312 21 42994
2096 53 44884
28753 82 30388
9016 69 30601
7140 60 7253
29061 63 41811
13110 15 19155
25803 67 34842
11998 78 21232
33793 9 33802
33391 7 40458
38807 15 42420
5872 28 44740
20042 95 30611
8668 28 23180
5472 5 29705
3536 39 37476
13698 8 25754
2352 31 35641
33329 21 34034
40291 3 43847
10254 77 12313
215 37 22922
25879 88 39654
30205 82 30720
34953 33 39131
28737 51 37227
6075 19 38260
11960 35 23216
2649 61 34673
864 1 15592
21690 81 39879
24977 17 28531
5377 87 22405
28717 23 39836
5087 88 26789
1188 31 20472
15973 8 22976
13213 85 24557
20258 19 36086
11644 43 19357
3044 100 36948
13938 56 35044
11890 85 12090
19322 20 34965
1701 53 44676
7198 56 15292
31609 66 36959
32244 61 44481
7560 67 30854
11633 96 31342
7641 11 26333
12928 62 35659
4379 56 29994
7176 93 43993
6390 38 32036
11012 86 38986
17094 31 40556
8830 5 12559
2791 93 43311
20076 18 27788
1466 81 31663
4155 46 35749
10249 67 27824
20923 61 44721
22880 28 31588
28923 43 38892
16780 60 38312
23280 53 26959
20085 43 33034
17487 13 27971
30803 64 32816
22212 43 40041
4527 74 31909
18707 8 34785
10850 1 23325
26855 23 27433
10630 18 28827
22085 18 42206
23954 35 40509
34889 91 38759
11878 64 21215
25761 70 32671
13328 66 34246
7735 15 16980
2674 8 32251
32920 81 33394
24383 87 32535
3937 32 7832
2573 77 24832
4595 52 27872
24787 12 27618
26920 68 28384
19105 72 34845
31620 12 38093
22232 77 35244
11074 11 44993
1607 85 24838
23351 26 34316
6668 18 6812
9841 10 38631
6305 27 41564
18441 49 28524
12684 16 28821
36019 44 41280
25858 98 33873
38893 27 39365
11206 94 35854
25094 13 40170
4451 21 14946
11034 15 15769
7911 48 31198
10134 13 35708
39551 10 43704
22461 26 26142
7014 83 14137
32228 15 39309
21553 8 37818
35933 12 38576
12844 58 32683
37148 46 42969
11094 1 32807
38239 100 42702
39496 22 40814
33426 9 33921
34945 94 37549
13685 51 30809
5358 17 22410
20213 72 21308
14312 49 18513
7097 75 30196
17807 39 21322
28237 86 33307
16466 56 25164
16701 97 21010
1701 53 4515
35689 98 44829
9832 71 14064
157 64 9711
13090 31 28084
16001 92 41730
10444 17 31347
25621 99 35983
24228 74 24993
17802 97 19459
2871 9 29391
12159 4 34149
14547 78 21721
10483 42 22760
16028 21 23803
28958 98 40510
32421 60 38544
2167 42 12656
29992 80 39747
16542 85 28793
31372 35 31835
31817 29 40918
3145 82 13093
19775 90 26574
33612 59 43017
38026 2 41021
15042 7 20914
12940 20 37442
27223 10 28313
11130 80 32515
24225 10 26752
39484 71 39640
35084 5 42141
7141 1 28232
23484 1 41675
20535 7 29829
14497 67 35539
40298 67 44744
10963 24 34843
30335 29 31646
1039 57 1270
29729 75 37183
980 80 42660
15306 10 18042
22176 85 31396
4780 28 37177
31658 3 36580
10120 18 12434
14291 1 20211
28339 7 28922
21907 70 31527
22982 5 37794
4316 75 31117
9410 70 38275
26104 2 26196
25607 5 41841
11796 1 35099
6758 14 21139
7467 70 40182
6624 90 22021
734 75 7938
6307 5 44037
26380 91 34136
24514 40 37176
1557 73 5581
12716 74 30752
2483 96 35684
5708 67 32759
19940 88 28122
24782 23 44749
22381 78 32020
26262 16 28797
10932 46 32931
16530 47 16623
2199 46 12211
14186 99 18610
9158 21 26851
16753 75 39136
15304 87 30664
7241 5 42231
33007 75 37518
8242 71 22187
32100 6 34243
38040 99 43563
16942 46 41431
19506 18 36227
19295 68 32317
27767 91 28078
5689 17 27407
12585 24 28927
7965 91 10223
25863 14 40593
35649 97 43814
1095 8 44328
5122 38 7477
4567 56 15858
17935 80 24163
25036 90 40173
3013 79 38170
15988 85 27643
10613 66 26584
5095 58 8798
6226 87 33392
3539 87 5435
34911 79 36203
34659 42 35125
25423 30 35203
11134 63 33431
24756 30 31693
29396 58 44127
22199 27 34847
16605 94 40070
8642 10 43516
13835 63 32312
9882 46 44856
23737 45 43240
4533 78 24614
33055 58 42555
30612 56 40634
20677 16 26461
24916 85 42137
33975 35 44219
6171 25 32939
1568 98 7866
13181 32 38197
5082 7 16994
15250 67 24665
5765 18 44950
15732 37 40753
38080 6 42157
14533 53 22389
35283 95 39140
14263 72 37123
27630 20 30259
27287 52 41314
35372 87 41948
17021 14 25787
11702 89 35815
33750 79 41601
15152 43 25086
20369 29 24883
12198 50 25386
15968 21 33645
3475 30 14030
6771 95 20931
34992 17 38401
4314 21 40614
22308 56 31084
17479 29 42097
23711 62 35621
18952 20 36410
22132 8 34407
35563 47 41475
35178 81 40848
312 25 21470
7460 93 33964
28935 45 37230
20330 63 35759
13167 20 15194
9353 72 44958
34733 86 41700
22001 69 41470
9199 89 35507
41641 56 41919
38534 11 43132
30962 4 35249
35973 14 43366
20492 72 41752
11527 1 32663
1235 42 28132
14346 67 42566
10639 83 36303
20563 81 21717
20103 31 39970
6393 66 19771
6328 38 44729
19364 2 43635
10463 96 32539
33336 99 41507
29323 39 33876
31485 54 39075
17490 11 35251
13571 93 26496
28552 3 40246
1812 48 24302
11447 64 42220
23175 46 33337
27259 57 41955
18482 21 38375
12895 21 29471
16410 37 26783
7572 51 9143
8367 28 43766
20004 17 25303
17820 11 22519
10570 16 26681
17860 28 41694
4218 50 34154
33320 47 36261
27304 37 42921
37641 9 42425
18709 28 32925
15157 81 36226
17475 52 36512
2859 85 6000
2088 99 18067
6091 81 28456
5555 57 26866
385 19 1701
13574 23 26017
8712 73 43192
31520 20 39159
9337 19 40529
15736 51 35827
16537 48 30858
11207 15 28892
30673 90 40438
28892 25 35380
10352 69 25001
647 45 27799
38347 44 40058
11587 76 31969
24744 76 40622
25886 91 34514
11386 24 26997
6671 28 37303
5422 53 17524
5961 35 35037
12567 95 36875
32117 95 33085
7856 16 44473
1417 40 18680
1123 37 13109
6629 94 26815
19440 79 35612
37914 73 41283
27245 58 37846
24880 35 32384
28297 1 42248
27639 50 40072
20600 64 31987
3732 19 41712
15959 86 21109
14255 79 20815
6866 93 36877
12968 84 34459
12274 89 33175
15115 68 27911
1957 3 35444
30856 40 35283
2621 38 42158
8294 59 33398
27791 4 38111
29509 49 35495
6610 7 40406
7776 1 40685
9731 99 31356
28185 46 42149
8975 59 35398
9990 74 21106
17923 59 40217
19910 66 43217
4425 46 28407
5723 30 28392
2645 77 18634
33441 45 34378
6844 92 22752
10282 1 43785
2401 24 39339
28873 34 35423
13533 33 35354
25762 92 31385
8689 81 27074
26820 72 40449
18718 64 38836
34905 31 37933
30791 73 36213
13186 94 36532
11284 96 36564
30391 15 34876
17394 68 22840
12791 62 17032
11763 35 39873
7983 24 29664
20526 75 41907
21595 4 37679
44141 7 44876
14321 59 38936
29264 36 36945
17696 30 41906
3436 88 33759
13276 59 41089
13737 16 38770
22842 35 23633
10018 57 33405
30917 83 38829
28741 72 29654
20905 29 29062
1739 11 11764
16923 39 24278
13032 86 33801
10156 49 11553
31378 32 41939
29784 15 33306
3035 71 28389
13002 57 21862
21992 72 23769
39613 63 40970
10716 35 38770
914 5 32144
22043 9 41709
28486 4 34455
24609 97 31485
29798 42 43475
24350 29 33332
7452 92 28220
5437 60 17158
26062 38 41463
7957 73 10103
29697 63 40193
8721 38 31230
1450 72 6317
16789 90 24592
29572 14 37738
31624 63 44221
26593 88 42436
15280 30 42237
22422 13 34882
11716 39 20776
7466 8 18962
901 88 43106
6351 51 39150
38851 37 40157
7255 14 12040
8256 3 30855
18285 90 43927
22233 77 36071
6816 65 11000
12719 27 42954
20260 52 20854
20748 3 42124
23107 24 32816
209 80 3679
9682 95 43783
4301 58 10991
3829 4 8690
27854 36 38267
40498 96 41424
18199 73 24963
17858 20 26609
3982 88 42989
25688 35 36806
1852 99 35209
7471 29 37849
11392 58 33923
16308 65 19417
1307 35 30027
22064 92 31079
13776 32 18353
14572 24 33148
27952 31 33438
338 15 23102
27071 18 41372
5102 88 6939
3360 100 44994
7180 59 27348
6099 96 27446
6274 14 41768
32908 31 40124
35869 68 44859
8967 42 18144
35536 31 43475
29204 29 32753
23051 20 25317
19033 98 29404
10598 78 31949
18195 62 35604
36567 39 44183
25172 46 41109
6649 57 9452
2079 39 31814
18120 41 28615
26798 87 33112
30550 78 35133
24341 40 36151
6610 30 16745
27642 51 44375
3425 93 32196
26461 4 36718
5025 20 13295
27253 26 33088
18373 91 34095
10059 85 30596
26973 88 38249
29944 89 33935
31204 14 39319
21538 20 21878
12529 90 21197
5537 99 42312
12900 91 24555
2512 43 31021
8820 86 40816
18017 49 30166
15610 33 36704
9297 58 31302
33217 57 33802
7588 28 32769
1464 85 23239
12671 71 37011
24182 61 41899
8260 20 28007
8327 55 44903
25963 90 33632
2099 67 8685
26895 54 35204
24196 9 29742
17147 82 25003
15285 54 40945
3038 53 34831
24401 7 30844
2371 72 30982
3055 10 17425
13582 86 16039
24889 48 26125
3119 59 39663
1409 88 25957
13314 98 19793
37592 28 39550
10427 49 30852
43123 74 43451
19431 84 36035
17413 79 43799
4835 38 28123
7795 72 20989
3886 97 11689
4638 49 26107
3281 99 24519
20511 7 36262
30386 4 32060
463 95 19156
12123 22 39912
5399 43 23213
4330 71 29320
23482 10 28806
10441 94 40588
6332 42 18307
5051 91 17557
2052 83 4480
29219 55 43500
2114 26 24101
5070 21 28873
14378 75 22391
19857 21 28368
44564 67 44892
6714 38 24152
4453 22 33296
5944 85 35309
12956 29 35128
37398 50 38145
8922 56 14117
21836 25 24113
21399 85 35344
17517 10 20966
4490 1 26359
30227 14 42163
29103 11 39203
30756 54 30877
36137 68 37212
25661 7 34450
3729 67 6852
8311 6 14852
25472 4 34117
19738 69 43490
37475 5 37679
5775 16 38389
28323 84 36677
23859 44 28830
5963 100 20130
10521 31 31626
28730 37 43030
11648 38 26917
1784 30 13346
25953 55 34638
3340 37 37766
16790 30 23908
11204 59 44467
7016 88 20556
