900
20906 67 38538
27348 98 37884
30995 94 33880
2580 24 26266
4808 52 16035
6300 94 7920
29083 17 29869
5559 87 34577
17000 1 39953
9686 72 40653
3231 93 8065
12740 26 13944
25730 55 30001
8975 66 27885
14805 25 28371
22422 2 44335
14820 24 31098
17395 35 17696
2383 34 34331
968 48 35179
34375 31 39314
38024 17 43260
12378 61 36909
3300 36 15131
18146 43 41665
10836 80 31858
7486 80 32693
471 8 41318
6149 97 7717
7739 48 19745
11025 53 37656
12814 8 22226
20417 4 38016
38474 100 44556
27818 5 29544
12734 76 27718
16075 64 41774
29106 48 30811
11447 64 34065
16742 5 22823
10748 96 38076
4695 28 34360
7337 35 43271
6346 34 29398
15410 8 32970
25014 88 34880
31966 90 44425
29593 17 34080
20601 48 27505
778 18 36778
34242 52 44687
7793 50 35020
30515 74 36704
24059 74 26461
21726 34 24655
5917 97 14792
33000 49 33259
28451 74 39710
10293 48 28680
21300 83 25856
4726 2 40133
30183 83 35311
11378 82 21904
31997 74 33847
37599 95 39923
15503 63 38345
11401 23 13415
6958 2 11294
34615 96 44638
1975 28 15127
10676 36 17383
7978 33 31684
243 13 26157
14770 5 14841
14011 57 39542
209 43 13735
8551 32 10040
14018 16 33959
3741 59 38911
19903 84 34009
11163 40 12870
13192 41 17598
39965 84 41285
31445 16 41923
26537 23 37724
7803 88 32816
26386 40 39104
26415 64 38815
13494 19 27591
27179 65 33350
36270 49 37765
41530 3 42384
17486 52 41772
7717 91 11726
21082 41 26011
30872 26 40055
518 35 29522
23282 91 41478
6048 78 33442
10551 79 12548
35134 64 39906
22782 82 24525
29186 41 35857
19596 30 35364
25601 27 38561
23004 25 42233
5271 80 15575
22233 2 32346
1771 30 8155
42398 95 44350
14974 65 16942
25723 62 34605
13798 95 28839
32995 47 37606
34946 20 35823
300 50 32153
719 4 38327
35247 55 35547
23188 100 33715
24 75 14399
4545 19 38215
10789 97 20182
10823 52 34502
22021 41 40309
2511 19 20198
12623 96 25626
29606 21 43845
5846 88 40911
8808 13 24356
12 7 29928
7932 72 31051
15891 11 29660
28208 18 41930
6500 41 22392
10364 71 21221
20587 88 39332
18896 57 28322
18218 30 29506
2074 95 41130
36625 63 40056
26903 48 41482
16099 23 18012
8403 59 16650
21145 23 42479
14852 27 36308
25858 82 30251
20292 67 23466
31975 57 44185
7667 47 17443
39262 13 40639
36609 90 42426
1640 72 35353
9393 29 32532
4626 23 38573
33475 21 36625
36470 46 37098
32139 26 36565
34542 98 36746
3680 82 40068
26496 91 44054
7252 61 34022
31743 74 38784
2356 25 44739
37084 39 40263
19893 13 31151
4362 44 38659
22514 2 32631
25676 4 26806
31401 39 34588
11917 29 31879
38943 53 40998
22956 35 34362
1756 16 35163
18635 16 32034
16741 86 29502
8833 54 14844
14099 69 17667
13475 17 30017
14918 88 41386
24207 62 42816
27770 28 28015
589 56 11250
3983 52 37346
12840 32 21389
26538 85 42015
19983 50 43215
22942 26 25249
5236 64 38536
6022 12 27068
24888 2 36338
30448 10 38542
14524 22 36163
2076 85 32310
26713 41 37881
41426 7 42385
30050 9 41164
15916 27 36520
1592 25 31657
6508 76 19846
14512 51 18142
12396 8 35161
5073 12 15309
18818 6 39160
25920 15 44617
2734 84 30881
28396 6 30084
31032 9 31397
23732 64 28264
26005 36 29460
12438 85 20854
27397 52 35680
13373 1 24568
9429 32 21168
11451 6 18057
2359 16 12618
10176 89 30448
25457 31 35996
27154 45 27754
22536 44 41743
5645 36 7419
18151 15 35083
13499 100 39554
968 90 37378
31844 28 41264
40663 40 42488
16199 62 21935
11913 99 43206
22838 95 30952
279 85 28672
20219 71 42917
10559 40 38039
42736 59 43550
7248 29 25399
3555 72 43804
2965 34 31856
1791 8 30859
27689 89 37254
11296 71 30064
11411 59 30678
27882 76 43963
33307 24 38559
24907 46 31575
14078 79 22698
12463 90 39413
4294 44 14167
37228 67 44887
19329 49 40815
22574 13 33535
23855 13 26049
19350 100 40529
20230 65 37540
17700 35 21316
16483 72 33240
33268 37 39886
7318 97 15711
31257 87 36801
4898 59 18919
8882 46 39790
29256 9 42491
7312 2 28206
29405 73 36068
11797 82 30101
22426 48 43885
27537 18 44018
33459 11 41364
4440 100 10349
31215 15 33510
3994 32 33828
317 60 41428
3125 30 43942
1622 64 5818
3345 11 28239
9910 17 43169
23049 32 39335
13056 39 38194
20701 31 39684
15783 92 20378
30337 90 33913
215 31 22380
17131 14 32398
9535 4 40487
10493 93 32346
6735 11 6803
14569 64 20880
4285 47 7777
10753 82 28956
18623 15 31989
10164 72 14238
2456 75 42143
1538 60 32882
26368 20 28439
26829 81 29502
18327 88 31303
23143 54 37029
4723 61 5221
24055 12 25852
25934 2 39131
30283 11 34438
7879 72 16296
35651 34 43666
21000 79 21135
34821 84 39577
29473 57 36653
15453 22 16052
17539 81 27773
2551 51 40284
39211 2 39630
4617 10 32666
8040 46 38278
7992 83 35411
1939 55 13295
28473 76 42101
6571 42 43471
351 3 31131
25750 74 32521
9853 81 22567
9114 84 43185
16482 30 20515
26262 81 34248
11056 85 25936
233 78 21276
26834 54 33265
21683 44 43590
12689 11 29253
32963 77 35010
23371 63 34087
937 18 26992
9312 7 23632
20964 44 24274
148 77 33752
29844 23 33976
33596 77 34410
773 52 25206
6367 80 35855
3327 91 42865
17061 11 31835
7848 9 25961
7711 33 44574
27408 66 35806
26827 10 29054
7058 24 33696
24883 49 36234
10824 69 28210
11902 99 36887
27286 43 43834
20245 9 29972
10921 35 21818
24952 56 41579
21721 43 26328
9120 19 34907
734 72 43572
33900 76 43946
25615 25 42596
23871 100 31786
35992 5 37949
17956 13 35636
36540 32 41251
10096 51 40602
2898 45 9481
5706 46 17498
11809 21 41234
28823 28 31393
10807 37 34396
3708 58 21023
3596 38 12464
25806 45 43356
5668 34 17323
25710 97 31671
4608 74 17045
28507 58 36428
6842 17 19185
24661 51 40832
31978 77 35435
114 68 20886
4424 81 29411
5936 49 28660
16212 24 22815
18478 32 40059
6580 38 15179
7674 99 29288
1618 89 34151
5692 24 25939
31180 41 35695
20370 20 23085
9264 1 27122
21073 65 28629
16246 20 41411
1041 100 27942
8577 92 24957
8346 98 36230
4767 59 7585
14571 76 37452
8789 40 37837
27933 43 30176
17037 13 42546
1526 8 30048
15382 91 25365
2731 59 42348
8537 56 34591
22845 28 24724
26578 20 44036
5173 54 30990
16523 53 35581
1817 86 16836
7460 65 33103
31587 43 41495
20987 44 42126
39720 13 40790
8369 83 27444
17851 30 43770
29958 6 39435
7607 49 34811
26734 3 33893
25126 22 40887
9678 95 43180
16392 78 34992
18877 4 22409
24795 29 44712
19131 49 39539
24181 9 33715
7565 63 26309
9581 69 21216
3415 88 7600
2251 67 32103
6812 76 32092
28746 68 37456
1781 3 28783
4251 30 10037
5238 79 5725
197 43 35509
25288 48 42562
3580 75 35737
168 53 17870
12084 11 15860
14157 100 36904
22916 73 41681
23103 21 31294
15869 27 36111
20115 57 23332
926 64 19241
10779 35 39167
16255 36 29259
10018 4 38316
21460 57 22093
24095 71 36047
11861 22 41118
28236 81 31563
4464 12 7480
20744 93 24071
8799 10 11651
25392 52 37253
8670 34 33272
4170 10 33409
29425 29 34060
12224 14 17062
14219 41 16566
16994 63 27420
3152 43 19501
36065 80 38127
1871 78 35682
23135 30 44042
19510 46 26636
24600 41 30589
21305 77 26872
15240 18 36263
22815 22 31774
18145 14 34855
18266 45 37300
24408 39 40637
11068 65 23432
42281 42 43659
5651 42 41160
29022 46 39462
20263 75 25988
29510 7 42781
34537 93 38367
14788 18 30581
81 46 20122
9886 48 23835
14006 43 14621
31044 82 38710
23216 50 38990
7877 11 18397
15255 58 16352
19694 25 29144
16784 15 35790
22337 26 26908
7151 50 39215
4844 42 41314
10664 15 23557
14727 32 33804
13054 29 27981
13048 22 30786
5938 100 19872
41410 87 41578
13681 46 26820
1093 50 37654
34450 24 36393
22904 7 41535
16579 74 25435
19234 31 35010
15588 100 27201
40017 78 44795
6258 83 31188
162 49 38815
28576 4 33442
3607 55 39321
39025 54 41032
35809 36 38042
27814 14 27864
26181 49 29957
15596 85 42233
249 37 15128
14123 24 44090
22398 13 39382
26572 31 34958
21390 84 34679
23623 41 35070
9646 96 17961
30604 99 38293
15492 82 23687
10308 56 28940
8803 77 36859
26215 40 38097
2545 57 43990
38309 29 41364
31759 57 33864
450 42 36943
21630 47 42453
18735 99 29335
34205 31 36666
21713 51 30118
25889 30 32762
12628 89 42255
17321 13 37039
17717 16 39224
7222 67 38140
36924 84 39582
11816 26 44341
3337 39 30536
2121 9 4693
27781 9 32905
25439 81 42071
34235 30 37570
34102 22 34341
28594 14 39677
7344 82 23223
7314 40 10421
12172 61 19869
8917 79 24467
6374 27 39789
33068 14 36836
23607 27 42193
17180 82 33373
36056 41 43201
24214 93 38724
36723 4 44432
28849 25 38939
26984 91 36087
24821 53 33776
35911 94 42190
33986 39 37477
36679 61 44494
2860 6 42128
28933 79 41739
38994 36 44957
13781 7 21704
12325 88 31215
22674 32 44036
24146 7 30248
11279 51 16147
26600 84 39387
5527 39 37068
10474 41 37635
34562 82 40575
16206 4 36396
23832 42 31838
11474 94 23917
2718 29 33952
23275 22 38534
137 93 33008
2756 66 35355
12265 22 19236
28327 33 40458
19678 79 30161
18545 44 36800
21779 48 24166
22418 100 41382
25986 83 30445
1043 19 11964
11026 15 38791
5270 81 8436
26336 40 32353
30328 13 37994
3371 88 35952
12790 72 30404
13516 84 20517
27554 35 42655
25736 29 30070
1132 75 43422
20198 41 20641
16087 21 24725
2379 56 27693
16312 63 36103
6269 10 13051
30512 61 39491
21429 38 24008
20627 93 42716
1991 91 9657
9062 11 33310
8235 29 11461
16977 70 22474
26591 89 33555
12382 99 38407
18154 43 28514
9531 44 41628
24168 78 37456
20624 84 38973
13528 27 44735
3489 8 37664
22839 51 31424
10562 21 16918
12137 83 26525
531 31 37584
4159 54 30899
31213 33 39723
10714 59 28717
27201 43 34854
26788 52 41947
17607 48 38981
3607 86 13704
4843 1 11284
9648 22 20923
7524 24 27029
4038 6 27678
34872 76 39302
23498 82 28901
17111 71 29633
15000 4 32050
25950 1 27851
3710 42 31338
29693 4 37233
6402 49 43116
23188 90 30842
36834 99 41936
18476 48 40526
1710 34 33555
5297 44 7738
4259 81 7806
38454 38 44450
30441 38 30981
14614 88 38117
37501 37 39280
28166 93 39162
5678 47 38588
1886 89 44198
12209 32 15828
8424 11 37691
17772 57 24119
6057 55 41722
23529 1 39017
25212 49 42409
18944 24 34997
9590 91 29167
1234 35 41083
6426 82 44802
4678 19 39164
33305 49 39318
36042 69 42881
4718 77 31131
8427 54 30241
17967 5 22390
22723 16 37727
5716 80 29968
10990 73 43319
38183 36 38710
4946 13 39871
24059 63 39820
11026 60 26642
14621 47 33691
7638 54 26945
33425 85 33607
38045 5 38075
19480 97 43751
7030 80 23932
3254 69 32870
30514 27 44637
8556 50 16965
5019 46 18581
35814 100 35977
27379 31 33376
19814 17 34806
24862 58 36574
14026 62 20229
28540 50 31507
19631 55 40466
5094 89 35068
33217 8 38209
21289 41 39557
6256 15 19655
36736 33 41102
8820 71 24424
5017 14 41042
6328 55 18770
17105 86 34877
25265 68 27996
31100 72 33885
27413 37 38728
1467 65 39585
21593 53 42539
1228 38 38968
6758 45 30707
20717 10 43067
12532 69 43573
18020 26 27494
22589 54 37621
27203 32 37435
11659 89 26774
19815 44 28393
20751 3 22434
8742 89 42272
10003 59 14351
26 69 34968
2767 99 15869
21935 33 42381
1838 68 36113
18674 85 36922
35924 51 40838
8175 2 12236
837 15 12609
22373 10 33017
14383 84 19305
32304 39 36686
20108 5 20976
24815 27 27373
23675 2 31732
6139 34 12557
9175 4 13229
8236 44 22317
1996 39 5674
9379 8 30018
19432 94 22105
3837 87 27448
27229 20 39414
32824 23 44568
3753 20 33477
7308 6 30549
17109 55 32506
1486 17 32868
13376 13 31340
883 62 36624
6986 41 8424
16760 7 43333
36747 75 41521
12093 29 28114
22 83 41971
14491 73 33412
19109 98 25432
2804 81 44516
26457 95 39220
8184 63 19092
19329 67 23144
7974 13 15212
10372 73 28200
18808 15 19121
31940 23 40470
30364 16 31805
5903 64 6377
16966 40 20919
16284 59 40350
30129 5 41386
29593 64 40196
30302 21 30745
3473 60 28494
18294 97 28849
9448 72 29772
16068 42 44715
9693 30 24317
36198 74 41330
13032 100 34299
18245 61 27890
11651 11 37220
10994 48 39780
18049 87 41218
19654 45 39116
22013 79 42504
31711 39 37615
16475 48 34892
2935 56 34945
20845 62 30605
25578 97 25783
7523 30 17333
22481 79 24360
9900 34 32546
7094 95 27096
520 89 26511
12274 36 40753
4946 68 9357
26211 81 30812
4216 28 11673
32564 54 35964
17960 46 39158
34714 1 43256
13185 1 20168
5706 14 41849
24608 67 28209
2677 57 11271
6097 13 13713
9499 67 34477
35748 67 42036
21921 84 40915
10270 74 41825
29178 62 38524
6198 80 29720
30642 65 34669
786 92 37043
2291 42 22914
4692 88 36931
29643 51 30295
31649 39 39203
19796 66 28094
22 2 1895
22904 10 24273
16913 29 43435
9295 3 14186
39200 79 41133
30927 71 34709
10057 39 33893
27801 47 30089
38713 58 42051
6131 62 18669
16713 70 34115
5020 5 30965
944 70 38319
8151 85 36019
8262 64 41232
35350 78 41556
1970 16 6409
11810 32 43462
1799 67 7683
3540 52 8037
26667 22 44589
21993 44 30065
10237 13 44516
104 42 30070
15671 8 30115
30923 39 36934
27105 62 29492
3204 18 19181
16351 12 35627
20417 33 42394
6709 54 19065
32494 69 42136
12968 61 19730
9370 51 39471
4084 40 6541
19719 56 42135
2936 13 36375
4262 99 32593
9081 46 31309
13983 22 31601
25958 37 33975
7390 98 37480
2231 9 32062
27744 95 30970
7314 98 19751
13631 92 32784
32493 55 36938
7419 22 27489
10239 17 25671
15230 16 27938
4443 71 26359
36102 9 42288
1113 17 32822
12245 85 43020
4125 86 7769
30530 32 43201
3455 58 6523
8512 54 23685
26268 95 31204
35520 80 44290
13796 72 26824
38342 14 38505
4967 39 16796
3220 10 18998
16044 5 23772
18224 66 42537
25637 32 43248
14285 72 35983
34675 21 36450
12309 91 28066
8914 25 13087
10918 23 40069
28852 18 32603
27393 3 37294
574 4 5683
8754 91 26172
17026 73 33279
4699 14 39821
41027 93 41385
