900
25390 90 28846
20590 98 35728
25723 85 36750
19924 93 38982
15255 93 17380
19263 78 22354
23573 19 25948
37584 76 43770
1577 23 42362
21201 89 24103
15299 39 30026
957 61 6907
5631 52 31208
8687 51 35779
35782 10 43450
11500 32 12956
5579 26 19863
4613 3 33914
6606 70 35843
34488 36 43751
16044 84 26031
31595 86 38196
11272 58 36525
21545 16 38507
2531 82 30728
20954 27 23849
4700 55 17080
11577 58 19965
6197 43 40319
32637 41 32975
31878 10 34274
33266 82 34373
13046 19 15210
8787 78 37414
20 52 9504
3634 39 37577
19654 16 40576
31519 93 43810
28659 13 43860
27310 45 33251
15511 10 33913
15880 9 19845
2399 64 24105
4445 7 22015
1542 12 33949
1817 73 26452
9794 14 38561
19781 92 29195
36398 26 40127
37625 5 40098
15382 90 32240
21219 34 32122
4821 87 27735
23467 77 37781
25658 95 29755
16778 81 26993
15661 68 24842
2143 81 19179
6380 20 10656
18572 5 39512
21841 75 36366
13301 76 17495
24998 43 33006
6063 10 11355
16270 82 25601
6220 13 19121
13436 37 27969
11641 6 17678
40805 27 43852
4012 9 31723
14535 80 32248
15054 32 22765
11122 55 39393
26270 57 34424
1711 12 30220
25602 82 33444
3764 76 10507
26350 32 30584
2055 1 17247
4885 80 35972
21761 22 28648
29464 54 43525
11293 33 18241
29937 83 35206
25698 4 43262
16357 2 32796
20675 98 22894
9998 47 43295
427 19 38802
40876 59 42794
16506 50 23343
31787 92 33008
23733 34 30194
5323 1 37229
29910 72 40477
9137 27 10568
27430 22 39537
3120 67 11268
1522 22 29850
3769 4 21388
6130 28 26889
21628 60 36966
40809 56 42590
22733 63 23090
37276 15 39787
7827 67 42733
30473 2 32757
30419 44 42802
4298 5 18001
15810 29 26995
31101 54 36777
18518 24 43617
10181 39 43274
9108 58 16475
29787 17 39051
24242 61 32090
13995 85 29763
15922 45 25406
15633 33 18373
27992 42 29829
26718 70 28833
2321 46 43044
17967 20 30023
21074 29 32013
30449 88 37195
7114 42 15808
6807 50 33952
7516 21 9507
7481 50 42917
4270 94 35445
12499 6 28163
33819 47 35274
22692 40 23818
9432 1 44053
2544 21 24367
28990 55 38756
4985 29 19440
12986 5 42343
8978 2 22773
17108 28 42044
36821 70 37425
585 71 36624
16764 88 39797
33349 95 33598
6285 52 16837
1333 38 8510
34858 36 36834
21348 18 34425
20706 93 25015
26275 70 33925
26280 24 32779
10076 74 14118
6392 59 30722
11341 31 33079
35914 80 38483
22750 42 24242
32686 69 42562
32006 84 33114
9016 87 23387
33730 65 40984
3208 55 28605
36601 96 40054
3483 32 32854
5425 55 36844
659 82 12405
24087 45 38299
27902 77 34828
2002 56 34605
5018 37 37336
21472 11 40658
10015 80 31522
7348 70 10231
313 78 28192
39699 25 41025
11643 81 27572
17428 10 32745
27034 77 29156
585 41 31585
5515 30 25465
28551 59 34046
4933 87 30343
25537 45 39706
23510 72 28211
11850 89 29642
4610 37 29261
12980 78 38471
686 9 16054
18262 11 26902
28706 1 44339
19884 12 31707
12939 77 17069
28375 48 33150
17372 16 27758
1423 98 31345
8253 70 38272
13533 42 36192
9585 36 24585
3972 35 8566
5441 98 19028
27348 63 39141
33775 72 37277
4861 90 22942
21348 1 37169
26612 99 34087
5136 78 18892
3750 94 6447
27723 65 40989
20116 42 23456
6110 94 30804
3026 5 9510
28667 91 36532
13609 45 27312
20560 92 42844
30397 17 38751
8784 69 36478
17244 55 44071
4712 55 12572
11969 100 43646
15971 87 40338
38893 62 40082
34775 17 38609
3047 77 6840
4009 67 32473
13964 77 40535
22579 45 32711
30492 3 35375
19440 11 26371
12935 14 37831
24679 41 30320
24023 5 37989
11215 68 41693
1734 32 11490
4970 16 36400
21540 34 44455
10929 67 31068
18285 13 28201
3616 47 36035
37039 54 38158
32566 53 34458
21845 83 33108
28962 24 30599
5856 83 13421
26057 60 29725
13305 46 39136
19623 57 23233
18559 26 38886
31465 93 33422
34539 74 35112
31410 87 32768
3629 38 43315
12462 29 30246
34812 24 34890
2621 25 21569
20397 91 28229
37032 88 37959
1054 12 43301
10906 4 20814
16986 30 37457
10413 61 14057
26098 52 36889
16975 6 36521
25402 48 27893
5868 11 18942
12314 86 13934
699 44 19646
27776 91 28070
11801 26 30563
2550 45 35703
1740 57 35922
12123 14 28596
29700 7 32801
31270 76 37880
8957 44 11708
2738 54 28543
1117 96 1376
8679 94 29851
25073 7 36314
24476 56 31286
6928 8 37169
3778 46 36388
43098 7 44368
14143 22 19503
32669 17 35858
33293 100 38116
30564 52 43143
4181 19 41564
7913 51 15395
13692 35 28354
24191 12 34089
16465 100 28435
15903 54 34437
34144 100 35938
8181 4 24108
19271 62 34080
25339 78 38345
20250 67 26549
4994 6 11479
29258 58 41142
20583 10 39552
12270 81 30265
6041 99 17720
15013 2 32972
35838 56 41376
10330 44 33724
11720 18 14912
8999 15 44739
620 78 30582
22748 21 27861
16397 33 38527
6061 22 34248
3681 15 15154
14587 98 18256
27580 68 30395
6741 66 23451
17976 38 39953
2639 18 33126
5319 49 18488
25962 5 32830
617 75 39888
8933 43 26422
12690 17 23297
7808 51 22851
13458 24 39207
12747 57 30645
22870 94 36537
1402 42 10902
34003 37 38626
35819 48 43196
28750 12 36417
19086 12 42610
11457 79 25275
11413 31 25809
25871 66 39408
33454 86 41289
8913 99 24734
6795 79 34772
7875 50 15736
3819 33 14376
17869 62 18275
30409 9 38305
6815 1 18643
4717 55 39909
3361 1 33706
9876 89 22110
27265 11 43024
27743 12 36282
10346 8 13206
2647 48 17577
27391 36 32266
19286 70 38225
6199 45 44085
24415 46 27146
32157 35 44187
33819 60 37856
14332 9 40422
33089 51 39420
33907 20 34559
32854 9 43437
3894 94 28017
6503 68 18835
25734 89 31648
26816 79 40405
34095 40 38534
13160 7 22230
37778 65 40974
13761 100 35682
16255 75 24240
9529 8 14542
14961 98 27648
6806 32 42660
32923 86 38379
19106 56 29692
8685 42 24374
14251 86 31116
19563 52 40772
2486 4 9823
21572 99 39991
14649 99 23263
1859 88 34734
4761 56 36698
14793 50 40138
18751 82 40534
2520 88 28456
26078 77 34533
24637 75 43156
3533 45 11452
1090 85 24227
18441 89 26408
17400 14 26016
19869 100 43529
15720 97 21574
4716 10 41575
26365 65 33450
28049 25 28755
9771 66 11334
110 15 17923
26489 36 26659
10225 19 29157
16624 50 34035
16245 24 32180
8776 42 44819
15892 96 31615
31384 55 34918
27284 59 33581
20758 1 28676
13362 37 34233
1616 6 24939
21533 10 42724
1234 16 24794
3608 56 39489
19496 85 36424
7736 66 13775
28198 17 35957
19808 58 40972
34099 2 36613
10000 27 27006
5187 75 28457
571 99 35895
25903 84 40889
39900 41 40571
29651 3 32378
5053 23 23047
35190 58 36495
11840 72 26163
2096 47 32247
31774 53 32844
7961 50 36150
21255 72 34951
11551 78 42226
18159 59 32057
3811 4 42067
9101 7 14995
7699 79 35819
9225 61 37653
22159 5 40064
11050 98 36148
20099 31 34481
4152 66 27411
27887 14 31546
30434 44 31569
5071 8 6822
25127 35 41344
15701 74 36489
27247 42 32105
3071 95 34100
22629 29 33023
11475 86 36568
3352 65 4074
15107 85 29179
10 48 9577
4048 43 42446
6547 22 38203
23982 63 25442
18896 78 34969
33352 98 39644
16704 72 23772
5786 61 22287
32506 47 42035
18240 7 23657
13651 35 28936
1706 11 6303
6999 22 25099
24158 33 26764
5676 8 10640
31654 59 42643
13967 20 39201
11144 95 33676
7912 75 41696
30827 18 32695
12527 70 32734
3216 18 26278
17154 20 41660
8179 45 29528
3714 13 18105
4635 90 36544
6668 47 41691
18234 11 23525
7078 5 23956
23225 37 33309
35940 26 38678
35453 77 36171
21398 42 30814
24831 23 43227
3039 11 15044
5669 90 25531
16299 33 35589
18337 39 30498
9721 98 10881
14356 8 32015
28671 49 35750
13782 30 28543
8680 48 29720
24961 52 26948
4263 54 14079
12344 46 17715
15375 66 30294
22254 45 38508
708 84 12287
34470 14 37590
15156 68 34226
29168 79 39486
2802 57 8926
6091 67 7102
15343 49 23019
1303 18 2385
23001 78 24638
18342 39 30234
20466 92 40485
11088 80 41690
5772 20 26274
7807 9 30289
28909 26 35282
3152 52 7879
36425 71 42928
14231 36 34941
3905 20 14315
25622 25 35228
15913 51 37913
19877 62 35252
17212 54 35495
8 29 36798
17649 34 34353
6672 51 31959
11135 85 12440
7704 62 30494
16158 80 35475
25439 50 33152
22217 48 32426
37441 62 41215
19224 91 38533
18785 1 34113
8507 18 10605
21346 43 29361
4876 88 35089
12389 29 28683
24213 22 39578
2257 43 7496
22494 35 39658
12172 52 40096
11868 12 25368
23696 83 42951
33452 96 41584
498 11 31571
16147 23 42263
28314 93 41984
6768 71 22343
29131 25 39116
1972 33 26264
1634 83 25542
30040 96 42488
16136 53 32829
43554 2 44828
2320 35 13294
1602 2 38155
38363 18 38680
9174 29 14636
15472 48 17949
26503 94 28973
14501 51 24729
18656 16 32606
12631 62 34633
22589 100 41717
18183 93 40128
11975 58 27145
28205 66 39487
18868 96 34087
28939 52 34654
699 37 28697
6194 64 12055
10659 10 28531
7715 59 44602
1868 76 8486
1589 98 14391
2257 63 27667
16073 7 38203
6993 77 9829
23551 18 44350
16628 74 27230
13544 32 40010
9372 25 29135
21288 11 32079
30135 17 33140
7578 42 25112
33354 47 40130
695 49 4856
24343 3 40328
11028 26 44172
28334 21 37877
35422 39 38347
14415 76 22497
7968 39 12449
16946 78 40738
2512 84 41822
21196 15 38804
28286 54 37878
6747 72 39356
1523 83 16777
4683 67 7183
7773 93 28311
16062 95 18049
32303 82 40217
20204 11 25360
4687 87 13593
11895 15 14129
15361 2 43774
14520 33 37573
28994 97 43489
17679 66 32651
4191 44 22787
35622 4 40761
9992 35 34014
32654 14 37402
7579 98 25793
7884 34 18317
28897 54 42723
27385 62 31918
10803 39 39815
29617 11 30774
6315 98 26309
2984 62 33075
19789 63 25949
23174 77 32859
21626 86 26345
16345 87 33938
25432 62 33932
7951 66 31116
8433 63 29185
32989 44 42989
1848 71 11707
1347 7 34936
5474 60 39030
34949 36 38173
4492 44 24184
36975 45 43545
22017 38 33014
11037 57 13168
2925 58 43985
23374 48 25860
12618 98 31143
39430 40 40121
14595 66 31556
35584 3 44870
14590 68 38437
28189 63 29058
1276 89 29954
25286 28 40289
3000 51 33969
23946 75 30965
3840 27 12780
15914 15 32555
25540 63 42871
36284 42 41098
12290 5 15143
25517 48 35106
14248 89 31729
11018 36 38880
1765 4 2114
32816 73 44957
23865 8 29926
22825 46 31788
28635 42 44430
8850 84 31464
6289 12 35369
28327 29 44460
19173 34 20249
34679 11 39584
2211 72 31461
23181 76 39995
14930 15 32531
439 44 28954
7090 93 21100
2179 84 7272
2970 89 27282
15495 21 16548
14965 43 42119
22897 77 26210
2131 61 22702
23571 17 26576
12973 70 30779
28759 2 34448
27896 58 40296
41438 72 43686
24603 73 39416
27103 13 41361
12755 43 17297
12607 70 23303
12927 11 37140
4396 74 17167
2840 87 41126
27237 73 40910
12112 63 19812
24704 74 43736
6920 58 40422
26848 50 31719
25785 5 30593
11563 84 39218
8030 82 37043
843 3 34679
9056 37 32667
41403 16 43625
8213 51 31542
30249 22 31071
10043 40 44284
18515 28 30594
37774 27 41560
709 62 26208
2212 25 12413
40475 37 40514
562 18 36209
36123 88 36386
29351 8 39214
37075 50 40049
2667 89 20224
22552 58 30931
24123 78 25685
28600 65 31514
21651 46 23384
2000 41 23916
14861 78 44879
6996 36 23139
24377 35 44021
18738 53 42226
7411 82 11125
17610 5 26707
8075 9 19859
23633 42 32986
7745 10 30025
16308 2 31185
1925 73 36914
26376 89 38010
17856 45 38022
3224 43 18958
7322 23 29310
10354 5 15463
15812 86 20541
17532 4 31932
28346 4 30193
12524 13 35005
12794 95 26349
1390 36 40008
6851 17 10550
13894 85 35694
1427 23 33100
43030 14 43464
16017 54 29610
2218 10 21178
15822 23 26984
2177 3 10862
27464 25 33588
15908 98 24272
30616 89 36064
27707 35 34350
21977 25 25098
24161 53 36553
14129 83 26323
8169 61 37034
26525 34 43327
12656 95 31332
6760 32 11374
710 52 37207
27390 25 28960
3648 62 10086
10152 4 37122
23777 80 24229
27901 81 29167
29385 53 40544
23698 55 31206
15050 20 40194
30286 63 43288
35345 89 41167
17311 26 36301
13526 28 28190
14605 50 44057
6629 32 44045
22196 81 44049
22179 58 38281
29641 27 32766
13936 48 42325
4824 12 24161
33631 20 38266
1092 10 42452
18638 86 41002
27765 48 38441
20035 52 25394
26660 93 42326
3541 9 8753
15138 78 35572
28073 11 33298
28626 77 38515
2817 83 15908
16930 40 42962
4604 31 27781
555 55 12769
15581 23 22252
37462 33 39430
3266 24 30722
7636 59 32725
35102 4 38993
7 90 19362
36870 38 40122
12423 39 29739
8135 74 10842
25098 36 40635
13846 65 32344
2076 42 36997
31 8 27230
7416 20 33993
10520 76 20919
4097 9 31650
907 19 30894
25288 1 34036
33134 61 34430
10019 20 41042
23968 68 39692
7335 94 16232
3519 37 9797
3175 60 24968
41716 39 43473
1599 48 15392
1065 82 12723
20908 56 24481
5735 6 19746
32910 74 36982
23508 50 44855
9120 33 16881
15339 74 42323
6465 68 34750
44383 37 44425
7105 87 28767
7283 57 11391
11909 95 37918
360 94 16591
10653 68 22075
9332 65 39871
10601 82 24114
34968 81 36722
10703 36 11412
17796 85 37840
13806 22 27144
22024 61 39601
9743 6 21638
11118 17 33372
26134 39 44862
13845 43 31558
18345 6 40859
24041 14 39186
6916 65 15660
34462 95 40546
8748 30 33423
1848 1 25642
16404 61 37991
10850 44 30561
40027 26 41237
6571 14 15173
14197 81 34205
1985 40 4464
34703 82 34820
25302 27 42515
20730 49 44968
13409 29 21448
13878 9 14999
20260 51 32882
21574 7 34893
31108 16 39147
21307 79 32670
39242 22 43877
2847 100 44938
19611 90 42691
3382 99 32261
25658 39 43057
1101 25 20893
17153 85 33464
11799 80 27980
20087 30 25757
17365 67 18585
30343 50 39814
2303 68 38835
31653 99 33597
2682 17 4355
10999 6 16013
21773 8 24140
36092 76 37979
5249 37 13336
4794 18 31565
7371 70 20609
9867 40 38521
14180 39 31392
5100 7 22928
11324 45 44416
22785 97 38658
25564 70 41160
5854 11 33462
21217 70 30463
38743 52 40986
22905 95 41368
7144 12 23769
9461 14 18810
24917 51 33435
4680 89 16633
32604 76 37066
