900
31932 61 41337
31526 83 32653
26989 75 38962
37548 6 41661
4694 76 13918
12839 25 20128
11752 78 38234
21178 100 22709
11610 24 18993
11277 9 25615
21128 60 22289
26107 23 27761
15276 35 22254
10525 12 33022
2498 76 32359
20007 79 25979
30799 63 40784
17790 64 43072
18256 48 21185
30412 27 32277
21779 77 36055
25046 61 28609
26332 7 30295
15785 42 17044
32897 1 37054
20216 27 32202
32588 5 32978
8224 4 32102
29759 18 31839
24018 55 36518
5483 30 39668
6398 22 32670
8363 74 8894
29896 50 38867
23110 92 36628
10476 79 25597
34654 80 37794
26744 81 40372
31465 84 38903
25605 94 30937
31802 32 38053
21018 62 31656
1027 45 35724
3578 39 5428
17689 33 30276
7324 51 8141
1182 94 36923
5745 54 37136
30622 16 44514
21148 84 41534
16991 17 29700
21924 5 24958
41282 52 41714
20806 36 29182
38129 75 43590
6174 39 39246
14520 36 32554
794 7 27724
9162 65 44485
14992 100 23491
6935 37 29797
13468 39 19125
5909 97 26941
24001 35 32568
7082 29 16748
26228 38 33343
20150 40 35805
8588 35 30159
13839 96 20161
12676 41 41743
3362 15 30284
16010 59 36057
13883 67 21186
4264 42 41450
15801 29 25464
25822 82 40582
14938 9 27589
25336 2 44728
19661 63 38657
32528 49 43537
19905 77 36104
10098 72 16593
8494 95 17393
30500 57 30590
7424 6 30438
8886 50 20027
784 55 36441
12204 59 35354
28124 67 33546
30074 97 35458
23346 22 29597
2262 90 13548
21481 100 28901
33542 44 35076
4733 92 30883
28267 28 37216
4808 14 37504
13990 38 36815
17782 88 27090
13782 15 26300
239 38 28410
41939 4 43536
23599 81 39707
7565 29 40378
4325 97 35781
12037 7 35343
33110 79 34834
13618 59 39839
26854 44 42398
399 4 41167
23241 43 30793
6800 79 19644
10931 41 20571
4420 66 40940
28719 69 39992
11154 16 26028
10511 8 32889
21857 24 39129
1138 68 42834
25760 52 38458
4338 40 42566
26258 92 36374
41749 11 43742
25090 8 33289
24272 76 36407
33345 27 42114
20101 3 25965
19477 3 27386
9431 95 22294
21951 19 28328
23534 95 44534
12039 91 30573
23727 2 40412
23273 13 40895
31748 37 38654
12574 2 43956
1116 38 28120
14778 46 33108
15935 64 20645
3455 10 26831
9205 91 29110
196 7 35232
5273 40 34343
29582 97 39405
9695 47 43095
29963 27 41474
30822 38 44845
15610 58 36384
833 92 38348
26251 99 39036
29282 36 42380
7204 27 34970
5972 68 6156
3432 32 7648
18070 82 34859
2614 84 30599
24974 64 34199
17032 82 37338
3106 32 8550
6421 16 14117
3059 24 15805
15792 45 17367
15346 51 41512
15139 29 34050
20563 17 33015
2437 33 42575
37170 77 41023
19620 38 27684
32747 8 39123
496 17 22848
4593 74 37080
2733 95 25256
27575 25 29067
25596 24 29632
30719 30 36531
24368 72 41182
14991 6 23769
6840 76 35240
33389 72 44971
15040 64 38348
30949 28 32462
1802 46 42257
5295 54 41899
9618 77 40045
26343 38 41192
35348 13 35804
29692 85 36348
31384 72 36877
32058 77 32979
6284 57 40174
13204 41 29056
38049 94 39667
7907 41 12384
18311 40 18725
24955 51 37351
12559 85 20882
11178 95 14626
8232 85 31416
18803 34 23109
11596 14 32691
23231 55 44355
28395 71 32680
2409 60 30963
5841 29 21774
9334 4 30902
9337 2 44674
7379 55 38947
19508 29 27053
35084 99 43203
23855 65 33480
19743 21 24897
18761 63 35886
2750 44 30756
206 24 15529
2315 83 4701
13340 37 21483
327 27 17744
25368 35 29198
29666 23 31791
28105 98 43538
42705 84 43377
14144 74 33621
25688 50 34708
16453 87 27257
38804 28 40013
18708 55 39809
68 62 24976
31262 55 36525
27910 3 37968
29424 83 31876
20936 70 35342
9966 4 26253
32278 58 33821
30148 28 31872
3509 87 10798
7192 46 40838
7669 88 24612
24453 67 44050
10430 32 34473
546 88 37227
40678 70 41188
15243 68 22875
15337 15 35214
10998 99 19049
6358 1 15698
1752 72 42153
8329 14 29290
8380 52 35081
21247 3 41296
11254 62 16458
7425 65 10492
13095 7 26901
11562 4 42954
22663 55 29364
8168 87 30488
23660 13 35076
19717 41 34414
26956 71 36944
968 57 44825
14787 27 41271
9995 63 28164
33194 34 37534
2204 71 16016
6924 60 12922
16314 84 42709
16984 88 23467
23672 39 33165
25443 36 40468
29368 62 43025
12017 39 40153
21733 89 29874
27353 91 30638
21286 98 28536
9452 44 20327
4187 94 21556
2885 16 26133
10287 44 34246
4243 98 10512
23051 60 26565
21024 50 25159
2714 11 26215
14045 13 26458
17226 41 18581
9379 95 13784
24754 35 37168
7943 48 34891
21171 96 27130
2844 99 21226
94 49 31998
8376 20 16168
8452 65 11005
24768 60 34394
27526 50 32240
12370 21 43520
21571 83 29937
19463 37 25353
994 36 27171
16559 69 18894
32527 90 38622
35029 89 38222
12116 37 31516
20402 38 31626
11772 40 36961
11957 41 28395
21851 58 31682
11735 78 14446
36294 88 40757
9988 19 33604
14564 55 21722
23357 27 28118
30257 87 44062
21672 83 39805
25445 73 29665
43274 96 43439
6142 37 34325
8339 26 25964
5720 56 33112
18355 78 19155
22963 29 33827
19988 59 40922
27098 77 31565
1383 18 9234
36404 18 39775
7941 31 26156
22253 43 32385
8482 11 38960
2902 79 17759
15277 51 15356
9532 55 34100
39413 24 43096
20583 80 34129
1542 49 29155
29111 85 38048
29109 6 34447
11952 7 32022
27453 51 29498
8437 55 43613
23159 18 32047
31493 85 41499
11871 2 41828
6975 53 14588
25268 83 35794
23047 68 44599
42564 21 43939
35159 39 36674
10828 25 35221
2410 71 34459
17845 81 35526
25494 29 42844
15710 90 25340
4423 4 25105
5983 25 13384
18292 33 29305
17588 43 34284
21228 2 31100
6533 72 13124
31602 5 34625
21011 21 40358
21024 51 32288
4565 17 11345
21478 55 27778
322 93 43596
2525 97 8667
9551 79 18091
18892 32 24341
32836 81 40083
12579 3 39059
9545 27 31357
7451 50 34197
16168 14 30427
12713 86 42785
6976 20 17313
28469 15 33041
18120 56 39733
30345 47 36066
5349 32 41604
21948 22 31465
6693 90 27134
22800 59 41241
16964 44 30959
15661 51 26862
9105 2 33326
29564 49 30992
35620 95 37954
20669 28 41233
1831 17 19449
30599 39 37352
31178 7 36138
17574 1 33494
3234 12 34792
22484 69 35623
20505 79 41033
9412 97 37109
9518 13 28471
23973 52 25942
5375 63 19779
12809 59 22083
32272 16 42818
12757 66 44710
20040 52 30973
18323 5 35406
36789 80 40047
11279 89 24717
9936 27 11075
28052 50 28390
12435 67 30679
19293 11 20866
40972 93 41262
16438 79 26321
29166 94 42644
21602 45 37760
14580 93 21961
18225 95 31273
12325 30 34322
27803 21 30985
30458 61 30953
1550 85 18730
20165 26 40307
15317 20 32502
39432 74 40237
11110 89 22607
13343 18 35294
26889 25 43833
589 60 7587
174 67 14058
7617 50 35697
5356 71 39021
29483 29 33389
22792 16 31497
2646 17 17843
27733 86 35008
24983 81 43849
385 89 8955
14318 26 19204
116 57 6593
21806 72 44592
10111 70 32973
29753 42 36157
27667 58 36246
27604 63 43108
16473 87 24657
12716 39 28331
2788 73 14349
25070 60 28081
20082 90 29794
3245 59 35907
22925 16 29869
26500 35 36674
35174 23 41475
21599 45 23253
647 40 15829
9067 92 23017
21844 47 26560
17830 80 34477
4093 75 4717
4326 92 21845
25125 96 30772
17643 80 25099
9529 46 26403
18242 87 37833
23427 53 30653
2687 64 34926
37074 100 42508
28396 29 31417
11395 74 14550
17702 50 25834
5957 78 42810
9317 29 28939
6545 53 41971
16697 53 17602
31253 55 38628
24738 27 35317
7458 14 40278
23187 35 24197
6057 62 27811
7706 80 25766
4709 29 44577
22926 71 34426
33291 18 41892
9268 96 28370
15430 34 29637
25704 74 29537
13987 38 26054
4961 81 36631
7888 61 35409
6095 4 11750
10319 77 33179
436 55 36477
21822 94 25286
13782 69 35643
28583 1 42454
13868 81 18152
25176 48 42421
38669 22 39448
9628 6 33809
18860 71 34575
875 88 30327
25243 7 38502
84 67 20059
29301 55 42301
867 41 28532
6649 68 13555
31719 37 40131
491 5 25768
23690 75 32703
38794 20 41975
8423 86 20492
13927 7 14238
31382 46 31764
1265 87 22850
22259 33 36727
7719 79 36210
12624 39 36869
5994 5 40248
37984 27 41725
28069 39 44074
35712 52 38122
24911 47 40891
24099 26 34215
33814 23 37879
7374 15 40071
30261 53 34248
3680 77 38349
33904 8 36440
19775 90 38002
26709 22 30449
9385 9 10181
44018 45 44905
22189 16 24158
2629 68 28856
25008 68 41528
23906 41 33993
13932 19 18338
9485 13 20112
8313 81 25724
3587 54 27973
1940 69 40119
19386 20 41495
28778 24 39677
19332 17 43941
3973 35 39282
1537 50 26877
39772 59 44157
4698 27 30996
4949 31 23061
3805 91 17939
27057 39 27579
23914 40 38620
12268 59 30303
19086 21 34279
24801 78 30696
3622 76 17776
17045 76 29407
3607 74 6069
18096 53 33651
5397 57 26730
21550 42 32937
28952 92 36797
4689 22 26853
16440 26 27621
3105 11 13174
23308 32 29112
26982 16 27465
21885 5 41281
11039 18 41903
2984 87 21863
13856 99 37735
27047 85 27255
15748 73 16442
3354 72 12774
1475 83 40369
3225 30 5476
5443 99 25617
21100 6 44896
21097 29 41714
29026 91 34775
31730 21 34348
7944 21 17655
25927 38 35070
28801 9 36198
14257 37 23535
25845 12 42221
7946 5 21982
16533 60 28654
6969 67 40240
16380 15 36215
27982 36 32388
22771 54 23130
10606 32 17571
12452 61 28037
15964 58 28112
28127 100 30444
3529 60 39818
11440 4 15165
30307 57 33046
32050 51 41180
1541 8 21087
17603 1 19823
5319 4 19678
20915 69 36629
17834 43 29959
2234 11 39918
2466 74 27349
14337 4 23727
7841 5 27390
6205 85 41009
37041 56 40160
15275 86 32706
5538 89 21440
519 8 38757
2355 12 36216
14133 24 29177
764 24 15865
29049 52 33224
14226 6 33141
5213 12 24610
6748 71 11412
34390 78 37577
30226 68 36986
14325 52 21644
24775 76 33320
31227 11 42632
2012 13 5612
32238 88 43761
2706 37 36704
18051 37 35974
1135 63 32440
43136 14 44492
34373 74 37726
22913 100 28319
12628 85 33341
29609 10 33731
15169 69 40544
8627 71 36835
17962 18 29681
20752 34 27622
42578 56 44821
14876 94 33709
850 83 7006
8756 19 19040
9435 11 34415
33626 85 39077
18458 95 39024
14350 10 15559
7864 93 42740
5555 11 38917
27139 45 34479
28761 97 41418
10901 91 19072
21558 21 23100
3334 12 25218
27618 38 38237
7785 71 19635
1241 74 40322
31862 8 34184
6596 7 26851
1551 59 23141
29499 71 29583
21749 87 30255
7971 51 31808
14170 31 27325
14785 35 43430
1460 57 16190
2228 15 21751
2765 74 7174
26199 46 43333
8269 73 13074
15952 26 36676
33082 23 40402
34735 87 43555
6230 50 18502
16369 32 23639
13640 21 26649
17579 17 20204
3565 75 13121
12021 89 28403
31835 31 33278
23133 68 40153
5569 46 10447
11537 46 42452
35301 71 39695
29292 66 40785
38049 26 40327
1804 90 10266
18023 4 26639
11473 30 33550
16688 51 24819
14272 42 34478
3100 89 20697
20292 90 43065
37766 94 39677
30072 86 31231
29447 16 30854
13654 56 20054
10381 3 39961
438 7 5622
1635 11 37736
1658 26 19917
32504 20 43562
16094 68 25514
26154 21 30688
34052 75 41570
472 57 32655
19600 81 31754
18151 45 26858
15375 42 23576
14544 19 24040
15532 4 27909
35763 99 40793
23727 1 27993
15986 42 29587
8430 92 33794
10811 34 38345
3139 12 19084
26981 32 39144
5477 58 16257
13811 10 41464
3673 42 18636
8328 2 32429
22143 6 32054
34461 100 36264
21808 34 37800
5050 7 25061
1177 94 44597
4549 58 26486
23046 88 32975
10098 12 44354
16925 92 40113
9408 82 38533
28270 30 34961
5614 19 17781
15555 25 17372
19216 73 27968
30445 47 34679
30562 99 43374
19210 58 35741
32964 60 37428
30061 32 30215
30377 73 31991
20685 60 29911
35635 63 36203
12601 46 24226
17980 70 26678
26539 65 41431
24642 33 31645
35386 37 44058
26454 45 28570
34534 85 40493
28525 74 36655
33043 63 34777
24125 7 30034
15177 45 24658
24476 76 37488
12620 16 15053
16847 44 38729
15511 88 38719
21171 79 36373
8097 98 40601
22187 23 32833
11523 29 37104
20439 43 22689
15232 13 28173
10146 14 44496
22100 98 32205
7467 98 33555
28317 15 29030
27695 11 32093
19475 21 26105
10906 74 37729
104 21 15953
12467 53 42033
3593 26 41810
25497 31 35249
14299 66 23804
11344 44 20869
21808 53 35041
15028 16 29290
7411 2 29014
626 26 12225
4298 22 31460
1914 35 9598
6446 33 28907
7878 90 23044
13347 13 41289
33853 83 40118
26989 52 35679
8596 62 33097
27370 55 41091
2346 13 17109
20383 50 44187
26369 57 31084
18398 76 28875
9827 12 35236
279 34 27298
2618 65 36376
4153 89 35169
23618 82 40861
5589 8 22055
32943 86 37701
24245 81 32277
15521 22 35169
10566 17 10638
29301 58 31084
2412 79 30900
3752 13 17034
11864 61 30853
15437 9 35314
7957 8 14035
17736 92 28248
3330 14 35481
12954 77 38372
24807 47 36904
283 10 40688
17462 26 28795
10733 2 31939
19568 26 29980
24831 19 42066
10857 85 27955
12661 46 29580
24084 33 28059
19955 54 41199
6692 64 6959
5486 52 38724
4572 46 31044
18518 81 24951
31605 12 34100
17486 10 30568
2180 47 32383
4321 76 33550
6828 38 25803
5371 16 25025
15039 82 18570
2962 79 14698
596 67 8017
19273 10 37905
7728 51 41274
25699 8 44293
27621 86 29272
15390 27 30597
16539 30 27032
29899 32 39875
16615 33 44398
6305 60 13518
3537 30 24246
6546 10 29726
9804 87 22299
13870 82 35018
10379 75 12281
9102 2 29663
23888 51 33974
34261 65 37404
35048 93 41912
2522 68 7816
4259 52 9103
463 29 10072
18813 80 25388
16470 69 30449
19824 47 35184
15222 29 28332
3562 42 24721
23053 94 29151
25919 43 26114
26948 80 28452
14192 48 41032
2050 95 36897
23195 57 31325
3068 67 36009
16244 70 31436
19368 21 24807
1060 13 13165
7433 32 27007
317 52 31421
26117 3 34067
13824 3 15320
3866 67 23952
32289 18 39360
27549 100 37284
3245 28 35696
27070 88 29089
36124 67 37303
32955 46 36984
18426 5 39452
6872 88 10957
9286 60 29928
18271 41 34643
14437 77 22373
5636 12 28638
28641 76 40763
29125 61 34063
30107 82 34167
11412 98 34666
24301 73 28282
13380 58 16619
29756 91 36052
30199 77 34380
25637 26 31452
31826 75 41956
40100 23 42298
36190 93 43822
16147 88 37344
