900
10389 69 24702
1978 17 44220
35275 27 36897
38984 9 44477
31953 84 34584
4325 21 8383
12959 94 30007
23377 96 37500
29146 6 36650
938 85 33972
8529 63 34532
27712 70 37699
2396 5 32101
35280 39 38907
14106 8 30688
4980 66 40422
31064 93 35805
31068 15 41071
14872 26 30801
2611 64 44210
4357 22 20045
34344 15 43062
4275 18 33651
25414 45 30659
4292 40 42636
8145 56 43769
5676 53 19480
19844 49 44919
37035 46 42994
16057 39 24130
25599 86 41961
24188 7 29870
28723 100 37275
15251 42 16876
9621 86 14350
2512 99 27094
39657 63 44555
21348 75 31863
6859 47 36461
20453 52 37061
922 22 19163
27209 3 27956
1951 9 37297
18241 15 44813
32469 32 44702
1415 54 33641
3606 59 3900
18711 43 40080
3831 61 29286
41864 6 43516
5444 16 13201
6624 12 10720
24928 96 25052
10419 79 39097
32743 62 42299
23634 1 41896
18014 82 31577
34374 58 43353
25130 48 34165
29742 10 43728
2260 35 30146
9012 33 10642
14968 70 20488
20620 93 40557
11173 60 34038
4642 89 28346
28005 55 28743
13310 29 28975
11379 70 14825
2665 83 18719
659 46 8859
9498 13 13443
3503 56 33755
3398 56 35614
28863 61 38588
11030 15 17123
16727 28 22896
13098 19 37863
31277 65 35222
41688 59 43242
12327 63 38258
17673 16 31068
16143 72 18497
37586 40 43330
9404 31 18519
27330 36 28103
808 75 40926
11877 65 26459
6446 18 32518
12226 96 15095
12500 12 25726
27631 53 38628
1524 49 2146
8861 78 25639
8996 83 38303
19540 49 37005
3843 94 21980
2474 89 41787
25310 12 30009
11443 31 16223
17992 62 25649
4840 77 14948
8575 95 13479
4277 91 28641
30160 73 31055
23667 18 40691
16133 44 34854
40132 78 40933
29278 62 44669
28469 41 33030
15881 57 40107
15435 52 31118
11132 10 31877
8654 89 40007
3524 92 43871
5202 9 29523
22163 97 26355
21688 24 29181
1979 19 30233
14991 16 38637
28174 8 37772
3882 48 27605
34486 71 38224
23437 43 27771
18092 32 37665
13992 73 30874
21151 95 38995
29131 7 38080
13264 83 15801
15708 12 35791
27836 63 30766
28383 15 41608
23849 11 35502
9328 10 43367
17644 67 44783
28282 47 36160
16513 26 41691
5726 92 36586
16864 24 31400
8541 55 12017
17581 23 21248
32187 76 43859
17268 14 23379
11902 65 32567
18806 86 21042
9655 17 30101
1287 1 31312
39688 47 42450
21345 19 27661
14745 7 35202
21434 1 36418
30505 77 34230
24746 86 38574
26744 34 31442
31689 31 41543
30509 41 39358
24513 98 39454
9364 39 9446
1858 44 19426
9262 20 14615
15811 81 38047
3646 22 38635
16098 51 43146
2618 67 18707
36325 1 41051
16172 2 30274
969 6 4153
4248 17 40122
14821 87 32520
6762 54 34888
24227 50 41728
21452 33 44248
38156 3 44680
11351 86 28025
2758 50 36954
32122 14 41532
14485 70 40043
33211 32 42279
5536 56 30516
10087 23 39674
33106 61 33296
28207 96 39170
7095 3 43819
27582 41 43845
3417 66 30568
7232 69 40848
6976 34 18870
7827 62 33460
4342 20 39812
16279 94 37980
6659 87 6755
17517 90 26139
28833 25 40928
15654 91 37147
34076 64 37464
6849 39 33388
8853 78 25785
4135 96 32494
19491 25 34671
33652 59 37099
25440 85 43517
35401 38 44983
4228 71 24650
7500 89 24479
33204 75 42756
13729 11 43201
15649 88 34404
21672 30 33317
22703 62 30578
10112 29 31252
25811 24 27077
10382 81 35347
12877 97 13886
21349 46 34326
2442 54 17662
140 13 31894
6032 55 21607
4851 79 13099
17745 19 22305
16681 80 32853
5642 35 28042
17383 17 22148
12054 86 37826
25155 28 32793
7707 80 30704
37292 50 44598
4998 67 6607
5642 16 32003
7697 86 23035
12880 85 41929
3574 95 34353
18354 24 22063
2671 90 10596
15995 93 22791
31955 35 32420
31197 59 33776
27730 46 41697
14515 69 21059
35849 69 40398
4651 65 31493
339 44 5892
14433 42 43179
26473 25 31688
29313 6 37680
25998 1 44414
22888 44 23136
24760 5 32318
16072 60 20125
17287 20 43827
6084 87 7146
672 24 20556
9591 55 10618
3955 95 29421
19240 8 26804
791 82 23372
12461 9 33424
3672 4 17598
15738 92 40483
15163 48 31823
4002 37 30646
17356 78 29004
20827 21 40566
31532 27 34224
27294 63 39681
15904 46 33759
14730 14 15817
5027 19 16412
25817 71 29641
10957 51 37980
7678 71 41338
21026 82 25782
454 14 32224
16997 35 19589
24845 10 26530
32632 42 42319
20134 38 39583
283 46 7869
5351 25 40135
25498 39 44459
17056 74 43888
2851 2 17727
9990 21 27887
11723 54 37116
4190 28 17978
31358 74 43230
16499 19 38704
15378 68 29453
6460 42 24363
28093 74 34117
15174 64 39790
5399 88 40642
1173 52 29440
17343 100 23473
16477 15 30441
15170 48 17347
13988 3 38859
1360 98 30097
30425 39 44781
14647 40 24951
4671 52 36114
6657 26 21868
40107 49 41795
7243 17 33655
12831 86 22494
7989 69 33323
30176 21 34316
7632 76 21765
24411 26 37522
23891 78 44475
18262 79 31032
2567 99 24849
8222 63 21117
17172 22 40961
9927 47 33610
5763 82 29484
1209 60 21468
24982 6 28747
7257 65 8003
8176 74 16934
16635 100 24544
22772 55 35954
16753 10 41321
17010 76 34900
25087 2 37188
11883 21 24165
5394 45 16162
882 78 42407
365 3 20574
23411 27 30764
4857 53 31546
32030 15 37615
12428 88 42427
8966 37 30698
6922 41 39473
28322 25 33200
17762 82 29718
6298 70 24918
10656 68 43272
16690 78 19645
28213 41 29477
2744 79 41901
37578 68 38150
12164 7 15911
24681 12 38238
18317 24 35678
30087 64 40775
11442 5 27413
15903 80 17121
12469 56 16184
29015 25 42666
23142 50 39139
2631 1 37978
27218 65 40486
12000 36 39837
1699 86 7771
8616 14 29847
12019 43 35848
1100 17 14019
9317 9 19963
6321 19 35834
28905 11 30569
29211 21 35066
1463 66 32165
8512 77 13476
17120 58 24639
3396 15 37724
35160 61 38345
19055 54 27448
6204 95 36646
12398 81 20430
10125 5 44364
22466 27 25639
22207 82 26455
28372 2 32449
25638 83 35091
18458 75 34000
35190 24 36335
2064 57 17422
26269 11 31211
362 7 35683
11476 34 14029
7869 67 10784
18732 33 31159
2755 90 10395
24430 77 26641
5455 90 31893
2538 24 25822
5033 87 23576
31116 64 35064
30206 10 39628
15296 3 28314
29441 60 31784
5877 76 43556
2731 48 28996
22611 64 37316
3214 36 39147
15024 77 41904
5925 73 44016
12746 44 35123
4009 19 25723
10922 27 21603
7302 71 9692
23369 8 26674
31263 51 39749
33422 23 33490
226 22 21790
26432 77 35730
29718 49 42066
28879 47 42961
14030 83 31571
14738 2 16518
571 77 41693
1400 30 23324
8378 94 24896
1300 48 27558
37688 58 39424
11366 16 29707
11877 35 38557
24115 96 32659
20086 39 43952
17060 27 22109
19456 82 37053
23265 74 43839
9948 41 26813
3250 45 39030
38766 88 39767
26966 40 30234
12234 86 35013
24324 41 42733
31584 12 38216
14108 11 41881
27976 26 40652
2385 86 9312
35510 16 37140
28121 99 39696
15813 80 19873
17465 47 43644
13234 23 18802
12607 76 31901
16307 62 39958
12988 99 29764
28540 6 29554
14094 55 26971
30194 4 35036
23078 6 38560
18769 2 38039
35062 6 38508
12087 81 35172
3235 81 9303
3484 28 30886
14376 86 33668
1027 54 24636
22196 19 27832
6523 36 16947
7981 73 30586
31289 92 34818
11434 45 39852
16015 81 21257
6546 87 21666
5400 30 25620
31764 71 34656
2123 18 17523
3212 81 39058
20012 11 39707
1851 77 13467
7542 35 43455
20043 90 44447
13776 56 23883
23071 30 38404
27268 97 37092
29551 49 30906
39381 55 39927
22623 6 44403
7927 12 12371
18999 39 31880
8394 73 38414
1210 85 32480
32658 83 35699
9835 47 21077
5763 56 30192
26542 32 41842
4189 12 28018
10207 6 37340
592 95 2106
14954 79 34819
9296 95 14710
17739 64 42885
7462 93 27515
4233 63 5833
7168 31 32905
6918 76 23186
19693 47 20591
18932 91 19647
10363 8 19869
16957 32 28597
5948 94 14689
1224 52 12335
21875 65 35834
334 86 30248
41937 68 43082
14306 18 38670
16582 12 40237
30144 99 32864
1148 27 37657
17871 65 38022
35848 96 39079
26253 70 30651
19457 25 20024
26300 65 44131
13204 6 27935
16557 7 42955
35083 58 35854
21042 98 32664
18967 41 32931
22628 62 37169
20831 16 26706
27325 90 32820
3505 25 36973
11997 68 26624
8873 44 24737
8800 33 17350
5167 1 27401
23108 49 23699
19806 42 29654
17503 8 32614
36788 82 37915
22001 87 41074
32363 22 41451
14374 95 35369
16567 49 27555
4667 28 38326
967 41 4242
8729 14 30404
28179 22 40124
31200 92 33901
15191 99 44212
26412 57 29835
16941 83 20235
19049 20 32136
44195 33 44880
33495 97 43894
27000 79 34098
4829 16 22846
5620 16 20186
9919 85 42083
28426 10 40575
15539 69 42943
11243 66 20841
9994 40 27853
6889 74 25063
25565 76 40120
30152 24 31379
21646 10 28405
18183 4 26218
26998 36 27399
11291 86 16286
10425 67 14676
35319 32 41362
6820 31 37908
21606 72 39253
33221 32 42703
1618 63 18895
23339 44 31020
12197 85 38441
25292 20 43883
9268 2 25176
26088 39 28954
36837 84 39220
20121 30 38864
31148 7 41871
2020 25 36196
3136 6 23814
7027 73 20529
2952 11 7252
338 2 13383
12227 74 20995
2546 54 24035
369 14 23022
34249 81 38799
13180 59 41741
14619 79 31602
31791 36 38386
13166 90 31108
29164 39 36838
27251 29 28191
8110 56 41719
11692 2 35045
1741 57 7590
15180 70 39183
16569 19 44419
8875 95 31577
11538 74 42680
33611 66 38215
37132 76 39255
5653 55 7745
8992 63 25224
16560 6 19559
21592 92 34523
33358 91 37517
4078 68 20438
2743 16 28455
719 55 37126
8691 55 35696
7820 84 14919
12880 96 31427
3423 70 31907
12852 52 33506
26753 49 43682
632 36 20276
23179 49 36339
24468 2 29092
10358 28 37439
22130 38 33996
15698 51 33648
25097 87 31136
25569 29 39015
33374 53 40940
75 4 23707
7987 67 29411
15565 86 25169
28942 19 31154
30479 52 44624
16692 59 31911
7861 73 40546
26806 43 35701
5425 81 12852
39044 91 43431
1390 56 4158
2576 30 40243
7450 82 36223
13016 8 29767
11966 25 23996
20030 33 34977
15440 2 20791
3362 49 16166
1726 8 38411
10152 35 23331
18306 2 44647
2934 52 17002
19761 17 29763
19004 85 33157
30335 50 33712
36163 50 36663
12609 26 26321
39583 90 44651
15983 49 19257
23617 83 35516
18110 90 29470
7374 84 30678
2169 29 3353
32740 69 33370
832 18 17484
20365 40 24353
6610 93 42537
1631 93 35184
17789 54 26451
11081 98 40760
8586 19 17357
13510 58 32328
26015 51 37345
7486 4 32403
3759 76 24954
4749 60 31880
32208 59 35139
6710 47 34872
14763 62 26500
372 5 20403
21395 33 24331
29966 32 35007
20057 79 21204
23071 70 40000
14958 7 34620
26732 79 43306
39205 77 42744
16777 68 39619
2424 6 14797
12426 51 26271
25411 47 27727
25764 83 41113
38253 19 41065
29173 88 30677
1946 5 15888
8332 52 35524
1007 75 24235
69 71 2465
11747 8 37111
17647 87 37004
23487 87 32519
34729 79 39735
4401 81 25721
633 5 34028
27341 36 32533
37454 6 44004
26215 96 31394
1210 77 7929
4224 49 30637
32729 42 41852
10104 59 23061
16791 3 27064
22170 46 33965
36357 2 36388
4291 94 36895
24579 72 29720
1286 10 24224
11624 65 41483
15824 31 20129
20311 67 32371
7743 76 27420
4459 97 35251
35791 7 41248
6136 3 31759
1748 39 38763
30379 52 33687
30237 65 37322
28730 15 34935
5498 80 30316
30758 20 34917
25041 38 32405
13199 11 23566
38572 61 44689
8805 50 32771
5819 4 29758
3092 3 31185
14653 99 22156
7268 96 31835
263 25 33511
30133 80 34763
5667 58 15949
5724 69 33105
38263 87 44754
26452 85 28148
31065 80 39522
24730 68 36008
21667 88 38809
25487 76 28364
15745 60 32602
15388 45 43505
5931 21 32024
31485 72 39054
1710 78 11802
13988 76 21906
17882 20 31898
11745 27 44586
353 67 36250
24513 61 26465
3132 73 37266
11045 68 16400
31307 36 40851
25694 4 30057
29527 65 43324
4824 4 23958
5504 70 17384
36085 77 39095
10731 26 22912
37204 50 39945
22372 4 23286
23781 16 44936
2665 31 18410
29400 50 43397
31785 41 38687
23659 46 34856
7078 9 24321
29703 79 38126
22920 1 33570
33108 78 38054
9808 42 17342
10815 48 34477
25260 76 25910
9569 55 29433
26992 27 41741
4013 83 7708
5549 47 17646
2682 11 12130
14629 54 19226
9064 69 13626
986 66 9619
2435 63 27026
2957 64 8672
25648 4 26491
11501 59 38650
9764 8 24268
9957 55 36378
2299 86 4585
27155 79 39388
24853 90 28611
4142 100 28755
21537 73 30542
7923 5 36711
5849 66 11500
10562 1 28368
21471 31 41903
6655 21 34697
27620 4 36111
25397 29 39612
3265 91 4181
27040 19 31076
15375 40 18406
20268 36 33211
854 14 12753
29568 83 37601
3503 67 17231
12519 68 30158
1378 51 26024
16687 10 38052
157 59 20511
11371 79 25994
32200 63 32917
6469 70 11222
7518 74 14845
692 17 18395
24955 15 38412
12358 88 39424
27437 100 38869
2531 8 36270
14774 86 23057
42199 88 44661
2321 21 13148
26057 10 33187
3614 66 27688
4046 33 25596
19385 20 34292
18875 9 22535
26748 78 31295
838 39 12599
39955 4 42716
12790 36 34499
9098 2 41408
17877 44 20905
19388 36 33042
3298 91 30580
33887 4 42826
28884 23 30890
4048 36 26559
10432 3 31572
25909 22 30206
12770 69 32357
12309 18 20852
27315 42 42009
31383 54 39290
6174 64 13412
4265 44 38694
7267 97 40637
5528 99 18625
29862 46 32906
21631 49 28016
22625 31 33071
12118 73 21595
13008 100 34707
5804 14 22981
7476 23 42110
12195 71 35076
12490 14 34408
37451 84 41313
7270 87 41004
31280 30 44697
23990 49 36483
11656 37 19906
13354 27 21109
4718 61 14147
32899 91 44425
1852 85 12827
29358 80 35972
9820 63 34439
4356 15 44421
21960 28 31306
23033 60 25756
4723 69 28533
12912 9 16750
32361 37 36678
24795 93 31276
9343 4 19357
9093 48 34638
18305 50 34805
26388 98 30356
9103 49 36145
20191 24 29484
12398 49 32374
3780 92 40580
3458 81 43471
16468 58 32401
15876 5 40195
446 71 37610
24255 49 34500
5131 64 30743
33229 85 38815
4806 91 30078
10966 89 31617
21413 85 39578
17882 70 25659
3003 84 21764
20487 91 25600
2596 72 43391
7151 6 21940
32536 26 35737
16578 1 30282
14844 70 35290
21986 21 33281
6111 26 23092
4906 63 32303
11396 56 33048
