900
19353 87 41645
1533 48 12239
7646 57 26207
31494 73 36551
1690 52 34396
24247 2 40281
7103 20 23513
14484 58 16322
4400 74 35830
8406 94 18613
16360 7 21394
41289 69 43339
16781 99 32669
21451 95 27109
15940 48 37439
21037 16 43798
8070 21 18354
7230 93 30574
5095 96 35108
5746 51 28227
4534 94 29237
1927 50 35274
27085 18 43880
35149 82 36354
713 92 28380
11943 100 28782
14238 67 18530
25117 20 34317
10894 1 39213
31097 56 43473
24010 82 34839
7121 15 38884
966 70 4972
14945 76 24764
8409 28 16476
10807 17 30423
8454 99 19556
17927 14 43402
950 45 30069
8586 72 10135
2410 65 28483
9381 71 36167
3754 69 13063
15397 30 33088
42911 44 43175
4498 73 22472
4391 56 30352
28038 70 29642
12924 44 28175
7884 91 32977
5485 44 25985
27975 18 35982
12274 46 24000
13130 57 40232
10575 3 30834
15464 90 35182
1287 26 15077
21871 19 43551
10672 77 40966
22860 31 33428
5214 95 30614
11027 2 37791
39039 5 43536
17611 78 18173
12087 41 12500
34319 49 43533
8368 1 33350
21978 95 24037
11764 94 36110
26386 2 33175
17420 44 33058
197 86 6098
6194 57 33793
6970 84 28431
6923 23 36547
39085 35 39660
14221 21 25966
39086 68 41023
24277 10 29974
21440 14 23716
10667 42 30697
2363 88 23418
42420 95 42787
11214 95 36151
1600 10 7560
1553 45 33256
3832 67 28984
2513 21 24905
5369 97 22888
28678 24 35365
4734 92 36102
4673 31 32475
21972 45 34851
17466 98 30861
16162 71 22290
10690 33 36491
27761 83 29370
1175 52 32910
39596 27 43800
715 99 14102
22518 75 25440
41064 31 42027
16487 66 41866
7557 23 8312
22458 79 42393
14541 57 31869
29813 34 37089
639 92 43202
6651 19 31003
34822 92 35287
4038 18 27682
4153 30 29409
22209 96 35931
13491 51 31777
26049 55 44060
3774 39 9111
30445 92 32192
15869 7 31721
15066 19 37138
28924 82 42014
7683 28 10427
31537 42 33762
15577 54 33323
30437 94 37948
18171 2 30767
34617 34 42072
34146 79 34756
22251 4 32557
2663 4 38576
16762 13 24042
25052 95 33629
1159 4 36001
27634 29 44632
4799 75 5696
21526 27 28787
34083 51 35985
27387 54 29844
23357 12 41156
6266 26 38762
17288 56 25743
985 50 23585
27100 58 32467
10718 52 42938
6325 74 28804
9934 1 22516
12928 40 22129
33970 72 36712
9587 80 38683
22212 2 42677
4571 94 9218
12980 3 35400
7907 62 31956
14723 40 25620
5777 2 28798
7081 51 37980
36845 25 44202
16722 54 21456
2550 56 35235
27994 27 35106
23351 70 31073
14433 43 29384
34686 90 42591
25310 36 29741
8615 80 20299
25606 2 26102
2353 84 20130
9863 7 26953
19105 86 30394
8001 13 17406
32624 40 43996
10015 3 43970
11051 52 42531
19052 44 25725
16863 3 26694
20478 53 36068
1879 46 13248
13772 76 20555
19964 10 40940
3971 1 21806
17542 52 44398
4296 30 38149
3380 100 12754
28845 49 33994
4536 4 32416
7129 34 10802
33168 39 34565
425 46 4522
11038 9 28806
35399 83 36337
25194 39 30457
13908 38 35266
8136 47 30472
6190 77 30535
1130 95 13038
1531 36 43620
9913 81 40570
25405 43 26718
4095 40 7729
26474 22 33868
4345 7 32098
1212 73 19742
13538 56 30412
9923 67 14194
25379 95 30122
36511 65 44326
35954 38 40164
2241 95 37031
5635 27 19750
12131 17 12968
21612 28 25952
6650 99 39036
21572 83 23204
4592 68 42384
4815 80 5341
1993 86 14013
5663 86 32165
3396 14 33393
19491 21 27253
5736 81 40743
19231 46 38282
19559 33 33318
9371 78 32165
6554 6 31129
24322 59 33631
8963 38 28014
20373 63 26280
39410 52 44163
1204 97 38292
20994 91 25712
27481 76 33455
1072 94 39718
23665 32 41024
10292 59 21612
1266 70 25774
2671 80 29935
13031 65 39834
715 41 41789
10535 64 39948
31815 46 36408
38069 7 41453
7733 98 15223
6517 46 38943
19367 14 21266
24786 5 25888
5280 19 38616
15812 93 32286
30692 78 38023
24409 32 36844
24438 18 29049
19183 91 20666
19788 90 41427
5633 42 5915
10879 96 26327
13999 51 16869
8606 86 38023
6466 22 26802
4178 74 35256
757 48 15350
26176 67 33744
4941 75 11244
22928 76 28324
20261 83 39248
3989 70 37910
30791 100 42894
6313 19 25277
22822 49 33444
8701 81 31861
33877 6 37578
14348 73 41153
7945 42 23592
5599 54 40720
19902 76 29597
7006 98 20725
3004 57 30154
8695 86 27239
29378 18 29881
33466 89 44261
5344 98 25301
8490 65 33958
11712 67 29826
12450 59 29380
5030 43 31446
1028 30 28287
9442 54 42591
33597 61 39356
16797 12 43439
1080 33 38160
4947 21 43242
12513 51 28881
11347 68 20709
30530 18 32999
8795 82 11191
4764 25 10792
20199 1 28385
20792 73 34441
4021 58 12232
15645 46 23833
3958 58 27445
19926 79 32526
16847 2 39435
11427 51 35811
7439 45 35252
34628 78 42597
3579 12 40542
2669 48 26457
16386 6 31108
29280 92 30023
1702 99 25597
30501 26 41591
10219 62 40038
11458 85 38501
32039 22 38803
21739 25 28475
38034 87 44976
10525 62 41400
29034 36 31129
24925 67 28520
27034 39 38836
3467 29 17507
560 86 30595
16294 56 27289
39451 48 43939
19489 99 20766
14943 17 39210
8828 88 41090
37143 21 40856
17858 96 28139
7093 68 31617
17275 53 24265
13560 9 28381
4093 99 21729
8116 16 34195
22303 77 43837
16853 52 18600
11277 98 31453
19839 5 38884
16197 2 27846
33399 65 41290
23216 52 37400
13390 28 33779
35908 43 37687
27631 24 34397
28617 21 32423
6616 43 23701
2216 91 13508
6640 20 28661
3907 9 34158
16098 72 32100
27489 95 30668
4451 79 29469
32675 87 40761
38731 5 40615
3276 46 8481
13108 62 35566
31474 61 41024
3929 98 39734
28912 15 30179
17063 33 44642
31832 99 32749
15763 38 40816
18431 35 31850
25981 5 34328
10784 88 25313
25889 60 39642
14127 56 39040
19333 13 25317
5474 4 31582
26688 39 36046
18751 73 42698
19751 17 44266
15560 13 22305
26317 87 31811
17907 5 42544
5218 39 43877
5376 51 31257
7279 5 12559
29222 60 37406
28399 8 42266
14952 93 36407
20876 75 36597
9761 25 22838
3079 24 24452
1475 53 8140
33339 47 41201
5073 47 7501
4888 21 4979
9706 32 27829
6095 19 25063
16972 18 38012
1804 88 11471
33117 80 35318
13379 28 35777
4304 93 13992
39813 100 41767
5527 89 38096
8602 50 10184
17090 63 32166
8154 86 23401
9893 80 40236
20319 29 27695
1604 97 9826
9021 47 33129
32598 2 36261
29064 2 35356
3584 55 31509
34310 48 36927
22889 41 35433
11105 81 44537
32459 77 34829
5972 29 22196
29624 9 38270
15485 14 43110
22351 1 35170
749 55 15896
11900 19 26211
23129 99 31569
39309 61 40888
10061 13 15806
8865 66 10582
13081 68 37222
20460 17 31334
3423 91 33053
21320 24 28017
12597 66 21149
4659 8 7777
2841 79 40919
5125 88 28404
14100 58 19069
32092 11 43932
25215 40 33710
25165 80 33750
6330 73 32362
1381 94 20552
14784 19 26054
39967 60 40350
763 62 17244
14103 32 38818
6081 56 39329
13650 42 43003
22050 32 42760
18196 34 42145
20938 26 28085
30504 33 41077
25308 1 41414
36721 24 42590
27385 88 27529
4216 72 33142
26123 54 31577
5269 24 26968
12245 86 22141
19304 39 24294
24279 23 33496
7163 2 40220
5536 21 43721
14515 29 41794
7819 67 30336
18586 3 44564
3206 63 30672
17540 16 34652
4110 93 24099
22539 62 27886
35940 21 44118
17928 75 25643
6342 79 15177
10971 98 35304
29920 87 40646
3312 47 16050
16734 1 23420
37191 71 40890
34586 62 34761
15421 16 16803
34409 90 37154
411 48 12510
17839 87 18834
4996 93 39012
5597 55 37448
4574 42 40929
13665 5 26441
6636 60 32451
14502 53 31837
17414 33 37497
12849 2 23189
6212 42 42889
21555 27 31665
7306 34 8041
27955 38 34960
5044 21 7041
24788 19 34198
14391 25 16576
22819 40 43027
8361 40 25180
457 99 35601
24241 42 24601
6257 44 26601
10939 43 36692
40082 65 44993
7509 27 12789
1541 37 29984
9099 52 44040
11870 91 24733
33471 53 35497
2345 19 33925
29186 18 35130
722 4 13518
22438 67 33558
33482 25 41388
3498 64 38309
8817 17 16285
29677 79 40956
11704 17 24681
12038 89 43651
5115 34 16278
11285 52 31091
12399 79 44899
12968 73 37807
3761 90 14554
34513 84 42351
42242 97 43315
11585 38 20474
17611 97 28159
2642 93 29188
1243 12 33053
35257 69 36502
18332 91 44457
12094 99 41374
2494 65 28244
13167 55 32877
1354 5 40696
913 34 15685
3971 23 19247
5404 86 12838
17805 44 34383
4936 13 30833
18432 65 25104
37931 10 38196
27020 26 35646
19985 71 25850
25852 85 43059
18509 34 33082
17814 41 43078
15599 98 25464
21922 84 24881
16776 17 40727
2448 50 34376
14875 50 40085
30574 84 39884
20604 54 42128
14472 16 27984
28180 5 39763
30672 58 39482
23696 16 28561
23334 52 37158
18741 59 37792
22784 63 31805
37371 22 42712
19609 65 26136
15473 47 22782
7518 84 44620
10950 78 28885
37014 16 43594
14996 88 26954
4498 88 9652
6896 63 8985
25633 36 34250
17269 4 33800
30208 22 34663
6248 57 34401
27317 93 33590
22450 94 42781
17970 43 36720
2592 73 25364
7718 49 41045
7745 34 28263
9773 69 39951
26597 72 38561
26619 23 29936
7912 20 26732
20399 42 43891
17272 64 33457
7015 61 23081
28042 20 44230
2007 9 38335
21205 85 35768
26176 77 30298
27064 9 36188
12619 95 31207
1811 41 44280
2381 86 3852
1073 70 25427
21587 1 40142
28621 85 29443
16605 49 37822
33426 28 37806
18903 29 36768
18093 51 36641
5677 28 13279
7029 54 11789
25535 68 38480
21667 57 32122
5534 76 39882
32936 38 35430
26863 18 41395
13779 79 44866
3127 46 3704
2992 26 19760
8813 57 37331
6062 3 32992
7858 99 22652
11488 34 27292
25416 63 41717
15969 39 38429
17893 18 25388
4685 93 27278
3198 44 26464
30304 8 31255
4485 47 36576
28186 5 44533
20188 8 44123
28573 28 41509
8694 3 15107
23093 1 32437
14950 6 35604
9584 80 9957
29673 62 34763
5737 81 40937
12487 62 21911
16445 62 43521
20708 36 22977
7301 60 15505
1355 100 41876
3445 10 35575
28927 81 40530
21055 3 32904
15479 54 24015
10694 65 18156
928 62 27833
30403 74 32831
209 23 22407
23996 32 31449
33909 76 43084
35601 36 41293
145 43 31779
12357 38 14715
23756 11 24031
4971 4 16905
19043 75 40934
10976 52 36462
15600 34 38449
29608 22 29656
28285 76 31214
11783 91 37808
32772 33 37357
6486 48 31349
5135 33 19252
22991 47 27253
11897 23 20217
13004 63 30075
12 12 39279
13269 5 38402
3676 2 38396
13701 32 37691
15734 35 33341
25496 21 32881
28384 39 31958
7006 99 39684
1707 15 31882
29981 78 40555
14931 29 35319
26888 51 33652
34953 98 36304
5536 20 37512
31984 35 40473
42303 67 44582
13650 77 20988
11162 74 15094
17568 63 36634
4536 21 9286
10392 22 33127
28410 43 34043
28015 51 40326
8561 14 14647
25823 40 27892
22099 21 44698
16251 30 20615
17436 24 20088
25325 22 29713
35009 19 35117
23176 53 42993
36134 23 38198
8140 79 9119
8471 51 18903
20107 80 35127
6692 33 18083
31544 100 32058
24221 30 38738
29124 72 33858
11802 85 32482
4690 74 12780
30774 80 36625
31517 65 31867
7349 26 10455
12683 3 30181
24286 3 35717
42119 26 44954
11720 35 31261
14016 38 15896
573 57 32570
6573 30 7702
3512 40 32556
18702 20 29420
25287 58 33589
7874 76 25450
29509 43 37089
32347 38 39310
24834 59 39592
13596 61 16977
14820 29 35186
15212 62 35166
5387 82 12725
41210 7 44188
24185 60 24455
2360 61 8147
38877 49 43289
40235 16 41410
20243 66 32343
13715 94 38736
15447 41 36370
30419 81 30650
28489 26 43326
10659 16 41583
15428 83 33265
2338 83 36435
32484 61 43678
16322 6 19088
4451 67 31713
32558 62 37966
6644 62 10588
4539 32 14254
1485 11 25417
17298 54 19639
12703 26 12801
34871 80 36087
6355 46 30827
24916 80 34683
2345 68 34115
28118 3 34814
6864 45 36187
7038 63 25220
39103 13 44415
10281 6 39156
13398 79 33884
12281 93 43640
7274 58 20463
17719 88 20168
131 75 9706
31954 10 42442
21317 59 33038
6232 26 36044
18270 97 40200
13992 40 27539
8512 16 25285
30626 42 34613
3069 77 29138
27035 56 37579
10395 53 22399
13753 73 24036
31562 31 31714
25292 43 36868
18654 71 38566
20567 20 22332
28013 39 44092
10933 16 26860
17661 80 29483
11008 9 22626
23404 14 35671
10605 74 23625
2662 18 36980
12681 46 40561
29898 22 43682
11362 16 24541
30445 1 41689
1224 85 2930
9104 24 30416
31454 51 32546
33560 99 38499
23366 86 29146
2538 89 14430
12946 42 30799
16276 4 36986
31951 44 40168
6849 31 44873
17847 91 32612
3319 97 32639
1426 41 38376
30329 12 31628
24068 89 28107
22307 44 38392
17597 69 32003
7516 80 38054
38389 93 40339
3772 62 10255
27490 67 39933
31056 93 37519
1774 27 43209
3073 62 31902
12106 62 13955
9246 90 39454
25822 12 26318
16490 99 35475
7277 59 31484
3295 81 9557
32281 26 35919
32004 13 39352
15537 97 38426
38836 16 39925
14453 37 35761
7822 88 12733
8990 15 11560
4955 75 5180
37573 28 41090
16886 74 29703
8382 74 35631
31345 11 39887
10976 40 12925
36612 87 38570
37800 76 38942
33761 65 43895
35906 60 37927
8475 32 37591
24743 41 27298
8515 18 9353
28009 5 44443
22384 5 28601
29266 98 43022
36768 46 37870
20490 8 38195
34875 61 36360
17112 10 30902
24060 29 37152
28390 72 42596
31801 63 44052
28841 38 42416
19777 8 36404
20361 51 26605
26051 9 41941
10149 49 28294
10407 61 44260
9981 17 31198
36063 88 43228
627 18 15651
14889 84 33521
10480 54 34870
20087 8 32410
17738 40 37647
16261 53 36535
8364 7 32540
4570 15 33339
22026 50 31499
27184 76 43363
16842 41 40990
13612 27 23954
20455 27 28860
6890 17 42293
9357 46 38933
11122 55 25239
39084 30 44360
23878 58 34203
17842 56 20293
6035 55 31616
3989 22 41460
8322 96 37664
6148 74 25742
7212 92 24745
2734 28 27858
1718 97 40408
4126 40 36039
8706 18 36043
16661 71 21704
37073 18 37139
14946 87 38946
15782 8 32376
27240 32 43512
30582 43 35173
7252 39 37208
499 91 18442
8595 94 34061
4994 80 44073
3395 43 13526
13873 9 22298
36450 26 42304
36790 30 41395
4698 48 33696
18853 38 44292
4618 62 12222
34949 34 43499
8209 16 42153
27825 81 33747
4831 76 20635
9013 80 36932
24719 58 33163
