900
11079 52 29638
3039 33 12014
8826 44 30407
5951 91 21527
32567 11 36843
25510 14 30380
1930 6 20298
23941 84 39638
1259 6 26353
1033 36 7534
32635 52 40626
6337 3 22244
35027 97 38906
35693 55 35915
3246 21 8563
29056 72 36136
36907 6 42079
2735 54 11459
25515 49 28598
16030 70 23015
19608 90 22759
27632 33 43134
15261 34 37361
5337 41 6789
4031 77 5382
33333 81 39235
27090 62 32165
18882 60 30976
521 29 23513
26133 73 37435
19783 19 24411
13182 48 31798
12134 26 36368
3926 15 41565
15450 19 22219
2741 7 37872
29136 24 35666
4755 1 32462
26635 76 29461
8042 52 42508
28806 20 35153
13347 86 28781
12477 51 34604
3437 61 23740
644 56 3857
38334 92 41591
20868 87 23798
32565 15 43745
12012 20 16610
10314 39 36942
33650 59 40766
773 82 41473
13761 28 39124
8713 56 38301
13854 17 31808
15790 39 27190
6535 81 33996
21992 48 25702
17114 49 17566
17990 73 43578
10599 93 34564
17593 6 29383
4473 10 5776
27225 25 28037
14018 41 34719
18016 52 25289
13632 44 28762
31213 93 35820
30679 28 42958
6407 19 39307
2944 39 33065
29873 68 43312
11983 94 32944
8403 51 38929
32611 76 34385
19370 67 30182
4605 72 37748
19569 46 38823
26071 84 36224
15355 98 27472
24905 35 28650
16805 67 20057
17877 92 21899
22677 64 44236
14384 69 14467
18169 3 42291
4596 30 11867
28104 73 35792
6600 43 17210
36200 14 39258
1702 82 34965
28319 52 33649
14441 23 34511
4085 25 28177
21267 10 24407
26233 22 40248
23810 39 42995
39 83 15545
23528 74 29698
38327 1 41000
6700 31 44133
18430 81 39479
33836 82 38417
3642 34 28682
471 60 13648
20252 94 25380
36045 10 39861
29114 90 31796
2391 36 22764
33544 84 35265
15764 21 24401
19931 27 29550
14869 98 19711
7722 4 22497
4903 51 25884
27669 45 28175
7109 10 18719
1229 67 22042
20223 88 30834
21202 28 34989
13470 45 19046
5442 20 8463
28524 90 37899
5472 87 12154
7124 69 12620
32318 2 39446
3425 73 24279
9782 20 44420
13059 2 18644
25236 39 32907
21587 4 44133
19339 56 31358
24474 34 32637
32962 25 37362
19764 83 44770
19591 72 30872
17740 46 25526
7527 79 14400
18195 86 32884
7057 41 39816
34925 34 44462
29093 39 38878
1598 3 13403
7479 58 39637
12654 13 28449
23901 17 38820
534 25 14429
8285 98 12720
17166 97 44260
35930 12 39098
23447 36 42658
714 96 34466
6326 9 30754
9127 53 38505
5912 2 37909
3001 10 25185
9260 56 11024
2389 68 33356
24482 45 36448
2397 96 41163
26541 26 30972
4118 83 15726
5328 10 43370
8628 18 24362
2761 81 41336
3579 93 13184
24677 17 28284
11846 97 33900
3199 88 42397
31353 10 34373
30840 44 33936
1411 60 36316
8021 91 15267
5499 95 10774
13055 35 43090
16010 94 21961
11489 19 39042
9481 41 27526
2657 73 6296
36174 19 38883
21153 89 35505
5669 58 18692
4184 16 30339
2883 67 12817
9822 41 10174
38624 50 42359
19571 100 29654
19829 92 28088
28203 10 43466
9517 83 13376
11846 77 29256
11627 90 21515
29527 45 43541
1524 33 4401
6198 32 9734
22497 22 25589
582 73 23483
5869 1 30598
29798 9 38598
31739 36 35249
4445 85 30405
23985 2 44785
3346 93 14538
12526 22 33965
39178 84 40551
24158 17 30399
32078 77 41711
5132 52 12185
30466 87 33353
18257 17 27413
25468 95 33170
418 35 28400
652 80 23486
26235 20 42165
38741 76 41471
34090 75 36615
20051 7 36888
25249 83 30426
24259 78 27592
4644 97 28586
1015 60 14852
18536 87 24585
13207 12 18792
19982 78 41784
29706 62 44778
29719 18 32320
408 34 6017
24594 53 39632
22026 34 26970
19992 8 25545
24339 68 25168
6267 43 19007
8554 55 44423
6402 11 21843
28421 96 36778
14424 21 31860
16275 99 31885
2933 33 29088
7468 86 36310
4691 56 8820
14676 58 32136
33003 42 41800
6495 1 20761
33844 53 44875
29884 97 40697
3833 14 25901
9802 77 23387
731 55 13984
21696 38 38997
27934 11 36862
7015 87 17838
15643 68 21120
2724 84 31876
8210 4 15581
16008 99 42336
28953 64 31817
14255 91 44145
16763 91 28807
12792 55 40581
3785 99 6278
5050 93 18922
33282 66 42596
25726 31 31678
5120 87 29135
21830 57 23449
29155 40 30105
8283 64 21299
31352 7 39017
6955 21 17722
10781 68 41783
25611 57 29298
13991 74 30900
10856 35 43819
24851 11 30305
282 16 27374
32147 86 35972
27027 92 29898
16922 67 32637
11681 52 27618
10590 73 18189
154 51 12997
6809 4 29877
49 94 24113
3743 2 22891
17983 21 26170
22244 1 32299
6308 83 11921
16914 91 22525
28822 97 33156
38066 71 44454
26299 34 35186
22811 14 42133
6526 46 22548
6307 80 35424
4715 54 23907
17557 34 36569
11842 42 39443
621 5 35721
15580 14 35545
26689 81 37573
34380 92 43120
16330 27 27634
14682 15 32936
31889 39 34624
5844 44 17060
9907 24 10796
28449 70 44037
26979 96 28967
17423 43 26968
21018 95 42228
10166 9 27427
36742 76 38730
17092 12 43701
16126 59 23589
32651 82 42783
17639 79 26811
20319 10 34978
28765 43 31395
4411 71 38558
26386 23 29193
30423 87 37185
29862 59 36232
491 61 1468
23247 61 34993
319 71 7729
31998 47 34741
10904 21 40513
30750 7 37755
10241 20 36172
33326 17 34281
10528 59 32588
35719 91 43965
32625 42 32901
21153 81 29285
837 50 2445
13735 77 42370
19562 20 26010
12937 93 26169
26155 96 31251
4223 28 33178
11960 54 43112
21918 33 41644
29086 25 43874
5815 22 36709
35964 5 38803
8146 46 23679
3054 98 33614
21788 3 25434
25217 43 38327
9070 52 23217
27279 60 44589
19618 15 40014
15031 12 15420
19053 22 32855
18945 98 39749
32941 20 41113
723 46 37383
13827 73 15285
5015 74 44192
33220 58 34550
28093 27 34409
25491 54 33578
2497 13 33871
10453 70 39027
14331 74 20928
2383 40 24069
5025 7 25427
3548 83 34494
32328 21 43952
435 87 42497
2473 15 11313
10976 30 16220
11129 53 37920
5729 96 19353
26054 76 26237
16672 25 44598
19621 9 39515
3671 41 18121
18250 63 36189
14330 82 28295
1034 52 5893
26771 57 34369
13791 23 15358
4696 68 13077
25697 61 27189
27030 29 32887
10148 59 44383
8117 25 39735
1646 34 14037
27949 7 44333
16756 75 41954
3122 29 43024
36194 2 44869
31892 32 38368
9382 29 37228
13525 58 18380
15336 40 39164
14306 78 36578
38592 100 42566
4576 21 10413
12153 7 35682
26034 67 42155
6057 88 41038
12311 71 18452
32764 79 39596
16718 22 32780
27692 55 32431
42353 44 43662
26817 15 38536
5327 63 14956
18238 41 29058
13315 21 40142
3510 53 36910
26803 32 27270
10748 70 20241
2276 18 44880
16847 44 36262
29411 8 37792
3628 25 34459
9928 28 32735
16334 65 30929
393 54 25108
17414 6 24720
13956 58 40700
14513 79 20296
16858 30 31813
3246 85 29473
12835 23 19974
14148 46 31058
28742 73 30070
8984 63 33078
6257 39 21681
20534 40 25601
22001 2 42165
2664 93 4773
2826 98 3411
12986 96 34453
12986 73 24262
18927 13 22305
10591 98 26603
637 92 31491
15828 21 19419
18518 1 23894
7386 42 17233
20146 52 24521
35048 53 43744
6001 93 19365
1391 72 11524
18216 66 43675
26706 87 44584
11580 15 26012
16171 42 22802
8419 18 28586
9446 67 10624
5272 53 33050
15890 65 16841
11568 22 17695
32338 59 33639
21347 78 26608
24198 29 30029
19600 28 21421
8011 48 23788
4806 20 21198
26644 88 40377
9299 98 27080
7329 87 41250
3907 30 34372
9391 49 37786
27443 81 39052
16495 17 37119
8735 69 15450
12272 70 27557
6813 7 11411
6084 45 20693
15 37 34310
25398 11 42178
31294 75 35431
615 4 11164
8160 45 15175
6410 91 36992
18703 4 39300
21112 14 26176
36255 41 44262
28002 21 38013
10583 35 25546
30601 68 36094
6042 96 9754
7516 83 23805
31032 82 42015
6246 56 34650
30662 88 37174
801 99 16911
14688 71 26904
5929 44 14901
20402 21 33012
472 94 29761
35999 10 36645
78 67 25103
3218 46 14548
19812 78 30439
1644 42 6297
4619 45 12875
10749 99 20924
9518 39 25654
18947 61 35438
6421 61 37673
3123 50 16954
4928 43 29897
10274 67 29855
5467 38 13700
1850 12 35443
9887 88 40606
10508 20 38515
25793 6 38553
8266 46 39013
15417 58 31622
24002 64 38168
25108 57 31865
16649 31 30389
12956 28 24299
7771 43 16669
20054 31 33074
502 86 27195
2518 6 37952
33440 100 38198
32469 45 42670
26544 75 28292
2050 86 25229
4120 8 44351
29194 70 33786
15730 25 21704
3585 66 9714
3281 62 16148
22472 36 38466
33892 94 38318
4366 16 40647
31701 94 36042
23711 67 36142
7182 48 26464
23974 81 44514
16081 96 32701
24917 42 28329
9867 18 41290
27813 76 37686
5897 16 19020
5695 28 5993
4594 22 39970
10753 33 18690
23368 53 41969
12475 72 15916
14788 81 35943
10109 31 11650
7773 58 35765
2131 71 22507
1385 23 2713
12722 88 35780
19672 30 26022
12682 41 37887
2588 61 14761
8056 41 25835
10500 1 38417
4820 43 39286
22626 16 43564
952 12 23634
30691 15 32157
25874 15 33979
24581 33 30079
32779 22 38361
24464 8 35730
7318 2 26065
11518 6 37621
17429 92 38125
7072 59 37717
5852 99 24997
5576 46 30380
3767 37 16470
20451 8 34087
27264 98 44015
13934 4 32277
20951 97 26029
40870 83 43925
26237 76 34175
22787 22 39688
6163 39 18999
6257 81 25999
11127 63 17036
31665 29 37321
11024 100 36253
22132 76 33823
6421 45 21292
16737 94 18689
7687 73 9040
1831 49 41831
29478 49 44173
38103 24 44217
7063 65 12376
12749 40 44561
42193 9 43189
19191 87 43811
20699 50 36981
13579 70 25394
23683 12 31670
16983 27 33347
11995 97 26264
11152 54 33430
20021 89 31182
25738 31 41479
21324 78 36065
3834 4 22580
17145 55 26018
13313 51 13894
2907 8 10186
13503 22 29079
23892 79 44618
16134 32 37191
3527 6 38201
5472 35 30514
3610 20 43767
7572 85 14112
18942 34 42750
34104 3 38183
6493 89 28957
37342 69 42738
12801 80 23621
4815 71 34571
35275 74 39047
8562 1 12233
2614 79 19928
34023 27 44049
18354 6 25514
5222 20 19164
30157 25 33396
22977 54 34380
6467 11 16751
9444 29 26345
31674 41 40304
31267 19 31635
6278 73 33183
22724 27 34552
13017 37 28547
9898 45 32112
19742 90 22864
17153 10 34749
7276 13 12624
18528 96 26344
3054 51 40326
8817 80 12717
10551 22 42091
30174 69 30437
17150 76 33490
4279 39 30465
23942 44 39267
21249 60 26093
5355 68 15342
9953 3 29134
15170 11 15832
4671 63 26252
25927 2 35050
17695 46 30532
30603 76 42013
28582 64 29218
25477 70 34199
29684 72 34236
7234 39 42053
9810 13 37521
15324 10 43612
1020 87 21597
16074 52 35367
4515 72 15214
2078 45 17906
26912 70 32492
32323 34 41688
12612 25 19824
10153 72 40850
27283 9 43645
7408 1 30713
38860 70 39149
3291 72 5629
16327 100 43715
20422 22 44758
5154 12 33393
2297 53 40304
23585 45 34400
36317 59 39321
18880 29 38996
35484 72 43062
10421 6 32885
5638 42 9752
33198 75 38729
17701 25 33145
19547 13 23930
21341 68 34946
14930 15 39679
28390 55 33419
29662 63 38039
24567 100 31004
11951 37 43181
11519 79 38866
3074 71 41942
34174 93 38599
10925 78 14862
18302 63 19418
12082 13 29428
38667 81 43693
22223 79 41009
6633 10 13702
15137 24 34386
13198 22 14158
8464 93 16207
28225 55 32354
10808 6 24166
20647 96 38601
8235 92 33485
26323 71 29270
18404 7 26686
27579 43 27760
25473 78 28423
28777 69 40082
16046 87 39697
3513 50 34865
32211 84 35519
10854 1 43301
5502 37 44697
20447 30 22607
21121 14 41975
32897 90 35721
9066 57 31949
27177 47 29325
2602 39 10826
5252 44 5867
3467 23 17081
8465 67 40307
799 29 31201
36773 43 41330
8315 64 18804
29770 93 35541
13704 75 39063
10843 30 41985
10711 84 30489
9341 42 13517
5739 41 7351
28307 39 38155
12187 68 43519
13146 24 40864
7566 34 26875
3103 25 35424
13984 43 23453
27730 11 31690
19370 62 36035
24505 37 35755
15958 72 17080
9595 94 24141
30914 49 40319
29647 8 43168
39980 24 41709
29635 3 34789
22956 37 28249
27784 75 31705
28569 100 44759
19143 58 39377
21414 58 28987
3706 26 33197
11591 73 40697
3036 10 32016
8811 40 19793
21378 41 41317
24111 69 24605
13937 8 26098
41225 40 42152
3169 18 5131
20857 5 31691
18080 7 33928
28121 37 36754
14223 39 19200
18605 4 38295
19798 94 39521
14216 23 25574
28622 3 34058
24722 43 28831
10087 25 36306
4271 12 32826
25289 77 32710
8004 40 34073
16953 91 31821
26182 58 34738
3274 25 10953
25691 22 33929
25692 72 32635
3833 23 17506
5697 63 41386
16193 100 36489
18560 86 33587
27466 66 43798
5773 31 29760
20754 21 32695
34196 37 41991
16061 37 41395
22522 91 29212
2039 80 2762
22037 48 34093
3772 31 3846
22210 36 23057
33488 94 43328
5226 85 24612
11115 31 19568
10980 74 24035
18217 53 27199
33565 31 35032
3984 17 24433
21555 48 40039
4989 67 38457
8156 14 23412
20728 70 43520
30679 64 30856
2620 28 31745
6081 100 10487
248 58 40387
22196 5 32627
17343 79 32718
17082 63 40225
29810 53 36936
8483 23 27822
30945 20 36885
12763 38 33196
3944 89 40593
36029 93 44273
24125 49 30800
26256 91 26505
27000 76 31257
4867 80 6455
20695 88 42886
27864 21 43977
2254 58 30611
34291 75 36886
17287 49 20230
27314 50 28506
26510 7 41706
3290 40 4009
28837 52 33038
20963 22 41439
26599 44 42200
24573 3 34455
6276 97 14846
20635 29 27836
421 7 20382
5016 25 17007
18652 14 31022
33948 71 40202
13189 65 42162
23096 23 25446
19115 46 20390
18077 5 26467
14380 92 22977
18952 79 25882
9523 33 21727
2809 36 37409
7587 47 44732
11709 75 28933
12446 89 26292
18240 75 41720
27561 25 37042
21061 89 40919
25938 35 34107
38587 71 42955
42234 10 42478
16966 87 23739
1577 31 10363
15069 94 25491
19248 50 23744
2527 4 34968
3497 26 30808
6335 28 44936
33944 24 42013
39945 74 44659
28076 58 39274
23411 4 44723
36520 36 41054
28352 39 44499
7522 8 38219
15548 18 16371
20240 74 36777
7356 65 19007
14209 31 38660
7563 23 30519
15611 16 44505
12994 79 35682
19105 43 38552
704 51 17301
2299 82 25426
16951 51 37427
23287 41 40095
28809 14 36391
12014 57 35655
21559 8 38343
4447 96 14545
10837 16 22908
23469 64 35648
3744 70 43396
17700 59 36735
30598 40 35082
