900
20005 94 20702
37808 76 39968
17066 94 29807
15131 78 28535
6031 19 27426
19347 17 34009
5082 45 35365
1366 88 8321
27465 30 44870
36776 3 44748
42115 61 44506
3818 46 29964
40214 80 40737
429 50 10259
7107 86 31573
20829 85 37195
35129 34 38210
22840 65 36984
27407 96 39968
28503 85 36298
16873 66 25483
27151 66 40813
23363 16 43168
17591 57 23789
24606 78 41942
780 42 3640
18582 59 40319
19518 15 22328
19938 89 33017
18228 79 35927
29902 46 39159
17728 30 42079
31527 76 37208
38463 70 40860
24986 98 40289
20102 93 32764
395 57 7630
26636 25 39269
14509 15 21070
37984 75 42718
29151 27 30155
11514 5 39403
30513 20 38440
3327 46 17016
10929 92 20579
12509 66 39707
9670 51 18140
32807 37 38279
2344 17 4203
3266 52 13434
13080 36 29829
17940 90 34924
11806 17 32354
12544 2 23262
19265 47 32569
20144 76 37859
28981 46 38221
32516 27 34784
8693 20 24474
28932 36 36709
31966 96 33005
12267 43 37126
20273 25 25696
22891 66 43171
24217 37 31771
5655 96 23946
28231 90 35607
7040 90 19006
16969 16 28109
15273 92 25960
1271 84 25758
9645 15 38403
1376 41 31872
13192 36 40448
4068 55 9134
7199 67 19353
16850 77 23806
30344 74 40193
15802 37 33409
23401 73 33321
11873 54 24226
21966 27 30640
17190 69 33636
10892 75 21828
8835 34 39031
26341 67 41097
22808 78 37898
17444 56 30746
37424 81 39646
1985 48 11866
30296 43 33566
28812 15 37057
6853 88 24582
40168 83 42865
14126 19 30424
6567 43 9803
18498 46 39910
28983 54 44876
33884 58 35390
20201 91 36167
11856 2 39960
11343 3 14468
15891 45 39783
18316 66 20656
34233 76 39316
30111 95 44379
21642 60 38397
2149 100 20452
15401 27 26404
69 98 38002
14495 60 14676
5558 76 29182
11406 23 32733
15875 64 23305
12220 31 43299
35002 55 38824
16448 47 34785
11453 3 40260
13841 49 36694
33677 3 36123
11700 83 14251
52 32 4524
16763 48 21652
6134 34 20470
23049 42 38660
23873 68 44322
25176 51 35383
1819 23 41027
19554 11 36590
25759 32 43463
2760 61 9961
16374 1 26907
31688 15 32860
20833 62 22683
2905 13 27038
12784 23 24040
13292 8 20897
27180 3 36006
8658 41 38107
19299 57 37151
28312 26 38281
14235 20 25350
14304 93 42765
14343 96 35560
3252 21 30357
5457 63 23666
9864 35 34279
13646 46 29942
1179 7 4690
3932 51 40889
9117 72 39446
4913 74 24842
22433 47 33577
12753 58 37685
14608 93 40974
17871 56 34466
14874 87 24641
348 67 30102
32548 30 42117
27321 85 44067
20876 11 34773
24999 10 32975
25132 26 38196
6139 24 10667
29135 60 29390
35349 98 37758
14474 94 40083
41133 73 42180
24061 61 39805
38920 72 44820
6441 69 25325
21153 10 21808
28689 93 30797
19478 24 32559
11628 21 43620
6190 97 29892
19768 24 38259
10374 36 27421
28006 71 37143
10041 18 28904
6764 98 14300
10866 67 12498
30803 30 35438
30003 73 37170
421 68 28898
17986 9 23948
1558 95 5780
9534 2 9684
16869 74 27565
17572 67 28168
868 40 34916
19696 61 37646
26585 52 36883
12929 63 21820
18620 99 43040
13362 24 27210
6704 71 28007
14217 30 18978
14880 1 25365
18783 56 40073
6484 38 36221
26387 50 44020
15744 42 16350
18466 49 22890
19791 30 39529
23554 20 31956
15195 52 26789
39468 58 40773
7523 44 38700
27993 61 44984
14283 80 44630
6351 37 29030
779 6 9748
31038 1 43305
24353 13 43637
20146 85 43576
20023 40 26212
1817 48 23887
15430 78 39132
26972 19 36941
22289 79 37804
9799 88 19797
32981 94 36786
23242 40 25286
2648 46 31570
18927 27 30015
5487 16 36344
13990 26 23795
27703 10 32485
16627 78 37018
634 69 41012
9077 40 27286
16095 54 41926
11485 7 44986
3740 44 26109
22210 9 35643
16094 38 24233
36955 32 37804
4090 77 23457
21328 80 40679
24365 64 33182
852 5 37181
28092 6 37939
43462 68 44074
20836 42 41821
17955 17 24829
14972 10 16420
24710 52 25763
37054 66 37615
8818 72 41148
32561 42 42349
25404 39 44887
611 89 40692
32 67 40484
5574 5 12679
13240 49 17207
13164 29 40944
4479 27 24537
19706 96 41059
3920 5 33014
30682 27 41706
9595 87 11964
13217 95 15569
34760 15 39469
27560 25 31746
16296 4 18996
276 45 32160
30748 75 39038
23400 61 26681
34480 20 44930
38165 7 38744
10014 42 35863
20096 18 30064
32017 67 41206
18827 7 36150
30744 58 43882
29365 2 34087
35697 33 42393
15736 7 36593
31554 47 42038
4204 20 27044
28359 65 31403
5068 64 25464
2864 59 23298
37555 58 39404
20851 39 29810
3969 84 6156
10956 65 41246
33904 3 39646
18724 16 27734
19789 45 28320
35356 74 37754
25227 31 35945
3913 85 6084
26120 70 31017
7161 40 19390
12678 79 25972
17173 6 22684
3271 21 5929
30967 30 39582
13439 56 39429
7891 66 31253
5895 40 25678
7997 21 20992
5691 75 43269
580 29 43820
1980 11 22059
30088 89 38097
32468 38 38116
9332 8 13139
36310 72 37015
26868 32 32309
10754 1 29329
6435 8 28494
26449 94 30898
8178 84 9623
26736 83 28975
15363 53 41215
24620 42 26002
11657 12 31951
32204 60 42027
6003 29 13980
3616 67 28489
22209 40 44804
7939 31 27603
30909 94 31455
2038 11 13528
17748 64 38899
16502 13 21016
373 31 25105
32075 16 39293
30397 1 42619
9478 11 39258
34442 77 37885
7840 7 36767
5013 55 33311
17381 71 35451
10546 29 32558
21101 55 41592
9299 23 31781
8326 29 42305
13688 52 31418
17370 56 31562
2904 27 13620
21320 78 30593
38016 20 38656
11613 8 18163
36697 95 44714
34587 24 36051
10431 80 11417
29096 88 40517
4501 23 31229
16628 32 29651
18856 91 40677
16730 2 40525
19738 31 24541
11825 82 42061
2193 8 13658
6411 24 41231
31311 36 31854
15568 88 39446
8975 32 25925
4713 83 32739
34793 50 36299
1001 83 42126
4490 23 10917
18728 97 40763
25489 41 30568
17736 63 38430
15944 21 22495
18014 68 25830
13971 40 14544
21367 56 25410
16642 42 42560
5569 49 17489
26083 35 30749
19907 22 40253
19943 11 24470
12296 5 29036
14615 49 21025
14781 57 25524
30338 44 32069
3398 53 19411
34742 67 40768
6523 22 22442
9583 94 19818
17282 32 35496
6279 52 15518
21917 20 23891
11050 36 28431
13375 16 40687
16829 94 25203
40327 75 42241
19320 62 39656
33010 32 39462
42822 66 43725
1326 60 35743
5893 17 37842
32971 99 35068
27660 86 36599
27404 7 34078
346 77 9742
25071 10 34257
29769 71 43327
33309 91 38266
32364 29 36352
28460 17 35317
491 82 13514
33879 38 37682
9498 44 41226
10701 26 23707
29829 36 31646
20275 44 29903
12231 5 24872
8789 57 36222
14099 30 25737
5449 47 15985
22346 36 24712
29970 37 37185
8765 64 9709
13057 94 36211
26193 32 36433
5814 73 12461
31577 89 32448
34636 26 40402
26421 55 29282
29719 66 42782
17330 20 36160
25338 5 32585
13080 15 36940
24787 17 43880
36585 93 44640
16844 7 38056
25244 89 42071
26170 62 39810
30699 77 35048
13247 48 30653
10580 64 16632
10540 34 37395
9467 25 25585
18987 2 43899
5576 25 13697
16485 1 31503
26216 1 41521
38826 40 39247
7302 94 44166
1270 47 37959
25136 1 34890
12418 7 38551
4013 68 27135
12099 39 16524
20772 51 25841
16294 87 38765
5652 26 33129
2398 69 43075
4170 53 17045
4492 96 34244
7985 43 13610
15828 93 40243
4639 88 26370
13134 96 38496
14752 45 42408
8978 23 33367
15755 41 29554
12741 46 28525
421 96 26247
18128 96 19815
173 72 3633
21782 63 24815
14166 75 32913
14308 57 31829
15838 66 38573
35592 36 43889
37431 75 43797
14196 7 40171
40333 81 44165
24934 65 31183
9597 71 30159
3647 77 5414
5493 35 21913
14474 73 16594
6874 22 7659
21555 97 32894
14449 28 30990
21794 13 35147
16288 76 28635
19211 19 19279
8619 29 44663
21436 44 41738
11903 68 21468
17666 14 37449
10770 61 39156
33586 40 34498
20860 8 42000
10291 11 21585
30742 3 35393
15545 8 39539
7986 93 40957
25049 12 29196
6334 18 44877
36096 56 41244
26142 31 27473
25382 32 29522
2903 90 15821
1988 42 31352
16317 67 25489
10486 14 20191
6171 37 12425
24799 28 26675
2812 9 40807
20821 98 44347
38396 31 38596
27632 23 37333
6951 2 8250
12645 99 20489
5774 6 9615
21364 73 41839
28135 17 38084
10441 15 36409
33827 81 36223
30807 86 33084
26121 11 34830
9984 38 36746
9889 8 20871
38687 80 39976
6540 41 20760
3504 62 32365
10367 32 23008
22394 58 44187
28724 69 36203
15462 83 18349
6462 70 30006
16790 86 32611
7858 66 10961
18005 61 43485
27046 88 38970
6534 44 32107
3798 87 32134
4284 99 23287
17123 41 20285
17806 38 26113
15800 65 37647
39126 100 42575
34050 82 34464
34752 84 38748
15905 34 29852
16654 15 21676
9148 53 26113
28125 12 38272
27193 64 41425
4466 88 34456
20577 43 24835
2882 92 28597
14321 32 17303
12821 9 20698
15283 65 38872
3021 1 38449
20854 92 43063
26132 64 33301
29816 71 38491
6075 36 22934
23068 68 24564
32311 56 36825
5026 21 42991
42094 33 43185
3685 68 4871
24261 19 35682
38900 87 39220
8358 85 35537
12115 58 40527
24532 6 30290
4667 46 40560
5749 10 27771
32725 89 43382
690 52 32956
25305 93 30040
322 86 25821
11711 61 24584
24645 12 31389
25908 79 32142
3303 71 31942
19648 88 21433
11043 73 29208
28151 56 39217
5186 9 32656
17190 94 28491
10606 49 37459
2501 50 14472
7783 21 23846
26402 1 33273
764 71 15692
13813 19 18124
31427 81 37222
17248 32 34273
20752 80 33134
1158 57 35384
2448 9 15032
28154 92 39590
21571 53 23440
35491 86 40260
8419 13 29988
32708 55 34383
34879 5 40407
38024 66 44690
8125 7 15787
17506 54 27023
8488 71 12986
9023 36 28543
6438 6 35640
13138 57 20876
5151 98 32025
15691 52 37033
28471 4 37197
14554 17 33498
30491 10 40048
22528 66 34816
9823 73 42122
1888 68 6923
6591 16 21433
3898 15 10037
14754 15 28575
27097 53 27470
16521 34 32053
2884 61 40052
906 44 23296
7666 23 9057
14197 95 33556
22591 94 38268
21572 5 21749
21237 68 27023
13516 93 43311
1113 62 36513
25475 8 30674
34907 83 36259
5060 18 40966
40055 69 44277
3869 47 25990
9099 56 16752
23558 68 28234
25930 3 42470
34574 2 35032
11356 22 26111
8985 94 24478
24103 65 27277
29862 100 32678
22056 72 40004
24861 6 41094
10132 83 38905
23025 78 34457
10408 90 17831
20602 70 31230
27863 35 31254
9991 86 16662
31593 62 31793
35194 48 38153
417 56 32989
23328 19 27950
15456 21 31291
32307 74 33463
8263 13 31403
12149 8 32983
8601 57 29783
23934 87 41632
32199 5 41734
2547 39 22939
4481 76 26154
4742 64 12799
17001 57 25338
20069 13 21361
17353 6 38076
16921 49 19550
18547 36 40731
22669 76 43906
19214 46 39364
33594 56 34942
6315 65 33115
19265 10 23280
19594 16 21994
19699 6 44316
3213 9 4505
15926 35 41408
18278 65 41561
4017 71 15416
24114 64 38405
35383 18 39504
3402 88 16781
9146 88 28753
27384 83 42423
4732 68 33236
31205 60 36525
9341 64 29162
3834 70 21974
10313 98 30287
26498 19 33915
34814 10 36095
17514 37 22070
1377 68 22366
7956 97 9924
1975 55 37926
29189 46 31127
24734 45 42106
31142 40 32041
6290 19 44796
1143 88 6970
1900 42 10437
22801 81 40479
14953 18 37772
14127 85 39629
872 42 39507
10298 94 19513
4875 85 22401
21353 80 26075
18177 42 43211
14996 62 41552
39534 18 41533
30615 94 40100
18600 49 39969
5111 80 28589
30465 10 38662
26932 24 27360
15536 67 34896
8423 54 35057
10987 100 12396
27356 60 41524
7103 90 23545
4948 7 24319
31431 37 38469
29955 3 31767
21835 21 44441
7942 69 38074
31252 53 32987
40925 51 42832
2901 13 37931
31144 51 31518
36632 38 43663
16272 53 17452
5322 9 34364
8621 83 11062
23637 27 25264
35016 23 38785
16295 57 32707
13744 40 14922
26887 1 37256
11270 47 26360
29340 74 36907
17046 36 18539
20669 69 27206
13376 29 34775
38632 4 41211
8001 47 44649
3325 6 7241
6548 3 8278
13939 15 34253
22872 67 28162
36680 62 43335
29583 77 39079
20186 80 31583
15084 72 42240
22858 100 34339
2842 51 28702
8390 99 10274
4170 25 31052
12548 65 27944
1331 43 17907
35423 19 42593
19304 2 22161
4370 1 11668
28 96 42521
30582 76 32471
26441 9 37566
32579 62 43561
30788 25 43829
29960 31 37335
16612 1 27497
11639 51 20112
7663 79 37604
30403 98 30903
13613 58 37687
24548 39 33210
39233 14 41814
2590 24 32843
23031 18 37358
11800 23 29013
5069 35 23827
24706 35 26597
25254 97 30073
19899 2 40957
17943 80 21139
10104 2 44068
34605 76 44306
1394 47 17602
4784 78 39704
5083 56 34211
6219 15 25361
18975 81 19064
467 17 10103
13234 12 27653
15572 42 29502
16347 47 43700
32351 42 37841
37180 53 38263
3238 46 24825
4391 70 17076
18124 41 34346
466 51 3569
16965 43 27548
3395 66 11276
6481 74 32377
3348 14 29814
36267 34 43541
34370 27 43511
35376 54 42691
28186 66 39039
25853 73 26379
29956 90 43396
30788 97 40041
6554 40 23137
28632 89 37941
11400 24 34274
16316 9 26118
7748 79 12930
13837 86 28302
14815 25 20271
30605 14 36470
3596 37 15650
29833 11 41493
33918 38 42874
9723 3 23241
3774 8 39762
1161 67 17598
3338 100 6161
20997 82 32095
29737 84 30960
30847 38 32266
14645 5 29494
339 12 42581
8236 38 30373
18624 22 22445
6183 33 24293
18510 100 39196
9973 56 30896
32164 20 32935
280 74 41868
30544 78 34892
12367 51 26486
13052 82 34265
20666 17 35493
7187 60 35570
2186 79 10144
3351 9 7001
14518 73 36211
29115 52 41498
7989 27 9451
14979 72 26291
24723 30 29819
33665 25 42689
3930 51 16626
16089 22 43841
26942 98 30495
27373 60 29513
7710 34 43534
37940 7 39521
27980 12 32897
20206 7 23740
8292 52 12764
14226 60 25114
3189 51 31602
1582 36 29551
11028 25 21252
26849 84 40624
15369 83 41764
33812 59 42399
1446 94 30751
11123 84 21890
19967 74 36839
23182 72 39993
24296 80 42389
681 89 19572
9644 13 23654
6391 14 30635
20583 95 34676
31384 7 37967
31016 95 43684
25368 76 29365
20180 76 40876
31324 33 38486
20789 67 35857
4412 63 19032
4114 24 5944
4340 54 32301
7927 38 18238
356 2 1378
14210 25 26047
10687 76 25802
5394 52 12911
31856 26 43322
27795 96 34667
5365 67 39638
9155 35 26112
10112 63 41872
