900
27115 79 35428
12824 50 28576
1284 16 14586
25800 57 35083
41388 93 44079
13893 39 31413
37795 52 42451
15237 28 43840
5443 87 13116
6987 67 24337
20283 28 37001
24499 85 41198
33132 55 43995
6424 40 44499
2386 36 12992
20187 76 38506
2521 78 28398
1929 21 31680
15876 73 28089
21126 44 23499
2493 14 28489
38989 96 40476
23491 55 37581
19608 64 28066
4717 27 36234
18887 8 19444
7376 44 20883
3209 64 42367
16919 26 35895
20216 98 30116
30778 59 31330
22806 94 27224
20208 59 43201
1496 91 22444
899 22 38919
4541 98 24090
10065 43 12733
8759 65 44412
21237 28 28220
340 74 38772
2020 7 22559
27710 59 28692
24695 69 43568
4686 97 30110
12742 56 17887
23292 13 38546
1173 4 7510
25578 23 43219
18225 16 24926
41096 68 44035
1193 75 13698
1149 21 3070
39469 93 44776
28177 18 44366
10096 30 17253
11398 60 30779
34522 89 36199
28528 77 44780
14436 100 27382
15427 16 31975
35997 9 40374
38566 89 44626
24208 26 38362
17503 63 21632
404 38 18221
20189 17 44438
7886 57 29948
27811 80 33979
10488 2 13267
19774 53 30449
23840 86 41466
11499 10 29479
39561 65 43256
2717 69 42511
14171 27 29460
2531 10 30597
1187 13 41769
28554 7 32870
9851 24 21713
16980 54 25742
18761 70 40040
23395 24 41516
6303 52 29541
6517 91 26301
25926 33 41233
17235 32 35740
27449 80 33834
26013 38 37472
3873 65 41610
5101 53 17012
1333 68 15310
27466 10 42140
21246 2 24200
37918 79 43090
14436 16 27596
28891 37 38623
10765 71 43197
31125 21 34510
5705 76 13103
4010 7 20739
30532 20 32717
7913 74 25871
12819 96 43474
32214 24 43818
17573 15 33687
29135 90 35559
478 33 34101
17766 83 23997
5916 1 28879
26750 54 44867
11754 92 26885
16878 68 25714
23802 64 34368
6852 73 32215
25676 29 33812
24618 42 37389
10954 66 20510
973 21 5295
11122 16 15954
60 60 37376
18050 71 42804
3963 97 25124
12114 44 29157
34837 49 35978
13727 93 18128
1495 20 42052
35863 15 38020
32981 51 38493
12547 3 18015
29109 31 33318
33112 11 35756
21826 72 34210
23654 70 34818
27375 49 35111
17171 96 44022
14948 74 37725
1119 78 37532
26999 41 30604
19136 11 32082
9397 87 38541
8605 77 32840
29858 7 30121
1649 6 11934
29182 39 36850
14277 3 44852
5110 40 22505
16978 39 42780
20508 17 34593
936 33 28188
17911 45 36050
5515 69 11172
12318 82 44012
26158 63 31824
7661 64 17985
16874 2 39648
24078 90 30616
13643 51 36803
8639 100 36696
29501 32 42918
21604 30 41572
8724 2 11318
1426 59 29905
22538 36 30935
14713 93 36672
16374 75 44223
3383 81 37369
9396 92 33228
11049 38 23621
4428 87 9610
14209 55 35494
22253 50 34289
9950 4 37312
13202 81 27415
26405 22 33023
10421 45 13145
3428 50 36150
30044 36 36239
27889 6 33184
21852 76 26127
8357 7 30753
21840 42 22571
899 96 20091
6452 65 40434
254 87 31797
16500 76 39351
34654 29 38426
13017 8 30992
19884 46 34759
820 95 8862
31324 26 35117
9765 59 16908
15298 46 19680
569 72 28451
506 61 36642
16701 3 44103
16197 39 30628
17164 80 18152
31107 35 37301
36715 7 40898
2450 48 44043
37039 84 43249
29097 45 32965
32572 54 36732
21510 95 25243
2482 13 41567
7943 77 42645
3523 34 40453
27784 51 44119
20623 89 34470
27921 61 34883
574 92 5928
3935 29 28001
7675 26 24965
21437 63 41546
21408 99 23690
19868 34 26495
2066 87 33656
7699 60 9606
27540 88 38666
20421 84 40433
11297 33 27919
17519 77 20535
1521 40 31308
13907 11 35004
5782 60 18640
14436 85 41836
25108 4 39135
23623 79 24168
24051 9 41724
15745 75 42763
27205 14 33025
25511 47 33479
41860 61 44010
12431 40 30887
19600 99 22397
5081 43 36202
13930 57 22414
25046 72 30612
22924 82 23768
1365 74 37929
8046 33 32223
7812 21 44581
3238 29 18187
7459 68 16775
6586 91 30168
7584 38 31340
13154 1 38335
32539 82 33373
658 29 34710
2092 9 5216
29740 89 32460
32583 36 38531
14786 6 17743
1931 20 11626
29683 42 34623
20207 58 43810
26735 87 28735
9710 39 24149
22426 35 39156
14256 97 23719
15738 10 41462
26152 85 37558
10341 3 24825
21106 23 25508
22575 69 40012
1786 8 37562
4419 81 6039
7115 77 7392
18855 43 34999
22089 32 31239
27599 98 36686
26685 16 34669
3936 96 39337
32290 12 34398
23661 58 33376
21155 88 37227
6962 44 30738
13761 15 19893
29600 46 41550
21356 93 41514
3941 46 16517
6906 27 10655
8967 21 15466
27130 4 37867
10131 10 27531
13838 54 43313
7812 38 38518
19373 75 40111
8296 82 44142
11221 32 31452
21108 48 41039
14593 78 34050
8725 65 41260
23795 86 26569
7184 1 36447
12989 40 20467
1573 60 13037
38625 12 41056
28732 27 43701
5470 6 40427
16076 79 19242
27525 68 36525
30260 21 40739
16427 79 16956
9074 18 15263
25775 2 38297
12763 68 35436
21828 81 37857
9282 21 31280
4151 73 43785
7991 68 24481
13872 70 44637
12361 71 30951
10311 44 10390
16161 20 31702
1488 90 28612
13024 83 31924
10079 80 32969
32632 18 35052
13060 91 22692
36180 38 41802
24135 77 29875
17078 18 23120
30483 19 37304
8364 17 32499
1807 35 24712
7448 87 32548
29462 61 34530
19090 12 36494
25780 31 38681
22494 64 44104
13186 40 33109
10171 19 36932
604 5 30954
2857 20 18076
28420 58 35481
18387 7 24656
212 25 44282
20217 36 27030
28412 55 28723
41939 84 42281
3908 94 39098
4993 70 26801
9419 100 32133
13190 99 34506
36916 77 37925
19289 25 33806
29802 85 38419
1103 80 42561
7000 81 37797
6423 83 25701
14695 56 19375
8888 62 31882
11376 10 32600
30681 52 38403
4413 45 43239
13117 27 34745
3643 82 13022
29192 20 35393
18949 21 30650
3252 14 8030
27132 62 40262
1835 15 28704
32004 98 35863
16098 17 40777
9366 24 17852
32165 94 39933
14046 41 22286
1009 60 28674
13622 77 44862
36030 93 40920
3100 12 9292
16010 79 30657
19098 89 40823
15259 41 33225
38835 2 41581
19924 21 23997
2150 60 32142
13612 22 24746
14650 27 30335
34138 25 41997
17440 85 19580
4251 57 14205
20085 60 21210
20119 68 24128
17476 47 27393
1044 81 17562
8752 28 10561
24691 43 32994
5632 6 38818
8646 51 38916
15711 61 42467
12935 37 41100
13887 5 28910
31379 14 38241
4385 35 25178
28204 63 40159
29015 76 40097
32812 28 37215
27317 67 42603
23810 27 36167
10438 28 37605
444 20 21992
11139 40 28472
5176 27 34884
10504 58 34433
21081 22 24537
3660 57 34999
16017 42 16913
1672 38 38758
8784 34 29668
12035 15 13925
185 43 44896
23936 60 41410
24593 44 39109
7817 71 38668
1353 68 41373
4131 43 22607
26692 88 43463
21738 46 24976
4024 34 37496
21111 28 26144
1765 41 8268
38940 5 40274
30570 18 37057
12983 15 32149
28633 68 29070
7490 59 32599
25164 25 32045
31670 65 37223
26592 49 34947
10080 88 16990
28286 87 41947
17401 18 28958
4028 71 30653
25910 82 34108
28393 70 39350
8052 31 26969
17621 74 22386
26942 5 27039
29690 29 36048
2317 76 29960
10723 65 24933
2965 34 28035
70 62 12044
33808 49 43573
39979 41 43215
31447 66 33079
15739 67 41784
19665 44 43829
1147 73 28956
24169 60 40330
30503 34 44305
27758 45 34335
705 34 41420
16518 75 35368
36327 86 38076
6038 11 30462
7046 17 22672
38445 4 39049
6007 51 10796
20223 27 27778
5786 81 33401
35666 56 35832
22152 20 31701
7572 60 27998
16439 47 18180
26366 13 32319
7417 90 42097
3588 45 25026
4201 55 41802
11948 53 44720
31551 44 38649
5822 58 11235
3396 80 30740
604 8 32242
12892 60 35795
29043 81 29949
19075 43 30959
8295 50 16862
31415 6 38869
34985 57 36274
31877 16 40363
32175 82 43224
33551 30 38318
12307 57 32153
32249 4 33276
20583 79 24638
25558 52 39741
22650 85 33855
1400 51 24130
9905 3 28135
2779 46 20890
27807 4 32237
16908 92 37375
21011 97 36044
30996 80 43839
21276 26 33397
11519 36 44766
31991 96 38121
23427 29 40806
3669 100 16470
20233 43 24414
2324 47 16530
2020 9 22794
13118 37 26954
1494 23 6283
2388 93 42401
22480 80 41209
31512 50 35400
33718 42 36701
29425 34 40319
13266 58 23754
14574 5 28953
8018 6 15188
26839 79 27957
36467 47 40865
10448 67 32716
8098 3 16058
23395 78 31177
19223 97 34424
7186 61 37252
933 24 28790
2829 77 8316
26779 57 36215
18736 35 19565
35888 72 42647
29322 53 43412
10688 59 27364
20581 49 40770
14516 63 26832
9728 90 35170
27672 12 41004
10916 67 15004
30677 87 40054
23818 82 42042
11698 15 28139
6949 61 41471
5237 3 21990
729 7 23293
8893 59 42466
24380 16 40090
23707 25 32773
3997 98 21713
14565 43 35180
7599 67 22873
12386 89 20196
25341 61 31081
11481 56 34197
8001 78 27481
28632 86 41394
25141 33 27290
9764 58 41793
16602 21 20110
16900 46 29885
4176 64 28816
36500 43 38129
2050 32 15254
21291 65 43813
30929 14 39029
4903 58 42254
1745 19 10148
30500 33 34502
23038 79 29647
15528 97 24561
30934 6 31982
9125 57 12119
8616 85 9625
16815 41 22797
11569 33 38952
37616 87 40624
36818 75 44530
10847 43 28747
29021 31 39005
6933 54 25918
18302 24 42304
3331 60 3398
12070 64 38082
18688 62 32440
12155 65 22103
4635 52 37166
15489 97 31321
2309 16 43456
25710 34 36844
21250 55 33140
1048 96 7465
23164 78 25077
4273 3 13213
10972 66 41598
1845 91 32197
1172 18 31651
26957 59 41118
14633 22 31992
17441 5 29738
2911 25 4002
3996 39 36992
6546 35 32922
8292 43 36020
2543 42 5382
13836 57 20526
3716 46 30952
1914 35 2911
30886 4 31341
967 9 32707
21092 97 22246
26509 100 36927
16648 62 28909
11017 54 17247
15174 72 23543
7555 36 23854
14004 72 22014
1756 31 39581
29753 97 33264
6615 20 7591
7191 90 28215
3997 10 23562
16168 78 35626
5448 40 34258
34315 100 34961
22177 38 35014
23399 50 35924
14444 91 33240
16379 44 42723
37881 17 43152
5517 29 34032
30379 28 43530
7644 26 12791
5797 87 27183
7291 21 35193
25543 66 28070
8899 90 24712
6984 11 36364
20513 34 29362
18397 86 40436
5763 52 15922
27346 39 44264
5434 1 15450
28436 1 39580
24282 32 29682
3593 45 31346
9578 52 26612
35125 88 38926
23949 46 35281
17361 73 31485
20650 61 24350
3124 71 11670
13536 15 21219
15550 82 22445
24327 96 43249
1335 8 41801
28706 11 37807
17574 65 21749
21474 11 40581
12242 62 36488
15465 82 31689
8027 52 38272
15410 93 35167
4758 24 36903
18258 19 27755
4552 17 32526
10178 49 35385
2750 66 16855
29060 89 44800
4991 89 15962
4394 8 19766
5167 90 9520
3198 84 19153
1515 10 19462
1305 82 29344
19484 47 27939
37070 34 42673
18951 84 31839
29002 21 35329
6730 99 27262
7081 96 7618
7770 30 44542
24781 59 28212
8811 72 20425
3508 61 5757
7716 53 36997
22204 41 34735
2971 98 41279
26586 46 38992
15521 85 30889
15118 15 15175
7659 88 25785
35993 70 37512
3227 37 29037
12666 39 37955
10414 14 32995
19797 15 32668
990 52 37481
8640 78 38152
28767 16 39421
2623 1 27653
2290 59 28043
3056 19 23404
22093 27 28670
42219 58 42702
7715 38 30870
4941 83 26571
31285 97 32196
20001 50 42087
27180 90 30149
12540 11 31208
7283 15 28803
19800 86 42806
13121 39 44237
7073 70 43102
9149 60 13464
3931 7 8253
22780 80 40043
1143 53 37284
41008 38 42717
14921 67 36840
17935 47 20181
3130 16 30182
34965 17 37835
12735 79 20816
1543 19 24735
32684 69 40784
24189 70 34770
1810 5 13427
15472 38 34267
26967 56 41953
24365 34 36991
24710 68 28645
10531 77 21134
6163 92 42335
17262 27 22738
23092 95 38173
18409 85 33843
6720 51 22390
9740 95 42389
6484 71 38638
526 44 30966
11332 12 32890
3181 20 41924
24504 13 44861
5275 32 29249
627 8 27645
4450 88 33026
15838 59 37447
9262 92 39191
4749 90 43375
14866 64 34102
20784 17 29620
18162 9 24031
29052 24 32640
32006 44 32836
30522 10 36220
43002 43 44628
12512 22 23911
813 97 33288
10473 53 28307
27849 40 42736
3760 60 15868
36051 43 40261
5410 80 25186
39546 7 41031
915 14 38275
22031 27 25991
23564 89 28695
9043 36 18445
28273 95 34642
18545 83 31826
5718 51 7613
12867 85 30390
1270 24 14082
30785 47 32371
850 18 2240
16358 67 29957
40433 25 43954
4809 32 25693
1701 13 11559
41782 71 43843
3543 38 37770
26645 54 42098
16922 6 34106
11767 41 42374
31931 67 34598
7453 53 37822
12309 22 38737
14557 35 34132
25795 63 32834
20964 3 36536
16130 23 37462
11771 88 30493
35741 84 38062
3695 37 39608
43082 79 43681
13267 25 16580
29500 18 39953
6497 48 15348
5706 80 8850
90 14 3302
11624 87 26435
26772 81 30642
18816 26 30453
27815 44 32165
29138 98 30791
15932 88 39963
6717 26 17700
34881 57 36318
2563 72 41758
19533 95 30293
6487 75 41012
20006 6 28838
18068 13 21686
31715 70 34897
819 81 34370
14851 79 26816
8988 90 26819
13932 1 44877
24415 69 31743
14469 78 38440
33665 96 37599
35199 62 39775
9818 77 38592
14704 97 15989
14702 28 30550
20127 97 31499
19212 67 41395
4595 42 9382
23767 96 33384
4712 94 17081
17198 79 34021
29090 7 39000
30315 42 30561
16721 83 28148
13836 45 42309
30514 75 36473
4866 16 20016
29901 44 33111
7010 42 42857
13818 98 20939
22773 26 40725
12831 70 39707
12364 66 40157
12872 29 21457
27860 47 43301
32878 25 38680
1408 100 22140
11534 89 14956
38286 32 40509
676 23 7628
36397 7 39895
12831 52 24864
2921 50 36028
28965 44 42093
9109 47 32182
9288 27 28270
15621 59 34873
28074 7 44245
7408 70 34477
7192 43 36092
12978 8 41549
26972 85 43615
21406 72 21867
35175 25 37550
12725 17 28884
11652 79 15180
15910 20 24439
20632 35 30868
14967 12 24998
23571 58 33482
12404 89 39569
32665 10 42245
14702 20 27942
27933 27 39806
27613 63 33533
25963 52 32123
12629 28 35163
19967 17 39475
1618 25 14482
18298 30 35798
33707 51 40914
6253 44 6902
4802 44 11061
9646 9 28101
28617 65 36853
32559 66 32835
36804 69 38799
11612 50 25277
7622 4 34704
347 80 9812
9762 32 13384
40411 87 44107
10953 46 29709
38289 34 44503
20636 19 41874
15690 62 32033
628 89 18943
9616 9 11133
13012 59 39209
12535 58 37257
35494 30 39560
9714 60 31759
34554 48 34793
21530 4 30578
