900
15863 79 25891
14674 94 44124
22847 66 33175
28513 55 32243
32664 88 34535
544 7 7234
31443 66 43195
577 46 21333
19521 74 21570
8803 82 21711
16988 95 34391
2228 64 4302
37324 34 39936
23681 45 30267
24791 38 27858
2568 28 8288
24417 66 25944
41577 35 42338
28832 47 30344
2574 22 39118
23762 56 25948
14296 54 23616
23692 91 38221
11487 92 28155
37758 71 40401
9022 52 30975
21328 77 44997
35861 31 40396
6125 74 16262
907 69 27343
33663 8 39185
36372 66 39639
497 48 25753
29335 19 29681
8391 11 25775
11878 68 32858
16123 15 40879
31250 54 37868
21349 29 42591
20570 37 41922
23205 71 36342
1325 28 34188
3729 61 13304
1742 39 26548
733 20 30714
42683 67 44901
8141 66 21940
7780 76 41561
29994 44 33822
9586 74 44474
7861 84 37983
7522 11 26653
30268 78 31776
24306 40 37125
34297 93 39791
22645 50 40078
28389 40 43978
8864 8 25990
6986 96 32914
3816 82 30524
31790 82 43563
7632 51 12582
23519 49 43805
12907 6 28795
11566 43 26450
11648 16 32810
2285 5 37901
34253 45 38675
12011 85 32853
25939 74 43418
15366 24 40320
1986 56 5790
4496 40 27354
4382 87 6052
42511 8 44303
6180 33 8721
23559 97 29501
8508 85 37128
42319 84 44773
953 17 6220
3308 32 9262
13516 97 32715
27301 52 33214
13590 28 31991
11520 61 32517
14480 59 42814
14086 78 36594
14796 91 31268
9809 51 24414
24122 9 38780
3780 11 32734
13732 32 37873
6520 58 17975
12739 33 29773
30325 68 33486
18903 19 37956
15959 61 23053
2846 61 15714
12426 9 39920
10508 52 36345
23555 57 25546
24189 93 26428
11142 61 13657
20638 98 44512
25363 2 41286
27279 88 32484
39058 98 42088
15855 80 32559
459 56 13989
7318 100 29838
9844 38 11241
6700 5 17914
10765 45 34573
38468 78 42562
14218 17 38821
24401 35 44213
24618 78 44756
24603 30 38021
33887 76 43829
14654 74 41195
7719 32 28840
2118 23 34522
2286 26 26144
1172 62 8162
20341 68 30558
4619 63 35895
4700 32 30446
22637 51 33552
11186 37 37677
9857 29 37841
23657 77 29590
85 9 43544
10387 91 36975
8078 30 25372
28787 13 33127
11174 3 24603
30382 84 34395
23895 49 37114
20046 49 20557
12517 85 38813
13212 10 36538
12918 67 26935
27434 94 37636
10493 95 33411
17737 66 34134
25763 96 38899
19305 95 35775
9826 16 15738
33992 69 44794
22165 79 36476
10749 53 41127
4030 93 25992
25374 11 27185
27837 26 31944
14902 81 17353
14991 63 44917
4379 65 6575
38491 86 44163
25310 49 39386
36322 35 43070
19349 3 24463
2378 48 35977
23047 25 27374
22117 4 36039
27948 16 37880
20148 58 35227
4414 67 21241
7009 88 35698
12599 90 41571
40317 96 40449
8642 7 36471
36772 19 42356
19104 67 21191
23108 13 32004
3818 70 4500
30370 65 36459
22424 44 29169
7498 14 19019
15678 34 36608
18547 44 30743
1797 58 7834
29590 40 35833
2072 4 35599
10711 22 33887
26722 22 29985
10633 47 37942
29122 22 31248
19859 72 25330
10384 77 19385
10886 36 21834
17286 95 19132
24970 35 36172
33049 4 33607
6245 22 20703
26756 24 30313
31471 67 44550
37014 81 43475
21937 36 38762
32234 79 40630
25932 45 26910
3472 23 38053
7494 22 18288
26849 68 37432
32864 4 36943
260 27 39812
18298 19 39789
5180 19 33337
13990 6 31614
27726 18 33260
7907 29 32069
12344 32 18353
12943 36 40016
204 36 44352
26366 38 32129
12248 22 37171
15320 25 26541
11467 5 36066
32344 24 42754
5841 22 35527
3939 36 21120
9613 98 22910
17520 65 37066
3666 3 43552
6661 44 36643
4069 85 23526
2844 79 6245
12440 43 32123
24069 44 42174
3076 2 22169
4930 68 22012
27756 31 41634
41106 39 43342
28064 84 30508
12357 11 34158
26648 50 40672
18804 59 28474
23252 21 41529
33051 17 34821
32654 10 40172
9772 58 11866
38209 86 42370
6140 71 41948
26682 74 38567
31347 10 37584
24200 45 33695
7579 87 27964
21459 70 37754
2937 10 33109
13701 19 18160
18935 72 21029
22020 24 34156
4631 3 13643
13478 57 29078
12964 34 24503
26997 15 28782
24095 6 37793
1653 68 25969
4730 50 34077
7119 62 7293
15822 22 29318
11971 49 42832
21849 6 29131
7186 75 40937
15173 13 21793
23565 34 32765
46 75 35640
33301 69 37988
13556 19 40923
26288 76 34377
914 81 16257
1069 49 23085
3681 40 26275
30557 94 40443
3971 22 32410
927 2 23665
13924 97 44665
25151 17 40432
5386 76 18142
2201 20 12852
7723 21 22150
28522 86 32227
20309 21 26779
40696 25 44832
27930 17 36771
19972 9 31462
3324 58 33245
13217 2 25317
20873 69 28709
541 93 38435
8177 68 34096
37684 4 43506
9225 30 32005
17563 90 28440
7610 97 38799
15172 95 37906
1994 47 18673
28008 3 43318
17993 61 21918
23117 40 34260
20010 97 31040
22939 61 35779
26053 62 36602
5536 94 37197
16842 55 31117
23486 24 29020
25933 61 40011
34095 27 40145
7098 70 18201
21006 3 35502
20855 3 21921
15825 95 23270
33956 10 43545
22955 37 36079
35086 80 36150
1313 60 36551
7583 40 44935
10796 14 28726
5296 11 14809
18974 12 22529
16041 88 21644
7222 82 30037
25408 96 38445
7570 96 28063
36935 73 40419
22337 42 41901
31493 10 35088
24906 14 27868
9137 83 30799
23064 49 31046
18470 43 36743
20557 15 21302
10608 21 37344
30274 49 39430
1181 43 36865
25835 75 41611
17092 66 24763
1352 100 3466
19595 3 37075
19884 15 24124
6243 36 20657
22163 69 32632
17772 79 42004
2301 93 19973
1689 22 31094
18795 48 19214
33267 100 34627
28566 88 31600
39518 30 41679
27369 13 44477
10610 98 24462
35438 12 38302
5082 23 35566
18875 94 28419
19223 82 35815
20191 83 35971
3349 73 3615
2398 55 38720
9634 84 25282
13699 55 40175
17808 66 31790
13252 51 34325
8078 10 13862
10265 92 31696
20153 77 44529
8443 40 41216
14146 61 32384
3917 30 6388
21029 66 42869
31280 33 33775
33031 76 44172
38282 81 40797
23517 43 25153
8039 56 13433
20663 92 37829
21812 9 36451
34337 57 40267
2570 60 34705
309 74 41110
33333 94 43231
1796 42 12230
20312 98 26339
1538 67 28024
17544 60 33119
5462 74 33565
27432 69 35687
30656 71 43213
9557 49 34929
3361 61 9398
26653 50 39328
20411 17 27192
18526 86 24223
24935 56 39039
12414 40 26086
9478 64 29180
29019 53 34480
25543 19 32906
7443 34 42715
2667 15 21757
27165 45 35743
32465 4 38830
5379 38 17944
11904 83 41604
38507 76 40144
18366 37 35589
25882 81 32191
22816 68 41665
5744 49 12289
21910 73 28996
21917 34 27603
10025 50 37619
11442 31 20786
28225 63 36117
37602 75 41190
36100 82 43578
27301 10 39637
27392 29 37598
39570 85 40432
25258 7 42212
35928 89 42819
35404 65 37300
29310 68 33889
5151 53 25871
17759 44 44814
4789 97 5466
13940 67 16479
28482 9 29824
4423 81 26178
19866 65 36454
25380 41 37391
20022 6 40438
6 69 10631
38769 14 41101
4645 78 17681
12560 11 39330
3222 22 31204
17798 68 44607
14213 71 41964
1494 49 22852
13042 88 13254
31716 78 38748
13319 52 32300
2559 51 17111
9870 85 39160
21753 64 34167
5726 79 6672
31778 58 37321
36826 94 37376
26188 74 43216
12804 20 39259
14080 62 17234
3261 57 24037
7722 52 27994
4353 94 40280
17063 55 41038
16202 71 21301
6487 33 16523
11954 45 35474
5774 54 38476
27776 93 42895
22212 89 30489
19577 6 25993
22061 13 34323
18182 68 20210
35321 27 42401
4460 19 30575
25662 48 33722
22924 11 44889
6920 62 15986
14600 14 32376
30844 61 44816
31754 56 34168
18411 31 35142
31730 77 39643
5659 96 24926
16348 98 25502
24605 46 43313
9312 89 43985
1462 60 28340
31763 15 38682
15151 59 21369
13444 57 42030
6204 85 22442
19432 27 38442
25256 91 44735
4961 58 7888
24263 74 32544
8961 40 44284
27777 51 34775
1882 69 30639
12803 30 18899
1695 39 40528
19223 54 29222
21559 51 32653
18831 44 20202
7013 51 32801
1001 10 12325
2667 92 28291
16617 86 43574
31089 30 40530
19830 100 25347
849 90 2752
30253 27 38279
2909 3 10070
26145 95 31871
24394 80 44390
26469 79 36423
9755 46 41113
6275 45 30291
30866 59 34806
35299 27 36717
4459 20 8695
16929 41 41926
13921 37 24629
6206 76 32683
2199 68 11471
2409 12 25067
10364 16 40904
10837 75 36523
4990 18 30289
1871 69 41446
11955 93 26919
3493 6 24484
37919 57 40795
17040 90 34606
6583 17 33212
482 71 21604
13033 32 35125
12999 92 21750
8607 84 13080
3555 65 23895
2956 78 34571
31727 30 44268
12348 12 44689
1325 69 13117
15542 96 33933
30725 1 44442
21194 17 29975
18511 11 43600
6505 76 42234
1473 10 10972
23894 31 29091
30449 62 36567
20664 33 35151
5536 8 32325
8639 12 10854
25814 47 35749
20039 91 21554
3080 41 19724
3983 18 22746
1833 65 21416
26295 33 36729
11224 23 12635
42463 10 42692
10044 2 24188
15051 51 43344
34625 98 43635
779 43 20490
3407 100 22859
19558 9 20843
31190 95 37473
9973 20 21445
3780 17 14121
3989 64 11302
9197 85 21637
5370 60 8309
14511 39 20532
33039 49 42121
18228 100 40297
7140 71 25513
2124 45 40069
7 23 34707
24245 38 29085
9004 25 38618
1181 70 22499
31073 62 33105
8824 67 44114
856 98 29751
26144 63 43494
17804 94 25220
7566 66 36887
16804 7 36148
17186 40 17786
23038 16 39261
15994 6 37491
4307 28 9218
13191 26 25635
33007 96 36251
15476 45 16307
29663 36 32513
18385 80 37550
1193 38 37412
6474 22 13565
27190 39 44572
15325 73 25046
5183 44 16684
29112 24 40067
12961 34 33113
3980 40 35245
15822 42 27205
9386 15 35408
13394 57 23738
32245 30 38113
5575 19 43521
24777 13 32926
19662 17 37360
2365 3 31241
29600 54 38131
10808 64 36470
29092 88 40964
24781 87 41912
13161 16 31236
4683 8 28683
5579 60 25906
13892 36 22296
21405 25 28904
39069 33 39408
28988 100 43941
3022 88 32187
22730 15 38880
19037 97 39560
24784 21 30511
7309 69 35438
17587 76 35318
2981 27 34859
16525 27 17006
7536 21 11931
14342 1 27128
2409 48 21616
29083 11 37741
6327 40 43239
33939 91 39696
13400 79 38000
27811 43 32790
13349 95 38179
29338 58 36070
22342 96 28791
38374 45 40644
21523 16 43586
510 94 19443
19601 66 29378
13429 31 30066
15472 54 29318
6515 91 35309
32503 45 36909
32826 25 36450
2584 44 39758
7674 14 7794
22973 37 24702
1538 84 7033
6059 37 18310
23073 57 35566
3999 26 13661
19350 19 42067
14062 22 42040
29956 61 42970
18496 88 36806
32136 33 36743
9031 2 18090
24786 26 43615
16724 61 27261
7446 10 36520
10877 91 43829
24383 9 26785
5980 48 29756
1239 77 30490
24209 29 39734
19650 46 22474
21595 16 44417
7850 42 13745
22009 61 38174
15064 46 28664
25968 85 44663
1714 28 9231
10480 22 16951
6561 28 23953
19612 36 30627
9239 91 34709
6463 37 20206
16664 100 25873
28310 53 33094
5159 83 25371
32396 80 41987
5921 13 6739
21167 25 36301
30159 73 31306
7045 99 32925
26056 70 30031
37648 47 38190
3796 41 34593
39536 42 40441
40016 66 41781
19689 33 34800
23578 48 31952
10740 94 11772
6341 46 42729
8078 92 34519
7013 84 43433
1905 55 43437
33871 91 43402
2369 5 15482
5285 12 39845
12458 65 39178
17035 90 29881
8627 26 14416
5496 18 34290
15746 70 37035
6033 99 20034
32530 31 43964
17203 60 37902
38458 98 44986
3568 50 33450
18021 18 37633
1497 17 7086
15100 95 21137
4249 3 4915
12428 78 14762
2272 75 30735
19110 40 35458
26610 25 29161
11965 18 28794
11212 48 30274
11174 50 20258
18622 94 40565
22488 25 41843
3141 81 33271
5054 60 43788
28878 56 37698
3060 37 35748
2115 42 37482
2065 84 39274
3447 46 17828
271 68 39459
32094 84 43835
16709 85 35979
25454 75 28331
5725 5 32389
16266 18 18231
14890 45 17868
24905 4 28292
13542 57 16103
22397 19 32308
21574 8 33289
28705 35 30981
19484 58 21765
31629 86 42140
33319 5 41959
30363 49 34474
41282 42 43483
6767 23 11240
28604 84 32097
20324 63 22095
15523 46 29796
21246 20 30290
22331 54 25161
12233 4 35645
29295 35 34845
25567 75 40776
2542 96 40980
13736 81 39123
32791 79 37370
23181 71 34750
8617 62 34632
7953 10 14503
31578 41 34464
29794 57 32658
5538 62 32868
374 96 27683
22353 94 31757
11690 1 20462
20013 19 32850
4053 94 38654
18358 72 40304
540 85 9585
11404 60 32430
6570 8 15130
13055 27 27649
36490 57 42182
41149 47 43261
30276 87 32412
1302 70 37090
21139 39 25085
30878 75 39926
38821 46 40193
30167 6 41330
15861 43 29778
10519 95 20146
32174 6 33518
11554 21 28927
22327 30 35614
32805 75 37787
14881 24 15680
17061 1 26356
23713 44 34955
15869 7 34613
1488 76 20712
900 14 13759
11510 50 35836
30588 24 41035
12994 42 14542
33723 13 44054
29075 6 37389
13819 41 18287
9089 77 24456
5777 41 38275
17057 17 34200
16266 8 41164
22242 45 35598
13517 22 21383
29781 6 37466
36590 38 37617
250 70 38252
11335 95 12246
15551 45 24475
16182 86 26704
37108 48 39615
25001 90 37043
33385 36 43123
2465 31 36623
18627 52 34501
20500 95 27623
8899 61 38835
11217 48 14799
31085 38 31927
37968 13 42091
19138 39 28567
25089 22 31954
3925 49 16677
32170 6 38831
11545 58 41000
9258 33 36101
2018 24 38781
15163 42 33614
21819 65 27031
28118 29 41631
9691 80 34175
6008 99 11483
8029 41 44788
6525 25 20494
5457 2 17274
645 10 8478
8398 26 36852
7241 42 38982
38599 93 39226
20918 53 33643
3919 62 42547
29938 8 41127
29271 44 35686
19567 64 34630
26422 42 34627
2468 12 12806
21984 7 40991
6217 89 42270
3696 58 15705
13768 12 25120
35750 72 38361
40065 68 44690
35766 3 37155
15792 7 25410
14965 74 34027
7989 11 26520
12677 95 13539
19317 51 24958
23774 24 37753
35972 66 38266
34687 48 44528
16543 29 26444
38962 84 44151
29873 99 30012
7895 31 22368
4952 30 25668
8793 56 36154
10109 31 40870
20876 80 31135
31145 33 37259
21573 51 24269
16552 49 35497
28315 88 32393
5469 89 44961
30126 21 34423
31550 23 43284
22492 100 44282
7614 47 14381
25469 83 33284
19391 26 44043
11167 21 27452
18169 24 19877
3151 73 39220
4796 57 27867
14304 48 40592
10194 67 34149
37704 12 42478
3692 65 30658
33732 95 38696
26128 28 38191
12993 80 31901
26979 71 39024
10613 34 34089
2610 92 41617
5258 20 10732
25930 96 32180
