900
35065 95 44138
25062 89 36476
28897 83 39092
32590 25 40787
4204 46 14230
16013 24 42977
19572 34 39809
19821 68 28035
6986 72 31980
35994 74 42421
35020 66 36458
7113 51 32780
12704 36 35906
17377 27 20634
5577 61 39019
6106 26 35689
15992 21 37038
7897 72 31535
35075 53 43005
17109 97 20362
11753 15 14765
10800 47 32116
5061 27 16169
20669 53 41572
22218 66 27919
5464 52 18404
24749 17 34111
12644 64 14749
980 26 21059
21564 32 43458
32110 96 40867
41328 10 43648
4671 42 20568
33462 59 43626
22104 41 39614
12155 80 40832
24572 25 35846
6987 46 17454
6003 85 15752
6250 83 11189
32045 84 32784
26954 20 38798
23735 4 33597
8234 35 38599
308 70 19949
14677 44 42609
36362 77 40815
6721 50 32800
42749 84 44070
27895 18 33751
6077 23 14246
33797 73 38694
18345 25 40936
22492 95 39111
21544 42 22972
16365 7 37835
11268 55 44564
28625 81 33270
27815 76 29662
32755 28 39615
11893 21 44268
4919 36 44724
21609 38 25360
1978 4 29953
11150 3 38662
247 87 38446
2571 65 21188
6262 90 23525
11249 58 24357
20755 30 35879
26685 84 31319
4460 10 14877
4886 13 10669
21177 5 39460
23581 18 35813
7890 5 25713
4653 9 11723
27851 80 41420
18676 93 36103
2515 12 33516
28696 13 42905
32130 14 32831
47 65 33287
24183 52 43243
16805 66 28173
10434 70 14275
30255 68 37717
14925 38 28562
36058 49 43189
6453 17 19975
23533 4 37996
22155 82 38629
206 24 36597
7909 35 42927
10816 22 25592
4227 99 14511
15721 84 35007
20065 44 42085
31629 3 32894
29532 57 29605
21015 94 28814
29343 41 37256
33554 17 39024
97 73 7318
9244 16 44332
3771 5 24839
17741 92 33192
32280 67 41228
40130 72 42220
22996 17 34018
37473 2 44116
26055 93 37808
21391 35 29540
2642 27 19768
7164 77 15556
13134 51 36717
3330 31 14331
539 29 39839
4806 73 37325
9780 89 24018
31196 72 35370
31707 80 42672
25755 28 25853
25180 58 37971
218 9 43243
12707 45 34192
32235 39 32577
10606 53 28611
25417 60 33034
31737 40 33007
10765 27 39749
32171 87 37454
3372 90 31497
27556 80 31735
27619 98 29730
1582 23 23915
19918 26 31793
30004 100 34554
9602 63 29485
25779 88 43529
19966 100 44465
26299 38 39973
15058 53 28390
32921 31 36531
5323 11 35299
35539 5 44244
27152 61 33244
24342 89 25851
41898 52 44258
8900 71 30683
16724 61 21510
12207 63 22041
30498 12 31836
6122 37 20865
9301 29 38741
11466 39 36249
16699 10 39941
6052 53 18262
35432 46 37305
5839 78 11789
4855 35 36021
28826 94 36123
328 11 19244
8406 98 10583
27571 38 44552
34672 14 43912
3532 21 34935
17660 63 23318
4933 2 12765
468 60 31361
2135 88 11489
7102 100 17909
3649 16 42086
14332 68 16818
19787 5 33542
16431 1 36206
8317 46 13005
8060 12 30155
24003 49 29363
9339 99 29270
9812 5 38496
18291 49 25101
6502 39 24648
17720 63 30136
22563 10 28064
5535 47 32633
26280 68 32371
11642 11 30086
12797 4 17910
23099 74 23206
32323 77 33206
11037 78 30233
33291 50 37031
5975 81 35660
21055 8 22503
2329 47 9108
33959 63 35628
19344 5 31591
18304 31 37726
19119 47 34563
39949 1 40344
9998 13 35058
25156 69 42099
23822 75 25233
30752 90 44065
26285 76 36767
16215 40 16801
16651 49 43771
30503 15 37820
27662 18 29554
9077 43 17606
32506 65 32579
28326 43 34487
31532 91 35366
13514 80 38162
34321 36 43536
21413 57 44398
9699 95 43111
8118 79 31538
16842 71 30336
34736 15 34769
14937 59 40089
40974 42 43960
37729 47 43323
16024 84 31575
34500 97 42610
20378 23 30202
29607 67 32557
30371 4 31032
32348 17 43228
26300 7 29261
9007 56 43945
27274 11 42346
6585 6 12994
6818 21 24394
38455 62 43026
566 51 25366
26933 90 36849
2633 25 5647
15556 61 26133
4756 76 22086
26399 83 27365
12829 97 42146
24003 34 36584
443 41 13933
17565 93 34880
35612 39 39515
2361 51 13489
3736 5 12974
12546 94 22542
37255 10 43287
1180 63 21814
3786 88 36022
27590 4 33867
14018 99 35422
1639 55 37319
18310 85 22935
26415 39 30272
40351 18 42091
14532 32 25195
2651 24 13898
2177 1 37317
20623 40 37323
26769 92 44836
35435 30 40902
6806 33 10527
7547 43 26103
3638 13 30604
37542 42 44582
8739 76 21075
11906 87 38771
24340 25 34974
2747 35 28466
6561 75 36079
10568 30 30375
17092 94 37113
1484 4 10653
13745 53 15173
28261 94 37223
40942 40 43549
33008 88 34443
2916 97 8175
10132 63 43268
7676 62 36117
579 16 6676
25467 54 42703
18903 76 33495
32336 4 39979
37499 91 39047
13085 94 36269
32743 58 37436
1497 58 41265
23043 56 40367
37911 55 44670
4882 15 25275
15362 97 32364
29217 83 36102
4220 3 25308
2465 33 14327
10686 37 33034
20108 67 39748
8704 73 10157
7487 61 18248
29942 30 40425
19645 29 29764
3326 4 15364
33425 64 33514
15567 38 35490
19324 29 29639
26023 63 34501
4617 76 44181
1804 13 42907
37693 58 38289
5760 23 28779
13162 38 29713
26179 96 30450
31877 67 35316
12557 59 35896
24048 25 31871
34921 31 42232
17913 98 36922
4183 99 36804
25532 4 28350
33445 48 43481
31678 34 44169
29149 9 40113
5913 47 24187
31325 4 39761
9106 36 24735
7748 100 27881
6208 6 35173
5037 66 35664
583 98 22082
19841 33 26204
29790 6 37092
33444 58 41541
4548 78 10718
18846 32 34929
13946 11 37803
27617 3 29761
3331 41 34673
18535 64 37567
36353 88 42748
30563 92 35661
11678 43 28135
14134 78 19929
32604 82 37733
12195 4 37461
12921 29 15591
3352 94 3935
23466 99 37111
23606 30 26499
34896 52 42510
34976 87 41555
37888 68 40322
15635 55 33997
22203 83 38777
17058 40 31895
20084 5 23839
13857 9 27945
31745 44 41390
6367 17 42776
28281 62 33011
36398 97 42653
1961 4 8074
38104 37 41125
6857 32 21096
19091 50 44019
30635 50 35360
11425 24 40809
34154 59 34918
4124 36 31550
12370 53 38494
14920 3 28355
13548 14 26574
40667 26 42882
34543 14 39720
21198 5 38446
9071 45 12331
36125 23 39135
42152 2 43481
1091 75 26082
9079 62 18272
15580 6 37668
35760 36 37512
15871 11 44668
29743 7 33976
10526 83 43661
22443 26 44491
10938 27 23272
8932 79 13559
17204 7 42455
1959 82 19524
1900 57 30090
4279 38 11103
26315 89 36769
1151 65 18762
31808 97 39077
1039 27 31368
33950 90 35094
18012 90 43608
18030 94 36326
28478 88 35649
27200 6 35045
17459 69 17728
10938 2 37966
18418 23 33745
28894 54 29508
14931 38 16217
5213 49 32681
1883 76 41115
11711 14 13208
4752 52 14920
39833 68 41659
9870 46 24345
15394 8 18114
35422 30 41730
28714 69 34477
19847 71 26802
4465 22 21038
19384 54 27360
8902 63 34592
11248 10 11558
5641 19 28165
13486 20 38715
2205 9 37201
15988 81 29776
5098 48 25268
10039 1 36807
2018 38 12827
23631 95 41303
25519 48 32148
15087 29 36024
24856 77 33662
15581 93 33938
26919 28 27198
31579 50 35065
18748 86 26523
7740 31 20053
30840 75 35611
7170 23 12248
34865 56 39934
11045 98 35546
31052 45 34254
15187 21 42374
11310 90 23240
27672 9 30905
17483 81 37911
10607 29 11794
39630 32 42733
2939 21 30938
13343 25 20488
253 60 9229
28402 58 36051
23284 85 29985
15945 64 44498
11742 13 31672
11863 61 25262
11285 64 28103
5321 44 26897
10079 35 44166
1722 31 37118
7157 38 22607
4355 38 42671
18103 19 33357
28929 18 29178
11274 83 34088
33898 28 35455
23491 6 26190
3468 20 29372
29439 76 30697
12742 69 40341
22635 75 23854
11754 13 25427
16324 14 29660
33801 51 41930
14647 21 15654
6417 49 42484
1784 63 41123
27299 20 32192
16306 53 39106
15579 42 23746
40550 90 41557
43367 71 44732
8690 97 9925
9723 80 31671
7282 5 20592
21761 35 42751
36618 41 40481
32421 54 38895
23209 98 42639
31833 26 40607
356 33 35708
28856 63 29229
4412 33 20444
13921 14 37485
4738 76 42796
3460 25 29622
38376 38 43908
9761 67 39614
16346 77 40396
20228 78 27722
37426 42 44443
12004 85 15586
25587 38 43076
4785 81 43297
11416 59 30614
7685 27 26134
21504 34 22008
14247 76 31238
24060 92 35391
12580 55 40665
4357 16 9060
32203 56 37243
7451 26 10993
6332 83 40425
31087 35 34563
17565 100 41615
23133 54 43052
24281 48 33765
4052 85 33416
29760 87 30926
30709 85 42787
7626 72 30734
8207 26 10217
5023 8 9625
19163 94 43226
7549 42 12624
35510 12 36309
14907 7 22187
12274 61 25854
15738 79 41262
25759 30 30451
27727 43 28671
14057 83 28559
16082 98 39631
2338 53 6394
22750 78 41236
26553 56 38759
8632 68 32053
7609 83 17335
25018 62 35306
13993 100 25047
9303 88 29753
27012 19 29038
12994 61 32948
25330 90 26059
7585 98 37578
4809 97 23722
3851 14 35942
18482 99 22530
15322 8 22249
40703 96 42758
5046 71 41707
15819 48 31641
29816 17 32451
16181 33 19088
29021 15 30443
6676 83 36691
24087 20 33629
13371 64 22672
3799 28 16927
25898 84 44022
29380 74 30319
31707 26 33677
20323 81 43486
31004 59 33053
1150 17 21317
23957 80 39685
5039 87 28195
34967 74 41559
9600 13 28199
24425 5 33655
20915 16 35269
13256 93 38622
11825 46 44649
33416 86 39036
7361 21 30964
21560 6 42794
3919 40 36324
1431 19 31654
7865 29 12187
31024 74 39974
5178 27 29163
26955 37 39802
24598 13 37989
33321 85 38900
28055 25 35731
22910 90 37272
24519 6 40880
19121 15 41868
26364 77 31586
5981 58 29815
14642 43 42472
24808 99 34217
9367 85 41140
32607 53 41985
8119 82 37708
17308 1 38326
12166 40 17571
34299 51 43887
6967 90 22478
25872 64 31692
11028 75 43381
6302 89 39856
5753 51 32537
22521 61 33989
118 96 37786
37498 87 41139
1634 77 33339
25617 14 44100
24934 97 29463
30781 37 36945
8396 39 23852
21852 47 26263
16921 24 30501
39621 55 40629
1096 6 39304
8831 41 11815
10101 79 31667
27614 59 31811
1570 75 16820
31995 44 41407
2655 5 36720
144 66 3714
35565 41 36138
26741 87 38456
15598 64 25693
1697 3 21228
29039 64 38226
30491 42 33204
9500 7 35945
10424 46 20939
12010 83 34978
15266 78 16339
18107 22 32050
28634 10 39331
23045 76 34239
3895 23 16803
26552 70 34187
31148 72 33859
4865 94 32966
12292 38 27372
2690 74 40318
7609 57 42973
16360 44 27281
16952 35 34419
5933 28 24119
35422 56 36402
11676 60 42998
11590 5 37158
2857 5 44079
9283 26 42638
29917 57 35120
15732 18 33104
21126 18 30281
1147 4 39516
17654 28 35807
17904 14 44125
11165 27 31082
9514 73 12544
16856 57 17300
15227 13 38628
4845 8 39243
13218 61 29932
7121 91 28728
24175 100 24658
20566 20 33912
3849 35 21261
8591 30 30298
31022 21 35753
21214 1 36780
10104 55 21626
1915 99 39253
6753 18 26746
6145 21 24567
16177 67 37803
15780 5 21271
14926 45 20436
39434 31 40100
9090 52 44253
13991 87 38326
9623 77 19443
39373 31 40855
5268 65 21361
6827 60 30727
21721 72 21975
5181 70 5919
10387 20 22580
21638 85 27536
17237 30 17412
941 69 33864
18565 82 42445
18000 41 37710
4550 3 34060
7768 32 33411
18975 32 29797
18055 51 23087
22751 77 22919
18626 87 40052
26656 82 30874
1845 36 27264
15106 100 27384
3815 16 42102
21848 17 42872
21689 2 41256
21188 47 32504
2502 41 44111
22383 39 43409
26184 98 41053
8180 23 12656
40802 79 42398
19291 22 32364
10820 16 41104
3022 80 27607
2179 15 32227
6970 19 30523
30835 19 33361
26106 3 41919
14545 63 19932
25370 18 43596
37046 14 37878
36209 17 41520
7981 92 10539
2323 20 9117
29302 67 40143
14488 54 35951
21097 62 36735
14829 41 35397
28298 84 35009
3055 63 17856
28111 81 38389
25630 14 28655
8170 4 42436
28821 31 35020
1895 36 43248
482 4 33553
5402 39 35629
3907 100 37510
15945 42 30806
4607 3 21391
2790 83 7314
13142 53 25751
28938 18 44198
28462 42 39200
10687 17 33457
22453 49 37902
5637 24 14212
18123 16 35066
6664 86 17695
24808 58 40726
20844 78 30525
21076 29 28718
9115 31 34899
17903 93 24299
9576 16 33110
8004 13 18758
15337 46 27908
18746 44 41858
3547 42 10794
31719 15 32691
16634 18 39050
3203 61 12814
3136 70 38355
23050 8 38905
6406 32 44659
12275 82 39368
619 46 21132
13143 90 30588
22459 53 23585
15337 62 39277
1429 74 28307
33975 12 38468
13459 37 43954
20016 40 35653
9700 31 23551
15666 11 36612
7737 57 44819
9449 1 18206
8545 42 43279
34210 68 44462
1853 10 4553
776 41 15875
2270 30 3867
10366 44 30949
30308 55 36421
21043 80 23435
16478 11 32030
6069 80 26424
23866 62 26483
28308 88 39502
5605 27 19730
22062 34 41313
32129 20 34082
18426 83 24034
6281 59 34959
35005 37 43281
17345 99 29957
30837 25 38870
19428 31 27138
26430 86 43835
22056 83 28423
299 61 37731
13062 58 27291
16503 70 27100
13509 43 26034
2686 65 10030
10988 30 25256
33882 66 35554
33023 65 43776
16472 44 19954
7387 61 11046
37888 85 40124
33901 30 44797
38448 90 42830
13535 16 15598
36999 12 41231
24799 8 43821
336 2 40180
33465 65 43064
3269 30 42660
15583 96 41367
42010 59 44865
8462 23 38978
18841 29 35070
17951 34 29431
12077 23 31351
10607 10 13373
38088 78 38280
3956 34 17341
19428 81 32798
9418 40 37817
31316 2 35374
5945 9 44604
9367 30 32611
41265 60 42981
18489 31 24271
10743 31 11019
31200 56 38322
25224 19 31870
17865 95 19469
866 75 24645
5910 52 9616
17738 76 37516
28849 26 44781
26021 65 36347
1592 63 31098
2756 24 29148
32799 93 44281
22095 27 32488
19740 69 28219
4889 91 37952
23828 54 24422
19932 1 36118
7033 82 37000
32205 11 33969
17549 14 30673
20055 35 37152
34923 38 37864
27644 22 35223
18994 88 32843
12626 58 22680
7925 10 25792
2700 78 14223
9504 58 28539
2902 10 19357
1700 59 15593
38294 85 42578
21347 9 43606
35769 37 37358
4270 45 41740
28016 4 36998
9634 5 42737
8282 63 17368
8071 8 40922
28989 57 35114
30676 72 33581
9455 98 11653
13366 63 20881
10939 73 38146
31321 61 35126
1446 100 4332
21454 30 25631
35564 46 36594
21985 71 41089
28581 29 34337
7891 27 9376
4506 13 32581
24891 84 26167
16238 64 18636
23411 34 38609
14356 50 30250
3020 46 17493
9122 16 19894
2862 77 38478
10992 90 21432
20236 3 43905
22280 41 30695
7500 56 16233
17274 57 19260
