900
26718 44 38333
14164 16 28500
11080 25 24562
4140 39 9060
27493 99 37738
32641 46 33822
34937 97 36036
31965 48 40314
6362 5 11164
6626 25 44418
27202 14 39053
2674 83 26073
1053 59 17152
8501 17 33149
2483 9 23689
8415 55 41063
22801 94 44762
2785 6 28099
33765 58 40810
6045 90 39733
16914 91 28303
4442 43 7631
25507 96 29015
7559 85 25319
19656 9 40700
11308 71 35519
24637 92 43840
22547 19 31625
9388 22 29990
15608 11 43986
4887 95 14738
28596 41 34971
1208 60 37318
32231 65 36234
24105 52 38296
5144 57 15748
8862 46 9068
1523 46 43638
28548 73 29230
8410 10 27235
5533 88 38064
32149 22 41954
16055 46 27967
23285 83 32614
23683 66 32168
36932 10 42698
2407 56 4373
9443 37 17080
9083 94 28367
18610 83 40354
31592 75 33849
13591 13 40791
15659 24 33233
16124 90 28846
23804 49 30933
24607 18 33596
20506 93 29083
7684 18 19596
25245 67 35398
18771 74 32981
459 68 37527
2796 55 40468
31451 1 34791
36249 3 38814
19356 2 27964
28049 78 32910
4606 85 25029
332 37 40168
9155 40 30891
3492 53 33374
8938 6 38196
5793 73 30659
35650 50 38781
10996 14 28173
5869 53 28685
18073 44 30771
8519 29 15670
18915 87 20121
34345 13 42428
40695 41 44305
10476 78 20367
25209 95 44297
10004 35 23229
33772 62 40387
17175 71 22332
3682 7 38207
29178 89 33341
12979 55 44567
33408 12 39032
13043 44 40190
1208 26 24080
20329 46 22860
26540 19 42455
7876 13 26126
32778 10 35791
35805 27 41543
32976 72 36935
36449 79 44056
10754 92 26470
25605 73 31524
13123 32 37003
21327 70 42426
4499 99 21314
2247 94 20046
30160 22 39178
32287 81 34730
20278 100 42650
11261 84 34460
7407 50 25316
20270 23 25062
24097 67 30894
18284 56 40891
6765 33 29438
33744 28 35283
5447 92 35751
3128 61 32408
24589 29 30302
15884 43 36966
15590 69 32641
30943 69 32970
17888 88 33827
7035 45 37869
23989 80 24490
26372 66 33275
29670 94 34939
10341 3 32564
34253 87 36423
38463 50 43513
33504 61 35380
6330 30 44640
677 48 8899
17591 88 21412
11617 68 33858
24870 93 27694
28923 9 43424
14966 3 40903
3606 51 35681
16402 63 27546
7464 22 25156
21953 69 31041
24749 36 32194
9811 11 34614
26348 10 31256
2506 37 12395
13227 61 14593
6537 12 24327
2021 32 44136
853 8 43429
15885 58 21848
40280 9 40340
15587 97 26434
27075 35 42868
39700 88 40073
33573 69 43823
13360 3 28275
1838 79 30458
10309 60 23463
20279 28 42236
7368 7 12147
27514 7 41718
19042 22 35915
34708 44 38170
1663 11 4450
14187 16 41782
12184 88 32314
25641 5 31218
15848 29 38764
33408 47 43039
32743 70 37725
29757 35 36126
29721 73 35412
11898 41 18098
17279 8 19791
7790 5 39313
8325 61 43822
12134 62 32253
6439 71 37390
31928 85 35647
15532 4 37064
11286 65 16131
33821 12 42896
6990 92 41261
30529 21 43065
12660 91 40257
26778 49 40022
20441 9 27496
22113 67 25287
38141 45 40646
22907 57 43188
13557 10 31952
30172 69 36004
8707 80 9946
19833 56 39416
12807 91 35897
8280 43 33443
3884 1 42427
29951 55 40213
30310 83 44396
5252 6 14056
974 77 37841
38027 21 43979
36004 36 40638
531 26 34796
33938 57 36139
6776 13 31375
4059 22 37945
14092 83 17637
21828 86 32915
17924 66 27977
4236 57 30951
4497 82 31027
16828 49 26556
8827 66 41753
24918 35 43821
33347 3 39966
30847 2 35458
31419 57 31816
32025 47 39517
20801 3 27265
27426 99 31574
25387 18 26690
6047 50 26717
24712 17 42127
6750 14 19776
11121 95 35469
35130 79 42999
20359 36 32219
2843 94 25501
11553 73 37080
38259 75 40345
17788 44 27945
11957 74 36031
399 94 29936
14586 95 39189
7076 28 35217
1102 12 34389
26795 27 30861
23922 95 33279
34700 76 36484
2574 6 22807
32395 88 33166
25058 16 27277
18203 86 32346
30138 51 39869
9583 70 18459
14565 79 44240
3973 14 23812
5595 62 19970
4827 15 31666
37010 65 39624
27843 93 32671
7440 46 41496
23764 3 27731
26561 34 29767
5519 55 10276
1784 22 39171
2682 59 34463
1407 33 25778
2687 71 26038
10584 13 20115
13610 9 21456
21866 30 30610
14701 36 27601
7179 31 16278
38257 43 39608
15804 29 41905
12329 5 31084
4682 76 27247
5488 5 25985
39415 45 40292
20434 45 36871
3132 24 13763
18035 54 30920
2288 57 23075
33038 15 37931
24835 24 28351
30941 15 33714
14137 9 29848
36439 80 39794
16168 92 21102
9154 58 20063
13880 62 34672
23104 82 35364
2869 38 6757
5660 28 23785
15281 25 31588
5964 17 35672
33506 32 44515
1581 63 22883
2967 69 23944
6802 46 36163
32773 68 34772
10635 53 23999
4577 26 14054
12494 77 26526
24471 17 42984
22139 84 35098
4385 20 38474
25844 91 29050
19388 48 25525
16173 45 41008
11031 24 35263
30043 32 39585
8022 79 17129
25393 94 33512
24304 57 36263
10727 92 31166
14448 39 35270
4735 60 13811
13045 43 28508
32311 5 33216
38175 47 41161
6351 2 8535
16987 1 24879
23248 57 36888
19242 81 26576
12718 49 29128
15292 80 38310
34689 48 40938
34348 27 34630
4359 41 24814
21940 77 38485
23670 96 28004
16649 47 19436
32500 17 43965
15040 14 40886
30851 30 34518
2830 18 12685
21374 29 34118
19732 25 32599
22604 40 24331
3521 73 39714
3376 11 31493
32047 26 44285
18925 77 38161
1372 39 9910
25829 75 39622
11678 14 26003
1524 37 24634
3362 76 32978
10069 54 14723
32121 30 37479
27432 9 44553
7720 53 20689
25521 64 27003
17654 53 40404
22587 86 40717
9181 91 30305
28380 96 40789
19960 93 23619
32538 48 42969
21579 8 25383
10428 29 22029
18705 98 28355
24582 38 24661
13411 19 16022
27790 59 35601
17270 42 30692
17938 38 37099
10954 47 42691
23162 75 27740
17035 6 33451
26312 98 27885
5267 76 7395
24017 62 36891
1082 56 41645
29995 83 41956
2822 57 14522
3630 93 12613
26209 76 35065
8954 1 44196
37352 62 39943
6434 67 27769
12302 83 32041
6251 18 34931
30196 99 42113
7936 74 41987
22486 15 25208
3269 11 43271
680 73 43425
27472 53 33985
1505 90 14063
1592 47 3120
2145 9 13238
10244 78 26638
22593 76 37134
6195 14 23647
36449 26 40041
7893 92 33400
14661 12 37442
29510 23 42273
40552 57 42124
154 92 31553
23852 48 35177
26830 87 37435
8222 1 28193
11660 82 25235
22749 8 36848
1768 2 42786
29449 60 35130
1221 82 36153
26431 61 42771
33348 75 39411
15622 36 34391
7070 45 23712
29095 61 33980
30588 54 33594
20508 46 42945
14178 37 26402
5548 71 20248
4450 93 44006
11111 68 38253
7292 32 20513
24607 76 28915
6704 70 16210
172 31 14350
3622 31 15095
25523 64 43475
32541 39 34529
27965 31 31840
29674 85 30500
26246 60 38434
1454 45 35265
4858 17 10314
19058 18 37194
37400 44 39320
19828 55 35128
12075 79 27009
14565 35 32004
35421 33 43394
40741 15 44687
14471 71 29074
32530 32 34794
4386 53 13083
9716 12 11764
19815 11 24150
21893 36 25932
4124 72 14717
38151 87 39102
2593 12 41377
18777 86 20693
6620 56 40896
36721 55 38497
22329 23 36878
5640 65 39604
2530 23 16939
11565 8 37410
2360 42 16574
12625 26 25881
29893 72 38241
38937 100 39446
2984 58 18052
14438 71 35203
31406 85 32909
15538 98 19804
35459 16 42669
16679 12 29136
21686 93 25702
10807 33 42439
1348 6 38906
2489 56 37700
25775 21 42279
668 48 23901
10445 30 31440
6092 10 36775
5024 30 21378
2333 9 11275
24504 45 36685
16648 11 28549
12794 84 29689
3951 81 33762
32792 64 36186
25978 59 31584
5678 36 30669
2268 58 4879
20418 5 33157
41372 89 43353
5135 82 26125
25862 1 43384
17671 35 31103
30694 77 35138
14801 16 33255
15154 56 43315
24995 18 43430
18019 79 33843
1676 87 2669
30592 65 36561
24660 99 31820
13057 31 23754
8956 17 15824
6713 67 26535
14754 57 23767
22043 97 26096
4894 42 43924
36116 94 40228
8073 53 33121
2045 11 27869
37151 1 38563
32917 48 39635
26782 58 32024
1186 35 4600
8136 56 43234
34868 85 36268
33856 77 41464
10668 93 11077
15120 25 36080
1432 19 29801
2932 51 37896
17623 46 41510
13854 7 16097
17925 21 42200
21663 29 30606
8788 70 39524
7370 10 31655
25101 68 42475
7206 50 44874
256 89 42124
19382 40 31783
16946 62 30622
11628 69 21796
9543 77 29498
9626 56 32848
34300 92 38890
18957 33 38643
2186 52 5834
14242 52 37398
37974 37 39323
15501 14 35153
27597 83 28391
1759 62 41626
20041 37 28128
15928 2 27395
38032 14 43546
3146 51 8851
37119 53 42414
8517 90 12682
2295 9 27305
5976 61 31628
2761 64 28522
8036 36 24323
3044 46 6998
5362 56 19661
17912 2 40237
21128 29 32534
4480 23 36057
4211 41 18160
36455 33 37159
1011 90 2262
3929 45 22947
24853 8 41565
39892 65 42851
5867 9 35203
10637 33 44432
18806 76 37052
40211 29 43045
9427 97 23734
37968 63 41594
28068 82 32794
25493 99 31675
22942 50 28397
26363 4 42721
34344 28 37623
3325 47 3676
4106 20 33592
613 13 34987
15589 2 44851
9083 92 38654
33231 30 40266
14426 9 27872
6530 29 22868
5368 12 43065
13485 19 40372
3352 87 20375
4809 52 33336
30704 29 38516
27803 90 31776
34731 10 41639
18586 79 34331
10659 76 27857
4693 58 13929
387 65 5741
24631 10 31401
10195 16 30204
4507 68 11024
8 72 21776
1710 11 44159
30156 50 43840
7461 76 11972
5949 9 21660
10031 55 31774
34611 22 40739
9784 53 44974
11374 1 34875
6009 38 35232
7309 69 16454
6745 94 8025
19124 81 19997
32184 91 32308
3872 11 29233
16758 26 23264
5370 28 30030
35482 94 37870
8300 16 35234
35738 13 36055
34673 3 42424
28892 7 34471
31375 31 33437
12689 55 16307
12186 27 30841
6793 95 13192
7953 13 24023
29833 89 34141
7320 6 39299
10678 85 37611
4818 40 40997
29394 44 42812
10732 79 13467
42688 68 44451
25214 70 33516
17978 93 26060
3758 13 28986
911 24 16607
20721 48 23955
31212 55 32326
5872 3 33614
6719 100 10291
2638 31 27044
3266 74 22836
11756 64 35167
29382 34 37900
4546 14 6640
27132 65 36773
22675 35 42119
28762 90 36169
21884 25 23405
145 77 15887
24705 41 39017
11378 40 15064
2168 60 39388
2260 63 7323
7300 85 23570
2627 15 11319
27044 54 36619
3381 95 33357
23160 61 40398
41485 33 41743
13530 88 26270
22063 5 34400
33071 32 39606
21464 84 22507
25299 46 39077
39650 38 43880
11120 90 33651
677 64 16183
9827 55 16233
30187 37 44127
2745 1 38807
13112 73 34478
1760 89 11869
37241 87 42584
5286 21 44353
16585 96 23224
31517 14 40078
17585 3 26235
10211 95 18213
16771 3 27915
31852 84 42300
8750 2 14939
13526 85 29085
11075 14 35499
10716 96 37547
9098 12 23498
6453 56 31220
29545 78 32139
21080 53 25373
14002 65 40700
3554 21 25556
9021 94 12476
6020 50 6349
15074 80 20901
34050 43 40248
3802 91 33693
28966 5 42290
1309 52 27615
34129 21 37317
13729 31 28411
1874 55 2752
11293 94 29587
15372 73 35271
7276 36 16089
12352 28 20684
18075 60 34352
9547 14 31406
39571 95 44044
8066 74 44201
18882 68 34961
9112 3 35127
3873 62 19155
2297 78 5427
22150 4 27216
30891 16 38384
5376 55 37026
8578 69 43007
21043 51 43023
27523 93 33634
8069 81 40464
25727 55 32926
1860 29 9575
2515 14 4385
26106 40 32563
2679 11 40700
29739 29 38153
83 69 30432
23915 39 32648
39744 25 41325
23626 51 29482
2813 86 32931
11178 94 23891
9926 71 21359
1478 32 43903
11140 33 31898
19216 51 29162
24775 12 39920
1660 38 38005
7888 99 31262
20244 64 41486
24450 34 32125
33481 61 44181
20953 52 31552
7558 15 11157
41679 74 42814
2486 48 29144
33003 94 33149
10560 45 23377
537 10 39031
8106 10 35441
15188 58 21531
23076 57 35617
8283 19 18067
30803 55 42217
23709 89 33845
15845 74 32284
509 10 17039
3817 7 44603
13993 59 34853
28793 75 37239
14265 11 39363
6845 69 35704
18840 66 20292
40114 7 44732
30048 30 32074
35072 3 43701
40012 81 41721
362 50 29176
20465 58 30020
21060 96 30619
18236 76 30903
7926 76 13459
22678 11 29373
1503 63 35084
7744 71 8379
22089 97 33830
80 43 660
15770 100 31034
1850 3 27869
12630 30 29848
9641 37 29907
8266 98 32161
9022 87 16879
21389 29 34774
18013 96 27775
10968 44 38556
20542 77 36045
19867 47 25856
3318 17 12066
20579 58 35365
21707 98 33503
1663 22 10922
7137 1 13454
2813 34 15214
2003 76 9528
30710 71 40042
4934 85 28134
33616 65 38158
30915 72 39342
23167 99 43585
19466 4 26174
1995 61 8954
17233 31 30149
7740 64 26433
16744 5 33872
12986 61 16530
34188 54 35018
9201 47 34668
12009 99 31940
9610 60 15858
932 26 2959
35966 33 41513
13645 76 29423
1871 7 24270
574 22 15996
11585 73 13683
25835 84 31159
13598 8 19105
2454 19 30529
5683 91 10108
9237 71 24709
11561 13 36755
12545 7 29620
16904 19 37101
10984 53 12144
30804 65 38507
107 2 27695
16756 14 39731
3117 38 8779
21406 31 27867
26317 81 40002
27385 36 33773
8797 11 35852
10131 16 30681
21461 3 37811
15210 17 42270
4384 98 40981
2098 53 2955
32761 91 36657
35477 31 36520
6243 33 32231
12157 63 30438
15317 57 15890
11521 43 12328
12630 39 26967
4701 61 16233
3600 11 29303
28605 12 41089
26771 12 41354
31991 29 37262
15153 47 41201
12293 54 34465
3150 85 41014
9713 89 17788
3594 68 14953
35159 13 38605
14465 68 39304
164 22 12400
3750 36 27537
11805 53 38927
27486 5 38264
18486 73 34298
4485 66 30368
32739 30 37161
6855 68 33746
22057 59 35905
32950 60 37153
19177 34 26167
30338 8 31053
25745 67 42906
15194 31 18493
10343 10 24438
16616 40 40190
17673 90 34495
33614 38 44292
31001 91 39256
21974 36 24068
37093 73 39451
14862 54 17173
13406 81 25766
1319 30 41091
20144 89 41695
9997 35 41067
9725 79 40380
14583 21 17207
19054 6 31072
33945 93 43822
21004 3 30769
30149 44 38472
17387 97 37099
3617 74 29805
8188 77 19597
14015 70 37723
17020 33 25173
36505 37 38163
36508 99 44709
9538 95 27969
4314 45 13688
18890 47 27368
31851 21 32173
574 44 19859
12302 55 34805
20690 71 22269
29583 77 29877
28667 79 41599
6883 48 18994
10516 74 36239
33551 73 42124
10815 11 30852
33646 39 34130
16911 29 28424
884 49 38530
6745 3 11958
11689 14 39960
