501
93 21 114
0 93 39082
0 113 39081
164 67 231
0 50 39082
0 43 39081
320 24 344
0 89 39082
0 114 39081
451 62 513
0 107 39082
0 99 39081
593 27 620
0 80 39082
0 50 39081
701 26 727
0 81 39082
0 84 39081
825 97 922
0 98 39082
0 57 39081
1001 88 1089
0 79 39082
0 28 39081
1133 38 1171
0 44 39082
0 170 39081
1266 72 1338
0 95 39082
0 73 39081
1360 44 1404
0 22 39082
0 178 39081
1459 67 1526
0 55 39082
0 50 39081
1593 46 1639
0 67 39082
0 90 39081
1725 54 1779
0 86 39082
0 11 39081
1841 76 1917
0 62 39082
0 97 39081
2008 41 2049
0 91 39082
0 98 39081
2082 27 2109
0 33 39082
0 172 39081
2212 104 2316
0 103 39082
0 203 39081
2413 55 2468
0 97 39082
0 99 39081
2509 95 2604
0 41 39082
0 62 39081
2625 98 2723
0 21 39082
0 129 39081
2737 57 2794
0 14 39082
0 169 39081
2821 29 2850
0 27 39082
0 71 39081
2865 89 2954
0 15 39082
0 191 39081
2968 59 3027
0 14 39082
0 65 39081
3066 100 3166
0 39 39082
0 95 39081
3233 12 3245
0 67 39082
0 179 39081
3324 39 3363
0 79 39082
0 91 39081
3393 36 3429
0 30 39082
0 187 39081
3461 63 3524
0 32 39082
0 95 39081
3602 77 3679
0 78 39082
0 184 39081
3750 24 3774
0 71 39082
0 153 39081
3805 57 3862
0 31 39082
0 135 39081
3950 66 4016
0 88 39082
0 114 39081
4033 102 4135
0 17 39082
0 71 39081
4193 107 4300
0 58 39082
0 203 39081
4376 59 4435
0 76 39082
0 153 39081
4541 34 4575
0 106 39082
0 52 39081
4634 73 4707
0 59 39082
0 116 39081
4790 36 4826
0 83 39082
0 28 39081
4852 109 4961
0 26 39082
0 192 39081
4976 63 5039
0 15 39082
0 140 39081
5062 101 5163
0 23 39082
0 107 39081
5208 100 5308
0 45 39082
0 154 39081
5341 60 5401
0 33 39082
0 95 39081
5421 39 5460
0 20 39082
0 80 39081
5491 34 5525
0 31 39082
0 178 39081
5616 11 5627
0 91 39082
0 205 39081
5676 90 5766
0 49 39082
0 59 39081
5786 77 5863
0 20 39082
0 33 39081
5901 82 5983
0 38 39082
0 166 39081
6068 13 6081
0 85 39082
0 73 39081
6173 102 6275
0 92 39082
0 166 39081
6344 77 6421
0 69 39082
0 195 39081
6527 109 6636
0 106 39082
0 82 39081
6679 27 6706
0 43 39082
0 89 39081
6755 97 6852
0 49 39082
0 147 39081
6945 84 7029
0 93 39082
0 144 39081
7134 108 7242
0 105 39082
0 117 39081
7343 41 7384
0 101 39082
0 61 39081
7469 56 7525
0 85 39082
0 42 39081
7631 67 7698
0 106 39082
0 197 39081
7719 106 7825
0 21 39082
0 131 39081
7856 109 7965
0 31 39082
0 77 39081
8071 29 8100
0 106 39082
0 133 39081
8125 19 8144
0 25 39082
0 45 39081
8181 60 8241
0 37 39082
0 174 39081
8254 69 8323
0 13 39082
0 63 39081
8359 20 8379
0 36 39082
0 18 39081
8467 44 8511
0 88 39082
0 125 39081
8550 47 8597
0 39 39082
0 77 39081
8635 47 8682
0 38 39082
0 22 39081
8705 12 8717
0 23 39082
0 163 39081
8776 67 8843
0 59 39082
0 24 39081
8938 86 9024
0 95 39082
0 205 39081
9097 104 9201
0 73 39082
0 35 39081
9276 25 9301
0 75 39082
0 173 39081
9322 32 9354
0 21 39082
0 165 39081
9368 52 9420
0 14 39082
0 70 39081
9488 88 9576
0 68 39082
0 161 39081
9657 70 9727
0 81 39082
0 158 39081
9782 48 9830
0 55 39082
0 78 39081
9909 24 9933
0 79 39082
0 144 39081
9966 25 9991
0 33 39082
0 204 39081
10007 58 10065
0 16 39082
0 89 39081
10093 30 10123
0 28 39082
0 114 39081
10231 27 10258
0 108 39082
0 79 39081
10348 62 10410
0 90 39082
0 41 39081
10432 51 10483
0 22 39082
0 133 39081
10509 49 10558
0 26 39082
0 93 39081
10663 78 10741
0 105 39082
0 124 39081
10849 105 10954
0 108 39082
0 84 39081
11012 27 11039
0 58 39082
0 108 39081
11087 14 11101
0 48 39082
0 62 39081
11130 32 11162
0 29 39082
0 190 39081
11249 75 11324
0 87 39082
0 47 39081
11341 43 11384
0 17 39082
0 105 39081
11428 18 11446
0 44 39082
0 202 39081
11504 24 11528
0 58 39082
0 48 39081
11636 20 11656
0 108 39082
0 39 39081
11753 41 11794
0 97 39082
0 78 39081
11829 78 11907
0 35 39082
0 144 39081
11969 59 12028
0 62 39082
0 92 39081
12115 63 12178
0 87 39082
0 203 39081
12209 66 12275
0 31 39082
0 132 39081
12334 62 12396
0 59 39082
0 189 39081
12417 21 12438
0 21 39082
0 79 39081
12484 59 12543
0 46 39082
0 191 39081
12587 32 12619
0 44 39082
0 195 39081
12668 67 12735
0 49 39082
0 200 39081
12800 71 12871
0 65 39082
0 102 39081
12917 39 12956
0 46 39082
0 102 39081
12986 12 12998
0 30 39082
0 139 39081
13026 65 13091
0 28 39082
0 169 39081
13183 105 13288
0 92 39082
0 169 39081
13397 62 13459
0 109 39082
0 198 39081
13490 18 13508
0 31 39082
0 51 39081
13617 40 13657
0 109 39082
0 142 39081
13691 59 13750
0 34 39082
0 102 39081
13818 34 13852
0 68 39082
0 137 39081
13894 96 13990
0 42 39082
0 66 39081
14049 12 14061
0 59 39082
0 87 39081
14096 88 14184
0 35 39082
0 209 39081
14202 57 14259
0 18 39082
0 162 39081
14312 73 14385
0 53 39082
0 195 39081
14430 51 14481
0 45 39082
0 91 39081
14531 77 14608
0 50 39082
0 161 39081
14656 108 14764
0 48 39082
0 141 39081
14862 51 14913
0 98 39082
0 102 39081
15014 99 15113
0 101 39082
0 18 39081
15195 48 15243
0 82 39082
0 181 39081
15333 53 15386
0 90 39082
0 162 39081
15422 27 15449
0 36 39082
0 204 39081
15525 21 15546
0 76 39082
0 28 39081
15582 58 15640
0 36 39082
0 160 39081
15683 92 15775
0 43 39082
0 187 39081
15881 40 15921
0 106 39082
0 98 39081
16008 40 16048
0 87 39082
0 130 39081
16070 85 16155
0 22 39082
0 139 39081
16212 66 16278
0 57 39082
0 125 39081
16313 34 16347
0 35 39082
0 105 39081
16364 73 16437
0 17 39082
0 180 39081
16467 33 16500
0 30 39082
0 146 39081
16580 68 16648
0 80 39082
0 123 39081
16736 44 16780
0 88 39082
0 100 39081
16847 19 16866
0 67 39082
0 75 39081
16888 105 16993
0 22 39082
0 144 39081
17013 76 17089
0 20 39082
0 41 39081
17146 35 17181
0 57 39082
0 75 39081
17236 18 17254
0 55 39082
0 208 39081
17325 26 17351
0 71 39082
0 174 39081
17371 85 17456
0 20 39082
0 120 39081
17505 61 17566
0 49 39082
0 103 39081
17614 40 17654
0 48 39082
0 205 39081
17690 96 17786
0 36 39082
0 73 39081
17882 40 17922
0 96 39082
0 102 39081
18011 45 18056
0 89 39082
0 78 39081
18164 88 18252
0 108 39082
0 27 39081
18309 43 18352
0 57 39082
0 155 39081
18369 100 18469
0 17 39082
0 200 39081
18540 89 18629
0 71 39082
0 193 39081
18725 109 18834
0 96 39082
0 60 39081
18925 106 19031
0 91 39082
0 53 39081
19123 46 19169
0 92 39082
0 138 39081
19249 78 19327
0 80 39082
0 36 39081
19392 53 19445
0 65 39082
0 18 39081
19503 62 19565
0 58 39082
0 27 39081
