501
49 76 125
0 49 37007
0 119 37006
160 53 213
0 35 37007
0 117 37006
301 11 312
0 88 37007
0 175 37006
369 14 383
0 57 37007
0 15 37006
429 48 477
0 46 37007
0 180 37006
532 22 554
0 55 37007
0 47 37006
653 74 727
0 99 37007
0 71 37006
800 28 828
0 73 37007
0 153 37006
855 51 906
0 27 37007
0 42 37006
985 41 1026
0 79 37007
0 184 37006
1134 47 1181
0 108 37007
0 59 37006
1193 28 1221
0 12 37007
0 63 37006
1312 71 1383
0 91 37007
0 60 37006
1475 93 1568
0 92 37007
0 49 37006
1597 109 1706
0 29 37007
0 192 37006
1761 50 1811
0 55 37007
0 97 37006
1833 29 1862
0 22 37007
0 94 37006
1905 53 1958
0 43 37007
0 62 37006
1987 12 1999
0 29 37007
0 24 37006
2014 16 2030
0 15 37007
0 151 37006
2055 87 2142
0 25 37007
0 119 37006
2206 68 2274
0 64 37007
0 206 37006
2313 95 2408
0 39 37007
0 167 37006
2477 68 2545
0 69 37007
0 198 37006
2580 10 2590
0 35 37007
0 121 37006
2680 107 2787
0 90 37007
0 68 37006
2820 73 2893
0 33 37007
0 192 37006
2958 32 2990
0 65 37007
0 40 37006
3020 66 3086
0 30 37007
0 14 37006
3118 93 3211
0 32 37007
0 118 37006
3258 46 3304
0 47 37007
0 34 37006
3347 36 3383
0 43 37007
0 179 37006
3429 97 3526
0 46 37007
0 125 37006
3557 70 3627
0 31 37007
0 29 37006
3675 85 3760
0 48 37007
0 85 37006
3810 101 3911
0 50 37007
0 172 37006
3979 45 4024
0 68 37007
0 46 37006
4113 13 4126
0 89 37007
0 70 37006
4182 53 4235
0 56 37007
0 194 37006
4275 11 4286
0 40 37007
0 21 37006
4360 65 4425
0 74 37007
0 34 37006
4476 27 4503
0 51 37007
0 192 37006
4594 98 4692
0 91 37007
0 186 37006
4771 70 4841
0 79 37007
0 116 37006
4934 108 5042
0 93 37007
0 119 37006
5120 72 5192
0 78 37007
0 206 37006
5217 85 5302
0 25 37007
0 53 37006
5381 32 5413
0 79 37007
0 45 37006
5428 81 5509
0 15 37007
0 187 37006
5560 65 5625
0 51 37007
0 174 37006
5732 79 5811
0 107 37007
0 87 37006
5831 22 5853
0 20 37007
0 66 37006
5951 81 6032
0 98 37007
0 103 37006
6080 57 6137
0 48 37007
0 194 37006
6198 73 6271
0 61 37007
0 54 37006
6369 34 6403
0 98 37007
0 88 37006
6477 98 6575
0 74 37007
0 22 37006
6608 104 6712
0 33 37007
0 70 37006
6736 63 6799
0 24 37007
0 112 37006
6885 16 6901
0 86 37007
0 45 37006
7000 62 7062
0 99 37007
0 142 37006
7133 36 7169
0 71 37007
0 195 37006
7259 35 7294
0 90 37007
0 75 37006
7385 17 7402
0 91 37007
0 185 37006
7447 75 7522
0 45 37007
0 31 37006
7592 11 7603
0 70 37007
0 195 37006
7664 28 7692
0 61 37007
0 52 37006
7725 96 7821
0 33 37007
0 98 37006
7917 50 7967
0 96 37007
0 146 37006
8068 94 8162
0 101 37007
0 125 37006
8174 60 8234
0 12 37007
0 84 37006
8303 86 8389
0 69 37007
0 20 37006
8431 25 8456
0 42 37007
0 131 37006
8471 12 8483
0 15 37007
0 10 37006
8551 30 8581
0 68 37007
0 120 37006
8655 15 8670
0 74 37007
0 88 37006
8717 30 8747
0 47 37007
0 162 37006
8847 86 8933
0 100 37007
0 41 37006
8955 78 9033
0 22 37007
0 168 37006
9123 45 9168
0 90 37007
0 75 37006
9211 62 9273
0 43 37007
0 15 37006
9336 104 9440
0 63 37007
0 95 37006
9468 78 9546
0 28 37007
0 171 37006
9578 73 9651
0 32 37007
0 73 37006
9717 58 9775
0 66 37007
0 117 37006
9837 33 9870
0 62 37007
0 162 37006
9896 82 9978
0 26 37007
0 49 37006
10019 92 10111
0 41 37007
0 74 37006
10144 32 10176
0 33 37007
0 17 37006
10252 62 10314
0 76 37007
0 95 37006
10372 27 10399
0 58 37007
0 82 37006
10475 40 10515
0 76 37007
0 134 37006
10594 108 10702
0 79 37007
0 51 37006
10728 41 10769
0 26 37007
0 186 37006
10824 85 10909
0 55 37007
0 93 37006
10936 79 11015
0 27 37007
0 21 37006
11098 28 11126
0 83 37007
0 147 37006
11182 103 11285
0 56 37007
0 62 37006
11346 42 11388
0 61 37007
0 35 37006
11463 40 11503
0 75 37007
0 113 37006
11552 46 11598
0 49 37007
0 48 37006
11629 50 11679
0 31 37007
0 100 37006
11755 33 11788
0 76 37007
0 126 37006
11871 24 11895
0 83 37007
0 71 37006
11945 16 11961
0 50 37007
0 21 37006
11973 50 12023
0 12 37007
0 112 37006
12118 79 12197
0 95 37007
0 156 37006
12250 107 12357
0 53 37007
0 90 37006
12381 70 12451
0 24 37007
0 102 37006
12477 18 12495
0 26 37007
0 122 37006
12519 16 12535
0 24 37007
0 65 37006
12551 68 12619
0 16 37007
0 154 37006
12728 58 12786
0 109 37007
0 186 37006
12847 59 12906
0 61 37007
0 130 37006
12988 17 13005
0 82 37007
0 116 37006
13039 93 13132
0 34 37007
0 53 37006
13219 11 13230
0 87 37007
0 65 37006
13331 79 13410
0 101 37007
0 199 37006
13448 77 13525
0 38 37007
0 160 37006
13601 106 13707
0 76 37007
0 12 37006
13791 80 13871
0 84 37007
0 72 37006
13896 46 13942
0 25 37007
0 128 37006
14035 25 14060
0 93 37007
0 62 37006
14150 75 14225
0 90 37007
0 201 37006
14288 27 14315
0 63 37007
0 107 37006
14380 33 14413
0 65 37007
0 107 37006
14505 89 14594
0 92 37007
0 57 37006
14684 40 14724
0 90 37007
0 78 37006
14760 82 14842
0 36 37007
0 147 37006
14894 95 14989
0 52 37007
0 62 37006
15079 12 15091
0 90 37007
0 91 37006
15134 33 15167
0 43 37007
0 161 37006
15262 97 15359
0 95 37007
0 192 37006
15458 65 15523
0 99 37007
0 188 37006
15573 109 15682
0 50 37007
0 151 37006
15773 11 15784
0 91 37007
0 70 37006
15867 89 15956
0 83 37007
0 121 37006
15966 13 15979
0 10 37007
0 122 37006
16016 99 16115
0 37 37007
0 55 37006
16223 47 16270
0 108 37007
0 132 37006
16311 10 16321
0 41 37007
0 25 37006
16385 10 16395
0 64 37007
0 121 37006
16422 86 16508
0 27 37007
0 15 37006
16554 88 16642
0 46 37007
0 196 37006
16696 32 16728
0 54 37007
0 100 37006
16754 70 16824
0 26 37007
0 206 37006
16919 56 16975
0 95 37007
0 161 37006
17025 21 17046
0 50 37007
0 86 37006
17151 47 17198
0 105 37007
0 123 37006
17209 80 17289
0 11 37007
0 31 37006
17318 76 17394
0 29 37007
0 178 37006
17404 76 17480
0 10 37007
0 206 37006
17541 15 17556
0 61 37007
0 181 37006
17567 35 17602
0 11 37007
0 168 37006
17700 60 17760
0 98 37007
0 117 37006
17849 49 17898
0 89 37007
0 199 37006
17961 63 18024
0 63 37007
0 119 37006
18128 11 18139
0 104 37007
0 151 37006
18246 65 18311
0 107 37007
0 15 37006
18419 27 18446
0 108 37007
0 158 37006
18485 29 18514
0 39 37007
0 54 37006
18534 18 18552
0 20 37007
0 116 37006
18614 65 18679
0 62 37007
0 44 37006
18756 64 18820
0 77 37007
0 185 37006
18876 91 18967
0 56 37007
0 26 37006
19035 86 19121
0 68 37007
0 12 37006
19149 88 19237
0 28 37007
0 144 37006
