501
99 95 194
0 99 36529
0 154 36528
224 31 255
0 30 36529
0 85 36528
345 21 366
0 90 36529
0 11 36528
434 58 492
0 68 36529
0 36 36528
541 81 622
0 49 36529
0 55 36528
708 68 776
0 86 36529
0 118 36528
861 14 875
0 85 36529
0 84 36528
939 70 1009
0 64 36529
0 172 36528
1103 64 1167
0 94 36529
0 55 36528
1269 106 1375
0 102 36529
0 94 36528
1450 17 1467
0 75 36529
0 58 36528
1549 38 1587
0 82 36529
0 176 36528
1695 65 1760
0 108 36529
0 177 36528
1777 55 1832
0 17 36529
0 168 36528
1894 81 1975
0 62 36529
0 98 36528
2029 22 2051
0 54 36529
0 205 36528
2077 68 2145
0 26 36529
0 101 36528
2251 53 2304
0 106 36529
0 104 36528
2374 109 2483
0 70 36529
0 66 36528
2563 40 2603
0 80 36529
0 11 36528
2702 93 2795
0 99 36529
0 25 36528
2817 29 2846
0 22 36529
0 133 36528
2874 53 2927
0 28 36529
0 27 36528
2999 60 3059
0 72 36529
0 117 36528
3125 17 3142
0 66 36529
0 98 36528
3155 31 3186
0 13 36529
0 209 36528
3233 42 3275
0 47 36529
0 148 36528
3333 76 3409
0 58 36529
0 206 36528
3493 41 3534
0 84 36529
0 38 36528
3632 77 3709
0 98 36529
0 60 36528
3735 70 3805
0 26 36529
0 65 36528
3875 83 3958
0 70 36529
0 22 36528
4011 23 4034
0 53 36529
0 121 36528
4104 59 4163
0 70 36529
0 16 36528
4201 85 4286
0 38 36529
0 146 36528
4348 51 4399
0 62 36529
0 174 36528
4413 39 4452
0 14 36529
0 14 36528
4462 63 4525
0 10 36529
0 126 36528
4630 50 4680
0 105 36529
0 95 36528
4722 66 4788
0 42 36529
0 24 36528
4822 69 4891
0 34 36529
0 144 36528
4958 65 5023
0 67 36529
0 161 36528
5099 64 5163
0 76 36529
0 44 36528
5223 81 5304
0 60 36529
0 90 36528
5409 88 5497
0 105 36529
0 97 36528
5555 46 5601
0 58 36529
0 185 36528
5674 96 5770
0 73 36529
0 41 36528
5784 55 5839
0 14 36529
0 93 36528
5881 85 5966
0 42 36529
0 90 36528
6027 101 6128
0 61 36529
0 155 36528
6161 42 6203
0 33 36529
0 94 36528
6238 68 6306
0 35 36529
0 113 36528
6367 46 6413
0 61 36529
0 83 36528
6482 33 6515
0 69 36529
0 152 36528
6591 34 6625
0 76 36529
0 92 36528
6653 39 6692
0 28 36529
0 180 36528
6783 97 6880
0 91 36529
0 20 36528
6948 104 7052
0 68 36529
0 195 36528
7081 46 7127
0 29 36529
0 101 36528
7167 65 7232
0 40 36529
0 92 36528
7243 13 7256
0 11 36529
0 68 36528
7305 19 7324
0 49 36529
0 55 36528
7396 109 7505
0 72 36529
0 72 36528
7531 35 7566
0 26 36529
0 32 36528
7623 106 7729
0 57 36529
0 178 36528
7775 44 7819
0 46 36529
0 25 36528
7876 102 7978
0 57 36529
0 87 36528
8020 52 8072
0 42 36529
0 38 36528
8157 51 8208
0 85 36529
0 10 36528
8245 37 8282
0 37 36529
0 97 36528
8385 14 8399
0 103 36529
0 195 36528
8493 91 8584
0 94 36529
0 184 36528
8607 87 8694
0 23 36529
0 33 36528
8709 78 8787
0 15 36529
0 175 36528
8840 22 8862
0 53 36529
0 66 36528
8890 58 8948
0 28 36529
0 97 36528
8993 49 9042
0 45 36529
0 163 36528
9091 49 9140
0 49 36529
0 28 36528
9204 109 9313
0 64 36529
0 31 36528
9385 60 9445
0 72 36529
0 39 36528
9534 30 9564
0 89 36529
0 116 36528
9624 52 9676
0 60 36529
0 127 36528
9782 28 9810
0 106 36529
0 194 36528
9835 99 9934
0 25 36529
0 146 36528
10026 95 10121
0 92 36529
0 173 36528
10172 59 10231
0 51 36529
0 58 36528
10329 11 10340
0 98 36529
0 176 36528
10361 21 10382
0 21 36529
0 20 36528
10420 99 10519
0 38 36529
0 90 36528
10597 15 10612
0 78 36529
0 60 36528
10672 32 10704
0 60 36529
0 141 36528
10745 12 10757
0 41 36529
0 17 36528
10799 92 10891
0 42 36529
0 137 36528
10988 98 11086
0 97 36529
0 192 36528
11172 74 11246
0 86 36529
0 49 36528
11338 23 11361
0 92 36529
0 66 36528
11434 30 11464
0 73 36529
0 108 36528
11506 76 11582
0 42 36529
0 45 36528
11628 88 11716
0 46 36529
0 160 36528
11779 96 11875
0 63 36529
0 28 36528
11913 33 11946
0 38 36529
0 145 36528
12050 58 12108
0 104 36529
0 136 36528
12150 98 12248
0 42 36529
0 22 36528
12330 27 12357
0 82 36529
0 86 36528
12370 79 12449
0 13 36529
0 49 36528
12549 17 12566
0 100 36529
0 128 36528
12577 59 12636
0 11 36529
0 162 36528
12685 41 12726
0 49 36529
0 27 36528
12807 38 12845
0 81 36529
0 144 36528
12946 34 12980
0 101 36529
0 24 36528
13003 36 13039
0 23 36529
0 33 36528
13068 37 13105
0 29 36529
0 181 36528
13184 82 13266
0 79 36529
0 92 36528
13372 71 13443
0 106 36529
0 171 36528
13516 96 13612
0 73 36529
0 62 36528
13656 77 13733
0 44 36529
0 44 36528
13822 14 13836
0 89 36529
0 136 36528
13867 88 13955
0 31 36529
0 115 36528
14035 32 14067
0 80 36529
0 88 36528
14101 105 14206
0 34 36529
0 46 36528
14259 91 14350
0 53 36529
0 178 36528
14419 24 14443
0 69 36529
0 195 36528
14453 66 14519
0 10 36529
0 156 36528
14597 48 14645
0 78 36529
0 166 36528
14714 20 14734
0 69 36529
0 27 36528
14768 14 14782
0 34 36529
0 174 36528
14880 49 14929
0 98 36529
0 188 36528
14966 16 14982
0 37 36529
0 18 36528
15009 96 15105
0 27 36529
0 119 36528
15118 56 15174
0 13 36529
0 15 36528
15244 83 15327
0 70 36529
0 159 36528
15393 107 15500
0 66 36529
0 184 36528
15529 98 15627
0 29 36529
0 157 36528
15696 22 15718
0 69 36529
0 162 36528
15821 66 15887
0 103 36529
0 89 36528
15989 57 16046
0 102 36529
0 49 36528
16058 89 16147
0 12 36529
0 40 36528
16235 30 16265
0 88 36529
0 75 36528
16286 67 16353
0 21 36529
0 198 36528
16378 48 16426
0 25 36529
0 18 36528
16463 47 16510
0 37 36529
0 39 36528
16559 35 16594
0 49 36529
0 86 36528
16618 97 16715
0 24 36529
0 98 36528
16735 94 16829
0 20 36529
0 38 36528
16845 97 16942
0 16 36529
0 17 36528
17019 30 17049
0 77 36529
0 208 36528
17136 65 17201
0 87 36529
0 84 36528
17310 71 17381
0 109 36529
0 152 36528
17476 15 17491
0 95 36529
0 108 36528
17590 65 17655
0 99 36529
0 100 36528
17688 46 17734
0 33 36529
0 148 36528
17778 59 17837
0 44 36529
0 56 36528
17882 88 17970
0 45 36529
0 78 36528
18013 38 18051
0 43 36529
0 56 36528
18072 66 18138
0 21 36529
0 194 36528
18153 21 18174
0 15 36529
0 132 36528
18230 73 18303
0 56 36529
0 93 36528
18412 63 18475
0 109 36529
0 186 36528
18534 58 18592
0 59 36529
0 24 36528
18621 88 18709
0 29 36529
0 73 36528
18813 87 18900
0 104 36529
0 36 36528
18961 64 19025
0 61 36529
0 69 36528
19093 83 19176
0 68 36529
0 98 36528
19214 93 19307
0 38 36529
0 154 36528
19397 22 19419
0 90 36529
0 190 36528
19468 52 19520
0 49 36529
0 112 36528
19605 22 19627
0 85 36529
0 124 36528
