501
19 18 37
0 19 38270
0 145 38269
119 26 145
0 82 38270
0 148 38269
172 69 241
0 27 38270
0 198 38269
297 60 357
0 56 38270
0 95 38269
442 47 489
0 85 38270
0 87 38269
518 51 569
0 29 38270
0 21 38269
587 65 652
0 18 38270
0 30 38269
726 96 822
0 74 38270
0 50 38269
919 62 981
0 97 38270
0 204 38269
1015 78 1093
0 34 38270
0 165 38269
1104 60 1164
0 11 38270
0 196 38269
1204 40 1244
0 40 38270
0 115 38269
1266 107 1373
0 22 38270
0 130 38269
1387 61 1448
0 14 38270
0 39 38269
1510 54 1564
0 62 38270
0 175 38269
1601 95 1696
0 37 38270
0 125 38269
1737 51 1788
0 41 38270
0 146 38269
1820 67 1887
0 32 38270
0 43 38269
1920 75 1995
0 33 38270
0 50 38269
2049 75 2124
0 54 38270
0 208 38269
2223 47 2270
0 99 38270
0 193 38269
2319 41 2360
0 49 38270
0 16 38269
2456 42 2498
0 96 38270
0 107 38269
2593 42 2635
0 95 38270
0 174 38269
2666 61 2727
0 31 38270
0 73 38269
2836 49 2885
0 109 38270
0 76 38269
2979 98 3077
0 94 38270
0 32 38269
3180 74 3254
0 103 38270
0 201 38269
3272 30 3302
0 18 38270
0 195 38269
3334 103 3437
0 32 38270
0 137 38269
3513 74 3587
0 76 38270
0 120 38269
3676 78 3754
0 89 38270
0 84 38269
3790 29 3819
0 36 38270
0 82 38269
3894 46 3940
0 75 38270
0 83 38269
3987 58 4045
0 47 38270
0 200 38269
4112 86 4198
0 67 38270
0 208 38269
4277 39 4316
0 79 38270
0 82 38269
4332 88 4420
0 16 38270
0 40 38269
4457 57 4514
0 37 38270
0 59 38269
4553 16 4569
0 39 38270
0 64 38269
4651 52 4703
0 82 38270
0 114 38269
4779 40 4819
0 76 38270
0 119 38269
4920 44 4964
0 101 38270
0 63 38269
5020 100 5120
0 56 38270
0 39 38269
5207 81 5288
0 87 38270
0 136 38269
5364 99 5463
0 76 38270
0 124 38269
5546 87 5633
0 83 38270
0 189 38269
5708 37 5745
0 75 38270
0 40 38269
5822 82 5904
0 77 38270
0 67 38269
5970 46 6016
0 66 38270
0 156 38269
6034 47 6081
0 18 38270
0 120 38269
6175 54 6229
0 94 38270
0 38 38269
6274 78 6352
0 45 38270
0 110 38269
6393 43 6436
0 41 38270
0 60 38269
6513 108 6621
0 77 38270
0 33 38269
6726 17 6743
0 105 38270
0 69 38269
6837 94 6931
0 94 38270
0 83 38269
6957 58 7015
0 26 38270
0 143 38269
7094 32 7126
0 79 38270
0 138 38269
7233 57 7290
0 107 38270
0 209 38269
7348 98 7446
0 58 38270
0 92 38269
7467 17 7484
0 21 38270
0 88 38269
7543 32 7575
0 59 38270
0 137 38269
7681 101 7782
0 106 38270
0 23 38269
7846 66 7912
0 64 38270
0 169 38269
7983 106 8089
0 71 38270
0 148 38269
8127 78 8205
0 38 38270
0 55 38269
8295 59 8354
0 90 38270
0 25 38269
8437 72 8509
0 83 38270
0 38 38269
8598 44 8642
0 89 38270
0 116 38269
8668 87 8755
0 26 38270
0 97 38269
8783 11 8794
0 28 38270
0 94 38269
8839 41 8880
0 45 38270
0 117 38269
8962 77 9039
0 82 38270
0 122 38269
9050 30 9080
0 11 38270
0 53 38269
9134 61 9195
0 54 38270
0 201 38269
9211 10 9221
0 16 38270
0 196 38269
9330 55 9385
0 109 38270
0 155 38269
9434 96 9530
0 49 38270
0 16 38269
9563 28 9591
0 33 38270
0 136 38269
9666 36 9702
0 75 38270
0 54 38269
9712 45 9757
0 10 38270
0 116 38269
9819 70 9889
0 62 38270
0 111 38269
9915 48 9963
0 26 38270
0 192 38269
10036 19 10055
0 73 38270
0 55 38269
10097 40 10137
0 42 38270
0 127 38269
10169 84 10253
0 32 38270
0 156 38269
10315 30 10345
0 62 38270
0 168 38269
10379 18 10397
0 34 38270
0 84 38269
10432 61 10493
0 35 38270
0 207 38269
10530 99 10629
0 37 38270
0 43 38269
10710 22 10732
0 81 38270
0 108 38269
10775 38 10813
0 43 38270
0 169 38269
10870 60 10930
0 57 38270
0 67 38269
10959 82 11041
0 29 38270
0 93 38269
11101 30 11131
0 60 38270
0 99 38269
11186 82 11268
0 55 38270
0 22 38269
11294 10 11304
0 26 38270
0 185 38269
11328 93 11421
0 24 38270
0 108 38269
11523 24 11547
0 102 38270
0 155 38269
11557 46 11603
0 10 38270
0 163 38269
11707 100 11807
0 104 38270
0 59 38269
11904 91 11995
0 97 38270
0 47 38269
12038 44 12082
0 43 38270
0 155 38269
12155 83 12238
0 73 38270
0 171 38269
12327 16 12343
0 89 38270
0 22 38269
12382 109 12491
0 39 38270
0 167 38269
12593 68 12661
0 102 38270
0 177 38269
12739 98 12837
0 78 38270
0 143 38269
12923 56 12979
0 86 38270
0 153 38269
13005 14 13019
0 26 38270
0 138 38269
13096 20 13116
0 77 38270
0 174 38269
13181 35 13216
0 65 38270
0 179 38269
13305 68 13373
0 89 38270
0 91 38269
13409 104 13513
0 36 38270
0 63 38269
13592 106 13698
0 79 38270
0 63 38269
13782 49 13831
0 84 38270
0 134 38269
13843 84 13927
0 12 38270
0 32 38269
14024 107 14131
0 97 38270
0 147 38269
14197 94 14291
0 66 38270
0 150 38269
14355 39 14394
0 64 38270
0 205 38269
14483 10 14493
0 89 38270
0 133 38269
14589 65 14654
0 96 38270
0 196 38269
14683 65 14748
0 29 38270
0 40 38269
14788 13 14801
0 40 38270
0 176 38269
14869 21 14890
0 68 38270
0 122 38269
14989 106 15095
0 99 38270
0 51 38269
15191 43 15234
0 96 38270
0 48 38269
15280 103 15383
0 46 38270
0 137 38269
15481 27 15508
0 98 38270
0 120 38269
15569 52 15621
0 61 38270
0 54 38269
15642 105 15747
0 21 38270
0 205 38269
15757 21 15778
0 10 38270
0 25 38269
15810 51 15861
0 32 38270
0 52 38269
15935 38 15973
0 74 38270
0 45 38269
15986 104 16090
0 13 38270
0 151 38269
16192 33 16225
0 102 38270
0 77 38269
16325 62 16387
0 100 38270
0 91 38269
16494 54 16548
0 107 38270
0 196 38269
16588 73 16661
0 40 38270
0 16 38269
16705 105 16810
0 44 38270
0 208 38269
16836 51 16887
0 26 38270
0 183 38269
16986 36 17022
0 99 38270
0 74 38269
17048 89 17137
0 26 38270
0 129 38269
17232 77 17309
0 95 38270
0 58 38269
17367 88 17455
0 58 38270
0 73 38269
17564 86 17650
0 109 38270
0 65 38269
17709 56 17765
0 59 38270
0 43 38269
17810 103 17913
0 45 38270
0 177 38269
17945 51 17996
0 32 38270
0 159 38269
18016 76 18092
0 20 38270
0 79 38269
18197 12 18209
0 105 38270
0 71 38269
18291 100 18391
0 82 38270
0 22 38269
18431 58 18489
0 40 38270
0 136 38269
18564 43 18607
0 75 38270
0 59 38269
18666 30 18696
0 59 38270
0 120 38269
18721 79 18800
0 25 38270
0 154 38269
18835 107 18942
0 35 38270
0 69 38269
19031 17 19048
0 89 38270
0 83 38269
19092 49 19141
0 44 38270
0 87 38269
19237 31 19268
0 96 38270
0 186 38269
19278 32 19310
0 10 38270
0 75 38269
19370 19 19389
0 60 38270
0 45 38269
19426 34 19460
0 37 38270
0 152 38269
19566 46 19612
0 106 38270
0 88 38269
19670 81 19751
0 58 38270
0 119 38269
19780 96 19876
0 29 38270
0 68 38269
