501
55 92 147
0 55 38251
0 115 38250
245 63 308
0 98 38251
0 81 38250
398 41 439
0 90 38251
0 195 38250
495 105 600
0 56 38251
0 111 38250
621 29 650
0 21 38251
0 59 38250
673 38 711
0 23 38251
0 30 38250
803 71 874
0 92 38251
0 117 38250
952 55 1007
0 78 38251
0 97 38250
1056 79 1135
0 49 38251
0 63 38250
1178 26 1204
0 43 38251
0 55 38250
1221 90 1311
0 17 38251
0 41 38250
1382 99 1481
0 71 38251
0 165 38250
1556 77 1633
0 75 38251
0 207 38250
1692 61 1753
0 59 38251
0 204 38250
1780 70 1850
0 27 38251
0 133 38250
1908 35 1943
0 58 38251
0 110 38250
2022 49 2071
0 79 38251
0 136 38250
2168 13 2181
0 97 38251
0 41 38250
2261 72 2333
0 80 38251
0 115 38250
2346 53 2399
0 13 38251
0 206 38250
2463 27 2490
0 64 38251
0 138 38250
2533 49 2582
0 43 38251
0 105 38250
2666 80 2746
0 84 38251
0 54 38250
2788 41 2829
0 42 38251
0 97 38250
2859 85 2944
0 30 38251
0 47 38250
2975 70 3045
0 31 38251
0 148 38250
3068 79 3147
0 23 38251
0 127 38250
3210 36 3246
0 63 38251
0 98 38250
3354 40 3394
0 108 38251
0 130 38250
3497 21 3518
0 103 38251
0 171 38250
3603 38 3641
0 85 38251
0 70 38250
3726 47 3773
0 85 38251
0 78 38250
3847 18 3865
0 74 38251
0 21 38250
3887 24 3911
0 22 38251
0 33 38250
3952 99 4051
0 41 38251
0 195 38250
4066 81 4147
0 15 38251
0 145 38250
4255 60 4315
0 108 38251
0 198 38250
4405 56 4461
0 90 38251
0 100 38250
4561 19 4580
0 100 38251
0 158 38250
4610 33 4643
0 30 38251
0 125 38250
4694 21 4715
0 51 38251
0 180 38250
4754 45 4799
0 39 38251
0 133 38250
4818 63 4881
0 19 38251
0 141 38250
4954 34 4988
0 73 38251
0 66 38250
5028 68 5096
0 40 38251
0 182 38250
5120 36 5156
0 24 38251
0 180 38250
5210 91 5301
0 54 38251
0 94 38250
5378 101 5479
0 77 38251
0 155 38250
5542 64 5606
0 63 38251
0 108 38250
5708 59 5767
0 102 38251
0 56 38250
5816 24 5840
0 49 38251
0 77 38250
5945 101 6046
0 105 38251
0 38 38250
6063 66 6129
0 17 38251
0 154 38250
6211 86 6297
0 82 38251
0 14 38250
6392 26 6418
0 95 38251
0 168 38250
6437 72 6509
0 19 38251
0 182 38250
6557 79 6636
0 48 38251
0 137 38250
6723 45 6768
0 87 38251
0 176 38250
6799 98 6897
0 31 38251
0 64 38250
6959 89 7048
0 62 38251
0 124 38250
7087 18 7105
0 39 38251
0 63 38250
7204 59 7263
0 99 38251
0 72 38250
7355 33 7388
0 92 38251
0 121 38250
7429 52 7481
0 41 38251
0 36 38250
7550 86 7636
0 69 38251
0 57 38250
7677 102 7779
0 41 38251
0 118 38250
7855 64 7919
0 76 38251
0 53 38250
8001 10 8011
0 82 38251
0 108 38250
8060 89 8149
0 49 38251
0 80 38250
8208 26 8234
0 59 38251
0 182 38250
8248 61 8309
0 14 38251
0 197 38250
8352 58 8410
0 43 38251
0 66 38250
8450 81 8531
0 40 38251
0 73 38250
8584 31 8615
0 53 38251
0 165 38250
8653 71 8724
0 38 38251
0 169 38250
8801 44 8845
0 77 38251
0 87 38250
8923 83 9006
0 78 38251
0 56 38250
9016 21 9037
0 10 38251
0 198 38250
9071 102 9173
0 34 38251
0 194 38250
9244 108 9352
0 71 38251
0 63 38250
9427 13 9440
0 75 38251
0 167 38250
9494 38 9532
0 54 38251
0 80 38250
9639 58 9697
0 107 38251
0 85 38250
9791 77 9868
0 94 38251
0 59 38250
9921 43 9964
0 53 38251
0 131 38250
9984 20 10004
0 20 38251
0 51 38250
10102 104 10206
0 98 38251
0 202 38250
10303 102 10405
0 97 38251
0 209 38250
10514 78 10592
0 109 38251
0 47 38250
10637 72 10709
0 45 38251
0 202 38250
10773 12 10785
0 64 38251
0 117 38250
10808 77 10885
0 23 38251
0 73 38250
10952 104 11056
0 67 38251
0 149 38250
11141 14 11155
0 85 38251
0 83 38250
11202 77 11279
0 47 38251
0 164 38250
11345 79 11424
0 66 38251
0 164 38250
11496 74 11570
0 72 38251
0 201 38250
11602 81 11683
0 32 38251
0 158 38250
11749 99 11848
0 66 38251
0 97 38250
11863 32 11895
0 15 38251
0 81 38250
11909 56 11965
0 14 38251
0 127 38250
11997 81 12078
0 32 38251
0 83 38250
12129 28 12157
0 51 38251
0 57 38250
12201 16 12217
0 44 38251
0 144 38250
12312 61 12373
0 95 38251
0 39 38250
12442 80 12522
0 69 38251
0 15 38250
12617 61 12678
0 95 38251
0 30 38250
12771 84 12855
0 93 38251
0 107 38250
12913 26 12939
0 58 38251
0 127 38250
12972 81 13053
0 33 38251
0 208 38250
13103 86 13189
0 50 38251
0 17 38250
13279 105 13384
0 90 38251
0 89 38250
13467 106 13573
0 83 38251
0 105 38250
13658 59 13717
0 85 38251
0 191 38250
13749 47 13796
0 32 38251
0 188 38250
13844 54 13898
0 48 38251
0 189 38250
13946 34 13980
0 48 38251
0 46 38250
14073 86 14159
0 93 38251
0 54 38250
14179 101 14280
0 20 38251
0 14 38250
14335 25 14360
0 55 38251
0 47 38250
14404 30 14434
0 44 38251
0 107 38250
14466 86 14552
0 32 38251
0 59 38250
14619 105 14724
0 67 38251
0 191 38250
14771 104 14875
0 47 38251
0 18 38250
14927 54 14981
0 52 38251
0 122 38250
15068 68 15136
0 87 38251
0 35 38250
15171 31 15202
0 35 38251
0 94 38250
15252 68 15320
0 50 38251
0 118 38250
15371 17 15388
0 51 38251
0 27 38250
15470 33 15503
0 82 38251
0 82 38250
15599 94 15693
0 96 38251
0 160 38250
15753 54 15807
0 60 38251
0 127 38250
15829 72 15901
0 22 38251
0 108 38250
15911 24 15935
0 10 38251
0 35 38250
16022 94 16116
0 87 38251
0 19 38250
16189 101 16290
0 73 38251
0 174 38250
16390 91 16481
0 100 38251
0 38 38250
16531 36 16567
0 50 38251
0 19 38250
16589 46 16635
0 22 38251
0 91 38250
16651 35 16686
0 16 38251
0 54 38250
16753 42 16795
0 67 38251
0 137 38250
16867 15 16882
0 72 38251
0 187 38250
16933 43 16976
0 51 38251
0 204 38250
17072 88 17160
0 96 38251
0 26 38250
17252 37 17289
0 92 38251
0 42 38250
17370 53 17423
0 81 38251
0 39 38250
17436 33 17469
0 13 38251
0 200 38250
17492 99 17591
0 23 38251
0 133 38250
17694 55 17749
0 103 38251
0 27 38250
17785 88 17873
0 36 38251
0 184 38250
17893 50 17943
0 20 38251
0 107 38250
17963 107 18070
0 20 38251
0 99 38250
18092 39 18131
0 22 38251
0 107 38250
18216 75 18291
0 85 38251
0 153 38250
18350 84 18434
0 59 38251
0 189 38250
18496 98 18594
0 62 38251
0 78 38250
18636 68 18704
0 42 38251
0 199 38250
18809 40 18849
0 105 38251
0 48 38250
18880 70 18950
0 31 38251
0 191 38250
19041 103 19144
0 91 38251
0 92 38250
19191 40 19231
0 47 38251
0 200 38250
19299 47 19346
0 68 38251
0 131 38250
19372 73 19445
0 26 38251
0 209 38250
19464 105 19569
0 19 38251
0 23 38250
19651 59 19710
0 82 38251
0 70 38250
19774 28 19802
0 64 38251
0 62 38250
19831 19 19850
0 29 38251
0 82 38250
