501
105 90 195
0 105 37074
0 13 37073
235 54 289
0 40 37074
0 158 37073
301 100 401
0 12 37074
0 122 37073
495 105 600
0 94 37074
0 160 37073
633 42 675
0 33 37074
0 41 37073
688 13 701
0 13 37074
0 175 37073
809 27 836
0 108 37074
0 136 37073
913 59 972
0 77 37074
0 178 37073
1059 97 1156
0 87 37074
0 98 37073
1265 60 1325
0 109 37074
0 58 37073
1392 37 1429
0 67 37074
0 14 37073
1479 92 1571
0 50 37074
0 12 37073
1675 46 1721
0 104 37074
0 11 37073
1786 98 1884
0 65 37074
0 209 37073
1897 35 1932
0 13 37074
0 194 37073
1951 34 1985
0 19 37074
0 74 37073
2075 97 2172
0 90 37074
0 67 37073
2250 105 2355
0 78 37074
0 96 37073
2450 83 2533
0 95 37074
0 165 37073
2575 30 2605
0 42 37074
0 119 37073
2657 82 2739
0 52 37074
0 22 37073
2845 50 2895
0 106 37074
0 204 37073
2963 83 3046
0 68 37074
0 202 37073
3091 19 3110
0 45 37074
0 192 37073
3169 80 3249
0 59 37074
0 171 37073
3284 89 3373
0 35 37074
0 152 37073
3415 98 3513
0 42 37074
0 15 37073
3609 93 3702
0 96 37074
0 84 37073
3789 49 3838
0 87 37074
0 97 37073
3859 12 3871
0 21 37074
0 39 37073
3895 100 3995
0 24 37074
0 12 37073
4038 76 4114
0 43 37074
0 62 37073
4208 35 4243
0 94 37074
0 108 37073
4313 93 4406
0 70 37074
0 78 37073
4490 23 4513
0 84 37074
0 106 37073
4550 47 4597
0 37 37074
0 46 37073
4691 74 4765
0 94 37074
0 28 37073
4789 32 4821
0 24 37074
0 72 37073
4905 54 4959
0 84 37074
0 109 37073
4991 31 5022
0 32 37074
0 51 37073
5063 15 5078
0 41 37074
0 56 37073
5088 85 5173
0 10 37074
0 64 37073
5267 45 5312
0 94 37074
0 118 37073
5335 96 5431
0 23 37074
0 109 37073
5492 81 5573
0 61 37074
0 191 37073
5644 27 5671
0 71 37074
0 106 37073
5765 102 5867
0 94 37074
0 58 37073
5896 86 5982
0 29 37074
0 194 37073
6086 18 6104
0 104 37074
0 183 37073
6156 48 6204
0 52 37074
0 122 37073
6235 39 6274
0 31 37074
0 183 37073
6332 18 6350
0 58 37074
0 62 37073
6440 109 6549
0 90 37074
0 202 37073
6648 13 6661
0 99 37074
0 176 37073
6697 88 6785
0 36 37074
0 33 37073
6824 18 6842
0 39 37074
0 184 37073
6875 38 6913
0 33 37074
0 78 37073
6973 105 7078
0 60 37074
0 171 37073
7121 18 7139
0 43 37074
0 88 37073
7197 46 7243
0 58 37074
0 57 37073
7323 106 7429
0 80 37074
0 92 37073
7512 99 7611
0 83 37074
0 117 37073
7665 56 7721
0 54 37074
0 189 37073
7812 57 7869
0 91 37074
0 168 37073
7936 31 7967
0 67 37074
0 76 37073
7981 74 8055
0 14 37074
0 175 37073
8101 13 8114
0 46 37074
0 164 37073
8127 16 8143
0 13 37074
0 196 37073
8209 66 8275
0 66 37074
0 22 37073
8356 99 8455
0 81 37074
0 38 37073
8536 75 8611
0 81 37074
0 92 37073
8659 10 8669
0 48 37074
0 120 37073
8774 39 8813
0 105 37074
0 188 37073
8889 14 8903
0 76 37074
0 197 37073
8990 71 9061
0 87 37074
0 21 37073
9080 16 9096
0 19 37074
0 53 37073
9187 62 9249
0 91 37074
0 55 37073
9329 46 9375
0 80 37074
0 76 37073
9415 105 9520
0 40 37074
0 10 37073
9613 53 9666
0 93 37074
0 131 37073
9740 108 9848
0 74 37074
0 48 37073
9904 13 9917
0 56 37074
0 25 37073
9998 90 10088
0 81 37074
0 104 37073
10117 25 10142
0 29 37074
0 129 37073
10184 96 10280
0 42 37074
0 17 37073
10305 43 10348
0 25 37074
0 165 37073
10452 15 10467
0 104 37074
0 165 37073
10513 22 10535
0 46 37074
0 207 37073
10599 94 10693
0 64 37074
0 131 37073
10730 52 10782
0 37 37074
0 209 37073
10837 24 10861
0 55 37074
0 109 37073
10932 15 10947
0 71 37074
0 209 37073
11021 92 11113
0 74 37074
0 33 37073
11149 96 11245
0 36 37074
0 153 37073
11300 108 11408
0 55 37074
0 121 37073
11438 33 11471
0 30 37074
0 22 37073
11559 23 11582
0 88 37074
0 68 37073
11619 20 11639
0 37 37074
0 89 37073
11696 59 11755
0 57 37074
0 129 37073
11790 19 11809
0 35 37074
0 58 37073
11918 13 11931
0 109 37074
0 152 37073
12014 87 12101
0 83 37074
0 63 37073
12175 98 12273
0 74 37074
0 188 37073
12322 90 12412
0 49 37074
0 136 37073
12447 77 12524
0 35 37074
0 16 37073
12614 106 12720
0 90 37074
0 25 37073
12813 54 12867
0 93 37074
0 205 37073
12975 56 13031
0 108 37074
0 139 37073
13046 31 13077
0 15 37074
0 38 37073
13141 71 13212
0 64 37074
0 24 37073
13262 93 13355
0 50 37074
0 41 37073
13372 32 13404
0 17 37074
0 37 37073
13492 13 13505
0 88 37074
0 126 37073
13540 66 13606
0 35 37074
0 172 37073
13686 40 13726
0 80 37074
0 62 37073
13815 26 13841
0 89 37074
0 40 37073
13903 81 13984
0 62 37074
0 83 37073
14065 33 14098
0 81 37074
0 97 37073
14194 28 14222
0 96 37074
0 86 37073
14308 104 14412
0 86 37074
0 157 37073
14426 48 14474
0 14 37074
0 18 37073
14556 83 14639
0 82 37074
0 113 37073
14654 82 14736
0 15 37074
0 109 37073
14748 25 14773
0 12 37074
0 19 37073
14842 86 14928
0 69 37074
0 159 37073
14961 52 15013
0 33 37074
0 107 37073
15036 77 15113
0 23 37074
0 192 37073
15157 25 15182
0 44 37074
0 139 37073
15215 96 15311
0 33 37074
0 165 37073
15345 79 15424
0 34 37074
0 52 37073
15486 108 15594
0 62 37074
0 39 37073
15685 33 15718
0 91 37074
0 120 37073
15825 102 15927
0 107 37074
0 122 37073
15945 10 15955
0 18 37074
0 45 37073
16059 108 16167
0 104 37074
0 124 37073
16257 51 16308
0 90 37074
0 171 37073
16334 13 16347
0 26 37074
0 89 37073
16419 109 16528
0 72 37074
0 172 37073
16630 91 16721
0 102 37074
0 125 37073
16757 53 16810
0 36 37074
0 167 37073
16885 32 16917
0 75 37074
0 154 37073
16940 86 17026
0 23 37074
0 198 37073
17079 21 17100
0 53 37074
0 30 37073
17131 35 17166
0 31 37074
0 17 37073
17272 26 17298
0 106 37074
0 16 37073
17370 104 17474
0 72 37074
0 196 37073
17518 10 17528
0 44 37074
0 203 37073
17543 26 17569
0 15 37074
0 148 37073
17665 68 17733
0 96 37074
0 34 37073
17779 52 17831
0 46 37074
0 13 37073
17937 28 17965
0 106 37074
0 101 37073
18012 83 18095
0 47 37074
0 179 37073
18109 72 18181
0 14 37074
0 188 37073
18200 108 18308
0 19 37074
0 125 37073
18415 51 18466
0 107 37074
0 34 37073
18563 59 18622
0 97 37074
0 40 37073
18675 61 18736
0 53 37074
0 95 37073
18749 89 18838
0 13 37074
0 115 37073
18855 18 18873
0 17 37074
0 82 37073
18886 37 18923
0 13 37074
0 12 37073
18938 16 18954
0 15 37074
0 78 37073
19027 55 19082
0 73 37074
0 24 37073
19135 24 19159
0 53 37074
0 144 37073
19208 29 19237
0 49 37074
0 103 37073
19273 18 19291
0 36 37074
0 155 37073
19318 58 19376
0 27 37074
0 30 37073
19423 56 19479
0 47 37074
0 190 37073
