501
20 22 42
0 20 36581
0 146 36580
126 11 137
0 84 36581
0 26 36580
147 31 178
0 10 36581
0 30 36580
236 65 301
0 58 36581
0 173 36580
329 43 372
0 28 36581
0 106 36580
481 71 552
0 109 36581
0 68 36580
590 19 609
0 38 36581
0 158 36580
621 45 666
0 12 36581
0 51 36580
694 57 751
0 28 36581
0 62 36580
848 19 867
0 97 36581
0 47 36580
954 108 1062
0 87 36581
0 154 36580
1072 75 1147
0 10 36581
0 141 36580
1177 33 1210
0 30 36581
0 44 36580
1260 23 1283
0 50 36581
0 115 36580
1303 106 1409
0 20 36581
0 129 36580
1432 86 1518
0 23 36581
0 176 36580
1591 96 1687
0 73 36581
0 209 36580
1759 54 1813
0 72 36581
0 161 36580
1886 65 1951
0 73 36581
0 179 36580
2050 36 2086
0 99 36581
0 195 36580
2112 102 2214
0 26 36581
0 55 36580
2320 85 2405
0 106 36581
0 112 36580
2442 108 2550
0 37 36581
0 193 36580
2652 88 2740
0 102 36581
0 56 36580
2816 19 2835
0 76 36581
0 163 36580
2891 92 2983
0 56 36581
0 88 36580
3009 44 3053
0 26 36581
0 28 36580
3090 92 3182
0 37 36581
0 163 36580
3271 12 3283
0 89 36581
0 166 36580
3343 41 3384
0 60 36581
0 155 36580
3421 21 3442
0 37 36581
0 138 36580
3452 30 3482
0 10 36581
0 161 36580
3533 79 3612
0 51 36581
0 107 36580
3664 15 3679
0 52 36581
0 177 36580
3712 68 3780
0 33 36581
0 46 36580
3799 12 3811
0 19 36581
0 85 36580
3862 93 3955
0 51 36581
0 27 36580
3995 11 4006
0 40 36581
0 59 36580
4018 71 4089
0 12 36581
0 175 36580
4174 57 4231
0 85 36581
0 31 36580
4295 75 4370
0 64 36581
0 85 36580
4405 40 4445
0 35 36581
0 146 36580
4482 84 4566
0 37 36581
0 131 36580
4624 95 4719
0 58 36581
0 70 36580
4791 18 4809
0 72 36581
0 120 36580
4892 72 4964
0 83 36581
0 57 36580
4988 45 5033
0 24 36581
0 205 36580
5071 38 5109
0 38 36581
0 32 36580
5148 26 5174
0 39 36581
0 165 36580
5278 89 5367
0 104 36581
0 16 36580
5470 76 5546
0 103 36581
0 76 36580
5615 71 5686
0 69 36581
0 16 36580
5725 106 5831
0 39 36581
0 24 36580
5931 86 6017
0 100 36581
0 99 36580
6064 78 6142
0 47 36581
0 36 36580
6211 49 6260
0 69 36581
0 104 36580
6331 10 6341
0 71 36581
0 127 36580
6426 11 6437
0 85 36581
0 107 36580
6471 98 6569
0 34 36581
0 114 36580
6607 83 6690
0 38 36581
0 23 36580
6788 21 6809
0 98 36581
0 38 36580
6845 11 6856
0 36 36581
0 179 36580
6948 41 6989
0 92 36581
0 75 36580
7019 55 7074
0 30 36581
0 205 36580
7093 49 7142
0 19 36581
0 17 36580
7192 108 7300
0 50 36581
0 22 36580
7400 108 7508
0 100 36581
0 102 36580
7530 85 7615
0 22 36581
0 37 36580
7670 36 7706
0 55 36581
0 106 36580
7757 11 7768
0 51 36581
0 55 36580
7801 84 7885
0 33 36581
0 35 36580
7985 90 8075
0 100 36581
0 58 36580
8098 48 8146
0 23 36581
0 12 36580
8183 48 8231
0 37 36581
0 10 36580
8244 66 8310
0 13 36581
0 178 36580
8329 19 8348
0 19 36581
0 53 36580
8363 17 8380
0 15 36581
0 209 36580
8458 37 8495
0 78 36581
0 170 36580
8524 60 8584
0 29 36581
0 184 36580
8689 97 8786
0 105 36581
0 118 36580
8868 10 8878
0 82 36581
0 121 36580
8908 54 8962
0 30 36581
0 170 36580
9067 95 9162
0 105 36581
0 71 36580
9214 67 9281
0 52 36581
0 193 36580
9368 86 9454
0 87 36581
0 139 36580
9518 56 9574
0 64 36581
0 23 36580
9619 77 9696
0 45 36581
0 181 36580
9707 99 9806
0 11 36581
0 76 36580
9866 24 9890
0 60 36581
0 64 36580
9928 75 10003
0 38 36581
0 78 36580
10111 61 10172
0 108 36581
0 96 36580
10233 21 10254
0 61 36581
0 62 36580
10335 93 10428
0 81 36581
0 149 36580
10438 96 10534
0 10 36581
0 195 36580
10627 57 10684
0 93 36581
0 15 36580
10730 57 10787
0 46 36581
0 114 36580
10879 72 10951
0 92 36581
0 57 36580
11054 23 11077
0 103 36581
0 10 36580
11089 63 11152
0 12 36581
0 100 36580
11245 94 11339
0 93 36581
0 13 36580
11401 103 11504
0 62 36581
0 87 36580
11556 60 11616
0 52 36581
0 170 36580
11626 107 11733
0 10 36581
0 128 36580
11815 39 11854
0 82 36581
0 140 36580
11935 85 12020
0 81 36581
0 165 36580
12080 17 12097
0 60 36581
0 62 36580
12140 109 12249
0 43 36581
0 102 36580
12323 13 12336
0 74 36581
0 98 36580
12356 67 12423
0 20 36581
0 110 36580
12436 64 12500
0 13 36581
0 182 36580
12595 46 12641
0 95 36581
0 116 36580
12685 42 12727
0 44 36581
0 136 36580
12825 95 12920
0 98 36581
0 36 36580
12934 37 12971
0 14 36581
0 102 36580
12986 60 13046
0 15 36581
0 22 36580
13072 61 13133
0 26 36581
0 30 36580
13237 22 13259
0 104 36581
0 65 36580
13307 46 13353
0 48 36581
0 173 36580
13436 94 13530
0 83 36581
0 180 36580
13617 106 13723
0 87 36581
0 42 36580
13759 62 13821
0 36 36581
0 15 36580
13849 58 13907
0 28 36581
0 10 36580
14000 33 14033
0 93 36581
0 111 36580
14095 51 14146
0 62 36581
0 23 36580
14228 96 14324
0 82 36581
0 69 36580
14411 59 14470
0 87 36581
0 154 36580
14529 52 14581
0 59 36581
0 152 36580
14676 103 14779
0 95 36581
0 104 36580
14876 42 14918
0 97 36581
0 165 36580
15027 104 15131
0 109 36581
0 21 36580
15234 101 15335
0 103 36581
0 145 36580
15435 33 15468
0 100 36581
0 69 36580
15482 95 15577
0 14 36581
0 187 36580
15647 42 15689
0 70 36581
0 194 36580
15727 97 15824
0 38 36581
0 95 36580
15847 77 15924
0 23 36581
0 13 36580
16001 41 16042
0 77 36581
0 112 36580
16108 61 16169
0 66 36581
0 31 36580
16197 56 16253
0 28 36581
0 206 36580
16340 100 16440
0 87 36581
0 117 36580
16495 104 16599
0 55 36581
0 23 36580
16686 65 16751
0 87 36581
0 70 36580
16854 73 16927
0 103 36581
0 63 36580
17003 53 17056
0 76 36581
0 80 36580
17103 14 17117
0 47 36581
0 158 36580
17210 102 17312
0 93 36581
0 93 36580
17350 69 17419
0 38 36581
0 175 36580
17438 40 17478
0 19 36581
0 71 36580
17542 32 17574
0 64 36581
0 65 36580
17635 70 17705
0 61 36581
0 181 36580
17800 54 17854
0 95 36581
0 193 36580
17940 40 17980
0 86 36581
0 100 36580
17999 103 18102
0 19 36581
0 11 36580
18203 85 18288
0 101 36581
0 78 36580
18364 38 18402
0 76 36581
0 63 36580
18446 35 18481
0 44 36581
0 154 36580
18574 97 18671
0 93 36581
0 102 36580
18731 25 18756
0 60 36581
0 25 36580
18786 20 18806
0 30 36581
0 52 36580
18886 58 18944
0 80 36581
0 47 36580
19035 28 19063
0 91 36581
0 164 36580
19172 103 19275
0 109 36581
0 134 36580
19322 51 19373
0 47 36581
0 132 36580
19440 18 19458
0 67 36581
0 37 36580
19511 39 19550
0 53 36581
0 189 36580
19611 32 19643
0 61 36581
0 71 36580
19676 17 19693
0 33 36581
0 119 36580
