501
75 11 86
0 75 37831
0 168 37830
183 65 248
0 97 37831
0 14 37830
264 74 338
0 16 37831
0 199 37830
353 107 460
0 15 37831
0 70 37830
506 23 529
0 46 37831
0 130 37830
599 74 673
0 70 37831
0 130 37830
720 16 736
0 47 37831
0 122 37830
768 73 841
0 32 37831
0 198 37830
943 40 983
0 102 37831
0 110 37830
1063 78 1141
0 80 37831
0 172 37830
1249 89 1338
0 108 37831
0 155 37830
1443 98 1541
0 105 37831
0 124 37830
1601 89 1690
0 60 37831
0 115 37830
1739 99 1838
0 49 37831
0 143 37830
1882 17 1899
0 44 37831
0 203 37830
1917 41 1958
0 18 37831
0 54 37830
2001 28 2029
0 43 37831
0 17 37830
2097 100 2197
0 68 37831
0 111 37830
2268 51 2319
0 71 37831
0 184 37830
2396 108 2504
0 77 37831
0 138 37830
2568 104 2672
0 64 37831
0 71 37830
2723 48 2771
0 51 37831
0 10 37830
2821 73 2894
0 50 37831
0 144 37830
2969 49 3018
0 75 37831
0 126 37830
3075 19 3094
0 57 37831
0 27 37830
3158 16 3174
0 64 37831
0 126 37830
3231 50 3281
0 57 37831
0 133 37830
3373 100 3473
0 92 37831
0 110 37830
3497 74 3571
0 24 37831
0 79 37830
3629 61 3690
0 58 37831
0 170 37830
3786 107 3893
0 96 37831
0 130 37830
3947 21 3968
0 54 37831
0 22 37830
4005 32 4037
0 37 37831
0 122 37830
4099 13 4112
0 62 37831
0 209 37830
4141 56 4197
0 29 37831
0 69 37830
4208 55 4263
0 11 37831
0 41 37830
4339 39 4378
0 76 37831
0 165 37830
4431 48 4479
0 53 37831
0 171 37830
4527 80 4607
0 48 37831
0 37 37830
4695 49 4744
0 88 37831
0 82 37830
4808 40 4848
0 64 37831
0 40 37830
4903 63 4966
0 55 37831
0 62 37830
5038 56 5094
0 72 37831
0 15 37830
5119 84 5203
0 25 37831
0 83 37830
5224 90 5314
0 21 37831
0 51 37830
5395 77 5472
0 81 37831
0 28 37830
5529 22 5551
0 57 37831
0 28 37830
5593 100 5693
0 42 37831
0 180 37830
5724 20 5744
0 31 37831
0 10 37830
5831 68 5899
0 87 37831
0 86 37830
5984 109 6093
0 85 37831
0 37 37830
6179 66 6245
0 86 37831
0 22 37830
6316 90 6406
0 71 37831
0 83 37830
6468 45 6513
0 62 37831
0 185 37830
6580 98 6678
0 67 37831
0 209 37830
6756 91 6847
0 78 37831
0 127 37830
6869 25 6894
0 22 37831
0 26 37830
6939 43 6982
0 45 37831
0 47 37830
6998 99 7097
0 16 37831
0 103 37830
7109 100 7209
0 12 37831
0 143 37830
7318 23 7341
0 109 37831
0 39 37830
7378 97 7475
0 37 37831
0 152 37830
7579 47 7626
0 104 37831
0 120 37830
7694 98 7792
0 68 37831
0 36 37830
7824 22 7846
0 32 37831
0 70 37830
7915 16 7931
0 69 37831
0 161 37830
8009 71 8080
0 78 37831
0 95 37830
8147 90 8237
0 67 37831
0 187 37830
8287 64 8351
0 50 37831
0 80 37830
8385 87 8472
0 34 37831
0 93 37830
8507 64 8571
0 35 37831
0 139 37830
8622 79 8701
0 51 37831
0 159 37830
8733 59 8792
0 32 37831
0 113 37830
8803 99 8902
0 11 37831
0 51 37830
8979 94 9073
0 77 37831
0 124 37830
9163 91 9254
0 90 37831
0 29 37830
9350 24 9374
0 96 37831
0 18 37830
9423 86 9509
0 49 37831
0 64 37830
9618 95 9713
0 109 37831
0 133 37830
9740 76 9816
0 27 37831
0 24 37830
9900 58 9958
0 84 37831
0 159 37830
9992 59 10051
0 34 37831
0 86 37830
10105 83 10188
0 54 37831
0 73 37830
10293 85 10378
0 105 37831
0 195 37830
10469 88 10557
0 91 37831
0 92 37830
10592 72 10664
0 35 37831
0 52 37830
10689 82 10771
0 25 37831
0 33 37830
10781 36 10817
0 10 37831
0 45 37830
10848 75 10923
0 31 37831
0 76 37830
10942 35 10977
0 19 37831
0 167 37830
11045 67 11112
0 68 37831
0 101 37830
11220 53 11273
0 108 37831
0 40 37830
11373 69 11442
0 100 37831
0 194 37830
11546 93 11639
0 104 37831
0 105 37830
11650 16 11666
0 11 37831
0 98 37830
11692 67 11759
0 26 37831
0 116 37830
11864 89 11953
0 105 37831
0 68 37830
12053 100 12153
0 100 37831
0 127 37830
12225 98 12323
0 72 37831
0 171 37830
12352 13 12365
0 29 37831
0 145 37830
12453 12 12465
0 88 37831
0 172 37830
12506 51 12557
0 41 37831
0 161 37830
12584 75 12659
0 27 37831
0 179 37830
12730 16 12746
0 71 37831
0 140 37830
12781 12 12793
0 35 37831
0 49 37830
12890 48 12938
0 97 37831
0 101 37830
12980 45 13025
0 42 37831
0 90 37830
13109 12 13121
0 84 37831
0 27 37830
13182 40 13222
0 61 37831
0 15 37830
13323 90 13413
0 101 37831
0 108 37830
13491 30 13521
0 78 37831
0 86 37830
13568 85 13653
0 47 37831
0 83 37830
13711 76 13787
0 58 37831
0 27 37830
13887 103 13990
0 100 37831
0 56 37830
14039 57 14096
0 49 37831
0 20 37830
14124 54 14178
0 28 37831
0 161 37830
14240 85 14325
0 62 37831
0 105 37830
14407 68 14475
0 82 37831
0 173 37830
14528 74 14602
0 53 37831
0 103 37830
14650 35 14685
0 48 37831
0 199 37830
14760 67 14827
0 75 37831
0 57 37830
14925 38 14963
0 98 37831
0 55 37830
15048 13 15061
0 85 37831
0 49 37830
15154 59 15213
0 93 37831
0 176 37830
15322 85 15407
0 109 37831
0 39 37830
15451 108 15559
0 44 37831
0 132 37830
15641 67 15708
0 82 37831
0 16 37830
15779 92 15871
0 71 37831
0 143 37830
15961 32 15993
0 90 37831
0 115 37830
16052 71 16123
0 59 37831
0 171 37830
16177 89 16266
0 54 37831
0 91 37830
16340 40 16380
0 74 37831
0 45 37830
16399 13 16412
0 19 37831
0 33 37830
16450 92 16542
0 38 37831
0 29 37830
16575 74 16649
0 33 37831
0 117 37830
16694 80 16774
0 45 37831
0 177 37830
16804 81 16885
0 30 37831
0 186 37830
16933 109 17042
0 48 37831
0 186 37830
17066 60 17126
0 24 37831
0 177 37830
17212 54 17266
0 86 37831
0 132 37830
17366 66 17432
0 100 37831
0 170 37830
17522 73 17595
0 90 37831
0 141 37830
17640 70 17710
0 45 37831
0 191 37830
17733 41 17774
0 23 37831
0 20 37830
17807 42 17849
0 33 37831
0 155 37830
17878 42 17920
0 29 37831
0 52 37830
17934 83 18017
0 14 37831
0 62 37830
18126 84 18210
0 109 37831
0 104 37830
18276 46 18322
0 66 37831
0 67 37830
18342 28 18370
0 20 37831
0 66 37830
18400 82 18482
0 30 37831
0 83 37830
18590 73 18663
0 108 37831
0 141 37830
18765 29 18794
0 102 37831
0 26 37830
18836 106 18942
0 42 37831
0 56 37830
18976 105 19081
0 34 37831
0 121 37830
19092 67 19159
0 11 37831
0 48 37830
19247 51 19298
0 88 37831
0 103 37830
19342 85 19427
0 44 37831
0 98 37830
19456 71 19527
0 29 37831
0 202 37830
19595 107 19702
0 68 37831
0 164 37830
19714 53 19767
0 12 37831
0 163 37830
19799 103 19902
0 32 37831
0 141 37830
19996 97 20093
0 94 37831
0 29 37830
20163 34 20197
0 70 37831
0 166 37830
20238 37 20275
0 41 37831
0 54 37830
20301 83 20384
0 26 37831
0 81 37830
20488 108 20596
0 104 37831
0 153 37830
