501
76 59 135
0 76 37191
0 35 37190
197 60 257
0 62 37191
0 154 37190
365 105 470
0 108 37191
0 194 37190
568 42 610
0 98 37191
0 200 37190
707 95 802
0 97 37191
0 27 37190
823 104 927
0 21 37191
0 150 37190
975 24 999
0 48 37191
0 45 37190
1085 77 1162
0 86 37191
0 58 37190
1264 69 1333
0 102 37191
0 10 37190
1373 50 1423
0 40 37191
0 172 37190
1512 102 1614
0 89 37191
0 36 37190
1674 25 1699
0 60 37191
0 148 37190
1735 79 1814
0 36 37191
0 51 37190
1879 10 1889
0 65 37191
0 11 37190
1968 93 2061
0 79 37191
0 91 37190
2162 97 2259
0 101 37191
0 66 37190
2324 40 2364
0 65 37191
0 148 37190
2399 14 2413
0 35 37191
0 126 37190
2500 109 2609
0 87 37191
0 36 37190
2700 66 2766
0 91 37191
0 95 37190
2825 86 2911
0 59 37191
0 144 37190
2983 32 3015
0 72 37191
0 181 37190
3105 18 3123
0 90 37191
0 69 37190
3155 54 3209
0 32 37191
0 93 37190
3222 104 3326
0 13 37191
0 57 37190
3398 77 3475
0 72 37191
0 84 37190
3516 11 3527
0 41 37191
0 26 37190
3572 108 3680
0 45 37191
0 106 37190
3777 58 3835
0 97 37191
0 185 37190
3880 49 3929
0 45 37191
0 74 37190
4001 76 4077
0 72 37191
0 60 37190
4154 51 4205
0 77 37191
0 29 37190
4217 25 4242
0 12 37191
0 42 37190
4269 55 4324
0 27 37191
0 62 37190
4433 73 4506
0 109 37191
0 65 37190
4613 91 4704
0 107 37191
0 208 37190
4730 90 4820
0 26 37191
0 147 37190
4922 27 4949
0 102 37191
0 37 37190
5023 84 5107
0 74 37191
0 101 37190
5158 18 5176
0 51 37191
0 105 37190
5223 95 5318
0 47 37191
0 126 37190
5416 51 5467
0 98 37191
0 199 37190
5512 56 5568
0 45 37191
0 209 37190
5595 28 5623
0 27 37191
0 20 37190
5638 59 5697
0 15 37191
0 159 37190
5764 48 5812
0 67 37191
0 139 37190
5883 71 5954
0 71 37191
0 170 37190
5999 63 6062
0 45 37191
0 100 37190
6151 20 6171
0 89 37191
0 31 37190
6249 62 6311
0 78 37191
0 23 37190
6371 69 6440
0 60 37191
0 148 37190
6496 36 6532
0 56 37191
0 138 37190
6598 50 6648
0 66 37191
0 49 37190
6698 62 6760
0 50 37191
0 93 37190
6830 101 6931
0 70 37191
0 96 37190
7031 33 7064
0 100 37191
0 76 37190
7149 91 7240
0 85 37191
0 83 37190
7282 38 7320
0 42 37191
0 59 37190
7336 68 7404
0 16 37191
0 107 37190
7430 98 7528
0 26 37191
0 19 37190
7573 44 7617
0 45 37191
0 33 37190
7643 48 7691
0 26 37191
0 66 37190
7735 64 7799
0 44 37191
0 129 37190
7883 34 7917
0 84 37191
0 46 37190
8008 86 8094
0 91 37191
0 54 37190
8155 46 8201
0 61 37191
0 146 37190
8284 107 8391
0 83 37191
0 209 37190
8444 24 8468
0 53 37191
0 171 37190
8552 23 8575
0 84 37191
0 59 37190
8621 58 8679
0 46 37191
0 60 37190
8744 64 8808
0 65 37191
0 41 37190
8900 14 8914
0 92 37191
0 136 37190
9000 61 9061
0 86 37191
0 61 37190
9160 58 9218
0 99 37191
0 200 37190
9315 53 9368
0 97 37191
0 93 37190
9378 73 9451
0 10 37191
0 52 37190
9521 99 9620
0 70 37191
0 113 37190
9662 67 9729
0 42 37191
0 144 37190
9751 26 9777
0 22 37191
0 195 37190
9821 65 9886
0 44 37191
0 180 37190
9910 84 9994
0 24 37191
0 26 37190
10018 102 10120
0 24 37191
0 69 37190
10219 70 10289
0 99 37191
0 146 37190
10335 34 10369
0 46 37191
0 91 37190
10404 10 10414
0 35 37191
0 118 37190
10501 42 10543
0 87 37191
0 129 37190
10562 52 10614
0 19 37191
0 67 37190
10635 11 10646
0 21 37191
0 169 37190
10693 84 10777
0 47 37191
0 77 37190
10811 12 10823
0 34 37191
0 12 37190
10910 23 10933
0 87 37191
0 39 37190
10965 42 11007
0 32 37191
0 136 37190
11052 53 11105
0 45 37191
0 171 37190
11173 92 11265
0 68 37191
0 123 37190
11313 45 11358
0 48 37191
0 171 37190
11404 97 11501
0 46 37191
0 107 37190
11530 106 11636
0 29 37191
0 191 37190
11690 101 11791
0 54 37191
0 47 37190
11843 21 11864
0 52 37191
0 121 37190
11889 24 11913
0 25 37191
0 144 37190
11990 30 12020
0 77 37191
0 204 37190
12058 79 12137
0 38 37191
0 34 37190
12218 96 12314
0 81 37191
0 145 37190
12324 68 12392
0 10 37191
0 184 37190
12425 26 12451
0 33 37191
0 23 37190
12476 35 12511
0 25 37191
0 88 37190
12533 109 12642
0 22 37191
0 79 37190
12718 90 12808
0 76 37191
0 85 37190
12869 64 12933
0 61 37191
0 202 37190
12999 102 13101
0 66 37191
0 51 37190
13170 100 13270
0 69 37191
0 125 37190
13324 47 13371
0 54 37191
0 123 37190
13401 20 13421
0 30 37191
0 111 37190
13508 106 13614
0 87 37191
0 151 37190
13690 72 13762
0 76 37191
0 20 37190
13851 19 13870
0 89 37191
0 82 37190
13964 96 14060
0 94 37191
0 96 37190
14159 74 14233
0 99 37191
0 64 37190
14286 23 14309
0 53 37191
0 134 37190
14319 75 14394
0 10 37191
0 83 37190
14407 78 14485
0 13 37191
0 22 37190
14582 85 14667
0 97 37191
0 152 37190
14698 22 14720
0 31 37191
0 158 37190
14772 104 14876
0 52 37191
0 17 37190
14937 68 15005
0 61 37191
0 40 37190
15037 17 15054
0 32 37191
0 78 37190
15113 61 15174
0 59 37191
0 140 37190
15256 16 15272
0 82 37191
0 123 37190
15337 99 15436
0 65 37191
0 54 37190
15508 64 15572
0 72 37191
0 204 37190
15644 88 15732
0 72 37191
0 27 37190
15754 28 15782
0 22 37191
0 159 37190
15797 76 15873
0 15 37191
0 125 37190
15925 107 16032
0 52 37191
0 192 37190
16099 20 16119
0 67 37191
0 37 37190
16159 88 16247
0 40 37191
0 201 37190
16315 92 16407
0 68 37191
0 109 37190
16436 61 16497
0 29 37191
0 206 37190
16591 33 16624
0 94 37191
0 120 37190
16733 70 16803
0 109 37191
0 61 37190
16830 46 16876
0 27 37191
0 17 37190
16887 23 16910
0 11 37191
0 131 37190
16977 67 17044
0 67 37191
0 170 37190
17139 21 17160
0 95 37191
0 201 37190
17191 99 17290
0 31 37191
0 182 37190
17375 90 17465
0 85 37191
0 125 37190
17532 95 17627
0 67 37191
0 26 37190
17653 103 17756
0 26 37191
0 79 37190
17766 108 17874
0 10 37191
0 94 37190
17896 16 17912
0 22 37191
0 154 37190
17992 42 18034
0 80 37191
0 192 37190
18054 17 18071
0 20 37191
0 113 37190
18132 86 18218
0 61 37191
0 158 37190
18275 59 18334
0 57 37191
0 23 37190
18393 68 18461
0 59 37191
0 32 37190
18526 27 18553
0 65 37191
0 127 37190
18589 30 18619
0 36 37191
0 47 37190
18648 23 18671
0 29 37191
0 146 37190
18713 59 18772
0 42 37191
0 162 37190
18852 72 18924
0 80 37191
0 93 37190
19032 59 19091
0 108 37191
0 34 37190
19181 58 19239
0 90 37191
0 58 37190
19340 73 19413
0 101 37191
0 45 37190
19442 91 19533
0 29 37191
0 56 37190
19561 93 19654
0 28 37191
0 102 37190
19676 85 19761
0 22 37191
0 181 37190
19783 48 19831
0 22 37191
0 188 37190
