501
63 14 77
0 63 39237
0 207 39236
142 22 164
0 65 39237
0 14 39236
228 69 297
0 64 39237
0 149 39236
309 80 389
0 12 39237
0 106 39236
471 81 552
0 82 39237
0 159 39236
613 63 676
0 61 39237
0 48 39236
780 29 809
0 104 39237
0 71 39236
883 59 942
0 74 39237
0 200 39236
1014 42 1056
0 72 39237
0 121 39236
1082 97 1179
0 26 39237
0 69 39236
1254 82 1336
0 75 39237
0 67 39236
1365 26 1391
0 29 39237
0 140 39236
1467 19 1486
0 76 39237
0 23 39236
1577 32 1609
0 91 39237
0 38 39236
1648 108 1756
0 39 39237
0 148 39236
1810 44 1854
0 54 39237
0 75 39236
1917 21 1938
0 63 39237
0 180 39236
1981 11 1992
0 43 39237
0 139 39236
2101 80 2181
0 109 39237
0 152 39236
2281 14 2295
0 100 39237
0 170 39236
2322 102 2424
0 27 39237
0 197 39236
2467 106 2573
0 43 39237
0 187 39236
2654 73 2727
0 81 39237
0 10 39236
2808 10 2818
0 81 39237
0 63 39236
2906 17 2923
0 88 39237
0 195 39236
2941 60 3001
0 18 39237
0 181 39236
3093 82 3175
0 92 39237
0 159 39236
3204 72 3276
0 29 39237
0 89 39236
3352 11 3363
0 76 39237
0 128 39236
3433 13 3446
0 70 39237
0 94 39236
3494 107 3601
0 48 39237
0 115 39236
3697 89 3786
0 96 39237
0 82 39236
3830 16 3846
0 44 39237
0 168 39236
3874 63 3937
0 28 39237
0 43 39236
3995 53 4048
0 58 39237
0 101 39236
4132 65 4197
0 84 39237
0 75 39236
4251 41 4292
0 54 39237
0 130 39236
4346 49 4395
0 54 39237
0 40 39236
4498 41 4539
0 103 39237
0 193 39236
4635 99 4734
0 96 39237
0 15 39236
4826 81 4907
0 92 39237
0 184 39236
4945 73 5018
0 38 39237
0 41 39236
5034 96 5130
0 16 39237
0 13 39236
5181 43 5224
0 51 39237
0 91 39236
5249 100 5349
0 25 39237
0 35 39236
5391 55 5446
0 42 39237
0 81 39236
5503 83 5586
0 57 39237
0 86 39236
5618 91 5709
0 32 39237
0 181 39236
5740 54 5794
0 31 39237
0 195 39236
5901 109 6010
0 107 39237
0 48 39236
6089 98 6187
0 79 39237
0 187 39236
6236 41 6277
0 49 39237
0 165 39236
6374 107 6481
0 97 39237
0 117 39236
6576 41 6617
0 95 39237
0 97 39236
6637 84 6721
0 20 39237
0 163 39236
6822 52 6874
0 101 39237
0 121 39236
6976 46 7022
0 102 39237
0 70 39236
7092 56 7148
0 70 39237
0 36 39236
7235 93 7328
0 87 39237
0 99 39236
7339 85 7424
0 11 39237
0 149 39236
7442 76 7518
0 18 39237
0 199 39236
7569 100 7669
0 51 39237
0 25 39236
7701 47 7748
0 32 39237
0 163 39236
7840 37 7877
0 92 39237
0 66 39236
7901 94 7995
0 24 39237
0 170 39236
8081 97 8178
0 86 39237
0 182 39236
8208 27 8235
0 30 39237
0 122 39236
8263 24 8287
0 28 39237
0 29 39236
8339 54 8393
0 52 39237
0 165 39236
8495 47 8542
0 102 39237
0 186 39236
8585 97 8682
0 43 39237
0 63 39236
8758 32 8790
0 76 39237
0 82 39236
8816 42 8858
0 26 39237
0 156 39236
8963 99 9062
0 105 39237
0 138 39236
9125 77 9202
0 63 39237
0 122 39236
9288 19 9307
0 86 39237
0 138 39236
9402 31 9433
0 95 39237
0 124 39236
9508 64 9572
0 75 39237
0 106 39236
9640 43 9683
0 68 39237
0 106 39236
9761 81 9842
0 78 39237
0 194 39236
9912 56 9968
0 70 39237
0 125 39236
10074 36 10110
0 106 39237
0 96 39236
10168 80 10248
0 58 39237
0 65 39236
10313 106 10419
0 65 39237
0 157 39236
10465 77 10542
0 46 39237
0 56 39236
10579 27 10606
0 37 39237
0 85 39236
10693 43 10736
0 87 39237
0 205 39236
10827 71 10898
0 91 39237
0 157 39236
10972 34 11006
0 74 39237
0 138 39236
11034 102 11136
0 28 39237
0 84 39236
11237 71 11308
0 101 39237
0 192 39236
11413 10 11423
0 105 39237
0 125 39236
11500 71 11571
0 77 39237
0 128 39236
11612 76 11688
0 41 39237
0 96 39236
11785 13 11798
0 97 39237
0 26 39236
11897 16 11913
0 99 39237
0 169 39236
12013 106 12119
0 100 39237
0 51 39236
12216 95 12311
0 97 39237
0 56 39236
12385 77 12462
0 74 39237
0 165 39236
12561 29 12590
0 99 39237
0 193 39236
12663 100 12763
0 73 39237
0 62 39236
12807 105 12912
0 44 39237
0 117 39236
13015 32 13047
0 103 39237
0 146 39236
13137 71 13208
0 90 39237
0 43 39236
13233 44 13277
0 25 39237
0 102 39236
13358 16 13374
0 81 39237
0 207 39236
13424 74 13498
0 50 39237
0 27 39236
13605 75 13680
0 107 39237
0 128 39236
13725 108 13833
0 45 39237
0 50 39236
13885 82 13967
0 52 39237
0 124 39236
14025 41 14066
0 58 39237
0 97 39236
14107 43 14150
0 41 39237
0 202 39236
14214 12 14226
0 64 39237
0 100 39236
14296 79 14375
0 70 39237
0 193 39236
14397 40 14437
0 22 39237
0 71 39236
14485 85 14570
0 48 39237
0 60 39236
14639 92 14731
0 69 39237
0 174 39236
14793 70 14863
0 62 39237
0 38 39236
14913 57 14970
0 50 39237
0 119 39236
15050 87 15137
0 80 39237
0 41 39236
15236 38 15274
0 99 39237
0 168 39236
15343 40 15383
0 69 39237
0 76 39236
15445 12 15457
0 62 39237
0 195 39236
15538 52 15590
0 81 39237
0 136 39236
15654 76 15730
0 64 39237
0 154 39236
15829 74 15903
0 99 39237
0 90 39236
15936 46 15982
0 33 39237
0 23 39236
16017 13 16030
0 35 39237
0 23 39236
16109 96 16205
0 79 39237
0 125 39236
16268 61 16329
0 63 39237
0 96 39236
16341 16 16357
0 12 39237
0 62 39236
16430 92 16522
0 73 39237
0 39 39236
16602 61 16663
0 80 39237
0 47 39236
16749 18 16767
0 86 39237
0 186 39236
16870 96 16966
0 103 39237
0 74 39236
16985 50 17035
0 19 39237
0 65 39236
17061 52 17113
0 26 39237
0 191 39236
17144 100 17244
0 31 39237
0 32 39236
17307 61 17368
0 63 39237
0 80 39236
17408 72 17480
0 40 39237
0 159 39236
17515 59 17574
0 35 39237
0 29 39236
17636 77 17713
0 62 39237
0 60 39236
17767 37 17804
0 54 39237
0 11 39236
17908 63 17971
0 104 39237
0 148 39236
17990 89 18079
0 19 39237
0 87 39236
18184 59 18243
0 105 39237
0 22 39236
18278 24 18302
0 35 39237
0 151 39236
18321 94 18415
0 19 39237
0 200 39236
18513 71 18584
0 98 39237
0 159 39236
18602 55 18657
0 18 39237
0 204 39236
18706 47 18753
0 49 39237
0 18 39236
18820 16 18836
0 67 39237
0 206 39236
18922 105 19027
0 86 39237
0 33 39236
19042 43 19085
0 15 39237
0 165 39236
19139 35 19174
0 54 39237
0 151 39236
19233 25 19258
0 59 39237
0 151 39236
19346 72 19418
0 88 39237
0 204 39236
19432 106 19538
0 14 39237
0 79 39236
19641 31 19672
0 103 39237
0 107 39236
19691 82 19773
0 19 39237
0 156 39236
19831 22 19853
0 58 39237
0 47 39236
19882 100 19982
0 29 39237
0 198 39236
20004 20 20024
0 22 39237
0 28 39236
20070 102 20172
0 46 39237
0 47 39236
20242 59 20301
0 70 39237
0 199 39236
20327 66 20393
0 26 39237
0 63 39236
20429 79 20508
0 36 39237
0 78 39236
