501
84 87 171
0 84 37828
0 169 37827
268 73 341
0 97 37828
0 62 37827
448 18 466
0 107 37828
0 204 37827
506 22 528
0 40 37828
0 23 37827
627 48 675
0 99 37828
0 122 37827
764 13 777
0 89 37828
0 193 37827
854 10 864
0 77 37828
0 207 37827
925 101 1026
0 61 37828
0 192 37827
1039 41 1080
0 13 37828
0 159 37827
1125 107 1232
0 45 37828
0 180 37827
1276 24 1300
0 44 37828
0 207 37827
1352 71 1423
0 52 37828
0 46 37827
1437 58 1495
0 14 37828
0 26 37827
1505 51 1556
0 10 37828
0 130 37827
1604 22 1626
0 48 37828
0 131 37827
1714 103 1817
0 88 37828
0 132 37827
1827 69 1896
0 10 37828
0 179 37827
1995 48 2043
0 99 37828
0 64 37827
2122 33 2155
0 79 37828
0 147 37827
2261 10 2271
0 106 37828
0 200 37827
2375 16 2391
0 104 37828
0 93 37827
2459 36 2495
0 68 37828
0 13 37827
2598 105 2703
0 103 37828
0 193 37827
2794 80 2874
0 91 37828
0 134 37827
2908 26 2934
0 34 37828
0 183 37827
3019 11 3030
0 85 37828
0 78 37827
3055 11 3066
0 25 37828
0 60 37827
3142 31 3173
0 76 37828
0 146 37827
3220 52 3272
0 47 37828
0 12 37827
3329 24 3353
0 57 37828
0 37 37827
3379 100 3479
0 26 37828
0 137 37827
3565 91 3656
0 86 37828
0 197 37827
3750 44 3794
0 94 37828
0 53 37827
3860 31 3891
0 66 37828
0 124 37827
3925 84 4009
0 34 37828
0 124 37827
4051 73 4124
0 42 37828
0 59 37827
4172 82 4254
0 48 37828
0 125 37827
4265 100 4365
0 11 37828
0 54 37827
4430 51 4481
0 65 37828
0 166 37827
4557 64 4621
0 76 37828
0 28 37827
4730 94 4824
0 109 37828
0 110 37827
4844 67 4911
0 20 37828
0 95 37827
4937 82 5019
0 26 37828
0 134 37827
5042 25 5067
0 23 37828
0 73 37827
5123 101 5224
0 56 37828
0 18 37827
5285 45 5330
0 61 37828
0 156 37827
5346 50 5396
0 16 37828
0 157 37827
5437 101 5538
0 41 37828
0 152 37827
5600 44 5644
0 62 37828
0 93 37827
5745 66 5811
0 101 37828
0 205 37827
5910 13 5923
0 99 37828
0 125 37827
5990 49 6039
0 67 37828
0 155 37827
6137 85 6222
0 98 37828
0 146 37827
6251 32 6283
0 29 37828
0 49 37827
6358 21 6379
0 75 37828
0 35 37827
6454 30 6484
0 75 37828
0 133 37827
6502 103 6605
0 18 37828
0 123 37827
6649 31 6680
0 44 37828
0 106 37827
6735 58 6793
0 55 37828
0 61 37827
6833 43 6876
0 40 37828
0 70 37827
6962 109 7071
0 86 37828
0 13 37827
7120 85 7205
0 49 37828
0 42 37827
7254 22 7276
0 49 37828
0 141 37827
7295 103 7398
0 19 37828
0 112 37827
7413 19 7432
0 15 37828
0 139 37827
7460 76 7536
0 28 37828
0 45 37827
7600 71 7671
0 64 37828
0 119 37827
7723 54 7777
0 52 37828
0 186 37827
7810 77 7887
0 33 37828
0 154 37827
7943 46 7989
0 56 37828
0 41 37827
8048 16 8064
0 59 37828
0 39 37827
8147 34 8181
0 83 37828
0 12 37827
8242 98 8340
0 61 37828
0 125 37827
8429 49 8478
0 89 37828
0 98 37827
8523 44 8567
0 45 37828
0 143 37827
8590 101 8691
0 23 37828
0 196 37827
8755 87 8842
0 64 37828
0 114 37827
8863 11 8874
0 21 37828
0 162 37827
8894 36 8930
0 20 37828
0 104 37827
9025 61 9086
0 95 37828
0 144 37827
9166 32 9198
0 80 37828
0 69 37827
9286 44 9330
0 88 37828
0 120 37827
9420 10 9430
0 90 37828
0 112 37827
9474 81 9555
0 44 37828
0 12 37827
9568 36 9604
0 13 37828
0 52 37827
9709 93 9802
0 105 37828
0 15 37827
9831 14 9845
0 29 37828
0 187 37827
9871 43 9914
0 26 37828
0 157 37827
9933 21 9954
0 19 37828
0 179 37827
10032 88 10120
0 78 37828
0 178 37827
10162 20 10182
0 42 37828
0 92 37827
10213 13 10226
0 31 37828
0 150 37827
10289 102 10391
0 63 37828
0 105 37827
10482 90 10572
0 91 37828
0 15 37827
10637 66 10703
0 65 37828
0 166 37827
10731 40 10771
0 28 37828
0 82 37827
10876 43 10919
0 105 37828
0 171 37827
10945 44 10989
0 26 37828
0 25 37827
11028 96 11124
0 39 37828
0 190 37827
11138 74 11212
0 14 37828
0 11 37827
11252 97 11349
0 40 37828
0 192 37827
11370 62 11432
0 21 37828
0 49 37827
11448 22 11470
0 16 37828
0 60 37827
11518 108 11626
0 48 37828
0 170 37827
11666 75 11741
0 40 37828
0 77 37827
11754 15 11769
0 13 37828
0 142 37827
11855 29 11884
0 86 37828
0 170 37827
11898 96 11994
0 14 37828
0 127 37827
12066 28 12094
0 72 37828
0 130 37827
12116 29 12145
0 22 37828
0 51 37827
12170 92 12262
0 25 37828
0 85 37827
12319 39 12358
0 57 37828
0 155 37827
12455 26 12481
0 97 37828
0 84 37827
12588 80 12668
0 107 37828
0 26 37827
12721 100 12821
0 53 37828
0 26 37827
12873 65 12938
0 52 37828
0 99 37827
12979 31 13010
0 41 37828
0 68 37827
13114 109 13223
0 104 37828
0 32 37827
13305 99 13404
0 82 37828
0 82 37827
13431 104 13535
0 27 37828
0 191 37827
13631 106 13737
0 96 37828
0 209 37827
13766 58 13824
0 29 37828
0 48 37827
13835 29 13864
0 11 37828
0 193 37827
13959 38 13997
0 95 37828
0 34 37827
14036 49 14085
0 39 37828
0 98 37827
14191 107 14298
0 106 37828
0 131 37827
14355 61 14416
0 57 37828
0 100 37827
14434 64 14498
0 18 37828
0 100 37827
14560 61 14621
0 62 37828
0 126 37827
14665 27 14692
0 44 37828
0 23 37827
14777 90 14867
0 85 37828
0 178 37827
14882 76 14958
0 15 37828
0 182 37827
14994 69 15063
0 36 37828
0 168 37827
15088 71 15159
0 25 37828
0 119 37827
15178 48 15226
0 19 37828
0 156 37827
15298 97 15395
0 72 37828
0 77 37827
15423 95 15518
0 28 37828
0 69 37827
15537 19 15556
0 19 37828
0 43 37827
15604 17 15621
0 48 37828
0 64 37827
15651 41 15692
0 30 37828
0 51 37827
15794 59 15853
0 102 37828
0 193 37827
15937 51 15988
0 84 37828
0 73 37827
16087 99 16186
0 99 37828
0 66 37827
16251 34 16285
0 65 37828
0 89 37827
16296 90 16386
0 11 37828
0 145 37827
16464 64 16528
0 78 37828
0 163 37827
16600 44 16644
0 72 37828
0 196 37827
16697 94 16791
0 53 37828
0 80 37827
16893 59 16952
0 102 37828
0 130 37827
16971 103 17074
0 19 37828
0 26 37827
17095 28 17123
0 21 37828
0 104 37827
17151 16 17167
0 28 37828
0 202 37827
17215 36 17251
0 48 37828
0 162 37827
17331 73 17404
0 80 37828
0 91 37827
17473 74 17547
0 69 37828
0 180 37827
17572 18 17590
0 25 37828
0 43 37827
17656 103 17759
0 66 37828
0 141 37827
17865 40 17905
0 106 37828
0 111 37827
17979 106 18085
0 74 37828
0 158 37827
18174 17 18191
0 89 37828
0 45 37827
18251 97 18348
0 60 37828
0 44 37827
18450 45 18495
0 102 37828
0 65 37827
18569 109 18678
0 74 37828
0 129 37827
18702 102 18804
0 24 37828
0 180 37827
18856 47 18903
0 52 37828
0 161 37827
18939 39 18978
0 36 37828
0 171 37827
19067 50 19117
0 89 37828
0 175 37827
