501
48 82 130
0 48 38555
0 67 38554
231 79 310
0 101 38555
0 134 38554
386 57 443
0 76 38555
0 163 38554
506 87 593
0 63 38555
0 65 38554
639 86 725
0 46 38555
0 69 38554
807 40 847
0 82 38555
0 118 38554
948 92 1040
0 101 38555
0 10 38554
1128 49 1177
0 88 38555
0 112 38554
1231 68 1299
0 54 38555
0 78 38554
1346 105 1451
0 47 38555
0 21 38554
1463 85 1548
0 12 38555
0 81 38554
1629 10 1639
0 81 38555
0 182 38554
1724 54 1778
0 85 38555
0 58 38554
1810 43 1853
0 32 38555
0 129 38554
1873 61 1934
0 20 38555
0 73 38554
1991 41 2032
0 57 38555
0 187 38554
2130 66 2196
0 98 38555
0 21 38554
2257 67 2324
0 61 38555
0 78 38554
2404 43 2447
0 80 38555
0 200 38554
2470 53 2523
0 23 38555
0 53 38554
2583 15 2598
0 60 38555
0 104 38554
2626 18 2644
0 28 38555
0 72 38554
2710 33 2743
0 66 38555
0 24 38554
2791 62 2853
0 48 38555
0 46 38554
2946 80 3026
0 93 38555
0 179 38554
3048 62 3110
0 22 38555
0 107 38554
3193 53 3246
0 83 38555
0 176 38554
3315 94 3409
0 69 38555
0 24 38554
3423 25 3448
0 14 38555
0 12 38554
3530 44 3574
0 82 38555
0 88 38554
3681 15 3696
0 107 38555
0 66 38554
3759 68 3827
0 63 38555
0 111 38554
3858 67 3925
0 31 38555
0 151 38554
4024 56 4080
0 99 38555
0 66 38554
4112 91 4203
0 32 38555
0 166 38554
4252 97 4349
0 49 38555
0 152 38554
4416 64 4480
0 67 38555
0 70 38554
4536 39 4575
0 56 38555
0 201 38554
4631 98 4729
0 56 38555
0 189 38554
4758 105 4863
0 29 38555
0 16 38554
4878 107 4985
0 15 38555
0 75 38554
5074 44 5118
0 89 38555
0 198 38554
5153 96 5249
0 35 38555
0 104 38554
5350 19 5369
0 101 38555
0 166 38554
5406 25 5431
0 37 38555
0 203 38554
5451 65 5516
0 20 38555
0 151 38554
5625 25 5650
0 109 38555
0 74 38554
5745 28 5773
0 95 38555
0 69 38554
5798 21 5819
0 25 38555
0 118 38554
5897 34 5931
0 78 38555
0 93 38554
6035 61 6096
0 104 38555
0 156 38554
6136 61 6197
0 40 38555
0 180 38554
6277 52 6329
0 80 38555
0 165 38554
6428 106 6534
0 99 38555
0 196 38554
6639 105 6744
0 105 38555
0 160 38554
6825 100 6925
0 81 38555
0 112 38554
6998 28 7026
0 73 38555
0 28 38554
7061 37 7098
0 35 38555
0 34 38554
7175 59 7234
0 77 38555
0 32 38554
7310 29 7339
0 76 38555
0 204 38554
7395 90 7485
0 56 38555
0 49 38554
7547 58 7605
0 62 38555
0 34 38554
7623 63 7686
0 18 38555
0 159 38554
7715 72 7787
0 29 38555
0 134 38554
7874 90 7964
0 87 38555
0 43 38554
8021 75 8096
0 57 38555
0 194 38554
8139 107 8246
0 43 38555
0 192 38554
8280 105 8385
0 34 38555
0 85 38554
8424 19 8443
0 39 38555
0 94 38554
8529 66 8595
0 86 38555
0 67 38554
8611 92 8703
0 16 38555
0 158 38554
8803 67 8870
0 100 38555
0 90 38554
8969 58 9027
0 99 38555
0 134 38554
9062 97 9159
0 35 38555
0 136 38554
9221 43 9264
0 62 38555
0 181 38554
9308 46 9354
0 44 38555
0 84 38554
9429 55 9484
0 75 38555
0 203 38554
9562 69 9631
0 78 38555
0 51 38554
9732 88 9820
0 101 38555
0 96 38554
9879 15 9894
0 59 38555
0 39 38554
9911 14 9925
0 17 38555
0 108 38554
10032 78 10110
0 107 38555
0 99 38554
10121 13 10134
0 11 38555
0 66 38554
10234 36 10270
0 100 38555
0 94 38554
10349 15 10364
0 79 38555
0 63 38554
10462 102 10564
0 98 38555
0 138 38554
10597 17 10614
0 33 38555
0 145 38554
10680 44 10724
0 66 38555
0 88 38554
10828 105 10933
0 104 38555
0 80 38554
11036 92 11128
0 103 38555
0 165 38554
11191 69 11260
0 63 38555
0 191 38554
11316 81 11397
0 56 38555
0 57 38554
11484 39 11523
0 87 38555
0 192 38554
11614 99 11713
0 91 38555
0 164 38554
11810 90 11900
0 97 38555
0 19 38554
11912 64 11976
0 12 38555
0 193 38554
12056 103 12159
0 80 38555
0 128 38554
12195 103 12298
0 36 38555
0 125 38554
12389 29 12418
0 91 38555
0 176 38554
12498 85 12583
0 80 38555
0 98 38554
12690 51 12741
0 107 38555
0 87 38554
12797 46 12843
0 56 38555
0 187 38554
12889 56 12945
0 46 38555
0 85 38554
13017 43 13060
0 72 38555
0 85 38554
13114 14 13128
0 54 38555
0 193 38554
13179 99 13278
0 51 38555
0 76 38554
13318 90 13408
0 40 38555
0 30 38554
13437 69 13506
0 29 38555
0 102 38554
13541 37 13578
0 35 38555
0 88 38554
13667 83 13750
0 89 38555
0 50 38554
13779 57 13836
0 29 38555
0 89 38554
13903 26 13929
0 67 38555
0 105 38554
13946 85 14031
0 17 38555
0 23 38554
14137 40 14177
0 106 38555
0 185 38554
14232 10 14242
0 55 38555
0 67 38554
14303 75 14378
0 61 38555
0 43 38554
14407 27 14434
0 29 38555
0 61 38554
14479 11 14490
0 45 38555
0 18 38554
14516 82 14598
0 26 38555
0 91 38554
14675 38 14713
0 77 38555
0 117 38554
14781 69 14850
0 68 38555
0 167 38554
14923 50 14973
0 73 38555
0 103 38554
15018 19 15037
0 45 38555
0 23 38554
15120 73 15193
0 83 38555
0 46 38554
15213 39 15252
0 20 38555
0 177 38554
15331 58 15389
0 79 38555
0 39 38554
15492 84 15576
0 103 38555
0 159 38554
15596 84 15680
0 20 38555
0 136 38554
15785 31 15816
0 105 38555
0 15 38554
15872 53 15925
0 56 38555
0 187 38554
16027 56 16083
0 102 38555
0 160 38554
16130 28 16158
0 47 38555
0 149 38554
16260 13 16273
0 102 38555
0 95 38554
16367 102 16469
0 94 38555
0 33 38554
16537 96 16633
0 68 38555
0 122 38554
16695 81 16776
0 62 38555
0 67 38554
16839 102 16941
0 63 38555
0 10 38554
17042 64 17106
0 101 38555
0 81 38554
17165 45 17210
0 59 38555
0 67 38554
17290 93 17383
0 80 38555
0 85 38554
17455 49 17504
0 72 38555
0 131 38554
17551 101 17652
0 47 38555
0 14 38554
17735 70 17805
0 83 38555
0 21 38554
17862 57 17919
0 57 38555
0 122 38554
17956 107 18063
0 37 38555
0 79 38554
18152 44 18196
0 89 38555
0 86 38554
18294 10 18304
0 98 38555
0 198 38554
18391 68 18459
0 87 38555
0 99 38554
18478 104 18582
0 19 38555
0 126 38554
18689 109 18798
0 107 38555
0 196 38554
18817 103 18920
0 19 38555
0 191 38554
18933 34 18967
0 13 38555
0 153 38554
18983 51 19034
0 16 38555
0 41 38554
19060 51 19111
0 26 38555
0 101 38554
19142 88 19230
0 31 38555
0 160 38554
19295 91 19386
0 65 38555
0 100 38554
19469 79 19548
0 83 38555
0 13 38554
19620 63 19683
0 72 38555
0 122 38554
19707 61 19768
0 24 38555
0 170 38554
19854 48 19902
0 86 38555
0 59 38554
19957 65 20022
0 55 38555
0 167 38554
20051 92 20143
0 29 38555
0 197 38554
20218 70 20288
0 75 38555
0 45 38554
20317 53 20370
0 29 38555
0 160 38554
20471 44 20515
0 101 38555
0 144 38554
20590 23 20613
0 75 38555
0 182 38554
20640 50 20690
0 27 38555
0 35 38554
