501
95 97 192
0 95 37594
0 178 37593
281 17 298
0 89 37594
0 154 37593
350 19 369
0 52 37594
0 102 37593
380 55 435
0 11 37594
0 49 37593
508 19 527
0 73 37594
0 106 37593
596 15 611
0 69 37594
0 111 37593
696 56 752
0 85 37594
0 21 37593
787 99 886
0 35 37594
0 108 37593
982 56 1038
0 96 37594
0 106 37593
1101 86 1187
0 63 37594
0 89 37593
1295 77 1372
0 108 37594
0 39 37593
1430 71 1501
0 58 37594
0 107 37593
1601 46 1647
0 100 37594
0 168 37593
1727 34 1761
0 80 37594
0 191 37593
1858 56 1914
0 97 37594
0 126 37593
1942 70 2012
0 28 37594
0 59 37593
2116 70 2186
0 104 37594
0 84 37593
2213 57 2270
0 27 37594
0 19 37593
2355 73 2428
0 85 37594
0 30 37593
2479 27 2506
0 51 37594
0 154 37593
2528 71 2599
0 22 37594
0 113 37593
2631 15 2646
0 32 37594
0 172 37593
2700 58 2758
0 54 37594
0 11 37593
2854 27 2881
0 96 37594
0 176 37593
2977 76 3053
0 96 37594
0 198 37593
3141 78 3219
0 88 37594
0 101 37593
3307 58 3365
0 88 37594
0 140 37593
3399 25 3424
0 34 37594
0 73 37593
3442 102 3544
0 18 37594
0 110 37593
3562 73 3635
0 18 37594
0 46 37593
3671 17 3688
0 36 37594
0 199 37593
3711 38 3749
0 23 37594
0 90 37593
3790 77 3867
0 41 37594
0 46 37593
3952 99 4051
0 85 37594
0 194 37593
4079 36 4115
0 28 37594
0 127 37593
4223 20 4243
0 108 37594
0 24 37593
4267 12 4279
0 24 37594
0 127 37593
4294 103 4397
0 15 37594
0 17 37593
4468 102 4570
0 71 37594
0 75 37593
4674 74 4748
0 104 37594
0 199 37593
4825 10 4835
0 77 37594
0 52 37593
4883 51 4934
0 48 37594
0 31 37593
5038 41 5079
0 104 37594
0 63 37593
5135 85 5220
0 56 37594
0 97 37593
5307 23 5330
0 87 37594
0 141 37593
5410 27 5437
0 80 37594
0 116 37593
5514 81 5595
0 77 37594
0 104 37593
5663 94 5757
0 68 37594
0 166 37593
5863 10 5873
0 106 37594
0 36 37593
5902 72 5974
0 29 37594
0 142 37593
6055 99 6154
0 81 37594
0 123 37593
6179 84 6263
0 25 37594
0 188 37593
6321 20 6341
0 58 37594
0 102 37593
6442 92 6534
0 101 37594
0 108 37593
6563 13 6576
0 29 37594
0 111 37593
6610 36 6646
0 34 37594
0 15 37593
6702 41 6743
0 56 37594
0 134 37593
6793 102 6895
0 50 37594
0 141 37593
6929 74 7003
0 34 37594
0 188 37593
7023 54 7077
0 20 37594
0 43 37593
7178 66 7244
0 101 37594
0 102 37593
7267 18 7285
0 23 37594
0 193 37593
7309 13 7322
0 24 37594
0 75 37593
7400 30 7430
0 78 37594
0 47 37593
7459 51 7510
0 29 37594
0 87 37593
7537 83 7620
0 27 37594
0 77 37593
7710 46 7756
0 90 37594
0 71 37593
7861 79 7940
0 105 37594
0 196 37593
7955 98 8053
0 15 37594
0 59 37593
8145 49 8194
0 92 37594
0 173 37593
8208 107 8315
0 14 37594
0 35 37593
8408 83 8491
0 93 37594
0 135 37593
8557 92 8649
0 66 37594
0 120 37593
8691 38 8729
0 42 37594
0 158 37593
8811 74 8885
0 82 37594
0 173 37593
8901 59 8960
0 16 37594
0 35 37593
9024 103 9127
0 64 37594
0 110 37593
9155 55 9210
0 28 37594
0 18 37593
9262 59 9321
0 52 37594
0 51 37593
9334 85 9419
0 13 37594
0 195 37593
9469 72 9541
0 50 37594
0 20 37593
9631 17 9648
0 90 37594
0 40 37593
9750 86 9836
0 102 37594
0 100 37593
9892 103 9995
0 56 37594
0 167 37593
10054 10 10064
0 59 37594
0 63 37593
10104 48 10152
0 40 37594
0 115 37593
10245 83 10328
0 93 37594
0 57 37593
10420 82 10502
0 92 37594
0 77 37593
10522 31 10553
0 20 37594
0 12 37593
10603 24 10627
0 50 37594
0 153 37593
10658 52 10710
0 31 37594
0 149 37593
10751 68 10819
0 41 37594
0 171 37593
10862 85 10947
0 43 37594
0 40 37593
10967 11 10978
0 20 37594
0 64 37593
11005 58 11063
0 27 37594
0 163 37593
11119 41 11160
0 56 37594
0 154 37593
11171 80 11251
0 11 37594
0 61 37593
11331 11 11342
0 80 37594
0 92 37593
11362 67 11429
0 20 37594
0 142 37593
11512 105 11617
0 83 37594
0 125 37593
11653 86 11739
0 36 37594
0 87 37593
11826 97 11923
0 87 37594
0 148 37593
11960 35 11995
0 37 37594
0 182 37593
12005 85 12090
0 10 37594
0 74 37593
12177 75 12252
0 87 37594
0 198 37593
12337 53 12390
0 85 37594
0 78 37593
12414 22 12436
0 24 37594
0 208 37593
12491 50 12541
0 55 37594
0 184 37593
12558 79 12637
0 17 37594
0 46 37593
12697 54 12751
0 60 37594
0 128 37593
12780 45 12825
0 29 37594
0 94 37593
12869 43 12912
0 44 37594
0 147 37593
13019 49 13068
0 107 37594
0 29 37593
13142 49 13191
0 74 37594
0 25 37593
13215 40 13255
0 24 37594
0 145 37593
13326 41 13367
0 71 37594
0 132 37593
13444 58 13502
0 77 37594
0 156 37593
13606 18 13624
0 104 37594
0 200 37593
13697 91 13788
0 73 37594
0 147 37593
13857 50 13907
0 69 37594
0 44 37593
13927 33 13960
0 20 37594
0 137 37593
13970 50 14020
0 10 37594
0 60 37593
14084 72 14156
0 64 37594
0 153 37593
14232 26 14258
0 76 37594
0 19 37593
14330 76 14406
0 72 37594
0 51 37593
14471 60 14531
0 65 37594
0 11 37593
14567 88 14655
0 36 37594
0 159 37593
14666 84 14750
0 11 37594
0 84 37593
14828 59 14887
0 78 37594
0 158 37593
14924 49 14973
0 37 37594
0 103 37593
14998 64 15062
0 25 37594
0 30 37593
15080 68 15148
0 18 37594
0 131 37593
15185 32 15217
0 37 37594
0 113 37593
15244 106 15350
0 27 37594
0 149 37593
15455 78 15533
0 105 37594
0 156 37593
15639 60 15699
0 106 37594
0 90 37593
15771 67 15838
0 72 37594
0 79 37593
15918 104 16022
0 80 37594
0 152 37593
16079 68 16147
0 57 37594
0 90 37593
16203 89 16292
0 56 37594
0 65 37593
16312 91 16403
0 20 37594
0 34 37593
16423 38 16461
0 20 37594
0 47 37593
16509 57 16566
0 48 37594
0 130 37593
16655 92 16747
0 89 37594
0 196 37593
16773 101 16874
0 26 37594
0 189 37593
16938 83 17021
0 64 37594
0 91 37593
17069 78 17147
0 48 37594
0 49 37593
17214 57 17271
0 67 37594
0 114 37593
17299 59 17358
0 28 37594
0 195 37593
17385 13 17398
0 27 37594
0 100 37593
17432 27 17459
0 34 37594
0 163 37593
17501 79 17580
0 42 37594
0 107 37593
17639 104 17743
0 59 37594
0 187 37593
17754 50 17804
0 11 37594
0 28 37593
17844 58 17902
0 40 37594
0 110 37593
17912 60 17972
0 10 37594
0 33 37593
17988 71 18059
0 16 37594
0 151 37593
18077 84 18161
0 18 37594
0 83 37593
18236 99 18335
0 75 37594
0 121 37593
18414 90 18504
0 79 37594
0 147 37593
18543 45 18588
0 39 37594
0 149 37593
18600 30 18630
0 12 37594
0 197 37593
18724 105 18829
0 94 37594
0 134 37593
18882 82 18964
0 53 37594
0 158 37593
19027 75 19102
0 63 37594
0 164 37593
19184 109 19293
0 82 37594
0 145 37593
19373 81 19454
0 80 37594
0 60 37593
