501
61 57 118
0 61 39203
0 29 39202
151 59 210
0 33 39203
0 39 39202
297 28 325
0 87 39203
0 40 39202
430 61 491
0 105 39203
0 209 39202
536 90 626
0 45 39203
0 82 39202
710 13 723
0 84 39203
0 24 39202
813 58 871
0 90 39203
0 28 39202
965 101 1066
0 94 39203
0 59 39202
1127 73 1200
0 61 39203
0 33 39202
1230 45 1275
0 30 39203
0 33 39202
1367 55 1422
0 92 39203
0 157 39202
1450 106 1556
0 28 39203
0 171 39202
1644 29 1673
0 88 39203
0 74 39202
1769 84 1853
0 96 39203
0 27 39202
1910 74 1984
0 57 39203
0 199 39202
2060 64 2124
0 76 39203
0 47 39202
2213 92 2305
0 89 39203
0 118 39202
2367 68 2435
0 62 39203
0 189 39202
2464 10 2474
0 29 39203
0 114 39202
2511 67 2578
0 37 39203
0 193 39202
2604 61 2665
0 26 39203
0 108 39202
2762 82 2844
0 97 39203
0 79 39202
2914 79 2993
0 70 39203
0 160 39202
3064 97 3161
0 71 39203
0 159 39202
3249 78 3327
0 88 39203
0 36 39202
3434 101 3535
0 107 39203
0 173 39202
3587 79 3666
0 52 39203
0 134 39202
3730 19 3749
0 64 39203
0 120 39202
3811 52 3863
0 62 39203
0 72 39202
3918 19 3937
0 55 39203
0 201 39202
3966 101 4067
0 29 39203
0 56 39202
4111 93 4204
0 44 39203
0 65 39202
4237 18 4255
0 33 39203
0 55 39202
4292 23 4315
0 37 39203
0 17 39202
4405 60 4465
0 90 39203
0 208 39202
4552 75 4627
0 87 39203
0 96 39202
4730 79 4809
0 103 39203
0 172 39202
4837 88 4925
0 28 39203
0 179 39202
4964 56 5020
0 39 39203
0 159 39202
5043 70 5113
0 23 39203
0 111 39202
5204 75 5279
0 91 39203
0 55 39202
5316 73 5389
0 37 39203
0 21 39202
5444 61 5505
0 55 39203
0 61 39202
5516 83 5599
0 11 39203
0 181 39202
5695 28 5723
0 96 39203
0 27 39202
5740 86 5826
0 17 39203
0 104 39202
5896 20 5916
0 70 39203
0 167 39202
5956 14 5970
0 40 39203
0 81 39202
6022 69 6091
0 52 39203
0 168 39202
6173 51 6224
0 82 39203
0 87 39202
6279 58 6337
0 55 39203
0 39 39202
6432 66 6498
0 95 39203
0 168 39202
6558 108 6666
0 60 39203
0 34 39202
6688 43 6731
0 22 39203
0 156 39202
6751 31 6782
0 20 39203
0 176 39202
6828 107 6935
0 46 39203
0 80 39202
6964 51 7015
0 29 39203
0 98 39202
7060 58 7118
0 45 39203
0 148 39202
7151 63 7214
0 33 39203
0 178 39202
7308 20 7328
0 94 39203
0 61 39202
7397 107 7504
0 69 39203
0 99 39202
7524 26 7550
0 20 39203
0 123 39202
7642 55 7697
0 92 39203
0 35 39202
7766 34 7800
0 69 39203
0 91 39202
7810 13 7823
0 10 39203
0 184 39202
7853 95 7948
0 30 39203
0 90 39202
8014 38 8052
0 66 39203
0 95 39202
8088 13 8101
0 36 39203
0 149 39202
8120 33 8153
0 19 39203
0 52 39202
8219 45 8264
0 66 39203
0 79 39202
8346 46 8392
0 82 39203
0 186 39202
8451 67 8518
0 59 39203
0 117 39202
8595 85 8680
0 77 39203
0 51 39202
8786 63 8849
0 106 39203
0 77 39202
8945 14 8959
0 96 39203
0 155 39202
9023 74 9097
0 64 39203
0 203 39202
9161 57 9218
0 64 39203
0 103 39202
9233 69 9302
0 15 39203
0 165 39202
9395 73 9468
0 93 39203
0 164 39202
9545 57 9602
0 77 39203
0 154 39202
9692 72 9764
0 90 39203
0 30 39202
9869 81 9950
0 105 39203
0 196 39202
10043 108 10151
0 93 39203
0 103 39202
10252 41 10293
0 101 39203
0 185 39202
10336 83 10419
0 43 39203
0 154 39202
10456 58 10514
0 37 39203
0 95 39202
10552 66 10618
0 38 39203
0 67 39202
10707 84 10791
0 89 39203
0 207 39202
10817 40 10857
0 26 39203
0 193 39202
10961 49 11010
0 104 39203
0 171 39202
11113 27 11140
0 103 39203
0 104 39202
11159 19 11178
0 19 39203
0 98 39202
11285 81 11366
0 107 39203
0 174 39202
11392 41 11433
0 26 39203
0 153 39202
11477 108 11585
0 44 39203
0 151 39202
11668 78 11746
0 83 39203
0 177 39202
11804 45 11849
0 58 39203
0 72 39202
11868 25 11893
0 19 39203
0 73 39202
11969 10 11979
0 76 39203
0 63 39202
12036 16 12052
0 57 39203
0 88 39202
12091 84 12175
0 39 39203
0 74 39202
12228 40 12268
0 53 39203
0 126 39202
12355 101 12456
0 87 39203
0 59 39202
12515 43 12558
0 59 39203
0 67 39202
12645 15 12660
0 87 39203
0 155 39202
12738 41 12779
0 78 39203
0 154 39202
12881 58 12939
0 102 39203
0 183 39202
12994 24 13018
0 55 39203
0 14 39202
13092 42 13134
0 74 39203
0 39 39202
13193 71 13264
0 59 39203
0 202 39202
13316 51 13367
0 52 39203
0 70 39202
13394 54 13448
0 27 39203
0 171 39202
13553 96 13649
0 105 39203
0 189 39202
13659 106 13765
0 10 39203
0 180 39202
13859 35 13894
0 94 39203
0 188 39202
13989 85 14074
0 95 39203
0 116 39202
14141 79 14220
0 67 39203
0 28 39202
14288 23 14311
0 68 39203
0 120 39202
14365 26 14391
0 54 39203
0 81 39202
14494 105 14599
0 103 39203
0 91 39202
14662 65 14727
0 63 39203
0 104 39202
14737 85 14822
0 10 39203
0 28 39202
14849 90 14939
0 27 39203
0 64 39202
14997 61 15058
0 58 39203
0 176 39202
15146 78 15224
0 88 39203
0 25 39202
15325 56 15381
0 101 39203
0 155 39202
15445 66 15511
0 64 39203
0 61 39202
15601 86 15687
0 90 39203
0 35 39202
15739 36 15775
0 52 39203
0 174 39202
15855 27 15882
0 80 39203
0 144 39202
15917 46 15963
0 35 39203
0 110 39202
16020 56 16076
0 57 39203
0 201 39202
16180 87 16267
0 104 39203
0 142 39202
16289 73 16362
0 22 39203
0 102 39202
16449 100 16549
0 87 39203
0 156 39202
16581 95 16676
0 32 39203
0 43 39202
16733 25 16758
0 57 39203
0 167 39202
16814 64 16878
0 56 39203
0 164 39202
16888 22 16910
0 10 39203
0 138 39202
16933 76 17009
0 23 39203
0 124 39202
17108 33 17141
0 99 39203
0 155 39202
17177 105 17282
0 36 39203
0 87 39202
17357 80 17437
0 75 39203
0 53 39202
17526 77 17603
0 89 39203
0 115 39202
17614 15 17629
0 11 39203
0 136 39202
17735 98 17833
0 106 39203
0 127 39202
17865 35 17900
0 32 39203
0 12 39202
17992 86 18078
0 92 39203
0 202 39202
18129 52 18181
0 51 39203
0 31 39202
18243 106 18349
0 62 39203
0 134 39202
18417 90 18507
0 68 39203
0 122 39202
18586 58 18644
0 79 39203
0 205 39202
18712 90 18802
0 68 39203
0 47 39202
18888 29 18917
0 86 39203
0 125 39202
18966 88 19054
0 49 39203
0 83 39202
19132 90 19222
0 78 39203
0 38 39202
19270 66 19336
0 48 39203
0 27 39202
19398 104 19502
0 62 39203
0 41 39202
19599 103 19702
0 97 39203
0 148 39202
19724 77 19801
0 22 39203
0 159 39202
19840 12 19852
0 39 39203
0 10 39202
19882 100 19982
0 30 39203
0 173 39202
20086 104 20190
0 104 39203
0 174 39202
20288 104 20392
0 98 39203
0 17 39202
20435 31 20466
0 43 39203
0 102 39202
20497 48 20545
0 31 39203
0 65 39202
20559 55 20614
0 14 39203
0 139 39202
