501
57 106 163
0 57 38202
0 108 38201
198 14 212
0 35 38202
0 88 38201
296 76 372
0 84 38202
0 114 38201
448 53 501
0 76 38202
0 10 38201
530 39 569
0 29 38202
0 15 38201
641 79 720
0 72 38202
0 82 38201
807 23 830
0 87 38202
0 35 38201
922 87 1009
0 92 38202
0 73 38201
1101 81 1182
0 92 38202
0 98 38201
1209 15 1224
0 27 38202
0 189 38201
1267 22 1289
0 43 38202
0 125 38201
1313 93 1406
0 24 38202
0 169 38201
1428 99 1527
0 22 38202
0 186 38201
1632 85 1717
0 105 38202
0 155 38201
1737 83 1820
0 20 38202
0 186 38201
1865 107 1972
0 45 38202
0 54 38201
1982 82 2064
0 10 38202
0 108 38201
2137 90 2227
0 73 38202
0 208 38201
2256 107 2363
0 29 38202
0 135 38201
2459 18 2477
0 96 38202
0 159 38201
2501 13 2514
0 24 38202
0 68 38201
2593 36 2629
0 79 38202
0 205 38201
2669 23 2692
0 40 38202
0 130 38201
2742 34 2776
0 50 38202
0 179 38201
2810 44 2854
0 34 38202
0 103 38201
2931 14 2945
0 77 38202
0 166 38201
2993 36 3029
0 48 38202
0 57 38201
3123 60 3183
0 94 38202
0 70 38201
3193 32 3225
0 10 38202
0 31 38201
3267 96 3363
0 42 38202
0 125 38201
3418 45 3463
0 55 38202
0 53 38201
3527 19 3546
0 64 38202
0 138 38201
3651 37 3688
0 105 38202
0 47 38201
3729 68 3797
0 41 38202
0 182 38201
3808 46 3854
0 11 38202
0 174 38201
3953 87 4040
0 99 38202
0 73 38201
4109 88 4197
0 69 38202
0 71 38201
4212 20 4232
0 15 38202
0 36 38201
4302 54 4356
0 70 38202
0 40 38201
4448 68 4516
0 92 38202
0 114 38201
4544 38 4582
0 28 38202
0 177 38201
4659 57 4716
0 77 38202
0 68 38201
4788 64 4852
0 72 38202
0 85 38201
4892 108 5000
0 40 38202
0 58 38201
5027 109 5136
0 27 38202
0 52 38201
5196 24 5220
0 60 38202
0 10 38201
5312 70 5382
0 92 38202
0 36 38201
5463 27 5490
0 81 38202
0 94 38201
5570 98 5668
0 80 38202
0 208 38201
5686 50 5736
0 18 38202
0 33 38201
5770 66 5836
0 34 38202
0 90 38201
5917 87 6004
0 81 38202
0 166 38201
6088 71 6159
0 84 38202
0 186 38201
6260 82 6342
0 101 38202
0 135 38201
6366 95 6461
0 24 38202
0 191 38201
6529 40 6569
0 68 38202
0 188 38201
6621 70 6691
0 52 38202
0 170 38201
6720 30 6750
0 29 38202
0 95 38201
6772 18 6790
0 22 38202
0 60 38201
6821 72 6893
0 31 38202
0 85 38201
6935 77 7012
0 42 38202
0 75 38201
7027 90 7117
0 15 38202
0 57 38201
7175 84 7259
0 58 38202
0 147 38201
7290 11 7301
0 31 38202
0 128 38201
7340 104 7444
0 39 38202
0 98 38201
7547 109 7656
0 103 38202
0 112 38201
7708 100 7808
0 52 38202
0 38 38201
7839 81 7920
0 31 38202
0 133 38201
7943 64 8007
0 23 38202
0 146 38201
8081 28 8109
0 74 38202
0 51 38201
8212 96 8308
0 103 38202
0 108 38201
8378 24 8402
0 70 38202
0 184 38201
8415 70 8485
0 13 38202
0 103 38201
8514 17 8531
0 29 38202
0 190 38201
8544 69 8613
0 13 38202
0 16 38201
8645 72 8717
0 32 38202
0 87 38201
8773 103 8876
0 56 38202
0 80 38201
8949 39 8988
0 73 38202
0 50 38201
9008 23 9031
0 20 38202
0 188 38201
9102 76 9178
0 71 38202
0 152 38201
9279 109 9388
0 101 38202
0 73 38201
9407 38 9445
0 19 38202
0 66 38201
9482 42 9524
0 37 38202
0 86 38201
9584 95 9679
0 60 38202
0 150 38201
9773 71 9844
0 94 38202
0 113 38201
9898 50 9948
0 54 38202
0 136 38201
10000 74 10074
0 52 38202
0 168 38201
10133 72 10205
0 59 38202
0 94 38201
10227 13 10240
0 22 38202
0 17 38201
10271 88 10359
0 31 38202
0 80 38201
10435 20 10455
0 76 38202
0 101 38201
10478 62 10540
0 23 38202
0 13 38201
10590 107 10697
0 50 38202
0 118 38201
10789 17 10806
0 92 38202
0 194 38201
10863 26 10889
0 57 38202
0 74 38201
10903 19 10922
0 14 38202
0 85 38201
11010 30 11040
0 88 38202
0 87 38201
11061 10 11071
0 21 38202
0 143 38201
11131 87 11218
0 60 38202
0 67 38201
11291 74 11365
0 73 38202
0 144 38201
11412 39 11451
0 47 38202
0 130 38201
11502 35 11537
0 51 38202
0 172 38201
11587 59 11646
0 50 38202
0 56 38201
11693 26 11719
0 47 38202
0 83 38201
11745 10 11755
0 26 38202
0 172 38201
11846 14 11860
0 91 38202
0 107 38201
11919 106 12025
0 59 38202
0 22 38201
12088 25 12113
0 63 38202
0 104 38201
12222 66 12288
0 109 38202
0 95 38201
12378 67 12445
0 90 38202
0 147 38201
12541 43 12584
0 96 38202
0 89 38201
12659 42 12701
0 75 38202
0 61 38201
12781 36 12817
0 80 38202
0 120 38201
12913 62 12975
0 96 38202
0 156 38201
13018 99 13117
0 43 38202
0 10 38201
13225 95 13320
0 108 38202
0 33 38201
13417 86 13503
0 97 38202
0 176 38201
13573 89 13662
0 70 38202
0 48 38201
13748 90 13838
0 86 38202
0 117 38201
13932 18 13950
0 94 38202
0 104 38201
14039 53 14092
0 89 38202
0 155 38201
14187 95 14282
0 95 38202
0 70 38201
14317 37 14354
0 35 38202
0 134 38201
14449 61 14510
0 95 38202
0 189 38201
14548 89 14637
0 38 38202
0 199 38201
14708 76 14784
0 71 38202
0 154 38201
14803 105 14908
0 19 38202
0 172 38201
14979 40 15019
0 71 38202
0 168 38201
15091 96 15187
0 72 38202
0 158 38201
15258 87 15345
0 71 38202
0 202 38201
15366 84 15450
0 21 38202
0 181 38201
15523 62 15585
0 73 38202
0 97 38201
15661 16 15677
0 76 38202
0 118 38201
15753 64 15817
0 76 38202
0 162 38201
15846 57 15903
0 29 38202
0 179 38201
15917 47 15964
0 14 38202
0 164 38201
16009 13 16022
0 45 38202
0 40 38201
16065 46 16111
0 43 38202
0 98 38201
16180 34 16214
0 69 38202
0 31 38201
16232 32 16264
0 18 38202
0 165 38201
16289 50 16339
0 25 38202
0 184 38201
16419 36 16455
0 80 38202
0 190 38201
16486 64 16550
0 31 38202
0 69 38201
16573 56 16629
0 23 38202
0 14 38201
16683 79 16762
0 54 38202
0 52 38201
16775 78 16853
0 13 38202
0 15 38201
16911 57 16968
0 58 38202
0 79 38201
17017 22 17039
0 49 38202
0 110 38201
17058 51 17109
0 19 38202
0 136 38201
17182 71 17253
0 73 38202
0 192 38201
17359 77 17436
0 106 38202
0 206 38201
17450 71 17521
0 14 38202
0 124 38201
17578 48 17626
0 57 38202
0 112 38201
17731 109 17840
0 105 38202
0 116 38201
17934 93 18027
0 94 38202
0 133 38201
18082 94 18176
0 55 38202
0 125 38201
18262 92 18354
0 86 38202
0 126 38201
18385 93 18478
0 31 38202
0 94 38201
18579 94 18673
0 101 38202
0 191 38201
18735 100 18835
0 62 38202
0 99 38201
18910 93 19003
0 75 38202
0 174 38201
19073 63 19136
0 70 38202
0 50 38201
19201 85 19286
0 65 38202
0 92 38201
19316 58 19374
0 30 38202
0 87 38201
19430 35 19465
0 56 38202
0 39 38201
19565 72 19637
0 100 38202
0 34 38201
19655 16 19671
0 18 38202
0 151 38201
