501
55 43 98
0 55 39745
0 196 39744
134 49 183
0 36 39745
0 82 39744
250 31 281
0 67 39745
0 179 39744
365 90 455
0 84 39745
0 170 39744
512 91 603
0 57 39745
0 129 39744
638 109 747
0 35 39745
0 193 39744
770 29 799
0 23 39745
0 108 39744
868 26 894
0 69 39745
0 137 39744
985 17 1002
0 91 39745
0 67 39744
1016 19 1035
0 14 39745
0 155 39744
1130 23 1153
0 95 39745
0 134 39744
1252 103 1355
0 99 39745
0 109 39744
1374 21 1395
0 19 39745
0 13 39744
1468 76 1544
0 73 39745
0 68 39744
1571 106 1677
0 27 39745
0 34 39744
1719 63 1782
0 42 39745
0 153 39744
1812 16 1828
0 30 39745
0 156 39744
1896 38 1934
0 68 39745
0 144 39744
1950 66 2016
0 16 39745
0 170 39744
2105 63 2168
0 89 39745
0 122 39744
2237 68 2305
0 69 39745
0 183 39744
2359 71 2430
0 54 39745
0 153 39744
2470 93 2563
0 40 39745
0 159 39744
2670 53 2723
0 107 39745
0 110 39744
2743 71 2814
0 20 39745
0 191 39744
2845 91 2936
0 31 39745
0 65 39744
3014 14 3028
0 78 39745
0 180 39744
3129 59 3188
0 101 39745
0 115 39744
3271 18 3289
0 83 39745
0 105 39744
3380 61 3441
0 91 39745
0 65 39744
3543 86 3629
0 102 39745
0 123 39744
3649 71 3720
0 20 39745
0 179 39744
3796 99 3895
0 76 39745
0 114 39744
3947 34 3981
0 52 39745
0 106 39744
4053 12 4065
0 72 39745
0 167 39744
4149 67 4216
0 84 39745
0 149 39744
4233 88 4321
0 17 39745
0 50 39744
4334 19 4353
0 13 39745
0 58 39744
4436 97 4533
0 83 39745
0 209 39744
4634 48 4682
0 101 39745
0 200 39744
4768 34 4802
0 86 39745
0 197 39744
4827 97 4924
0 25 39745
0 67 39744
4980 34 5014
0 56 39745
0 191 39744
5047 94 5141
0 33 39745
0 147 39744
5195 75 5270
0 54 39745
0 198 39744
5360 37 5397
0 90 39745
0 136 39744
5464 53 5517
0 67 39745
0 114 39744
5540 26 5566
0 23 39745
0 31 39744
5605 73 5678
0 39 39745
0 109 39744
5716 74 5790
0 38 39745
0 58 39744
5864 29 5893
0 74 39745
0 167 39744
5988 19 6007
0 95 39745
0 112 39744
6058 51 6109
0 51 39745
0 74 39744
6213 58 6271
0 104 39745
0 25 39744
6338 33 6371
0 67 39745
0 81 39744
6425 62 6487
0 54 39745
0 169 39744
6505 24 6529
0 18 39745
0 90 39744
6599 103 6702
0 70 39745
0 205 39744
6733 55 6788
0 31 39745
0 133 39744
6884 36 6920
0 96 39745
0 191 39744
6996 77 7073
0 76 39745
0 122 39744
7131 22 7153
0 58 39745
0 111 39744
7218 89 7307
0 65 39745
0 62 39744
7338 68 7406
0 31 39745
0 184 39744
7457 78 7535
0 51 39745
0 83 39744
7561 25 7586
0 26 39745
0 139 39744
7626 47 7673
0 40 39745
0 162 39744
7687 93 7780
0 14 39745
0 85 39744
7832 56 7888
0 52 39745
0 29 39744
7941 87 8028
0 53 39745
0 48 39744
8121 103 8224
0 93 39745
0 37 39744
8249 37 8286
0 25 39745
0 44 39744
8391 85 8476
0 105 39745
0 23 39744
8563 88 8651
0 87 39745
0 122 39744
8706 46 8752
0 55 39745
0 141 39744
8815 11 8826
0 63 39745
0 202 39744
8906 77 8983
0 80 39745
0 181 39744
9025 89 9114
0 42 39745
0 142 39744
9137 108 9245
0 23 39745
0 78 39744
9291 23 9314
0 46 39745
0 169 39744
9372 88 9460
0 58 39745
0 27 39744
9474 56 9530
0 14 39745
0 95 39744
9600 23 9623
0 70 39745
0 199 39744
9645 32 9677
0 22 39745
0 134 39744
9716 89 9805
0 39 39745
0 26 39744
9880 36 9916
0 75 39745
0 25 39744
9965 34 9999
0 49 39745
0 85 39744
10100 41 10141
0 101 39745
0 110 39744
10188 50 10238
0 47 39745
0 89 39744
10291 79 10370
0 53 39745
0 172 39744
10427 96 10523
0 57 39745
0 102 39744
10601 83 10684
0 78 39745
0 129 39744
10764 32 10796
0 80 39745
0 14 39744
10837 88 10925
0 41 39745
0 130 39744
11021 87 11108
0 96 39745
0 105 39744
11160 14 11174
0 52 39745
0 134 39744
11277 44 11321
0 103 39745
0 181 39744
11379 64 11443
0 58 39745
0 67 39744
11490 22 11512
0 47 39745
0 189 39744
11524 18 11542
0 12 39745
0 120 39744
11615 78 11693
0 73 39745
0 153 39744
11726 40 11766
0 33 39745
0 16 39744
11855 10 11865
0 89 39745
0 143 39744
11963 37 12000
0 98 39745
0 24 39744
12088 53 12141
0 88 39745
0 72 39744
12202 60 12262
0 61 39745
0 86 39744
12320 63 12383
0 58 39745
0 48 39744
12487 50 12537
0 104 39745
0 100 39744
12593 15 12608
0 56 39745
0 204 39744
12698 61 12759
0 90 39745
0 109 39744
12790 107 12897
0 31 39745
0 87 39744
12928 100 13028
0 31 39745
0 160 39744
13082 35 13117
0 54 39745
0 200 39744
13137 24 13161
0 20 39745
0 145 39744
13171 43 13214
0 10 39745
0 179 39744
13253 76 13329
0 39 39745
0 204 39744
13419 49 13468
0 90 39745
0 71 39744
13482 106 13588
0 14 39745
0 120 39744
13613 50 13663
0 25 39745
0 19 39744
13736 23 13759
0 73 39745
0 174 39744
13804 89 13893
0 45 39745
0 172 39744
13969 104 14073
0 76 39745
0 85 39744
14142 70 14212
0 69 39745
0 98 39744
14319 96 14415
0 107 39745
0 176 39744
14502 75 14577
0 87 39745
0 182 39744
14624 77 14701
0 47 39745
0 171 39744
14780 89 14869
0 79 39745
0 69 39744
14956 73 15029
0 87 39745
0 52 39744
15138 18 15156
0 109 39745
0 130 39744
15183 20 15203
0 27 39745
0 84 39744
15292 79 15371
0 89 39745
0 119 39744
15411 108 15519
0 40 39745
0 78 39744
15569 10 15579
0 50 39745
0 29 39744
15677 22 15699
0 98 39745
0 140 39744
15714 64 15778
0 15 39745
0 208 39744
15824 108 15932
0 46 39745
0 58 39744
15958 38 15996
0 26 39745
0 114 39744
16078 80 16158
0 82 39745
0 33 39744
16217 84 16301
0 59 39745
0 193 39744
16357 80 16437
0 56 39745
0 112 39744
16484 86 16570
0 47 39745
0 162 39744
16621 65 16686
0 51 39745
0 182 39744
16718 66 16784
0 32 39745
0 172 39744
16851 67 16918
0 67 39745
0 124 39744
17026 10 17036
0 108 39745
0 114 39744
17059 51 17110
0 23 39745
0 168 39744
17195 87 17282
0 85 39745
0 138 39744
17378 33 17411
0 96 39745
0 18 39744
17506 39 17545
0 95 39745
0 130 39744
17576 55 17631
0 31 39745
0 63 39744
17710 75 17785
0 79 39745
0 101 39744
17814 105 17919
0 29 39745
0 89 39744
18009 106 18115
0 90 39745
0 59 39744
18162 94 18256
0 47 39745
0 200 39744
18325 109 18434
0 69 39745
0 39 39744
18530 48 18578
0 96 39745
0 30 39744
18634 103 18737
0 56 39745
0 48 39744
18780 57 18837
0 43 39745
0 105 39744
18852 82 18934
0 15 39745
0 162 39744
19011 29 19040
0 77 39745
0 155 39744
19133 102 19235
0 93 39745
0 192 39744
19326 100 19426
0 91 39745
0 86 39744
19485 26 19511
0 59 39745
0 73 39744
19588 62 19650
0 77 39745
0 129 39744
19742 76 19818
0 92 39745
0 163 39744
19838 26 19864
0 20 39745
0 83 39744
19887 79 19966
0 23 39745
0 184 39744
