201
19 60 79
0 19 15542
0 111 15541
100 15 115
0 21 15542
0 147 15541
153 65 218
0 38 15542
0 59 15541
246 89 335
0 28 15542
0 148 15541
405 71 476
0 70 15542
0 78 15541
506 24 530
0 30 15542
0 61 15541
638 65 703
0 108 15542
0 91 15541
736 74 810
0 33 15542
0 41 15541
823 19 842
0 13 15542
0 90 15541
909 15 924
0 67 15542
0 205 15541
948 24 972
0 24 15542
0 55 15541
1067 23 1090
0 95 15542
0 167 15541
1151 63 1214
0 61 15542
0 119 15541
1225 35 1260
0 11 15542
0 45 15541
1292 86 1378
0 32 15542
0 143 15541
1401 100 1501
0 23 15542
0 173 15541
1606 16 1622
0 105 15542
0 191 15541
1711 21 1732
0 89 15542
0 138 15541
1750 93 1843
0 18 15542
0 170 15541
1880 105 1985
0 37 15542
0 128 15541
2017 26 2043
0 32 15542
0 48 15541
2120 84 2204
0 77 15542
0 136 15541
2301 74 2375
0 97 15542
0 149 15541
2481 87 2568
0 106 15542
0 135 15541
2601 90 2691
0 33 15542
0 122 15541
2774 92 2866
0 83 15542
0 168 15541
2887 79 2966
0 21 15542
0 123 15541
3027 84 3111
0 61 15542
0 149 15541
3128 69 3197
0 17 15542
0 108 15541
3283 18 3301
0 86 15542
0 15 15541
3332 36 3368
0 31 15542
0 86 15541
3409 72 3481
0 41 15542
0 167 15541
3574 80 3654
0 93 15542
0 207 15541
3736 74 3810
0 82 15542
0 200 15541
3835 80 3915
0 25 15542
0 85 15541
3962 63 4025
0 47 15542
0 160 15541
4133 50 4183
0 108 15542
0 99 15541
4280 49 4329
0 97 15542
0 165 15541
4435 42 4477
0 106 15542
0 190 15541
4493 67 4560
0 16 15542
0 73 15541
4657 29 4686
0 97 15542
0 105 15541
4701 62 4763
0 15 15542
0 105 15541
4844 68 4912
0 81 15542
0 142 15541
4977 90 5067
0 65 15542
0 102 15541
5164 34 5198
0 97 15542
0 129 15541
5237 104 5341
0 39 15542
0 48 15541
5395 74 5469
0 54 15542
0 143 15541
5547 40 5587
0 78 15542
0 199 15541
5687 39 5726
0 100 15542
0 45 15541
5822 77 5899
0 96 15542
0 98 15541
5972 26 5998
0 73 15542
0 186 15541
6062 57 6119
0 64 15542
0 124 15541
6162 106 6268
0 43 15542
0 205 15541
6344 37 6381
0 76 15542
0 45 15541
6464 84 6548
0 83 15542
0 198 15541
6567 50 6617
0 19 15542
0 60 15541
6686 102 6788
0 69 15542
0 61 15541
6876 38 6914
0 88 15542
0 51 15541
7016 73 7089
0 102 15542
0 32 15541
7164 21 7185
0 75 15542
0 111 15541
7254 92 7346
0 69 15542
0 45 15541
7447 38 7485
0 101 15542
0 19 15541
7505 60 7565
0 20 15542
0 131 15541
7658 58 7716
0 93 15542
0 145 15541
7799 16 7815
0 83 15542
0 56 15541
7825 48 7873
0 10 15542
0 99 15541
7891 11 7902
0 18 15542
0 10 15541
