201
93 82 175
0 93 14893
0 69 14892
231 87 318
0 56 14893
0 201 14892
406 48 454
0 88 14893
0 179 14892
470 24 494
0 16 14893
0 31 14892
564 14 578
0 70 14893
0 199 14892
607 72 679
0 29 14893
0 71 14892
704 19 723
0 25 14893
0 196 14892
793 33 826
0 70 14893
0 20 14892
916 100 1016
0 90 14893
0 128 14892
1068 95 1163
0 52 14893
0 66 14892
1267 84 1351
0 104 14893
0 179 14892
1451 26 1477
0 100 14893
0 82 14892
1556 79 1635
0 79 14893
0 118 14892
1657 11 1668
0 22 14893
0 16 14892
1686 73 1759
0 18 14893
0 43 14892
1837 38 1875
0 78 14893
0 84 14892
1961 87 2048
0 86 14893
0 43 14892
2117 20 2137
0 69 14893
0 69 14892
2148 106 2254
0 11 14893
0 48 14892
2317 72 2389
0 63 14893
0 38 14892
2433 93 2526
0 44 14893
0 99 14892
2587 84 2671
0 61 14893
0 47 14892
2705 74 2779
0 34 14893
0 64 14892
2817 33 2850
0 38 14893
0 190 14892
2944 75 3019
0 94 14893
0 74 14892
3077 27 3104
0 58 14893
0 22 14892
3136 97 3233
0 32 14893
0 85 14892
3279 93 3372
0 46 14893
0 121 14892
3428 102 3530
0 56 14893
0 114 14892
3545 37 3582
0 15 14893
0 95 14892
3652 37 3689
0 70 14893
0 60 14892
3736 73 3809
0 47 14893
0 103 14892
3886 41 3927
0 77 14893
0 60 14892
3959 30 3989
0 32 14893
0 98 14892
4083 70 4153
0 94 14893
0 147 14892
4181 105 4286
0 28 14893
0 176 14892
4327 12 4339
0 41 14893
0 69 14892
4438 63 4501
0 99 14893
0 97 14892
4597 83 4680
0 96 14893
0 78 14892
4787 47 4834
0 107 14893
0 128 14892
4914 78 4992
0 80 14893
0 139 14892
5020 63 5083
0 28 14893
0 27 14892
5127 91 5218
0 44 14893
0 43 14892
5242 106 5348
0 24 14893
0 104 14892
5449 86 5535
0 101 14893
0 17 14892
5636 101 5737
0 101 14893
0 34 14892
5831 31 5862
0 94 14893
0 71 14892
5883 58 5941
0 21 14893
0 118 14892
6034 105 6139
0 93 14893
0 207 14892
6211 57 6268
0 72 14893
0 129 14892
6305 48 6353
0 37 14893
0 153 14892
6431 67 6498
0 78 14893
0 168 14892
6600 43 6643
0 102 14893
0 13 14892
6675 80 6755
0 32 14893
0 121 14892
6840 11 6851
0 85 14893
0 166 14892
6947 41 6988
0 96 14893
0 188 14892
7062 70 7132
0 74 14893
0 170 14892
7233 32 7265
0 101 14893
0 189 14892
7300 11 7311
0 35 14893
0 68 14892
7334 27 7361
0 23 14893
0 83 14892
7458 12 7470
0 97 14893
0 105 14892
7513 79 7592
0 43 14893
0 84 14892
7641 27 7668
0 49 14893
0 59 14892
7737 47 7784
0 69 14893
0 198 14892
7854 15 7869
0 70 14893
0 148 14892
7925 43 7968
0 56 14893
0 126 14892
8066 26 8092
0 98 14893
0 65 14892
