201
28 15 43
0 28 13899
0 33 13898
136 97 233
0 93 13899
0 23 13898
295 108 403
0 62 13899
0 141 13898
421 22 443
0 18 13899
0 187 13898
480 55 535
0 37 13899
0 42 13898
584 35 619
0 49 13899
0 159 13898
642 18 660
0 23 13899
0 41 13898
731 73 804
0 71 13899
0 167 13898
820 75 895
0 16 13899
0 169 13898
907 78 985
0 12 13899
0 112 13898
1028 52 1080
0 43 13899
0 59 13898
1128 40 1168
0 48 13899
0 95 13898
1209 57 1266
0 41 13899
0 63 13898
1298 18 1316
0 32 13899
0 120 13898
1387 102 1489
0 71 13899
0 37 13898
1548 12 1560
0 59 13899
0 186 13898
1594 36 1630
0 34 13899
0 81 13898
1687 54 1741
0 57 13899
0 88 13898
1827 10 1837
0 86 13899
0 135 13898
1879 17 1896
0 42 13899
0 173 13898
1953 60 2013
0 57 13899
0 198 13898
2082 70 2152
0 69 13899
0 20 13898
2202 93 2295
0 50 13899
0 133 13898
2402 25 2427
0 107 13899
0 81 13898
2524 79 2603
0 97 13899
0 96 13898
2650 52 2702
0 47 13899
0 57 13898
2763 89 2852
0 61 13899
0 114 13898
2865 106 2971
0 13 13899
0 92 13898
3003 36 3039
0 32 13899
0 158 13898
3086 37 3123
0 47 13899
0 123 13898
3172 44 3216
0 49 13899
0 27 13898
3290 102 3392
0 74 13899
0 41 13898
3441 28 3469
0 49 13899
0 135 13898
3560 56 3616
0 91 13899
0 125 13898
3698 75 3773
0 82 13899
0 183 13898
3848 78 3926
0 75 13899
0 146 13898
4001 37 4038
0 75 13899
0 91 13898
4049 18 4067
0 11 13899
0 85 13898
4172 18 4190
0 105 13899
0 68 13898
4283 49 4332
0 93 13899
0 48 13898
4360 16 4376
0 28 13899
0 63 13898
4468 77 4545
0 92 13899
0 47 13898
4645 88 4733
0 100 13899
0 28 13898
4831 107 4938
0 98 13899
0 48 13898
4953 79 5032
0 15 13899
0 190 13898
5137 54 5191
0 105 13899
0 24 13898
5256 10 5266
0 65 13899
0 25 13898
5329 27 5356
0 63 13899
0 208 13898
5459 12 5471
0 103 13899
0 127 13898
5567 53 5620
0 96 13899
0 150 13898
5665 25 5690
0 45 13899
0 30 13898
5741 89 5830
0 51 13899
0 42 13898
5888 85 5973
0 58 13899
0 60 13898
6042 20 6062
0 69 13899
0 23 13898
6072 16 6088
0 10 13899
0 48 13898
6141 59 6200
0 53 13899
0 104 13898
6272 39 6311
0 72 13899
0 208 13898
6355 51 6406
0 44 13899
0 56 13898
6483 75 6558
0 77 13899
0 100 13898
6643 84 6727
0 85 13899
0 169 13898
6795 83 6878
0 68 13899
0 13 13898
6945 74 7019
0 67 13899
0 159 13898
7119 109 7228
0 100 13899
0 114 13898
7309 34 7343
0 81 13899
0 84 13898
7355 27 7382
0 12 13899
0 27 13898
7454 18 7472
0 72 13899
0 11 13898
7487 80 7567
0 15 13899
0 41 13898
