201
98 65 163
0 98 16480
0 75 16479
187 10 197
0 24 16480
0 68 16479
282 89 371
0 85 16480
0 130 16479
431 78 509
0 60 16480
0 60 16479
589 72 661
0 80 16480
0 66 16479
734 100 834
0 73 16480
0 200 16479
868 17 885
0 34 16480
0 107 16479
910 10 920
0 25 16480
0 204 16479
991 80 1071
0 71 16480
0 184 16479
1089 101 1190
0 18 16480
0 75 16479
1270 108 1378
0 80 16480
0 46 16479
1400 20 1420
0 22 16480
0 152 16479
1494 86 1580
0 74 16480
0 149 16479
1671 70 1741
0 91 16480
0 79 16479
1824 33 1857
0 83 16480
0 81 16479
1924 89 2013
0 67 16480
0 178 16479
2115 32 2147
0 102 16480
0 181 16479
2183 20 2203
0 36 16480
0 62 16479
2298 109 2407
0 95 16480
0 173 16479
2430 39 2469
0 23 16480
0 34 16479
2556 71 2627
0 87 16480
0 124 16479
2664 60 2724
0 37 16480
0 176 16479
2814 63 2877
0 90 16480
0 113 16479
2974 88 3062
0 97 16480
0 40 16479
3123 96 3219
0 61 16480
0 171 16479
3310 43 3353
0 91 16480
0 22 16479
3366 57 3423
0 13 16480
0 125 16479
3433 101 3534
0 10 16480
0 166 16479
3556 22 3578
0 22 16480
0 162 16479
3628 27 3655
0 50 16480
0 181 16479
3709 17 3726
0 54 16480
0 49 16479
3785 109 3894
0 59 16480
0 196 16479
3944 91 4035
0 50 16480
0 150 16479
4089 37 4126
0 54 16480
0 190 16479
4151 83 4234
0 25 16480
0 191 16479
4275 82 4357
0 41 16480
0 95 16479
4421 89 4510
0 64 16480
0 53 16479
4596 61 4657
0 86 16480
0 148 16479
4732 31 4763
0 75 16480
0 103 16479
4834 108 4942
0 71 16480
0 27 16479
4957 85 5042
0 15 16480
0 200 16479
5150 48 5198
0 108 16480
0 79 16479
5269 37 5306
0 71 16480
0 90 16479
5340 92 5432
0 34 16480
0 176 16479
5508 41 5549
0 76 16480
0 97 16479
5658 80 5738
0 109 16480
0 208 16479
5791 68 5859
0 53 16480
0 201 16479
5922 34 5956
0 63 16480
0 90 16479
5990 99 6089
0 34 16480
0 38 16479
6173 29 6202
0 84 16480
0 157 16479
6270 89 6359
0 68 16480
0 95 16479
6460 38 6498
0 101 16480
0 13 16479
6524 26 6550
0 26 16480
0 53 16479
6639 55 6694
0 89 16480
0 175 16479
6721 81 6802
0 27 16480
0 204 16479
6911 12 6923
0 109 16480
0 88 16479
6972 98 7070
0 49 16480
0 208 16479
7168 23 7191
0 98 16480
0 169 16479
7275 68 7343
0 84 16480
0 100 16479
7394 15 7409
0 51 16480
0 104 16479
7495 22 7517
0 86 16480
0 91 16479
7608 50 7658
0 91 16480
0 195 16479
7714 99 7813
0 56 16480
0 144 16479
7859 40 7899
0 46 16480
0 24 16479
7947 88 8035
0 48 16480
0 27 16479
8112 83 8195
0 77 16480
0 144 16479
8244 99 8343
0 49 16480
0 180 16479
