201
13 99 112
0 13 15514
0 102 15513
139 65 204
0 27 15514
0 18 15513
289 63 352
0 85 15514
0 44 15513
448 23 471
0 96 15514
0 135 15513
498 85 583
0 27 15514
0 160 15513
680 56 736
0 97 15514
0 33 15513
838 62 900
0 102 15514
0 95 15513
984 72 1056
0 84 15514
0 17 15513
1132 86 1218
0 76 15514
0 65 15513
1297 61 1358
0 79 15514
0 184 15513
1393 24 1417
0 35 15514
0 18 15513
1433 75 1508
0 16 15514
0 182 15513
1611 89 1700
0 103 15514
0 15 15513
1751 66 1817
0 51 15514
0 125 15513
1890 45 1935
0 73 15514
0 61 15513
2010 22 2032
0 75 15514
0 209 15513
2066 66 2132
0 34 15514
0 167 15513
2193 18 2211
0 61 15514
0 23 15513
2297 59 2356
0 86 15514
0 175 15513
2452 92 2544
0 96 15514
0 49 15513
2614 10 2624
0 70 15514
0 178 15513
2683 95 2778
0 59 15514
0 113 15513
2868 93 2961
0 90 15514
0 21 15513
3026 107 3133
0 65 15514
0 50 15513
3194 91 3285
0 61 15514
0 96 15513
3386 27 3413
0 101 15514
0 152 15513
3453 65 3518
0 40 15514
0 36 15513
3567 10 3577
0 49 15514
0 136 15513
3615 20 3635
0 38 15514
0 83 15513
3719 12 3731
0 84 15514
0 177 15513
3775 74 3849
0 44 15514
0 201 15513
3893 26 3919
0 44 15514
0 50 15513
3991 67 4058
0 72 15514
0 47 15513
4145 69 4214
0 87 15514
0 167 15513
4273 94 4367
0 59 15514
0 174 15513
4387 15 4402
0 20 15514
0 93 15513
4452 97 4549
0 50 15514
0 96 15513
4627 18 4645
0 78 15514
0 44 15513
4748 65 4813
0 103 15514
0 151 15513
4886 56 4942
0 73 15514
0 166 15513
4953 89 5042
0 11 15514
0 132 15513
5116 83 5199
0 74 15514
0 62 15513
5243 69 5312
0 44 15514
0 61 15513
5369 91 5460
0 57 15514
0 189 15513
5485 39 5524
0 25 15514
0 27 15513
5565 37 5602
0 41 15514
0 108 15513
5632 107 5739
0 30 15514
0 193 15513
5820 34 5854
0 81 15514
0 110 15513
5906 56 5962
0 52 15514
0 131 15513
6017 93 6110
0 55 15514
0 209 15513
6202 71 6273
0 92 15514
0 12 15513
6304 81 6385
0 31 15514
0 169 15513
6434 31 6465
0 49 15514
0 55 15513
6534 65 6599
0 69 15514
0 176 15513
6675 88 6763
0 76 15514
0 46 15513
6847 29 6876
0 84 15514
0 157 15513
6946 58 7004
0 70 15514
0 90 15513
7069 23 7092
0 65 15514
0 201 15513
7117 38 7155
0 25 15514
0 165 15513
7179 53 7232
0 24 15514
0 113 15513
7331 106 7437
0 99 15514
0 207 15513
7542 11 7553
0 105 15514
0 11 15513
7578 12 7590
0 25 15514
0 161 15513
7666 11 7677
0 76 15514
0 116 15513
7746 52 7798
0 69 15514
0 172 15513
7874 16 7890
0 76 15514
0 195 15513
7969 28 7997
0 79 15514
0 140 15513
