201
83 24 107
0 83 14988
0 193 14987
187 74 261
0 80 14988
0 13 14987
361 96 457
0 100 14988
0 15 14987
504 94 598
0 47 14988
0 46 14987
648 82 730
0 50 14988
0 160 14987
823 94 917
0 93 14988
0 187 14987
935 56 991
0 18 14988
0 38 14987
1029 50 1079
0 38 14988
0 155 14987
1149 79 1228
0 70 14988
0 185 14987
1261 26 1287
0 33 14988
0 178 14987
1364 97 1461
0 77 14988
0 84 14987
1484 24 1508
0 23 14988
0 10 14987
1550 95 1645
0 42 14988
0 59 14987
1714 34 1748
0 69 14988
0 44 14987
1823 70 1893
0 75 14988
0 113 14987
1927 60 1987
0 34 14988
0 33 14987
2092 63 2155
0 105 14988
0 200 14987
2178 71 2249
0 23 14988
0 208 14987
2343 79 2422
0 94 14988
0 137 14987
2472 94 2566
0 50 14988
0 198 14987
2630 52 2682
0 64 14988
0 80 14987
2745 100 2845
0 63 14988
0 49 14987
2947 78 3025
0 102 14988
0 90 14987
3085 39 3124
0 60 14988
0 167 14987
3155 62 3217
0 31 14988
0 121 14987
3303 43 3346
0 86 14988
0 36 14987
3394 14 3408
0 48 14988
0 104 14987
3438 36 3474
0 30 14988
0 78 14987
3498 87 3585
0 24 14988
0 115 14987
3627 76 3703
0 42 14988
0 201 14987
3751 58 3809
0 48 14988
0 20 14987
3905 69 3974
0 96 14988
0 12 14987
4073 86 4159
0 99 14988
0 168 14987
4179 103 4282
0 20 14988
0 77 14987
4370 76 4446
0 88 14988
0 80 14987
4519 109 4628
0 73 14988
0 157 14987
4699 108 4807
0 71 14988
0 81 14987
4882 90 4972
0 75 14988
0 103 14987
5005 108 5113
0 33 14988
0 174 14987
5214 49 5263
0 101 14988
0 99 14987
5276 57 5333
0 13 14988
0 103 14987
5407 101 5508
0 74 14988
0 41 14987
5617 42 5659
0 109 14988
0 49 14987
5713 21 5734
0 54 14988
0 31 14987
5781 39 5820
0 47 14988
0 161 14987
5912 54 5966
0 92 14988
0 16 14987
6069 75 6144
0 103 14988
0 148 14987
6201 66 6267
0 57 14988
0 204 14987
6298 39 6337
0 31 14988
0 49 14987
6423 43 6466
0 86 14988
0 71 14987
6501 19 6520
0 35 14988
0 35 14987
6599 36 6635
0 79 14988
0 101 14987
6704 104 6808
0 69 14988
0 140 14987
6837 51 6888
0 29 14988
0 176 14987
6970 39 7009
0 82 14988
0 72 14987
7061 50 7111
0 52 14988
0 154 14987
7168 41 7209
0 57 14988
0 130 14987
7270 76 7346
0 61 14988
0 12 14987
7387 30 7417
0 41 14988
0 63 14987
7447 37 7484
0 30 14988
0 22 14987
7593 97 7690
0 109 14988
0 90 14987
7735 30 7765
0 45 14988
0 61 14987
7784 91 7875
0 19 14988
0 195 14987
7932 41 7973
0 57 14988
0 123 14987
8044 78 8122
0 71 14988
0 98 14987
8150 76 8226
0 28 14988
0 16 14987
8286 46 8332
0 60 14988
0 26 14987
