201
32 97 129
0 32 15310
0 80 15309
237 96 333
0 108 15310
0 91 15309
394 59 453
0 61 15310
0 26 15309
512 92 604
0 59 15310
0 134 15309
712 26 738
0 108 15310
0 142 15309
802 68 870
0 64 15310
0 158 15309
957 52 1009
0 87 15310
0 119 15309
1073 54 1127
0 64 15310
0 111 15309
1196 55 1251
0 69 15310
0 83 15309
1268 77 1345
0 17 15310
0 177 15309
1388 86 1474
0 43 15310
0 40 15309
1524 71 1595
0 50 15310
0 47 15309
1649 107 1756
0 54 15310
0 80 15309
1777 73 1850
0 21 15310
0 152 15309
1865 104 1969
0 15 15310
0 100 15309
2038 99 2137
0 69 15310
0 163 15309
2231 37 2268
0 94 15310
0 140 15309
2359 75 2434
0 91 15310
0 140 15309
2492 49 2541
0 58 15310
0 38 15309
2649 21 2670
0 108 15310
0 109 15309
2723 26 2749
0 53 15310
0 192 15309
2782 30 2812
0 33 15310
0 78 15309
2835 61 2896
0 23 15310
0 114 15309
2918 77 2995
0 22 15310
0 60 15309
3070 26 3096
0 75 15310
0 85 15309
3203 14 3217
0 107 15310
0 57 15309
3254 80 3334
0 37 15310
0 137 15309
3437 56 3493
0 103 15310
0 194 15309
3582 12 3594
0 89 15310
0 33 15309
3673 59 3732
0 79 15310
0 45 15309
3801 34 3835
0 69 15310
0 94 15309
3879 55 3934
0 44 15310
0 118 15309
4023 100 4123
0 89 15310
0 126 15309
4221 65 4286
0 98 15310
0 201 15309
4337 95 4432
0 51 15310
0 65 15309
4472 109 4581
0 40 15310
0 43 15309
4653 107 4760
0 72 15310
0 133 15309
4827 34 4861
0 67 15310
0 16 15309
4946 35 4981
0 85 15310
0 51 15309
5053 24 5077
0 72 15310
0 145 15309
5170 14 5184
0 93 15310
0 43 15309
5291 80 5371
0 107 15310
0 128 15309
5450 69 5519
0 79 15310
0 130 15309
5600 22 5622
0 81 15310
0 34 15309
5685 63 5748
0 63 15310
0 34 15309
5842 63 5905
0 94 15310
0 199 15309
5945 44 5989
0 40 15310
0 39 15309
6012 61 6073
0 23 15310
0 128 15309
6111 75 6186
0 38 15310
0 187 15309
6282 19 6301
0 96 15310
0 167 15309
6314 75 6389
0 13 15310
0 149 15309
6429 100 6529
0 40 15310
0 46 15309
6583 61 6644
0 54 15310
0 65 15309
6706 81 6787
0 62 15310
0 188 15309
6878 81 6959
0 91 15310
0 68 15309
7012 83 7095
0 53 15310
0 141 15309
7136 42 7178
0 41 15310
0 144 15309
7220 11 7231
0 42 15310
0 36 15309
7255 11 7266
0 24 15310
0 119 15309
7319 32 7351
0 53 15310
0 184 15309
7438 106 7544
0 87 15310
0 103 15309
7653 30 7683
0 109 15310
0 150 15309
7762 30 7792
0 79 15310
0 201 15309
7876 15 7891
0 84 15310
0 121 15309
7917 34 7951
0 26 15310
0 28 15309
7999 44 8043
0 48 15310
0 175 15309
8059 104 8163
0 16 15310
0 22 15309
