201
90 102 192
0 90 15317
0 194 15316
258 21 279
0 66 15317
0 158 15316
306 81 387
0 27 15317
0 136 15316
455 46 501
0 68 15317
0 158 15316
572 102 674
0 71 15317
0 37 15316
692 103 795
0 18 15317
0 144 15316
884 35 919
0 89 15317
0 56 15316
952 90 1042
0 33 15317
0 175 15316
1064 106 1170
0 22 15317
0 182 15316
1211 13 1224
0 41 15317
0 167 15316
1256 63 1319
0 32 15317
0 152 15316
1411 50 1461
0 92 15317
0 118 15316
1477 74 1551
0 16 15317
0 86 15316
1638 88 1726
0 87 15317
0 11 15316
1751 64 1815
0 25 15317
0 68 15316
1917 64 1981
0 102 15317
0 115 15316
2056 25 2081
0 75 15317
0 134 15316
2142 13 2155
0 61 15317
0 175 15316
2229 93 2322
0 74 15317
0 209 15316
2388 42 2430
0 66 15317
0 129 15316
2507 54 2561
0 77 15317
0 153 15316
2631 79 2710
0 70 15317
0 96 15316
2811 44 2855
0 101 15317
0 152 15316
2908 68 2976
0 53 15317
0 176 15316
3064 53 3117
0 88 15317
0 44 15316
3131 17 3148
0 14 15317
0 158 15316
3184 41 3225
0 36 15317
0 15 15316
3334 94 3428
0 109 15317
0 61 15316
3451 36 3487
0 23 15317
0 125 15316
3542 75 3617
0 55 15317
0 97 15316
3697 18 3715
0 80 15317
0 134 15316
3793 28 3821
0 78 15317
0 13 15316
3884 101 3985
0 63 15317
0 180 15316
4089 67 4156
0 104 15317
0 102 15316
4207 13 4220
0 51 15317
0 38 15316
4263 93 4356
0 43 15317
0 144 15316
4459 51 4510
0 103 15317
0 15 15316
4522 32 4554
0 12 15317
0 90 15316
4619 103 4722
0 65 15317
0 104 15316
4782 13 4795
0 60 15317
0 155 15316
4850 39 4889
0 55 15317
0 194 15316
4960 58 5018
0 71 15317
0 71 15316
5107 26 5133
0 89 15317
0 196 15316
5149 46 5195
0 16 15317
0 110 15316
5218 30 5248
0 23 15317
0 22 15316
5304 79 5383
0 56 15317
0 148 15316
5398 105 5503
0 15 15317
0 24 15316
5568 105 5673
0 65 15317
0 176 15316
5779 92 5871
0 106 15317
0 40 15316
5978 90 6068
0 107 15317
0 26 15316
6114 91 6205
0 46 15317
0 163 15316
6231 46 6277
0 26 15317
0 128 15316
6386 72 6458
0 109 15317
0 45 15316
6498 41 6539
0 40 15317
0 44 15316
6559 54 6613
0 20 15317
0 65 15316
6674 13 6687
0 61 15317
0 166 15316
6710 33 6743
0 23 15317
0 155 15316
6810 104 6914
0 67 15317
0 23 15316
6931 49 6980
0 17 15317
0 185 15316
7041 70 7111
0 61 15317
0 105 15316
7217 27 7244
0 106 15317
0 178 15316
7298 73 7371
0 54 15317
0 115 15316
7462 17 7479
0 91 15317
0 173 15316
7504 14 7518
0 25 15317
0 50 15316
7585 74 7659
0 67 15317
0 20 15316
7739 25 7764
0 80 15317
0 17 15316
7869 71 7940
0 105 15317
0 81 15316
