201
55 54 109
0 55 15757
0 16 15756
138 78 216
0 29 15757
0 161 15756
277 83 360
0 61 15757
0 136 15756
418 101 519
0 58 15757
0 185 15756
618 79 697
0 99 15757
0 36 15756
723 50 773
0 26 15757
0 146 15756
785 68 853
0 12 15757
0 44 15756
940 23 963
0 87 15757
0 125 15756
994 82 1076
0 31 15757
0 134 15756
1145 102 1247
0 69 15757
0 173 15756
1282 34 1316
0 35 15757
0 167 15756
1338 78 1416
0 22 15757
0 168 15756
1481 33 1514
0 65 15757
0 188 15756
1560 25 1585
0 46 15757
0 132 15756
1639 77 1716
0 54 15757
0 195 15756
1788 76 1864
0 72 15757
0 135 15756
1888 64 1952
0 24 15757
0 11 15756
1995 70 2065
0 43 15757
0 128 15756
2120 27 2147
0 55 15757
0 91 15756
2242 41 2283
0 95 15757
0 90 15756
2388 23 2411
0 105 15757
0 82 15756
2478 89 2567
0 67 15757
0 37 15756
2611 10 2621
0 44 15757
0 135 15756
2677 89 2766
0 56 15757
0 117 15756
2863 63 2926
0 97 15757
0 152 15756
3023 52 3075
0 97 15757
0 47 15756
3150 43 3193
0 75 15757
0 103 15756
3266 18 3284
0 73 15757
0 169 15756
3298 108 3406
0 14 15757
0 81 15756
3447 38 3485
0 41 15757
0 185 15756
3495 84 3579
0 10 15757
0 13 15756
3635 35 3670
0 56 15757
0 91 15756
3759 50 3809
0 89 15757
0 111 15756
3831 35 3866
0 22 15757
0 179 15756
3916 57 3973
0 50 15757
0 30 15756
4015 73 4088
0 42 15757
0 203 15756
4177 67 4244
0 89 15757
0 133 15756
4352 65 4417
0 108 15757
0 133 15756
4439 14 4453
0 22 15757
0 161 15756
4520 69 4589
0 67 15757
0 120 15756
4630 32 4662
0 41 15757
0 25 15756
4753 30 4783
0 91 15757
0 113 15756
4807 37 4844
0 24 15757
0 154 15756
4902 17 4919
0 58 15757
0 10 15756
4970 38 5008
0 51 15757
0 25 15756
5116 54 5170
0 108 15757
0 38 15756
5243 50 5293
0 73 15757
0 64 15756
5350 78 5428
0 57 15757
0 208 15756
5501 107 5608
0 73 15757
0 182 15756
5654 62 5716
0 46 15757
0 75 15756
5733 94 5827
0 17 15757
0 93 15756
5850 46 5896
0 23 15757
0 52 15756
5960 97 6057
0 64 15757
0 208 15756
6113 93 6206
0 56 15757
0 160 15756
6291 73 6364
0 85 15757
0 205 15756
6456 22 6478
0 92 15757
0 196 15756
6564 26 6590
0 86 15757
0 154 15756
6616 71 6687
0 26 15757
0 92 15756
6754 66 6820
0 67 15757
0 178 15756
6855 74 6929
0 35 15757
0 34 15756
6972 82 7054
0 43 15757
0 183 15756
7103 68 7171
0 49 15757
0 154 15756
7221 69 7290
0 50 15757
0 126 15756
7352 108 7460
0 62 15757
0 182 15756
7495 69 7564
0 35 15757
0 76 15756
7643 54 7697
0 79 15757
0 125 15756
7712 59 7771
0 15 15757
0 130 15756
