201
87 94 181
0 87 15627
0 186 15626
252 108 360
0 71 15627
0 16 15626
450 53 503
0 90 15627
0 63 15626
590 76 666
0 87 15627
0 94 15626
770 23 793
0 104 15627
0 47 15626
855 26 881
0 62 15627
0 152 15626
960 66 1026
0 79 15627
0 124 15626
1061 62 1123
0 35 15627
0 58 15626
1188 68 1256
0 65 15627
0 191 15626
1350 46 1396
0 94 15627
0 70 15626
1487 74 1561
0 91 15627
0 77 15626
1645 16 1661
0 84 15627
0 164 15626
1764 35 1799
0 103 15627
0 36 15626
1817 45 1862
0 18 15627
0 148 15626
1932 48 1980
0 70 15627
0 10 15626
2027 106 2133
0 47 15627
0 161 15626
2184 16 2200
0 51 15627
0 119 15626
2266 89 2355
0 66 15627
0 101 15626
2447 30 2477
0 92 15627
0 207 15626
2489 11 2500
0 12 15627
0 120 15626
2587 19 2606
0 87 15627
0 26 15626
2635 59 2694
0 29 15627
0 61 15626
2729 53 2782
0 35 15627
0 123 15626
2816 40 2856
0 34 15627
0 20 15626
2897 101 2998
0 41 15627
0 82 15626
3099 59 3158
0 101 15627
0 33 15626
3243 31 3274
0 85 15627
0 76 15626
3293 23 3316
0 19 15627
0 115 15626
3334 43 3377
0 18 15627
0 120 15626
3482 60 3542
0 105 15627
0 41 15626
3609 70 3679
0 67 15627
0 104 15626
3727 22 3749
0 48 15627
0 156 15626
3818 103 3921
0 69 15627
0 127 15626
3964 76 4040
0 43 15627
0 12 15626
4065 21 4086
0 25 15627
0 152 15626
4121 74 4195
0 35 15627
0 157 15626
4268 89 4357
0 73 15627
0 132 15626
4455 94 4549
0 98 15627
0 76 15626
4642 68 4710
0 93 15627
0 165 15626
4801 74 4875
0 91 15627
0 21 15626
4902 98 5000
0 27 15627
0 121 15626
5078 75 5153
0 78 15627
0 179 15626
5199 108 5307
0 46 15627
0 120 15626
5344 109 5453
0 37 15627
0 79 15626
5516 66 5582
0 63 15627
0 194 15626
5653 21 5674
0 71 15627
0 13 15626
5782 88 5870
0 108 15627
0 157 15626
5911 106 6017
0 41 15627
0 168 15626
6054 55 6109
0 37 15627
0 91 15626
6132 106 6238
0 23 15627
0 176 15626
6336 108 6444
0 98 15627
0 89 15626
6547 102 6649
0 103 15627
0 185 15626
6724 55 6779
0 75 15627
0 50 15626
6862 64 6926
0 83 15627
0 32 15626
7021 103 7124
0 95 15627
0 204 15626
7178 64 7242
0 54 15627
0 39 15626
7307 47 7354
0 65 15627
0 146 15626
7423 45 7468
0 69 15627
0 55 15626
7553 37 7590
0 85 15627
0 208 15626
7687 87 7774
0 97 15627
0 106 15626
7819 51 7870
0 45 15627
0 16 15626
7978 97 8075
0 108 15627
0 156 15626
8113 103 8216
0 38 15627
0 194 15626
8237 38 8275
0 21 15627
0 69 15626
8335 102 8437
0 60 15627
0 66 15626
8468 14 8482
0 31 15627
0 163 15626
8518 49 8567
0 36 15627
0 40 15626
