201
58 47 105
0 58 14069
0 78 14068
166 50 216
0 61 14069
0 28 14068
271 87 358
0 55 14069
0 21 14068
466 87 553
0 108 14069
0 36 14068
651 40 691
0 98 14069
0 190 14068
771 34 805
0 80 14069
0 53 14068
848 52 900
0 43 14069
0 112 14068
990 12 1002
0 90 14069
0 105 14068
1076 38 1114
0 74 14069
0 49 14068
1176 38 1214
0 62 14069
0 194 14068
1291 41 1332
0 77 14069
0 145 14068
1435 97 1532
0 103 14069
0 84 14068
1611 75 1686
0 79 14069
0 57 14068
1713 27 1740
0 27 14069
0 18 14068
1772 66 1838
0 32 14069
0 64 14068
1896 105 2001
0 58 14069
0 37 14068
2061 76 2137
0 60 14069
0 55 14068
2163 24 2187
0 26 14069
0 106 14068
2225 42 2267
0 38 14069
0 84 14068
2287 43 2330
0 20 14069
0 175 14068
2419 102 2521
0 89 14069
0 51 14068
2630 20 2650
0 109 14069
0 105 14068
2661 19 2680
0 11 14069
0 16 14068
2762 62 2824
0 82 14069
0 124 14068
2847 45 2892
0 23 14069
0 117 14068
2997 53 3050
0 105 14069
0 79 14068
3077 45 3122
0 27 14069
0 134 14068
3215 93 3308
0 93 14069
0 116 14068
3325 34 3359
0 17 14069
0 60 14068
3443 17 3460
0 84 14069
0 26 14068
3567 74 3641
0 107 14069
0 19 14068
3750 86 3836
0 109 14069
0 55 14068
3876 79 3955
0 40 14069
0 39 14068
4017 40 4057
0 62 14069
0 57 14068
4104 77 4181
0 47 14069
0 34 14068
4198 84 4282
0 17 14069
0 50 14068
4316 89 4405
0 34 14069
0 146 14068
4457 101 4558
0 52 14069
0 29 14068
4604 109 4713
0 46 14069
0 12 14068
4783 50 4833
0 70 14069
0 87 14068
4865 98 4963
0 32 14069
0 99 14068
5061 60 5121
0 98 14069
0 77 14068
5140 64 5204
0 19 14069
0 103 14068
5216 75 5291
0 12 14069
0 64 14068
5371 53 5424
0 80 14069
0 140 14068
5487 23 5510
0 63 14069
0 26 14068
5521 56 5577
0 11 14069
0 70 14068
5639 75 5714
0 62 14069
0 13 14068
5798 41 5839
0 84 14069
0 106 14068
5929 24 5953
0 90 14069
0 162 14068
6045 78 6123
0 92 14069
0 201 14068
6169 51 6220
0 46 14069
0 148 14068
6293 52 6345
0 73 14069
0 70 14068
6441 24 6465
0 96 14069
0 192 14068
6542 101 6643
0 77 14069
0 102 14068
6751 53 6804
0 108 14069
0 129 14068
6907 100 7007
0 103 14069
0 116 14068
7074 17 7091
0 67 14069
0 148 14068
7169 93 7262
0 78 14069
0 183 14068
7310 37 7347
0 48 14069
0 63 14068
7377 102 7479
0 30 14069
0 162 14068
7573 41 7614
0 94 14069
0 144 14068
7711 15 7726
0 97 14069
0 45 14068
7754 15 7769
0 28 14069
0 86 14068
7829 108 7937
0 60 14069
0 10 14068
8012 61 8073
0 75 14069
0 139 14068
8094 100 8194
0 21 14069
0 29 14068
