201
27 49 76
0 27 14799
0 53 14798
104 53 157
0 28 14799
0 75 14798
220 15 235
0 63 14799
0 169 14798
269 55 324
0 34 14799
0 168 14798
427 19 446
0 103 14799
0 178 14798
525 66 591
0 79 14799
0 108 14798
603 24 627
0 12 14799
0 51 14798
677 106 783
0 50 14799
0 177 14798
793 42 835
0 10 14799
0 143 14798
880 51 931
0 45 14799
0 97 14798
1003 101 1104
0 72 14799
0 131 14798
1203 40 1243
0 99 14799
0 82 14798
1302 101 1403
0 59 14799
0 32 14798
1470 26 1496
0 67 14799
0 35 14798
1582 36 1618
0 86 14799
0 123 14798
1663 15 1678
0 45 14799
0 23 14798
1696 23 1719
0 18 14799
0 43 14798
1810 76 1886
0 91 14799
0 186 14798
1959 58 2017
0 73 14799
0 151 14798
2058 52 2110
0 41 14799
0 167 14798
2168 58 2226
0 58 14799
0 16 14798
2257 68 2325
0 31 14799
0 157 14798
2401 87 2488
0 76 14799
0 200 14798
2538 88 2626
0 50 14799
0 143 14798
2660 78 2738
0 34 14799
0 169 14798
2804 104 2908
0 66 14799
0 206 14798
3004 90 3094
0 96 14799
0 107 14798
3145 39 3184
0 51 14799
0 81 14798
3198 93 3291
0 14 14799
0 43 14798
3350 15 3365
0 59 14799
0 14 14798
3440 102 3542
0 75 14799
0 162 14798
3568 76 3644
0 26 14799
0 44 14798
3671 53 3724
0 27 14799
0 70 14798
3772 27 3799
0 48 14799
0 64 14798
3820 24 3844
0 21 14799
0 177 14798
3948 68 4016
0 104 14799
0 76 14798
4084 55 4139
0 68 14799
0 186 14798
4182 101 4283
0 43 14799
0 140 14798
4300 30 4330
0 17 14799
0 187 14798
4387 43 4430
0 57 14799
0 85 14798
4449 39 4488
0 19 14799
0 43 14798
4506 109 4615
0 18 14799
0 17 14798
4688 107 4795
0 73 14799
0 126 14798
4844 54 4898
0 49 14799
0 28 14798
4966 108 5074
0 68 14799
0 134 14798
5106 39 5145
0 32 14799
0 56 14798
5155 52 5207
0 10 14799
0 125 14798
5238 56 5294
0 31 14799
0 54 14798
5398 106 5504
0 104 14799
0 188 14798
5570 70 5640
0 66 14799
0 87 14798
5686 83 5769
0 46 14799
0 77 14798
5795 74 5869
0 26 14799
0 84 14798
5934 29 5963
0 65 14799
0 199 14798
5995 19 6014
0 32 14799
0 82 14798
6029 87 6116
0 15 14799
0 107 14798
6214 65 6279
0 98 14799
0 110 14798
6311 84 6395
0 32 14799
0 76 14798
6469 94 6563
0 74 14799
0 128 14798
6618 11 6629
0 55 14799
0 52 14798
6729 85 6814
0 100 14799
0 46 14798
6829 74 6903
0 15 14799
0 128 14798
6980 103 7083
0 77 14799
0 60 14798
7127 23 7150
0 44 14799
0 140 14798
7166 53 7219
0 16 14799
0 80 14798
7275 56 7331
0 56 14799
0 165 14798
7376 104 7480
0 45 14799
0 105 14798
7543 67 7610
0 63 14799
0 172 14798
