201
59 74 133
0 59 14990
0 131 14989
216 65 281
0 83 14990
0 74 14989
324 105 429
0 43 14990
0 190 14989
473 40 513
0 44 14990
0 103 14989
606 106 712
0 93 14990
0 72 14989
737 28 765
0 25 14990
0 156 14989
853 49 902
0 88 14990
0 194 14989
936 30 966
0 34 14990
0 130 14989
996 63 1059
0 30 14990
0 141 14989
1152 11 1163
0 93 14990
0 159 14989
1205 54 1259
0 42 14990
0 165 14989
1347 101 1448
0 88 14990
0 117 14989
1527 19 1546
0 79 14990
0 101 14989
1631 49 1680
0 85 14990
0 193 14989
1708 93 1801
0 28 14990
0 60 14989
1849 26 1875
0 48 14990
0 109 14989
1934 33 1967
0 59 14990
0 26 14989
1994 88 2082
0 27 14990
0 186 14989
2152 27 2179
0 70 14990
0 28 14989
2287 18 2305
0 108 14990
0 20 14989
2396 25 2421
0 91 14990
0 167 14989
2449 80 2529
0 28 14990
0 122 14989
2561 109 2670
0 32 14990
0 199 14989
2746 10 2756
0 76 14990
0 196 14989
2779 52 2831
0 23 14990
0 57 14989
2922 19 2941
0 91 14990
0 49 14989
2983 78 3061
0 42 14990
0 104 14989
3122 21 3143
0 61 14990
0 143 14989
3184 103 3287
0 41 14990
0 66 14989
3302 53 3355
0 15 14990
0 35 14989
3407 18 3425
0 52 14990
0 100 14989
3446 34 3480
0 21 14990
0 94 14989
3492 47 3539
0 12 14990
0 134 14989
3558 74 3632
0 19 14990
0 186 14989
3702 50 3752
0 70 14990
0 97 14989
3812 29 3841
0 60 14990
0 144 14989
3884 12 3896
0 43 14990
0 58 14989
3996 82 4078
0 100 14990
0 77 14989
4141 101 4242
0 63 14990
0 172 14989
4289 52 4341
0 47 14990
0 141 14989
4395 62 4457
0 54 14990
0 137 14989
4522 29 4551
0 65 14990
0 24 14989
4581 10 4591
0 30 14990
0 158 14989
4654 101 4755
0 63 14990
0 123 14989
4851 68 4919
0 96 14990
0 153 14989
4950 11 4961
0 31 14990
0 22 14989
5058 25 5083
0 97 14990
0 80 14989
5140 15 5155
0 57 14990
0 15 14989
5257 76 5333
0 102 14990
0 118 14989
5386 10 5396
0 53 14990
0 92 14989
5430 58 5488
0 34 14990
0 166 14989
5595 14 5609
0 107 14990
0 23 14989
5688 94 5782
0 79 14990
0 110 14989
5876 106 5982
0 94 14990
0 63 14989
6025 52 6077
0 43 14990
0 96 14989
6127 60 6187
0 50 14990
0 159 14989
6283 64 6347
0 96 14990
0 94 14989
6406 49 6455
0 59 14990
0 176 14989
6508 63 6571
0 53 14990
0 31 14989
6589 72 6661
0 18 14990
0 74 14989
6720 57 6777
0 59 14990
0 43 14989
6832 82 6914
0 55 14990
0 182 14989
6926 109 7035
0 12 14990
0 125 14989
7096 100 7196
0 61 14990
0 43 14989
7263 38 7301
0 67 14990
0 51 14989
7392 79 7471
0 91 14990
0 108 14989
7528 90 7618
0 57 14990
0 209 14989
