201
22 95 117
0 22 14798
0 165 14797
140 31 171
0 23 14798
0 118 14797
256 37 293
0 85 14798
0 65 14797
331 43 374
0 38 14798
0 89 14797
458 63 521
0 84 14798
0 207 14797
539 82 621
0 18 14798
0 128 14797
692 41 733
0 71 14798
0 165 14797
789 23 812
0 56 14798
0 33 14797
846 37 883
0 34 14798
0 177 14797
905 52 957
0 22 14798
0 84 14797
988 20 1008
0 31 14798
0 26 14797
1025 46 1071
0 17 14798
0 49 14797
1126 72 1198
0 55 14798
0 96 14797
1304 64 1368
0 106 14798
0 100 14797
1380 90 1470
0 12 14798
0 158 14797
1522 73 1595
0 52 14798
0 119 14797
1672 39 1711
0 77 14798
0 48 14797
1809 59 1868
0 98 14798
0 144 14797
1890 57 1947
0 22 14798
0 149 14797
2017 42 2059
0 70 14798
0 108 14797
2160 60 2220
0 101 14798
0 54 14797
2285 55 2340
0 65 14798
0 205 14797
2415 95 2510
0 75 14798
0 41 14797
2579 77 2656
0 69 14798
0 124 14797
2669 23 2692
0 13 14798
0 101 14797
2753 104 2857
0 61 14798
0 26 14797
2956 23 2979
0 99 14798
0 57 14797
3064 39 3103
0 85 14798
0 96 14797
3181 32 3213
0 78 14798
0 123 14797
3289 43 3332
0 76 14798
0 56 14797
3381 72 3453
0 49 14798
0 29 14797
3535 85 3620
0 82 14798
0 42 14797
3697 107 3804
0 77 14798
0 150 14797
3842 80 3922
0 38 14798
0 194 14797
3963 76 4039
0 41 14798
0 113 14797
4097 13 4110
0 58 14798
0 80 14797
4135 105 4240
0 25 14798
0 121 14797
4283 78 4361
0 43 14798
0 81 14797
4448 98 4546
0 87 14798
0 95 14797
4609 83 4692
0 63 14798
0 116 14797
4747 34 4781
0 55 14798
0 204 14797
4872 69 4941
0 91 14798
0 149 14797
5029 55 5084
0 88 14798
0 107 14797
5191 25 5216
0 107 14798
0 26 14797
5241 21 5262
0 25 14798
0 82 14797
5365 43 5408
0 103 14798
0 201 14797
5496 21 5517
0 88 14798
0 81 14797
5619 59 5678
0 102 14798
0 74 14797
5718 56 5774
0 40 14798
0 100 14797
5843 38 5881
0 69 14798
0 13 14797
5949 26 5975
0 68 14798
0 34 14797
5995 77 6072
0 20 14798
0 176 14797
6112 21 6133
0 40 14798
0 207 14797
6228 61 6289
0 95 14798
0 209 14797
6319 42 6361
0 30 14798
0 48 14797
6449 46 6495
0 88 14798
0 58 14797
6579 24 6603
0 84 14798
0 163 14797
6668 90 6758
0 65 14798
0 56 14797
6776 102 6878
0 18 14798
0 181 14797
6927 87 7014
0 49 14798
0 114 14797
7072 51 7123
0 58 14798
0 36 14797
7164 31 7195
0 41 14798
0 147 14797
7233 77 7310
0 38 14798
0 155 14797
7329 103 7432
0 19 14798
0 172 14797
7469 22 7491
0 37 14798
0 52 14797
7599 12 7611
0 108 14798
0 30 14797
7670 56 7726
0 59 14798
0 64 14797
