201
48 102 150
0 48 15446
0 20 15445
196 46 242
0 46 15446
0 76 15445
265 94 359
0 23 15446
0 155 15445
447 93 540
0 88 15446
0 58 15445
647 47 694
0 107 15446
0 22 15445
748 57 805
0 54 15446
0 133 15445
900 84 984
0 95 15446
0 139 15445
1035 53 1088
0 51 15446
0 178 15445
1124 97 1221
0 36 15446
0 144 15445
1313 95 1408
0 92 15446
0 45 15445
1491 62 1553
0 83 15446
0 94 15445
1640 36 1676
0 87 15446
0 172 15445
1694 53 1747
0 18 15446
0 77 15445
1786 36 1822
0 39 15446
0 114 15445
1844 59 1903
0 22 15446
0 117 15445
1949 19 1968
0 46 15446
0 89 15445
2002 71 2073
0 34 15446
0 169 15445
2149 87 2236
0 76 15446
0 83 15445
2292 66 2358
0 56 15446
0 70 15445
2430 35 2465
0 72 15446
0 56 15445
2507 89 2596
0 42 15446
0 203 15445
2686 80 2766
0 90 15446
0 63 15445
2795 39 2834
0 29 15446
0 52 15445
2856 107 2963
0 22 15446
0 69 15445
3032 50 3082
0 69 15446
0 129 15445
3133 39 3172
0 51 15446
0 104 15445
3252 20 3272
0 80 15446
0 145 15445
3301 106 3407
0 29 15446
0 132 15445
3513 48 3561
0 106 15446
0 87 15445
3609 46 3655
0 48 15446
0 114 15445
3763 30 3793
0 108 15446
0 25 15445
3812 82 3894
0 19 15446
0 189 15445
3914 60 3974
0 20 15446
0 97 15445
4036 93 4129
0 62 15446
0 49 15445
4231 80 4311
0 102 15446
0 192 15445
4383 102 4485
0 72 15446
0 202 15445
4590 17 4607
0 105 15446
0 203 15445
4709 108 4817
0 102 15446
0 26 15445
4889 56 4945
0 72 15446
0 143 15445
5043 88 5131
0 98 15446
0 31 15445
5166 10 5176
0 35 15446
0 159 15445
5259 65 5324
0 83 15446
0 33 15445
5344 76 5420
0 20 15446
0 81 15445
5509 98 5607
0 89 15446
0 66 15445
5699 68 5767
0 92 15446
0 86 15445
5829 71 5900
0 62 15446
0 44 15445
5944 79 6023
0 44 15446
0 28 15445
6072 94 6166
0 49 15446
0 116 15445
6211 36 6247
0 45 15446
0 113 15445
6272 22 6294
0 25 15446
0 181 15445
6359 48 6407
0 65 15446
0 62 15445
6503 103 6606
0 96 15446
0 191 15445
6699 25 6724
0 93 15446
0 193 15445
6751 32 6783
0 27 15446
0 78 15445
6857 83 6940
0 74 15446
0 13 15445
6953 86 7039
0 13 15446
0 88 15445
7104 10 7114
0 65 15446
0 52 15445
7213 91 7304
0 99 15446
0 160 15445
7363 66 7429
0 59 15446
0 35 15445
7471 98 7569
0 42 15446
0 191 15445
7616 13 7629
0 47 15446
0 131 15445
7716 89 7805
0 87 15446
0 125 15445
7850 37 7887
0 45 15446
0 153 15445
7944 72 8016
0 57 15446
0 109 15445
8116 103 8219
0 100 15446
0 185 15445
8235 33 8268
0 16 15446
0 47 15445
8300 29 8329
0 32 15446
0 130 15445
