201
89 77 166
0 89 15723
0 56 15722
190 59 249
0 24 15723
0 105 15722
262 29 291
0 13 15723
0 191 15722
361 62 423
0 70 15723
0 90 15722
454 84 538
0 31 15723
0 41 15722
621 10 631
0 83 15723
0 96 15722
696 26 722
0 65 15723
0 148 15722
818 100 918
0 96 15723
0 125 15722
1022 70 1092
0 104 15723
0 115 15722
1177 13 1190
0 85 15723
0 209 15722
1277 85 1362
0 87 15723
0 114 15722
1438 46 1484
0 76 15723
0 20 15722
1587 58 1645
0 103 15723
0 196 15722
1660 85 1745
0 15 15723
0 166 15722
1787 22 1809
0 42 15723
0 129 15722
1848 66 1914
0 39 15723
0 148 15722
1946 90 2036
0 32 15723
0 32 15722
2082 53 2135
0 46 15723
0 171 15722
2200 36 2236
0 65 15723
0 55 15722
2286 82 2368
0 50 15723
0 46 15722
2392 16 2408
0 24 15723
0 35 15722
2510 107 2617
0 102 15723
0 188 15722
2653 53 2706
0 36 15723
0 38 15722
2763 64 2827
0 57 15723
0 91 15722
2846 32 2878
0 19 15723
0 41 15722
2948 52 3000
0 70 15723
0 55 15722
3023 26 3049
0 23 15723
0 168 15722
3091 108 3199
0 42 15723
0 143 15722
3271 49 3320
0 72 15723
0 35 15722
3371 62 3433
0 51 15723
0 149 15722
3536 47 3583
0 103 15723
0 169 15722
3645 27 3672
0 62 15723
0 199 15722
3729 89 3818
0 57 15723
0 196 15722
3902 72 3974
0 84 15723
0 207 15722
4008 74 4082
0 34 15723
0 45 15722
4156 38 4194
0 74 15723
0 190 15722
4222 10 4232
0 28 15723
0 139 15722
4269 87 4356
0 37 15723
0 79 15722
4401 89 4490
0 45 15723
0 115 15722
4527 98 4625
0 37 15723
0 116 15722
4690 103 4793
0 65 15723
0 91 15722
4900 51 4951
0 107 15723
0 84 15722
4997 49 5046
0 46 15723
0 74 15722
5065 92 5157
0 19 15723
0 32 15722
5199 27 5226
0 42 15723
0 74 15722
5273 24 5297
0 47 15723
0 26 15722
5312 93 5405
0 15 15723
0 146 15722
5502 24 5526
0 97 15723
0 208 15722
5626 56 5682
0 100 15723
0 94 15722
5767 14 5781
0 85 15723
0 98 15722
5885 92 5977
0 104 15723
0 117 15722
6025 98 6123
0 48 15723
0 199 15722
6166 67 6233
0 43 15723
0 197 15722
6332 73 6405
0 99 15723
0 118 15722
6434 74 6508
0 29 15723
0 143 15722
6524 103 6627
0 16 15723
0 143 15722
6726 26 6752
0 99 15723
0 158 15722
6835 53 6888
0 83 15723
0 161 15722
6996 104 7100
0 108 15723
0 195 15722
7131 48 7179
0 31 15723
0 183 15722
7206 74 7280
0 27 15723
0 180 15722
7322 45 7367
0 42 15723
0 21 15722
7443 22 7465
0 76 15723
0 71 15722
7542 37 7579
0 77 15723
0 39 15722
7629 27 7656
0 50 15723
0 82 15722
7697 35 7732
0 41 15723
0 28 15722
7830 93 7923
0 98 15723
0 186 15722
