201
73 88 161
0 73 15396
0 121 15395
191 24 215
0 30 15396
0 140 15395
283 40 323
0 68 15396
0 91 15395
422 30 452
0 99 15396
0 12 15395
508 45 553
0 56 15396
0 138 15395
615 20 635
0 62 15396
0 116 15395
732 65 797
0 97 15396
0 131 15395
873 26 899
0 76 15396
0 78 15395
979 65 1044
0 80 15396
0 194 15395
1147 26 1173
0 103 15396
0 52 15395
1247 86 1333
0 74 15396
0 35 15395
1430 23 1453
0 97 15396
0 147 15395
1549 60 1609
0 96 15396
0 49 15395
1625 24 1649
0 16 15396
0 43 15395
1676 84 1760
0 27 15396
0 83 15395
1828 62 1890
0 68 15396
0 182 15395
1936 44 1980
0 46 15396
0 171 15395
2088 94 2182
0 108 15396
0 74 15395
2280 76 2356
0 98 15396
0 82 15395
2412 45 2457
0 56 15396
0 62 15395
2515 47 2562
0 58 15396
0 206 15395
2667 44 2711
0 105 15396
0 145 15395
2775 38 2813
0 64 15396
0 131 15395
2901 103 3004
0 88 15396
0 78 15395
3054 48 3102
0 50 15396
0 201 15395
3194 13 3207
0 92 15396
0 109 15395
3306 39 3345
0 99 15396
0 132 15395
3367 13 3380
0 22 15396
0 49 15395
3461 85 3546
0 81 15396
0 167 15395
3586 38 3624
0 40 15396
0 108 15395
3689 20 3709
0 65 15396
0 55 15395
3788 108 3896
0 79 15396
0 198 15395
3928 64 3992
0 32 15396
0 109 15395
4026 35 4061
0 34 15396
0 99 15395
4086 31 4117
0 25 15396
0 53 15395
4131 69 4200
0 14 15396
0 39 15395
4217 44 4261
0 17 15396
0 144 15395
4338 72 4410
0 77 15396
0 151 15395
4497 99 4596
0 87 15396
0 151 15395
4671 12 4683
0 75 15396
0 111 15395
4761 109 4870
0 78 15396
0 19 15395
4919 31 4950
0 49 15396
0 74 15395
5030 62 5092
0 80 15396
0 95 15395
5145 49 5194
0 53 15396
0 124 15395
5257 27 5284
0 63 15396
0 151 15395
5338 85 5423
0 54 15396
0 48 15395
5530 61 5591
0 107 15396
0 15 15395
5659 31 5690
0 68 15396
0 114 15395
5790 31 5821
0 100 15396
0 140 15395
5915 54 5969
0 94 15396
0 202 15395
5995 76 6071
0 26 15396
0 40 15395
6118 26 6144
0 47 15396
0 50 15395
6157 34 6191
0 13 15396
0 128 15395
6298 29 6327
0 107 15396
0 185 15395
6356 27 6383
0 29 15396
0 183 15395
6433 62 6495
0 50 15396
0 171 15395
6557 91 6648
0 62 15396
0 46 15395
6670 11 6681
0 22 15396
0 198 15395
6749 16 6765
0 68 15396
0 74 15395
6866 17 6883
0 101 15396
0 167 15395
6932 108 7040
0 49 15396
0 209 15395
7071 55 7126
0 31 15396
0 185 15395
7189 46 7235
0 63 15396
0 146 15395
7292 62 7354
0 57 15396
0 88 15395
7416 100 7516
0 62 15396
0 120 15395
7571 82 7653
0 55 15396
0 105 15395
7663 86 7749
0 10 15396
0 132 15395
