201
91 74 165
0 91 14869
0 11 14868
186 106 292
0 21 14869
0 140 14868
387 92 479
0 95 14869
0 139 14868
528 13 541
0 49 14869
0 80 14868
562 95 657
0 21 14869
0 21 14868
711 85 796
0 54 14869
0 129 14868
890 88 978
0 94 14869
0 117 14868
1016 69 1085
0 38 14869
0 22 14868
1191 83 1274
0 106 14869
0 117 14868
1300 15 1315
0 26 14869
0 50 14868
1395 11 1406
0 80 14869
0 60 14868
1478 83 1561
0 72 14869
0 150 14868
1641 103 1744
0 80 14869
0 169 14868
1789 87 1876
0 45 14869
0 193 14868
1928 103 2031
0 52 14869
0 123 14868
2098 29 2127
0 67 14869
0 135 14868
2208 53 2261
0 81 14869
0 45 14868
2309 83 2392
0 48 14869
0 13 14868
2423 101 2524
0 31 14869
0 119 14868
2630 47 2677
0 106 14869
0 34 14868
2731 19 2750
0 54 14869
0 80 14868
2761 85 2846
0 11 14869
0 44 14868
2897 76 2973
0 51 14869
0 96 14868
3025 108 3133
0 52 14869
0 193 14868
3227 96 3323
0 94 14869
0 168 14868
3385 17 3402
0 62 14869
0 11 14868
3425 61 3486
0 23 14869
0 10 14868
3500 75 3575
0 14 14869
0 18 14868
3649 90 3739
0 74 14869
0 193 14868
3831 86 3917
0 92 14869
0 60 14868
3997 102 4099
0 80 14869
0 84 14868
4187 23 4210
0 88 14869
0 113 14868
4230 49 4279
0 20 14869
0 89 14868
4347 82 4429
0 68 14869
0 128 14868
4484 92 4576
0 55 14869
0 112 14868
4639 42 4681
0 63 14869
0 13 14868
4703 20 4723
0 22 14869
0 112 14868
4815 76 4891
0 92 14869
0 53 14868
4983 70 5053
0 92 14869
0 28 14868
5131 92 5223
0 78 14869
0 17 14868
5252 82 5334
0 29 14869
0 205 14868
5348 86 5434
0 14 14869
0 106 14868
5457 59 5516
0 23 14869
0 23 14868
5556 35 5591
0 40 14869
0 38 14868
5612 42 5654
0 21 14869
0 99 14868
5756 29 5785
0 102 14869
0 121 14868
5862 28 5890
0 77 14869
0 15 14868
5919 50 5969
0 29 14869
0 192 14868
6060 102 6162
0 91 14869
0 29 14868
6223 71 6294
0 61 14869
0 125 14868
6396 102 6498
0 102 14869
0 170 14868
6525 44 6569
0 27 14869
0 199 14868
6597 61 6658
0 28 14869
0 110 14868
6753 55 6808
0 95 14869
0 92 14868
6897 51 6948
0 89 14869
0 82 14868
7027 43 7070
0 79 14869
0 143 14868
7138 91 7229
0 68 14869
0 142 14868
7324 56 7380
0 95 14869
0 47 14868
7452 17 7469
0 72 14869
0 166 14868
7513 81 7594
0 44 14869
0 193 14868
7610 18 7628
0 16 14869
0 49 14868
7661 66 7727
0 33 14869
0 176 14868
7739 35 7774
0 12 14869
0 198 14868
7822 88 7910
0 48 14869
0 27 14868
7922 106 8028
0 12 14869
0 42 14868
8113 53 8166
0 85 14869
0 99 14868
8229 71 8300
0 63 14869
0 191 14868
