201
90 18 108
0 90 14961
0 67 14960
118 27 145
0 10 14961
0 56 14960
165 53 218
0 20 14961
0 53 14960
292 82 374
0 74 14961
0 105 14960
436 61 497
0 62 14961
0 85 14960
593 31 624
0 96 14961
0 121 14960
669 55 724
0 45 14961
0 81 14960
833 97 930
0 109 14961
0 140 14960
946 59 1005
0 16 14961
0 72 14960
1090 16 1106
0 85 14961
0 83 14960
1209 42 1251
0 103 14961
0 128 14960
1306 18 1324
0 55 14961
0 120 14960
1368 60 1428
0 44 14961
0 106 14960
1526 12 1538
0 98 14961
0 151 14960
1608 29 1637
0 70 14961
0 165 14960
1655 32 1687
0 18 14961
0 186 14960
1697 72 1769
0 10 14961
0 187 14960
1804 71 1875
0 35 14961
0 109 14960
1953 86 2039
0 78 14961
0 149 14960
2106 60 2166
0 67 14961
0 64 14960
2184 34 2218
0 18 14961
0 166 14960
2288 10 2298
0 70 14961
0 110 14960
2334 12 2346
0 36 14961
0 90 14960
2409 55 2464
0 63 14961
0 187 14960
2500 28 2528
0 36 14961
0 98 14960
2565 23 2588
0 37 14961
0 76 14960
2612 78 2690
0 24 14961
0 125 14960
2779 58 2837
0 89 14961
0 197 14960
2903 77 2980
0 66 14961
0 162 14960
3031 38 3069
0 51 14961
0 199 14960
3164 71 3235
0 95 14961
0 130 14960
3252 53 3305
0 17 14961
0 188 14960
3384 43 3427
0 79 14961
0 27 14960
3474 100 3574
0 47 14961
0 41 14960
3665 76 3741
0 91 14961
0 21 14960
3782 18 3800
0 41 14961
0 133 14960
3888 67 3955
0 88 14961
0 53 14960
3999 18 4017
0 44 14961
0 76 14960
4096 42 4138
0 79 14961
0 157 14960
4194 108 4302
0 56 14961
0 85 14960
4331 83 4414
0 29 14961
0 21 14960
4509 109 4618
0 95 14961
0 50 14960
4727 11 4738
0 109 14961
0 208 14960
4837 88 4925
0 99 14961
0 196 14960
4952 106 5058
0 27 14961
0 106 14960
5166 60 5226
0 108 14961
0 174 14960
5296 27 5323
0 70 14961
0 159 14960
5410 87 5497
0 87 14961
0 147 14960
5557 49 5606
0 60 14961
0 22 14960
5648 85 5733
0 42 14961
0 153 14960
5810 93 5903
0 77 14961
0 57 14960
5961 40 6001
0 58 14961
0 64 14960
6059 12 6071
0 58 14961
0 55 14960
6087 95 6182
0 16 14961
0 168 14960
6253 36 6289
0 71 14961
0 29 14960
6323 32 6355
0 34 14961
0 119 14960
6426 26 6452
0 71 14961
0 77 14960
6484 76 6560
0 32 14961
0 37 14960
6618 40 6658
0 58 14961
0 44 14960
6734 79 6813
0 76 14961
0 44 14960
6878 14 6892
0 65 14961
0 102 14960
6966 91 7057
0 74 14961
0 186 14960
7092 49 7141
0 35 14961
0 93 14960
7156 73 7229
0 15 14961
0 134 14960
7299 91 7390
0 70 14961
0 176 14960
7441 12 7453
0 51 14961
0 166 14960
7553 34 7587
0 100 14961
0 37 14960
