201
16 72 88
0 16 15427
0 64 15426
177 71 248
0 89 15427
0 80 15426
345 16 361
0 97 15427
0 176 15426
447 34 481
0 86 15427
0 32 15426
553 50 603
0 72 15427
0 115 15426
646 54 700
0 43 15427
0 89 15426
712 17 729
0 12 15427
0 126 15426
747 84 831
0 18 15427
0 32 15426
937 14 951
0 106 15427
0 146 15426
1056 72 1128
0 105 15427
0 63 15426
1155 78 1233
0 27 15427
0 136 15426
1285 70 1355
0 52 15427
0 49 15426
1431 14 1445
0 76 15427
0 17 15426
1512 65 1577
0 67 15427
0 170 15426
1685 60 1745
0 108 15427
0 136 15426
1806 90 1896
0 61 15427
0 138 15426
1989 100 2089
0 93 15427
0 170 15426
2176 86 2262
0 87 15427
0 178 15426
2310 89 2399
0 48 15427
0 23 15426
2473 17 2490
0 74 15427
0 208 15426
2595 85 2680
0 105 15427
0 89 15426
2779 97 2876
0 99 15427
0 103 15426
2914 19 2933
0 38 15427
0 130 15426
3002 35 3037
0 69 15427
0 194 15426
3130 11 3141
0 93 15427
0 111 15426
3206 28 3234
0 65 15427
0 171 15426
3294 91 3385
0 60 15427
0 196 15426
3487 75 3562
0 102 15427
0 49 15426
3602 21 3623
0 40 15427
0 132 15426
3713 91 3804
0 90 15427
0 183 15426
3821 89 3910
0 17 15427
0 45 15426
4007 80 4087
0 97 15427
0 174 15426
4100 58 4158
0 13 15427
0 98 15426
4176 85 4261
0 18 15427
0 43 15426
4279 67 4346
0 18 15427
0 75 15426
4392 26 4418
0 46 15427
0 95 15426
4513 59 4572
0 95 15427
0 70 15426
4658 104 4762
0 86 15427
0 195 15426
4785 10 4795
0 23 15427
0 55 15426
4868 28 4896
0 73 15427
0 155 15426
4993 61 5054
0 97 15427
0 146 15426
5094 37 5131
0 40 15427
0 87 15426
5220 56 5276
0 89 15427
0 186 15426
5291 108 5399
0 15 15427
0 44 15426
5425 50 5475
0 26 15427
0 81 15426
5502 75 5577
0 27 15427
0 41 15426
5647 91 5738
0 70 15427
0 49 15426
5827 23 5850
0 89 15427
0 180 15426
5886 43 5929
0 36 15427
0 42 15426
6000 91 6091
0 71 15427
0 36 15426
6134 17 6151
0 43 15427
0 46 15426
6179 71 6250
0 28 15427
0 179 15426
6306 63 6369
0 56 15427
0 159 15426
6441 24 6465
0 72 15427
0 172 15426
6570 61 6631
0 105 15427
0 192 15426
6652 59 6711
0 21 15427
0 161 15426
6745 102 6847
0 34 15427
0 31 15426
6892 58 6950
0 45 15427
0 41 15426
7056 105 7161
0 106 15427
0 61 15426
7171 35 7206
0 10 15427
0 151 15426
7247 68 7315
0 41 15427
0 42 15426
7394 49 7443
0 79 15427
0 200 15426
7477 49 7526
0 34 15427
0 134 15426
7635 24 7659
0 109 15427
0 91 15426
7704 59 7763
0 45 15427
0 189 15426
7849 23 7872
0 86 15427
0 100 15426
7913 22 7935
0 41 15427
0 139 15426
