201
55 11 66
0 55 16225
0 37 16224
96 17 113
0 30 16225
0 48 16224
219 12 231
0 106 16225
0 195 16224
255 32 287
0 24 16225
0 104 16224
309 60 369
0 22 16225
0 161 16224
461 99 560
0 92 16225
0 164 16224
667 31 698
0 107 16225
0 106 16224
738 101 839
0 40 16225
0 69 16224
886 87 973
0 47 16225
0 192 16224
1006 104 1110
0 33 16225
0 113 16224
1201 80 1281
0 91 16225
0 202 16224
1295 67 1362
0 14 16225
0 123 16224
1385 45 1430
0 23 16225
0 134 16224
1535 68 1603
0 105 16225
0 94 16224
1681 80 1761
0 78 16225
0 118 16224
1787 50 1837
0 26 16225
0 164 16224
1883 87 1970
0 46 16225
0 48 16224
2013 49 2062
0 43 16225
0 163 16224
2147 14 2161
0 85 16225
0 157 16224
2243 89 2332
0 82 16225
0 40 16224
2406 20 2426
0 74 16225
0 197 16224
2440 55 2495
0 14 16225
0 139 16224
2509 79 2588
0 14 16225
0 177 16224
2653 67 2720
0 65 16225
0 137 16224
2760 72 2832
0 40 16225
0 194 16224
2932 39 2971
0 100 16225
0 75 16224
3050 25 3075
0 79 16225
0 63 16224
3179 102 3281
0 104 16225
0 154 16224
3320 35 3355
0 39 16225
0 82 16224
3427 31 3458
0 72 16225
0 154 16224
3484 84 3568
0 26 16225
0 104 16224
3640 34 3674
0 72 16225
0 90 16224
3712 75 3787
0 38 16225
0 141 16224
3850 105 3955
0 63 16225
0 81 16224
4009 58 4067
0 54 16225
0 161 16224
4166 13 4179
0 99 16225
0 165 16224
4284 45 4329
0 105 16225
0 55 16224
4406 82 4488
0 77 16225
0 108 16224
4544 96 4640
0 56 16225
0 207 16224
4693 56 4749
0 53 16225
0 181 16224
4825 34 4859
0 76 16225
0 204 16224
4908 96 5004
0 49 16225
0 186 16224
5015 48 5063
0 11 16225
0 159 16224
5144 24 5168
0 81 16225
0 173 16224
5276 53 5329
0 108 16225
0 106 16224
5392 65 5457
0 63 16225
0 58 16224
5530 80 5610
0 73 16225
0 68 16224
5643 83 5726
0 33 16225
0 31 16224
5817 95 5912
0 91 16225
0 175 16224
5945 55 6000
0 33 16225
0 176 16224
6064 63 6127
0 64 16225
0 90 16224
6217 37 6254
0 90 16225
0 55 16224
6342 38 6380
0 88 16225
0 59 16224
6420 50 6470
0 40 16225
0 126 16224
6486 39 6525
0 16 16225
0 154 16224
6589 59 6648
0 64 16225
0 31 16224
6726 42 6768
0 78 16225
0 128 16224
6844 20 6864
0 76 16225
0 190 16224
6926 15 6941
0 62 16225
0 61 16224
6977 101 7078
0 36 16225
0 61 16224
7131 82 7213
0 53 16225
0 89 16224
7298 87 7385
0 85 16225
0 135 16224
7401 18 7419
0 16 16225
0 157 16224
7442 11 7453
0 23 16225
0 170 16224
7479 86 7565
0 26 16225
0 152 16224
7653 82 7735
0 88 16225
0 190 16224
7749 56 7805
0 14 16225
0 138 16224
