201
30 20 50
0 30 14450
0 12 14449
62 17 79
0 12 14450
0 127 14449
176 18 194
0 97 14450
0 144 14449
215 35 250
0 21 14450
0 28 14449
306 62 368
0 56 14450
0 10 14449
434 56 490
0 66 14450
0 128 14449
527 97 624
0 37 14450
0 195 14449
640 51 691
0 16 14450
0 194 14449
736 18 754
0 45 14450
0 55 14449
798 80 878
0 44 14450
0 158 14449
889 68 957
0 11 14450
0 108 14449
989 39 1028
0 32 14450
0 153 14449
1128 102 1230
0 100 14450
0 119 14449
1303 59 1362
0 73 14450
0 40 14449
1433 31 1464
0 71 14450
0 127 14449
1481 58 1539
0 17 14450
0 125 14449
1580 73 1653
0 41 14450
0 129 14449
1696 22 1718
0 43 14450
0 114 14449
1757 88 1845
0 39 14450
0 117 14449
1924 89 2013
0 79 14450
0 173 14449
2065 33 2098
0 52 14450
0 206 14449
2146 39 2185
0 48 14450
0 12 14449
2266 15 2281
0 81 14450
0 50 14449
2355 41 2396
0 74 14450
0 25 14449
2434 46 2480
0 38 14450
0 22 14449
2508 47 2555
0 28 14450
0 128 14449
2608 99 2707
0 53 14450
0 176 14449
2737 88 2825
0 30 14450
0 150 14449
2929 106 3035
0 104 14450
0 79 14449
3047 32 3079
0 12 14450
0 150 14449
3097 80 3177
0 18 14450
0 97 14449
3209 64 3273
0 32 14450
0 127 14449
3352 16 3368
0 79 14450
0 63 14449
3381 101 3482
0 13 14450
0 187 14449
3503 54 3557
0 21 14450
0 127 14449
3570 26 3596
0 13 14450
0 184 14449
3642 101 3743
0 46 14450
0 35 14449
3805 28 3833
0 62 14450
0 143 14449
3900 58 3958
0 67 14450
0 16 14449
4044 16 4060
0 86 14450
0 157 14449
4162 12 4174
0 102 14450
0 192 14449
4244 29 4273
0 70 14450
0 190 14449
4365 74 4439
0 92 14450
0 112 14449
4487 33 4520
0 48 14450
0 208 14449
4592 17 4609
0 72 14450
0 121 14449
4675 76 4751
0 66 14450
0 27 14449
4767 70 4837
0 16 14450
0 30 14449
4911 48 4959
0 74 14450
0 43 14449
5024 76 5100
0 65 14450
0 202 14449
5110 46 5156
0 10 14450
0 80 14449
5222 76 5298
0 66 14450
0 108 14449
5321 52 5373
0 23 14450
0 19 14449
5419 48 5467
0 46 14450
0 68 14449
5516 19 5535
0 49 14450
0 97 14449
5586 99 5685
0 51 14450
0 56 14449
5793 43 5836
0 108 14450
0 86 14449
5861 26 5887
0 25 14450
0 104 14449
5989 51 6040
0 102 14450
0 17 14449
6108 33 6141
0 68 14450
0 111 14449
6183 84 6267
0 42 14450
0 126 14449
6330 47 6377
0 63 14450
0 177 14449
6482 85 6567
0 105 14450
0 133 14449
6589 10 6599
0 22 14450
0 156 14449
6639 106 6745
0 40 14450
0 167 14449
6784 29 6813
0 39 14450
0 36 14449
6872 27 6899
0 59 14450
0 200 14449
6984 101 7085
0 85 14450
0 108 14449
