600
104 86 190
0 104 45786
0 84 45785
285 16 301
0 95 45786
0 37 45785
349 77 426
0 48 45786
0 188 45785
513 99 612
0 87 45786
0 205 45785
681 80 761
0 69 45786
0 119 45785
826 15 841
0 65 45786
0 50 45785
854 27 881
0 13 45786
0 190 45785
891 64 955
0 10 45786
0 163 45785
1001 25 1026
0 46 45786
0 189 45785
1058 41 1099
0 32 45786
0 28 45785
1140 12 1152
0 41 45786
0 91 45785
1228 78 1306
0 76 45786
0 209 45785
1322 104 1426
0 16 45786
0 89 45785
1452 53 1505
0 26 45786
0 150 45785
1576 78 1654
0 71 45786
0 124 45785
1740 26 1766
0 86 45786
0 199 45785
1803 84 1887
0 37 45786
0 195 45785
1909 109 2018
0 22 45786
0 155 45785
2032 102 2134
0 14 45786
0 122 45785
2194 62 2256
0 60 45786
0 54 45785
2343 61 2404
0 87 45786
0 181 45785
2499 58 2557
0 95 45786
0 103 45785
2647 82 2729
0 90 45786
0 27 45785
2808 45 2853
0 79 45786
0 130 45785
2884 32 2916
0 31 45786
0 206 45785
3008 108 3116
0 92 45786
0 56 45785
3214 64 3278
0 98 45786
0 19 45785
3325 99 3424
0 47 45786
0 47 45785
3519 96 3615
0 95 45786
0 191 45785
3640 80 3720
0 25 45786
0 71 45785
3826 25 3851
0 106 45786
0 192 45785
3890 63 3953
0 39 45786
0 39 45785
4058 29 4087
0 105 45786
0 27 45785
4157 103 4260
0 70 45786
0 164 45785
4324 98 4422
0 64 45786
0 59 45785
4440 78 4518
0 18 45786
0 131 45785
4593 63 4656
0 75 45786
0 107 45785
4726 56 4782
0 70 45786
0 41 45785
4862 99 4961
0 80 45786
0 194 45785
5029 10 5039
0 68 45786
0 64 45785
5142 67 5209
0 103 45786
0 186 45785
5254 47 5301
0 45 45786
0 13 45785
5346 101 5447
0 45 45786
0 58 45785
5544 91 5635
0 97 45786
0 172 45785
5674 60 5734
0 39 45786
0 134 45785
5827 99 5926
0 93 45786
0 109 45785
5999 78 6077
0 73 45786
0 53 45785
6124 29 6153
0 47 45786
0 17 45785
6261 49 6310
0 108 45786
0 48 45785
6323 89 6412
0 13 45786
0 206 45785
6508 14 6522
0 96 45786
0 104 45785
6596 18 6614
0 74 45786
0 121 45785
6667 109 6776
0 53 45786
0 52 45785
6800 75 6875
0 24 45786
0 62 45785
6903 93 6996
0 28 45786
0 111 45785
7063 10 7073
0 67 45786
0 172 45785
7150 51 7201
0 77 45786
0 204 45785
7298 49 7347
0 97 45786
0 44 45785
7387 94 7481
0 40 45786
0 28 45785
7584 61 7645
0 103 45786
0 30 45785
7690 44 7734
0 45 45786
0 105 45785
7793 17 7810
0 59 45786
0 198 45785
7884 70 7954
0 74 45786
0 53 45785
8000 48 8048
0 46 45786
0 45 45785
8151 102 8253
0 103 45786
0 147 45785
8265 72 8337
0 12 45786
0 122 45785
8423 46 8469
0 86 45786
0 181 45785
8483 35 8518
0 14 45786
0 57 45785
8565 27 8592
0 47 45786
0 123 45785
8676 63 8739
0 84 45786
0 118 45785
8839 102 8941
0 100 45786
0 37 45785
9022 65 9087
0 81 45786
0 109 45785
9135 29 9164
0 48 45786
0 110 45785
9244 75 9319
0 80 45786
0 76 45785
9384 91 9475
0 65 45786
0 91 45785
9579 36 9615
0 104 45786
0 118 45785
9668 51 9719
0 53 45786
0 124 45785
9807 57 9864
0 88 45786
0 177 45785
9909 102 10011
0 45 45786
0 43 45785
10073 27 10100
0 62 45786
0 193 45785
10189 92 10281
0 89 45786
0 201 45785
10365 85 10450
0 84 45786
0 181 45785
10525 93 10618
0 75 45786
0 124 45785
10691 33 10724
0 73 45786
0 82 45785
10775 19 10794
0 51 45786
0 106 45785
10873 10 10883
0 79 45786
0 40 45785
10954 70 11024
0 71 45786
0 94 45785
11080 25 11105
0 56 45786
0 89 45785
11120 67 11187
0 15 45786
0 108 45785
11266 14 11280
0 79 45786
0 187 45785
11356 14 11370
0 76 45786
0 178 45785
11474 47 11521
0 104 45786
0 209 45785
11543 108 11651
0 22 45786
0 169 45785
11753 102 11855
0 102 45786
0 117 45785
11896 44 11940
0 41 45786
0 130 45785
11999 45 12044
0 59 45786
0 116 45785
12072 62 12134
0 28 45786
0 51 45785
12239 20 12259
0 105 45786
0 31 45785
12348 103 12451
0 89 45786
0 26 45785
12517 10 12527
0 66 45786
0 49 45785
12538 32 12570
0 11 45786
0 158 45785
12639 27 12666
0 69 45786
0 82 45785
12682 48 12730
0 16 45786
0 54 45785
12788 49 12837
0 58 45786
0 49 45785
12870 96 12966
0 33 45786
0 16 45785
13045 103 13148
0 79 45786
0 80 45785
13236 103 13339
0 88 45786
0 109 45785
13381 58 13439
0 42 45786
0 62 45785
13465 106 13571
0 26 45786
0 123 45785
13674 91 13765
0 103 45786
0 33 45785
13825 108 13933
0 60 45786
0 30 45785
14032 100 14132
0 99 45786
0 102 45785
14163 38 14201
0 31 45786
0 198 45785
14215 71 14286
0 14 45786
0 191 45785
14310 105 14415
0 24 45786
0 97 45785
14479 27 14506
0 64 45786
0 207 45785
14581 94 14675
0 75 45786
0 16 45785
14735 10 14745
0 60 45786
0 164 45785
14807 59 14866
0 62 45786
0 24 45785
14974 69 15043
0 108 45786
0 155 45785
15112 12 15124
0 69 45786
0 22 45785
15219 15 15234
0 95 45786
0 19 45785
15270 13 15283
0 36 45786
0 79 45785
15380 106 15486
0 97 45786
0 158 45785
15527 104 15631
0 41 45786
0 70 45785
15695 71 15766
0 64 45786
0 20 45785
15796 83 15879
0 30 45786
0 25 45785
15933 109 16042
0 54 45786
0 166 45785
16060 96 16156
0 18 45786
0 84 45785
16241 103 16344
0 85 45786
0 164 45785
16381 51 16432
0 37 45786
0 148 45785
16527 43 16570
0 95 45786
0 122 45785
16657 56 16713
0 87 45786
0 60 45785
16774 86 16860
0 61 45786
0 133 45785
16900 109 17009
0 40 45786
0 39 45785
17096 67 17163
0 87 45786
0 110 45785
17217 84 17301
0 54 45786
0 64 45785
17377 45 17422
0 76 45786
0 202 45785
17508 94 17602
0 86 45786
0 146 45785
17657 35 17692
0 55 45786
0 38 45785
17786 32 17818
0 94 45786
0 76 45785
17889 12 17901
0 71 45786
0 190 45785
17994 10 18004
0 93 45786
0 78 45785
18041 13 18054
0 37 45786
0 194 45785
18118 39 18157
0 64 45786
0 120 45785
18191 21 18212
0 34 45786
0 133 45785
18242 89 18331
0 30 45786
0 14 45785
18415 27 18442
0 84 45786
0 194 45785
18517 19 18536
0 75 45786
0 69 45785
18639 36 18675
0 103 45786
0 203 45785
18688 90 18778
0 13 45786
0 77 45785
18817 38 18855
0 39 45786
0 17 45785
18929 53 18982
0 74 45786
0 58 45785
19001 62 19063
0 19 45786
0 28 45785
19130 85 19215
0 67 45786
0 153 45785
19234 49 19283
0 19 45786
0 142 45785
19302 99 19401
0 19 45786
0 48 45785
19431 39 19470
0 30 45786
0 204 45785
19503 47 19550
0 33 45786
0 64 45785
19600 80 19680
0 50 45786
0 178 45785
19739 25 19764
0 59 45786
0 28 45785
19816 72 19888
0 52 45786
0 73 45785
19899 88 19987
0 11 45786
0 73 45785
20043 47 20090
0 56 45786
0 84 45785
20187 20 20207
0 97 45786
0 197 45785
20273 86 20359
0 66 45786
0 166 45785
20379 81 20460
0 20 45786
0 182 45785
20535 109 20644
0 75 45786
0 59 45785
20698 41 20739
0 54 45786
0 15 45785
20833 71 20904
0 94 45786
0 105 45785
20988 62 21050
0 84 45786
0 80 45785
21132 54 21186
0 82 45786
0 109 45785
21202 90 21292
0 16 45786
0 118 45785
21358 10 21368
0 66 45786
0 55 45785
21456 46 21502
0 88 45786
0 146 45785
21543 49 21592
0 41 45786
0 156 45785
21686 14 21700
0 94 45786
0 181 45785
21774 97 21871
0 74 45786
0 183 45785
21976 24 22000
0 105 45786
0 106 45785
22073 29 22102
0 73 45786
0 161 45785
22170 26 22196
0 68 45786
0 41 45785
22252 57 22309
0 56 45786
0 52 45785
22418 89 22507
0 109 45786
0 20 45785
22553 20 22573
0 46 45786
0 196 45785
22621 86 22707
0 48 45786
0 129 45785
22795 90 22885
0 88 45786
0 183 45785
22958 68 23026
0 73 45786
0 33 45785
23043 60 23103
0 17 45786
0 18 45785
23135 109 23244
0 32 45786
0 32 45785
23273 71 23344
0 29 45786
0 61 45785
23358 53 23411
0 14 45786
0 72 45785
23498 54 23552
0 87 45786
0 79 45785
23633 33 23666
0 81 45786
0 70 45785
23757 109 23866
0 91 45786
0 93 45785
23915 77 23992
0 49 45786
0 43 45785
24062 69 24131
0 70 45786
0 167 45785
24178 102 24280
0 47 45786
0 186 45785
24349 88 24437
0 69 45786
0 45 45785
24514 16 24530
0 77 45786
0 68 45785
24573 22 24595
0 43 45786
0 137 45785
