600
63 12 75
0 63 44616
0 103 44615
106 76 182
0 31 44616
0 180 44615
251 96 347
0 69 44616
0 139 44615
415 83 498
0 68 44616
0 203 44615
588 103 691
0 90 44616
0 186 44615
737 28 765
0 46 44616
0 165 44615
840 69 909
0 75 44616
0 64 44615
984 22 1006
0 75 44616
0 28 44615
1053 33 1086
0 47 44616
0 137 44615
1109 21 1130
0 23 44616
0 144 44615
1236 15 1251
0 106 44616
0 84 44615
1293 16 1309
0 42 44616
0 72 44615
1395 103 1498
0 86 44616
0 155 44615
1557 24 1581
0 59 44616
0 106 44615
1662 83 1745
0 81 44616
0 102 44615
1780 13 1793
0 35 44616
0 154 44615
1822 97 1919
0 29 44616
0 22 44615
1976 63 2039
0 57 44616
0 54 44615
2134 92 2226
0 95 44616
0 86 44615
2240 41 2281
0 14 44616
0 10 44615
2368 74 2442
0 87 44616
0 40 44615
2463 44 2507
0 21 44616
0 154 44615
2558 40 2598
0 51 44616
0 12 44615
2639 31 2670
0 41 44616
0 166 44615
2732 71 2803
0 62 44616
0 87 44615
2862 21 2883
0 59 44616
0 92 44615
2948 104 3052
0 65 44616
0 26 44615
3087 94 3181
0 35 44616
0 187 44615
3215 45 3260
0 34 44616
0 86 44615
3335 30 3365
0 75 44616
0 55 44615
3399 85 3484
0 34 44616
0 164 44615
3572 35 3607
0 88 44616
0 92 44615
3655 28 3683
0 48 44616
0 96 44615
3778 18 3796
0 95 44616
0 26 44615
3863 40 3903
0 67 44616
0 174 44615
3988 32 4020
0 85 44616
0 67 44615
4113 22 4135
0 93 44616
0 145 44615
4238 54 4292
0 103 44616
0 35 44615
4349 96 4445
0 57 44616
0 166 44615
4519 99 4618
0 74 44616
0 62 44615
4701 35 4736
0 83 44616
0 170 44615
4809 35 4844
0 73 44616
0 184 44615
4891 82 4973
0 47 44616
0 27 44615
4997 90 5087
0 24 44616
0 12 44615
5104 86 5190
0 17 44616
0 29 44615
5252 79 5331
0 62 44616
0 151 44615
5396 20 5416
0 65 44616
0 181 44615
5493 30 5523
0 77 44616
0 120 44615
5533 33 5566
0 10 44616
0 25 44615
5626 22 5648
0 60 44616
0 207 44615
5756 97 5853
0 108 44616
0 78 44615
5937 26 5963
0 84 44616
0 174 44615
6027 97 6124
0 64 44616
0 104 44615
6156 41 6197
0 32 44616
0 54 44615
6223 68 6291
0 26 44616
0 160 44615
6308 62 6370
0 17 44616
0 36 44615
6459 53 6512
0 89 44616
0 54 44615
6614 82 6696
0 102 44616
0 173 44615
6728 107 6835
0 32 44616
0 49 44615
6848 35 6883
0 13 44616
0 58 44615
6929 71 7000
0 46 44616
0 51 44615
7075 42 7117
0 75 44616
0 209 44615
7147 55 7202
0 30 44616
0 28 44615
7224 33 7257
0 22 44616
0 13 44615
7303 78 7381
0 46 44616
0 53 44615
7431 16 7447
0 50 44616
0 12 44615
7553 21 7574
0 106 44616
0 81 44615
7633 87 7720
0 59 44616
0 72 44615
7734 22 7756
0 14 44616
0 167 44615
7835 27 7862
0 79 44616
0 43 44615
7873 83 7956
0 11 44616
0 126 44615
8045 78 8123
0 89 44616
0 157 44615
8154 70 8224
0 31 44616
0 197 44615
8324 46 8370
0 100 44616
0 25 44615
8441 47 8488
0 71 44616
0 159 44615
8593 32 8625
0 105 44616
0 19 44615
8716 65 8781
0 91 44616
0 76 44615
8850 89 8939
0 69 44616
0 21 44615
9014 31 9045
0 75 44616
0 204 44615
9117 19 9136
0 72 44616
0 73 44615
9224 107 9331
0 88 44616
0 61 44615
9429 31 9460
0 98 44616
0 191 44615
9559 86 9645
0 99 44616
0 193 44615
9720 97 9817
0 75 44616
0 26 44615
9867 37 9904
0 50 44616
0 186 44615
9954 23 9977
0 50 44616
0 57 44615
10031 75 10106
0 54 44616
0 179 44615
10171 22 10193
0 65 44616
0 25 44615
10273 35 10308
0 80 44616
0 44 44615
10326 20 10346
0 18 44616
0 204 44615
10389 48 10437
0 43 44616
0 209 44615
10539 49 10588
0 102 44616
0 208 44615
10692 100 10792
0 104 44616
0 35 44615
10895 77 10972
0 103 44616
0 80 44615
11056 29 11085
0 84 44616
0 184 44615
11103 18 11121
0 18 44616
0 163 44615
11167 75 11242
0 46 44616
0 22 44615
11303 44 11347
0 61 44616
0 41 44615
11377 21 11398
0 30 44616
0 43 44615
11483 76 11559
0 85 44616
0 114 44615
11606 92 11698
0 47 44616
0 28 44615
11723 61 11784
0 25 44616
0 142 44615
11838 24 11862
0 54 44616
0 34 44615
11902 105 12007
0 40 44616
0 136 44615
12093 25 12118
0 86 44616
0 131 44615
12194 37 12231
0 76 44616
0 28 44615
12274 82 12356
0 43 44616
0 129 44615
12372 27 12399
0 16 44616
0 190 44615
12431 11 12442
0 32 44616
0 121 44615
12522 100 12622
0 80 44616
0 99 44615
12662 75 12737
0 40 44616
0 44 44615
12787 38 12825
0 50 44616
0 11 44615
12933 93 13026
0 108 44616
0 113 44615
13125 88 13213
0 99 44616
0 199 44615
13248 36 13284
0 35 44616
0 57 44615
13314 34 13348
0 30 44616
0 176 44615
13388 27 13415
0 40 44616
0 72 44615
13477 99 13576
0 62 44616
0 114 44615
13658 53 13711
0 82 44616
0 133 44615
13744 23 13767
0 33 44616
0 183 44615
13801 57 13858
0 34 44616
0 88 44615
13886 83 13969
0 28 44616
0 184 44615
14006 39 14045
0 37 44616
0 43 44615
14142 82 14224
0 97 44616
0 60 44615
14270 65 14335
0 46 44616
0 51 44615
14414 16 14430
0 79 44616
0 68 44615
14471 44 14515
0 41 44616
0 138 44615
14558 90 14648
0 43 44616
0 80 44615
14697 59 14756
0 49 44616
0 19 44615
14770 83 14853
0 14 44616
0 193 44615
14917 69 14986
0 64 44616
0 53 44615
15073 63 15136
0 87 44616
0 10 44615
15217 104 15321
0 81 44616
0 57 44615
15422 21 15443
0 101 44616
0 52 44615
15512 40 15552
0 69 44616
0 32 44615
15646 18 15664
0 94 44616
0 166 44615
15722 21 15743
0 58 44616
0 51 44615
15812 54 15866
0 69 44616
0 96 44615
15947 39 15986
0 81 44616
0 129 44615
16071 22 16093
0 85 44616
0 43 44615
16117 45 16162
0 24 44616
0 43 44615
16229 98 16327
0 67 44616
0 66 44615
16418 32 16450
0 91 44616
0 133 44615
16466 101 16567
0 16 44616
0 208 44615
16593 64 16657
0 26 44616
0 102 44615
16704 47 16751
0 47 44616
0 102 44615
16787 89 16876
0 36 44616
0 132 44615
16902 86 16988
0 26 44616
0 151 44615
17076 46 17122
0 88 44616
0 201 44615
17154 53 17207
0 32 44616
0 10 44615
17237 18 17255
0 30 44616
0 118 44615
17331 62 17393
0 76 44616
0 29 44615
17425 20 17445
0 32 44616
0 186 44615
17520 79 17599
0 75 44616
0 162 44615
17677 100 17777
0 78 44616
0 167 44615
17840 60 17900
0 63 44616
0 96 44615
17938 78 18016
0 38 44616
0 141 44615
18111 20 18131
0 95 44616
0 100 44615
18215 25 18240
0 84 44616
0 152 44615
18322 74 18396
0 82 44616
0 74 44615
18460 69 18529
0 64 44616
0 133 44615
18552 64 18616
0 23 44616
0 101 44615
18639 66 18705
0 23 44616
0 151 44615
18764 81 18845
0 59 44616
0 134 44615
18881 77 18958
0 36 44616
0 165 44615
18997 83 19080
0 39 44616
0 188 44615
19092 44 19136
0 12 44616
0 98 44615
19172 40 19212
0 36 44616
0 57 44615
19241 109 19350
0 29 44616
0 174 44615
19385 103 19488
0 35 44616
0 190 44615
19515 74 19589
0 27 44616
0 63 44615
19698 109 19807
0 109 44616
0 187 44615
19886 106 19992
0 79 44616
0 139 44615
20070 80 20150
0 78 44616
0 137 44615
20246 38 20284
0 96 44616
0 166 44615
20385 71 20456
0 101 44616
0 110 44615
20498 63 20561
0 42 44616
0 146 44615
20611 93 20704
0 50 44616
0 93 44615
20747 71 20818
0 43 44616
0 131 44615
20921 36 20957
0 103 44616
0 102 44615
21033 23 21056
0 76 44616
0 94 44615
21120 17 21137
0 64 44616
0 64 44615
21192 42 21234
0 55 44616
0 54 44615
21272 18 21290
0 38 44616
0 91 44615
21388 96 21484
0 98 44616
0 139 44615
21578 12 21590
0 94 44616
0 202 44615
21673 24 21697
0 83 44616
0 173 44615
21724 102 21826
0 27 44616
0 155 44615
21899 98 21997
0 73 44616
0 128 44615
22053 22 22075
0 56 44616
0 209 44615
22108 54 22162
0 33 44616
0 83 44615
22264 41 22305
0 102 44616
0 163 44615
22387 45 22432
0 82 44616
0 154 44615
22459 57 22516
0 27 44616
0 13 44615
22623 86 22709
0 107 44616
0 121 44615
22731 33 22764
0 22 44616
0 183 44615
22787 16 22803
0 23 44616
0 152 44615
22818 98 22916
0 15 44616
0 102 44615
22956 34 22990
0 40 44616
0 198 44615
23055 12 23067
0 65 44616
0 56 44615
