600
63 10 73
0 63 44741
0 155 44740
127 17 144
0 54 44741
0 77 44740
217 52 269
0 73 44741
0 83 44740
353 44 397
0 84 44741
0 190 44740
470 11 481
0 73 44741
0 160 44740
551 22 573
0 70 44741
0 89 44740
632 57 689
0 59 44741
0 65 44740
732 101 833
0 43 44741
0 39 44740
869 59 928
0 36 44741
0 208 44740
968 70 1038
0 40 44741
0 140 44740
1053 40 1093
0 15 44741
0 110 44740
1193 72 1265
0 100 44741
0 111 44740
1278 34 1312
0 13 44741
0 30 44740
1346 30 1376
0 34 44741
0 157 44740
1392 89 1481
0 16 44741
0 92 44740
1525 27 1552
0 44 44741
0 105 44740
1588 48 1636
0 36 44741
0 17 44740
1647 13 1660
0 11 44741
0 183 44740
1747 13 1760
0 87 44741
0 100 44740
1810 37 1847
0 50 44741
0 165 44740
1886 69 1955
0 39 44741
0 156 44740
2023 41 2064
0 68 44741
0 122 44740
2109 73 2182
0 45 44741
0 19 44740
2201 55 2256
0 19 44741
0 170 44740
2362 60 2422
0 106 44741
0 77 44740
2471 20 2491
0 49 44741
0 24 44740
2560 79 2639
0 69 44741
0 91 44740
2674 59 2733
0 35 44741
0 14 44740
2753 36 2789
0 20 44741
0 74 44740
2898 64 2962
0 109 44741
0 43 44740
3010 108 3118
0 48 44741
0 133 44740
3148 97 3245
0 30 44741
0 19 44740
3283 72 3355
0 38 44741
0 50 44740
3418 60 3478
0 63 44741
0 182 44740
3576 11 3587
0 98 44741
0 12 44740
3688 92 3780
0 101 44741
0 77 44740
3853 96 3949
0 73 44741
0 10 44740
3986 48 4034
0 37 44741
0 202 44740
4123 41 4164
0 89 44741
0 148 44740
4230 26 4256
0 66 44741
0 122 44740
4287 91 4378
0 31 44741
0 13 44740
4451 54 4505
0 73 44741
0 66 44740
4569 102 4671
0 64 44741
0 36 44740
4761 54 4815
0 90 44741
0 41 44740
4922 38 4960
0 107 44741
0 105 44740
4990 82 5072
0 30 44741
0 73 44740
5181 47 5228
0 109 44741
0 178 44740
5262 13 5275
0 34 44741
0 46 44740
5332 13 5345
0 57 44741
0 167 44740
5454 43 5497
0 109 44741
0 202 44740
5576 40 5616
0 79 44741
0 197 44740
5640 60 5700
0 24 44741
0 46 44740
5720 53 5773
0 20 44741
0 90 44740
5853 104 5957
0 80 44741
0 168 44740
6000 80 6080
0 43 44741
0 208 44740
6111 97 6208
0 31 44741
0 94 44740
6287 50 6337
0 79 44741
0 163 44740
6348 107 6455
0 11 44741
0 47 44740
6535 68 6603
0 80 44741
0 69 44740
6655 36 6691
0 52 44741
0 73 44740
6716 74 6790
0 25 44741
0 36 44740
6867 23 6890
0 77 44741
0 59 44740
6954 44 6998
0 64 44741
0 126 44740
7029 43 7072
0 31 44741
0 74 44740
7109 46 7155
0 37 44741
0 187 44740
7179 55 7234
0 24 44741
0 41 44740
7300 28 7328
0 66 44741
0 123 44740
7381 80 7461
0 53 44741
0 126 44740
7537 44 7581
0 76 44741
0 113 44740
7629 21 7650
0 48 44741
0 51 44740
7711 34 7745
0 61 44741
0 192 44740
7788 106 7894
0 43 44741
0 62 44740
7922 29 7951
0 28 44741
0 163 44740
7981 45 8026
0 30 44741
0 208 44740
8085 63 8148
0 59 44741
0 23 44740
8160 43 8203
0 12 44741
0 20 44740
8292 44 8336
0 89 44741
0 167 44740
8412 35 8447
0 76 44741
0 59 44740
8545 28 8573
0 98 44741
0 150 44740
8636 17 8653
0 63 44741
0 133 44740
8676 22 8698
0 23 44741
0 162 44740
8757 22 8779
0 59 44741
0 202 44740
8812 26 8838
0 33 44741
0 160 44740
8914 103 9017
0 76 44741
0 174 44740
9077 88 9165
0 60 44741
0 81 44740
9181 14 9195
0 16 44741
0 138 44740
9286 65 9351
0 91 44741
0 57 44740
9403 34 9437
0 52 44741
0 209 44740
9463 50 9513
0 26 44741
0 14 44740
9565 32 9597
0 52 44741
0 10 44740
9665 80 9745
0 68 44741
0 102 44740
9806 75 9881
0 61 44741
0 65 44740
9920 77 9997
0 39 44741
0 165 44740
10044 96 10140
0 47 44741
0 166 44740
10233 52 10285
0 93 44741
0 67 44740
10364 50 10414
0 79 44741
0 93 44740
10505 44 10549
0 91 44741
0 127 44740
10603 56 10659
0 54 44741
0 37 44740
10688 24 10712
0 29 44741
0 136 44740
10812 44 10856
0 100 44741
0 115 44740
10898 87 10985
0 42 44741
0 14 44740
11069 54 11123
0 84 44741
0 13 44740
11147 68 11215
0 24 44741
0 205 44740
11277 18 11295
0 62 44741
0 69 44740
11402 41 11443
0 107 44741
0 89 44740
11456 106 11562
0 13 44741
0 181 44740
11613 77 11690
0 51 44741
0 93 44740
11725 102 11827
0 35 44741
0 96 44740
11916 43 11959
0 89 44741
0 89 44740
12063 34 12097
0 104 44741
0 59 44740
12185 68 12253
0 88 44741
0 177 44740
12321 66 12387
0 68 44741
0 19 44740
12455 72 12527
0 68 44741
0 20 44740
12590 102 12692
0 63 44741
0 144 44740
12739 21 12760
0 47 44741
0 93 44740
12855 70 12925
0 95 44741
0 117 44740
13023 66 13089
0 98 44741
0 97 44740
13198 56 13254
0 109 44741
0 25 44740
13308 71 13379
0 54 44741
0 40 44740
13421 18 13439
0 42 44741
0 194 44740
13522 97 13619
0 83 44741
0 133 44740
13659 76 13735
0 40 44741
0 152 44740
13749 57 13806
0 14 44741
0 191 44740
13853 60 13913
0 47 44741
0 183 44740
13931 47 13978
0 18 44741
0 174 44740
14037 15 14052
0 59 44741
0 138 44740
14086 95 14181
0 34 44741
0 202 44740
14283 43 14326
0 102 44741
0 20 44740
14371 52 14423
0 45 44741
0 205 44740
14489 73 14562
0 66 44741
0 106 44740
14622 25 14647
0 60 44741
0 75 44740
14743 89 14832
0 96 44741
0 34 44740
14923 74 14997
0 91 44741
0 208 44740
15020 35 15055
0 23 44741
0 63 44740
15115 103 15218
0 60 44741
0 155 44740
15244 93 15337
0 26 44741
0 126 44740
15397 28 15425
0 60 44741
0 31 44740
15476 30 15506
0 51 44741
0 89 44740
15518 67 15585
0 12 44741
0 183 44740
15647 100 15747
0 62 44741
0 109 44740
15808 108 15916
0 61 44741
0 190 44740
16006 31 16037
0 90 44741
0 122 44740
16051 59 16110
0 14 44741
0 154 44740
16146 77 16223
0 36 44741
0 105 44740
16264 94 16358
0 41 44741
0 92 44740
16430 91 16521
0 72 44741
0 35 44740
16554 27 16581
0 33 44741
0 148 44740
16653 66 16719
0 72 44741
0 67 44740
16786 60 16846
0 67 44741
0 131 44740
16939 58 16997
0 93 44741
0 189 44740
17064 69 17133
0 67 44741
0 187 44740
17215 25 17240
0 82 44741
0 169 44740
17338 58 17396
0 98 44741
0 25 44740
17427 74 17501
0 31 44741
0 169 44740
17513 106 17619
0 12 44741
0 208 44740
17649 76 17725
0 30 44741
0 146 44740
17810 61 17871
0 85 44741
0 61 44740
17924 56 17980
0 53 44741
0 26 44740
18043 29 18072
0 63 44741
0 44 44740
18085 61 18146
0 13 44741
0 39 44740
18197 11 18208
0 51 44741
0 189 44740
18298 83 18381
0 90 44741
0 65 44740
18431 33 18464
0 50 44741
0 84 44740
18496 54 18550
0 32 44741
0 173 44740
18620 37 18657
0 70 44741
0 47 44740
18720 64 18784
0 63 44741
0 42 44740
18808 20 18828
0 24 44741
0 138 44740
18916 79 18995
0 88 44741
0 57 44740
19018 26 19044
0 23 44741
0 198 44740
19073 70 19143
0 29 44741
0 14 44740
19245 97 19342
0 102 44741
0 205 44740
19436 72 19508
0 94 44741
0 187 44740
19598 94 19692
0 90 44741
0 182 44740
19739 93 19832
0 47 44741
0 192 44740
19852 86 19938
0 20 44741
0 107 44740
20042 48 20090
0 104 44741
0 127 44740
20192 17 20209
0 102 44741
0 131 44740
20275 97 20372
0 66 44741
0 68 44740
20465 79 20544
0 93 44741
0 53 44740
20640 34 20674
0 96 44741
0 72 44740
20705 57 20762
0 31 44741
0 190 44740
20812 24 20836
0 50 44741
0 149 44740
20870 53 20923
0 34 44741
0 27 44740
20955 48 21003
0 32 44741
0 62 44740
21029 98 21127
0 26 44741
0 33 44740
21232 96 21328
0 105 44741
0 166 44740
21381 83 21464
0 53 44741
0 105 44740
21557 46 21603
0 93 44741
0 161 44740
21657 17 21674
0 54 44741
0 12 44740
21724 106 21830
0 50 44741
0 36 44740
21919 97 22016
0 89 44741
0 161 44740
22056 65 22121
0 40 44741
0 143 44740
22230 104 22334
0 109 44741
0 120 44740
22386 90 22476
0 52 44741
0 114 44740
22551 55 22606
0 75 44741
0 42 44740
22636 83 22719
0 30 44741
0 43 44740
22776 19 22795
0 57 44741
0 100 44740
22825 21 22846
0 30 44741
0 189 44740
22883 57 22940
0 37 44741
0 145 44740
23023 48 23071
0 83 44741
0 126 44740
