600
43 66 109
0 43 44578
0 165 44577
198 103 301
0 89 44578
0 122 44577
367 39 406
0 66 44578
0 151 44577
472 26 498
0 66 44578
0 155 44577
554 38 592
0 56 44578
0 26 44577
621 98 719
0 29 44578
0 44 44577
770 55 825
0 51 44578
0 154 44577
881 101 982
0 56 44578
0 133 44577
1004 37 1041
0 22 44578
0 128 44577
1054 19 1073
0 13 44578
0 83 44577
1122 88 1210
0 49 44578
0 47 44577
1296 19 1315
0 86 44578
0 204 44577
1361 30 1391
0 46 44578
0 106 44577
1422 74 1496
0 31 44578
0 97 44577
1527 74 1601
0 31 44578
0 80 44577
1636 34 1670
0 35 44578
0 41 44577
1710 84 1794
0 40 44578
0 69 44577
1860 36 1896
0 66 44578
0 103 44577
1966 44 2010
0 70 44578
0 81 44577
2031 26 2057
0 21 44578
0 62 44577
2124 27 2151
0 67 44578
0 35 44577
2191 67 2258
0 40 44578
0 80 44577
2317 105 2422
0 59 44578
0 89 44577
2512 101 2613
0 90 44578
0 130 44577
2707 104 2811
0 94 44578
0 173 44577
2909 90 2999
0 98 44578
0 133 44577
3102 106 3208
0 103 44578
0 150 44577
3283 25 3308
0 75 44578
0 11 44577
3362 17 3379
0 54 44578
0 190 44577
3481 93 3574
0 102 44578
0 41 44577
3635 11 3646
0 61 44578
0 161 44577
3742 57 3799
0 96 44578
0 173 44577
3844 13 3857
0 45 44578
0 148 44577
3922 44 3966
0 65 44578
0 93 44577
4001 109 4110
0 35 44578
0 124 44577
4153 38 4191
0 43 44578
0 187 44577
4257 27 4284
0 66 44578
0 105 44577
4349 32 4381
0 65 44578
0 55 44577
4435 31 4466
0 54 44578
0 176 44577
4525 12 4537
0 59 44578
0 44 44577
4556 45 4601
0 19 44578
0 11 44577
4642 18 4660
0 41 44578
0 135 44577
4768 76 4844
0 108 44578
0 83 44577
4875 67 4942
0 31 44578
0 127 44577
4974 63 5037
0 32 44578
0 96 44577
5064 35 5099
0 27 44578
0 155 44577
5134 108 5242
0 35 44578
0 129 44577
5289 16 5305
0 47 44578
0 82 44577
5394 13 5407
0 89 44578
0 149 44577
5417 83 5500
0 10 44578
0 115 44577
5593 57 5650
0 93 44578
0 178 44577
5679 81 5760
0 29 44578
0 208 44577
5857 86 5943
0 97 44578
0 184 44577
6031 49 6080
0 88 44578
0 199 44577
6101 80 6181
0 21 44578
0 155 44577
6237 40 6277
0 56 44578
0 41 44577
6341 58 6399
0 64 44578
0 92 44577
6501 10 6511
0 102 44578
0 184 44577
6526 76 6602
0 15 44578
0 113 44577
6624 58 6682
0 22 44578
0 135 44577
6744 43 6787
0 62 44578
0 93 44577
6877 18 6895
0 90 44578
0 205 44577
6918 71 6989
0 23 44578
0 170 44577
7016 81 7097
0 27 44578
0 110 44577
7130 30 7160
0 33 44578
0 196 44577
7240 60 7300
0 80 44578
0 192 44577
7362 23 7385
0 62 44578
0 37 44577
7410 89 7499
0 25 44578
0 20 44577
7521 30 7551
0 22 44578
0 20 44577
7611 32 7643
0 60 44578
0 32 44577
7688 71 7759
0 45 44578
0 181 44577
7820 40 7860
0 61 44578
0 82 44577
7911 70 7981
0 51 44578
0 44 44577
8016 54 8070
0 35 44578
0 96 44577
8169 66 8235
0 99 44578
0 25 44577
8317 33 8350
0 82 44578
0 130 44577
8450 59 8509
0 100 44578
0 127 44577
8585 48 8633
0 76 44578
0 40 44577
8694 51 8745
0 61 44578
0 120 44577
8823 13 8836
0 78 44578
0 201 44577
8931 49 8980
0 95 44578
0 26 44577
9069 89 9158
0 89 44578
0 59 44577
9223 62 9285
0 65 44578
0 114 44577
9383 106 9489
0 98 44578
0 143 44577
9565 103 9668
0 76 44578
0 141 44577
9771 41 9812
0 103 44578
0 201 44577
9907 70 9977
0 95 44578
0 81 44577
10054 99 10153
0 77 44578
0 189 44577
10202 40 10242
0 49 44578
0 94 44577
10269 72 10341
0 27 44578
0 182 44577
10391 60 10451
0 50 44578
0 16 44577
10539 41 10580
0 88 44578
0 166 44577
10621 88 10709
0 41 44578
0 137 44577
10790 74 10864
0 81 44578
0 82 44577
10887 11 10898
0 23 44578
0 44 44577
10953 17 10970
0 55 44578
0 58 44577
11061 46 11107
0 91 44578
0 196 44577
11188 82 11270
0 81 44578
0 131 44577
11288 45 11333
0 18 44578
0 18 44577
11440 62 11502
0 107 44578
0 15 44577
11556 99 11655
0 54 44578
0 25 44577
11675 106 11781
0 20 44578
0 184 44577
11794 53 11847
0 13 44578
0 73 44577
11910 97 12007
0 63 44578
0 185 44577
12098 67 12165
0 91 44578
0 60 44577
12198 43 12241
0 33 44578
0 120 44577
12274 94 12368
0 33 44578
0 113 44577
12393 70 12463
0 25 44578
0 155 44577
12490 103 12593
0 27 44578
0 55 44577
12642 33 12675
0 49 44578
0 75 44577
12701 63 12764
0 26 44578
0 27 44577
12781 97 12878
0 17 44578
0 22 44577
12976 19 12995
0 98 44578
0 187 44577
13074 34 13108
0 79 44578
0 38 44577
13159 107 13266
0 51 44578
0 122 44577
13374 37 13411
0 108 44578
0 107 44577
13511 37 13548
0 100 44578
0 138 44577
13612 10 13622
0 64 44578
0 93 44577
13692 51 13743
0 70 44578
0 185 44577
13753 20 13773
0 10 44578
0 196 44577
13803 90 13893
0 30 44578
0 130 44577
13981 22 14003
0 88 44578
0 189 44577
14068 30 14098
0 65 44578
0 158 44577
14122 27 14149
0 24 44578
0 208 44577
14195 60 14255
0 46 44578
0 107 44577
14292 18 14310
0 37 44578
0 176 44577
14340 69 14409
0 30 44578
0 23 44577
14453 79 14532
0 44 44578
0 143 44577
14575 24 14599
0 43 44578
0 172 44577
14641 39 14680
0 42 44578
0 69 44577
14707 75 14782
0 27 44578
0 171 44577
14868 109 14977
0 86 44578
0 186 44577
15064 33 15097
0 87 44578
0 130 44577
15196 13 15209
0 99 44578
0 15 44577
15258 15 15273
0 49 44578
0 116 44577
15350 19 15369
0 77 44578
0 127 44577
15392 29 15421
0 23 44578
0 194 44577
15457 64 15521
0 36 44578
0 108 44577
15567 32 15599
0 46 44578
0 67 44577
15640 68 15708
0 41 44578
0 172 44577
15721 26 15747
0 13 44578
0 89 44577
15809 86 15895
0 62 44578
0 42 44577
15944 88 16032
0 49 44578
0 115 44577
16135 96 16231
0 103 44578
0 10 44577
16279 52 16331
0 48 44578
0 25 44577
16412 57 16469
0 81 44578
0 37 44577
16502 80 16582
0 33 44578
0 146 44577
16620 78 16698
0 38 44578
0 60 44577
16786 97 16883
0 88 44578
0 157 44577
16973 70 17043
0 90 44578
0 12 44577
17148 24 17172
0 105 44578
0 180 44577
17199 62 17261
0 27 44578
0 192 44577
17288 17 17305
0 27 44578
0 56 44577
17340 73 17413
0 35 44578
0 13 44577
17516 30 17546
0 103 44578
0 114 44577
17561 42 17603
0 15 44578
0 61 44577
17698 52 17750
0 95 44578
0 170 44577
17811 54 17865
0 61 44578
0 86 44577
17947 36 17983
0 82 44578
0 202 44577
17995 74 18069
0 12 44578
0 198 44577
18097 25 18122
0 28 44578
0 116 44577
18212 19 18231
0 90 44578
0 119 44577
18296 89 18385
0 65 44578
0 144 44577
18410 87 18497
0 25 44578
0 175 44577
18606 81 18687
0 109 44578
0 62 44577
18775 19 18794
0 88 44578
0 164 44577
18807 84 18891
0 13 44578
0 69 44577
18958 91 19049
0 67 44578
0 190 44577
19092 11 19103
0 43 44578
0 22 44577
19135 27 19162
0 32 44578
0 15 44577
19185 96 19281
0 23 44578
0 118 44577
19329 22 19351
0 48 44578
0 171 44577
19377 77 19454
0 26 44578
0 60 44577
19525 15 19540
0 71 44578
0 125 44577
19630 31 19661
0 90 44578
0 48 44577
19683 87 19770
0 22 44578
0 35 44577
19841 75 19916
0 71 44578
0 66 44577
20001 96 20097
0 85 44578
0 192 44577
20114 78 20192
0 17 44578
0 105 44577
20224 38 20262
0 32 44578
0 90 44577
20287 39 20326
0 25 44578
0 104 44577
20405 107 20512
0 79 44578
0 197 44577
20541 107 20648
0 29 44578
0 138 44577
20663 105 20768
0 15 44578
0 143 44577
20811 93 20904
0 43 44578
0 160 44577
20935 29 20964
0 31 44578
0 15 44577
20992 12 21004
0 28 44578
0 35 44577
21044 17 21061
0 40 44578
0 77 44577
21127 36 21163
0 66 44578
0 183 44577
21224 61 21285
0 61 44578
0 13 44577
21307 28 21335
0 22 44578
0 143 44577
21383 19 21402
0 48 44578
0 168 44577
21498 41 21539
0 96 44578
0 93 44577
21584 38 21622
0 45 44578
0 72 44577
21655 36 21691
0 33 44578
0 97 44577
21776 87 21863
0 85 44578
0 180 44577
21895 74 21969
0 32 44578
0 70 44577
22020 38 22058
0 51 44578
0 168 44577
22160 44 22204
0 102 44578
0 21 44577
22279 51 22330
0 75 44578
0 164 44577
