600
18 25 43
0 18 44870
0 166 44869
126 91 217
0 83 44870
0 192 44869
282 40 322
0 65 44870
0 67 44869
345 17 362
0 23 44870
0 45 44869
403 13 416
0 41 44870
0 11 44869
474 48 522
0 58 44870
0 90 44869
613 83 696
0 91 44870
0 193 44869
746 87 833
0 50 44870
0 13 44869
861 43 904
0 28 44870
0 87 44869
953 51 1004
0 49 44870
0 108 44869
1018 39 1057
0 14 44870
0 43 44869
1145 35 1180
0 88 44870
0 56 44869
1192 74 1266
0 12 44870
0 196 44869
1291 109 1400
0 25 44870
0 62 44869
1471 40 1511
0 71 44870
0 108 44869
1535 96 1631
0 24 44870
0 141 44869
1714 11 1725
0 83 44870
0 30 44869
1760 79 1839
0 35 44870
0 169 44869
1880 35 1915
0 41 44870
0 23 44869
1976 75 2051
0 61 44870
0 176 44869
2095 49 2144
0 44 44870
0 54 44869
2163 20 2183
0 19 44870
0 149 44869
2240 109 2349
0 57 44870
0 97 44869
2425 23 2448
0 76 44870
0 90 44869
2524 57 2581
0 76 44870
0 132 44869
2602 69 2671
0 21 44870
0 116 44869
2688 109 2797
0 17 44870
0 201 44869
2828 78 2906
0 31 44870
0 166 44869
2951 91 3042
0 45 44870
0 186 44869
3151 40 3191
0 109 44870
0 175 44869
3226 28 3254
0 35 44870
0 92 44869
3273 103 3376
0 19 44870
0 137 44869
3445 68 3513
0 69 44870
0 190 44869
3581 99 3680
0 68 44870
0 72 44869
3728 87 3815
0 48 44870
0 45 44869
3887 33 3920
0 72 44870
0 50 44869
4009 18 4027
0 89 44870
0 183 44869
4058 22 4080
0 31 44870
0 144 44869
4113 71 4184
0 33 44870
0 131 44869
4240 94 4334
0 56 44870
0 114 44869
4436 105 4541
0 102 44870
0 91 44869
4561 66 4627
0 20 44870
0 26 44869
4643 73 4716
0 16 44870
0 108 44869
4730 108 4838
0 14 44870
0 198 44869
4914 35 4949
0 76 44870
0 176 44869
5004 82 5086
0 55 44870
0 87 44869
5176 63 5239
0 90 44870
0 147 44869
5259 38 5297
0 20 44870
0 35 44869
5323 63 5386
0 26 44870
0 113 44869
5473 54 5527
0 87 44870
0 204 44869
5599 87 5686
0 72 44870
0 62 44869
5777 87 5864
0 91 44870
0 145 44869
5946 82 6028
0 82 44870
0 27 44869
6126 83 6209
0 98 44870
0 177 44869
6281 38 6319
0 72 44870
0 170 44869
6357 51 6408
0 38 44870
0 91 44869
6465 67 6532
0 57 44870
0 175 44869
6609 31 6640
0 77 44870
0 84 44869
6738 100 6838
0 98 44870
0 26 44869
6859 91 6950
0 21 44870
0 190 44869
7059 39 7098
0 109 44870
0 34 44869
7118 94 7212
0 20 44870
0 86 44869
7231 102 7333
0 19 44870
0 100 44869
7428 66 7494
0 95 44870
0 73 44869
7596 91 7687
0 102 44870
0 130 44869
7755 33 7788
0 68 44870
0 84 44869
7841 19 7860
0 53 44870
0 62 44869
7914 80 7994
0 54 44870
0 108 44869
8100 100 8200
0 106 44870
0 11 44869
8234 25 8259
0 34 44870
0 192 44869
8318 31 8349
0 59 44870
0 73 44869
8414 22 8436
0 65 44870
0 196 44869
8481 24 8505
0 45 44870
0 75 44869
8537 29 8566
0 32 44870
0 73 44869
8668 85 8753
0 102 44870
0 99 44869
8763 86 8849
0 10 44870
0 110 44869
8876 76 8952
0 27 44870
0 193 44869
8965 52 9017
0 13 44870
0 41 44869
9029 83 9112
0 12 44870
0 19 44869
9138 64 9202
0 26 44870
0 34 44869
9257 70 9327
0 55 44870
0 60 44869
9393 93 9486
0 66 44870
0 118 44869
9575 24 9599
0 89 44870
0 80 44869
9657 54 9711
0 58 44870
0 114 44869
9795 56 9851
0 84 44870
0 107 44869
9926 72 9998
0 75 44870
0 36 44869
10057 58 10115
0 59 44870
0 26 44869
10199 61 10260
0 84 44870
0 116 44869
10335 41 10376
0 75 44870
0 104 44869
10447 58 10505
0 71 44870
0 185 44869
10588 24 10612
0 83 44870
0 13 44869
10678 60 10738
0 66 44870
0 29 44869
10807 66 10873
0 69 44870
0 154 44869
10940 97 11037
0 67 44870
0 89 44869
11086 69 11155
0 49 44870
0 194 44869
11204 89 11293
0 49 44870
0 110 44869
11306 52 11358
0 13 44870
0 59 44869
11438 49 11487
0 80 44870
0 43 44869
11562 50 11612
0 75 44870
0 111 44869
11688 41 11729
0 76 44870
0 11 44869
11821 65 11886
0 92 44870
0 158 44869
11933 18 11951
0 47 44870
0 35 44869
12060 89 12149
0 109 44870
0 41 44869
12227 43 12270
0 78 44870
0 82 44869
12325 31 12356
0 55 44870
0 36 44869
12449 65 12514
0 93 44870
0 90 44869
12605 47 12652
0 91 44870
0 72 44869
12742 44 12786
0 90 44870
0 153 44869
12847 17 12864
0 61 44870
0 128 44869
12932 65 12997
0 68 44870
0 188 44869
13085 20 13105
0 88 44870
0 100 44869
13158 54 13212
0 53 44870
0 172 44869
13234 87 13321
0 22 44870
0 144 44869
13417 30 13447
0 96 44870
0 152 44869
13525 80 13605
0 78 44870
0 206 44869
13691 11 13702
0 86 44870
0 53 44869
13785 48 13833
0 83 44870
0 198 44869
13903 67 13970
0 70 44870
0 29 44869
14033 25 14058
0 63 44870
0 137 44869
14100 47 14147
0 42 44870
0 109 44869
14251 31 14282
0 104 44870
0 72 44869
14335 38 14373
0 53 44870
0 35 44869
14475 94 14569
0 102 44870
0 169 44869
14646 89 14735
0 77 44870
0 34 44869
14834 86 14920
0 99 44870
0 92 44869
14954 66 15020
0 34 44870
0 65 44869
15045 94 15139
0 25 44870
0 12 44869
15167 27 15194
0 28 44870
0 114 44869
15299 71 15370
0 105 44870
0 48 44869
15393 29 15422
0 23 44870
0 45 44869
15488 42 15530
0 66 44870
0 56 44869
15577 36 15613
0 47 44870
0 207 44869
15655 98 15753
0 42 44870
0 208 44869
15815 68 15883
0 62 44870
0 209 44869
15939 67 16006
0 56 44870
0 92 44869
16084 49 16133
0 78 44870
0 36 44869
16145 99 16244
0 12 44870
0 80 44869
16275 90 16365
0 31 44870
0 196 44869
16461 43 16504
0 96 44870
0 59 44869
16563 54 16617
0 59 44870
0 207 44869
16686 61 16747
0 69 44870
0 115 44869
16833 13 16846
0 86 44870
0 87 44869
16885 86 16971
0 39 44870
0 61 44869
17029 74 17103
0 58 44870
0 151 44869
17189 71 17260
0 86 44870
0 172 44869
17286 94 17380
0 26 44870
0 26 44869
17465 37 17502
0 85 44870
0 80 44869
17568 30 17598
0 66 44870
0 57 44869
17637 54 17691
0 39 44870
0 197 44869
17702 60 17762
0 11 44870
0 189 44869
17817 87 17904
0 55 44870
0 102 44869
17987 100 18087
0 83 44870
0 190 44869
18115 22 18137
0 28 44870
0 134 44869
18238 18 18256
0 101 44870
0 132 44869
18301 26 18327
0 45 44870
0 120 44869
18426 91 18517
0 99 44870
0 55 44869
18589 56 18645
0 72 44870
0 40 44869
18658 36 18694
0 13 44870
0 93 44869
18782 67 18849
0 88 44870
0 91 44869
18882 92 18974
0 33 44870
0 59 44869
19074 105 19179
0 100 44870
0 209 44869
19251 47 19298
0 72 44870
0 172 44869
19393 57 19450
0 95 44870
0 145 44869
19488 21 19509
0 38 44870
0 137 44869
19559 34 19593
0 50 44870
0 97 44869
19604 93 19697
0 11 44870
0 145 44869
19708 71 19779
0 11 44870
0 170 44869
19877 21 19898
0 98 44870
0 98 44869
19940 92 20032
0 42 44870
0 46 44869
20134 84 20218
0 102 44870
0 64 44869
20293 26 20319
0 75 44870
0 203 44869
20419 97 20516
0 100 44870
0 17 44869
20621 24 20645
0 105 44870
0 109 44869
20661 38 20699
0 16 44870
0 202 44869
20755 85 20840
0 56 44870
0 71 44869
20921 82 21003
0 81 44870
0 149 44869
21060 109 21169
0 57 44870
0 25 44869
21231 109 21340
0 62 44870
0 11 44869
21413 45 21458
0 73 44870
0 53 44869
21545 20 21565
0 87 44870
0 142 44869
21641 81 21722
0 76 44870
0 15 44869
21788 86 21874
0 66 44870
0 148 44869
21957 48 22005
0 83 44870
0 18 44869
22036 21 22057
0 31 44870
0 151 44869
22070 98 22168
0 13 44870
0 114 44869
22182 76 22258
0 14 44870
0 17 44869
22306 81 22387
0 48 44870
0 128 44869
22495 109 22604
0 108 44870
0 59 44869
22691 87 22778
0 87 44870
0 13 44869
22883 18 22901
0 105 44870
0 118 44869
22914 38 22952
0 13 44870
0 62 44869
22995 48 23043
0 43 44870
0 163 44869
23135 74 23209
0 92 44870
0 55 44869
23242 77 23319
0 33 44870
0 118 44869
23404 105 23509
0 85 44870
0 65 44869
23599 57 23656
0 90 44870
0 127 44869
23690 91 23781
0 34 44870
0 18 44869
23879 15 23894
0 98 44870
0 140 44869
23916 35 23951
0 22 44870
0 19 44869
23968 54 24022
0 17 44870
0 180 44869
