600
16 77 93
0 16 45327
0 78 45326
144 55 199
0 51 45327
0 182 45326
213 58 271
0 14 45327
0 161 45326
289 84 373
0 18 45327
0 45 45326
420 75 495
0 47 45327
0 115 45326
505 54 559
0 10 45327
0 94 45326
658 109 767
0 99 45327
0 27 45326
844 49 893
0 77 45327
0 21 45326
946 86 1032
0 53 45327
0 150 45326
1065 58 1123
0 33 45327
0 59 45326
1146 66 1212
0 23 45327
0 87 45326
1280 91 1371
0 68 45327
0 84 45326
1413 22 1435
0 42 45327
0 21 45326
1514 94 1608
0 79 45327
0 169 45326
1671 36 1707
0 63 45327
0 174 45326
1767 104 1871
0 60 45327
0 192 45326
1904 107 2011
0 33 45327
0 141 45326
2091 50 2141
0 80 45327
0 189 45326
2211 89 2300
0 70 45327
0 74 45326
2311 27 2338
0 11 45327
0 174 45326
2444 68 2512
0 106 45327
0 43 45326
2560 31 2591
0 48 45327
0 147 45326
2603 10 2613
0 12 45327
0 87 45326
2672 48 2720
0 59 45327
0 81 45326
2774 97 2871
0 54 45327
0 137 45326
2932 49 2981
0 61 45327
0 27 45326
3025 96 3121
0 44 45327
0 153 45326
3160 39 3199
0 39 45327
0 35 45326
3306 33 3339
0 107 45327
0 10 45326
3410 39 3449
0 71 45327
0 25 45326
3523 50 3573
0 74 45327
0 142 45326
3673 37 3710
0 100 45327
0 138 45326
3723 18 3741
0 13 45327
0 57 45326
3753 70 3823
0 12 45327
0 149 45326
3836 109 3945
0 13 45327
0 197 45326
4001 35 4036
0 56 45327
0 149 45326
4140 30 4170
0 104 45327
0 63 45326
4199 55 4254
0 29 45327
0 187 45326
4286 42 4328
0 32 45327
0 183 45326
4347 72 4419
0 19 45327
0 23 45326
4454 58 4512
0 35 45327
0 99 45326
4608 23 4631
0 96 45327
0 108 45326
4737 99 4836
0 106 45327
0 188 45326
4902 58 4960
0 66 45327
0 115 45326
5040 84 5124
0 80 45327
0 198 45326
5222 44 5266
0 98 45327
0 116 45326
5278 71 5349
0 12 45327
0 87 45326
5372 60 5432
0 23 45327
0 153 45326
5509 95 5604
0 77 45327
0 14 45326
5619 104 5723
0 15 45327
0 21 45326
5814 24 5838
0 91 45327
0 78 45326
5922 97 6019
0 84 45327
0 16 45326
6102 10 6112
0 83 45327
0 50 45326
6204 76 6280
0 92 45327
0 125 45326
6382 46 6428
0 102 45327
0 84 45326
6516 28 6544
0 88 45327
0 141 45326
6650 59 6709
0 106 45327
0 39 45326
6749 23 6772
0 40 45327
0 124 45326
6808 20 6828
0 36 45327
0 122 45326
6916 99 7015
0 88 45327
0 35 45326
7060 77 7137
0 45 45327
0 106 45326
7151 81 7232
0 14 45327
0 97 45326
7282 63 7345
0 50 45327
0 204 45326
7404 73 7477
0 59 45327
0 196 45326
7535 81 7616
0 58 45327
0 30 45326
7694 95 7789
0 78 45327
0 117 45326
7815 21 7836
0 26 45327
0 159 45326
7924 71 7995
0 88 45327
0 39 45326
8075 20 8095
0 80 45327
0 32 45326
8202 79 8281
0 107 45327
0 208 45326
8369 61 8430
0 88 45327
0 123 45326
8524 62 8586
0 94 45327
0 123 45326
8665 72 8737
0 79 45327
0 192 45326
8794 78 8872
0 57 45327
0 139 45326
8950 52 9002
0 78 45327
0 109 45326
9066 70 9136
0 64 45327
0 91 45326
9203 92 9295
0 67 45327
0 154 45326
9374 40 9414
0 79 45327
0 150 45326
9467 29 9496
0 53 45327
0 72 45326
9587 54 9641
0 91 45327
0 82 45326
9682 45 9727
0 41 45327
0 133 45326
9749 68 9817
0 22 45327
0 140 45326
9856 100 9956
0 39 45327
0 76 45326
9989 76 10065
0 33 45327
0 129 45326
10137 99 10236
0 72 45327
0 11 45326
10323 65 10388
0 87 45327
0 92 45326
10454 100 10554
0 66 45327
0 71 45326
10617 78 10695
0 63 45327
0 15 45326
10775 79 10854
0 80 45327
0 185 45326
10864 57 10921
0 10 45327
0 121 45326
10999 36 11035
0 78 45327
0 193 45326
11140 42 11182
0 105 45327
0 97 45326
11201 55 11256
0 19 45327
0 153 45326
11280 32 11312
0 24 45327
0 84 45326
11322 80 11402
0 10 45327
0 102 45326
11423 18 11441
0 21 45327
0 58 45326
11500 27 11527
0 59 45327
0 85 45326
11561 52 11613
0 34 45327
0 88 45326
11676 80 11756
0 63 45327
0 103 45326
11842 47 11889
0 86 45327
0 53 45326
11995 58 12053
0 106 45327
0 22 45326
12071 79 12150
0 18 45327
0 46 45326
12188 60 12248
0 38 45327
0 97 45326
12351 55 12406
0 103 45327
0 129 45326
12510 48 12558
0 104 45327
0 54 45326
12647 60 12707
0 89 45327
0 187 45326
12787 73 12860
0 80 45327
0 114 45326
12943 49 12992
0 83 45327
0 92 45326
13060 81 13141
0 68 45327
0 81 45326
13164 97 13261
0 23 45327
0 135 45326
13340 43 13383
0 79 45327
0 168 45326
13465 68 13533
0 82 45327
0 35 45326
13570 35 13605
0 37 45327
0 170 45326
13704 97 13801
0 99 45327
0 88 45326
13903 71 13974
0 102 45327
0 11 45326
14069 55 14124
0 95 45327
0 41 45326
14207 75 14282
0 83 45327
0 117 45326
14381 54 14435
0 99 45327
0 87 45326
14495 15 14510
0 60 45327
0 189 45326
14570 108 14678
0 60 45327
0 79 45326
14725 38 14763
0 47 45327
0 168 45326
14830 34 14864
0 67 45327
0 73 45326
14902 48 14950
0 38 45327
0 105 45326
15010 103 15113
0 60 45327
0 12 45326
15140 10 15150
0 27 45327
0 87 45326
15217 66 15283
0 67 45327
0 113 45326
15329 96 15425
0 46 45327
0 154 45326
15456 84 15540
0 31 45327
0 164 45326
15568 19 15587
0 28 45327
0 79 45326
15605 62 15667
0 18 45327
0 75 45326
15718 77 15795
0 51 45327
0 60 45326
15850 59 15909
0 55 45327
0 86 45326
15985 75 16060
0 76 45327
0 186 45326
16072 46 16118
0 12 45327
0 156 45326
16172 96 16268
0 54 45327
0 175 45326
16301 36 16337
0 33 45327
0 89 45326
16413 68 16481
0 76 45327
0 180 45326
16498 65 16563
0 17 45327
0 34 45326
16670 50 16720
0 107 45327
0 11 45326
16790 50 16840
0 70 45327
0 22 45326
16852 108 16960
0 12 45327
0 92 45326
16992 77 17069
0 32 45327
0 62 45326
17117 71 17188
0 48 45327
0 110 45326
17252 108 17360
0 64 45327
0 172 45326
17377 109 17486
0 17 45327
0 198 45326
17584 106 17690
0 98 45327
0 121 45326
17739 32 17771
0 49 45327
0 77 45326
17848 63 17911
0 77 45327
0 113 45326
17967 91 18058
0 56 45327
0 48 45326
18120 43 18163
0 62 45327
0 150 45326
18204 59 18263
0 41 45327
0 145 45326
18301 81 18382
0 38 45327
0 21 45326
18479 52 18531
0 97 45327
0 83 45326
18630 97 18727
0 99 45327
0 52 45326
18829 64 18893
0 102 45327
0 105 45326
18943 26 18969
0 50 45327
0 163 45326
19032 107 19139
0 63 45327
0 196 45326
19223 65 19288
0 84 45327
0 176 45326
19375 63 19438
0 87 45327
0 176 45326
19486 36 19522
0 48 45327
0 99 45326
19614 18 19632
0 92 45327
0 35 45326
19728 41 19769
0 96 45327
0 145 45326
19840 75 19915
0 71 45327
0 48 45326
19946 36 19982
0 31 45327
0 121 45326
20058 48 20106
0 76 45327
0 131 45326
20185 58 20243
0 79 45327
0 163 45326
20324 86 20410
0 81 45327
0 30 45326
20459 79 20538
0 49 45327
0 91 45326
20607 77 20684
0 69 45327
0 34 45326
20740 20 20760
0 56 45327
0 176 45326
20803 15 20818
0 43 45327
0 151 45326
20896 69 20965
0 78 45327
0 146 45326
21023 109 21132
0 58 45327
0 18 45326
21183 18 21201
0 51 45327
0 124 45326
21227 94 21321
0 26 45327
0 163 45326
21411 66 21477
0 90 45327
0 166 45326
21493 13 21506
0 16 45327
0 128 45326
21599 44 21643
0 93 45327
0 112 45326
21751 18 21769
0 108 45327
0 72 45326
21850 98 21948
0 81 45327
0 87 45326
22009 19 22028
0 61 45327
0 68 45326
22082 79 22161
0 54 45327
0 187 45326
22232 24 22256
0 71 45327
0 138 45326
22293 82 22375
0 37 45327
0 97 45326
22435 36 22471
0 60 45327
0 131 45326
22557 55 22612
0 86 45327
0 52 45326
22692 68 22760
0 80 45327
0 184 45326
22770 55 22825
0 10 45327
0 192 45326
22905 21 22926
0 80 45327
0 25 45326
22986 58 23044
0 60 45327
0 66 45326
23113 25 23138
0 69 45327
0 82 45326
23183 25 23208
0 45 45327
0 85 45326
23233 83 23316
0 25 45327
0 49 45326
23407 28 23435
0 91 45327
0 143 45326
23493 16 23509
0 58 45327
0 153 45326
23562 45 23607
0 53 45327
0 200 45326
23698 72 23770
0 91 45327
0 49 45326
23784 29 23813
0 14 45327
0 187 45326
23875 28 23903
0 62 45327
0 158 45326
23973 10 23983
0 70 45327
0 31 45326
