600
82 18 100
0 82 45569
0 171 45568
122 43 165
0 22 45569
0 70 45568
181 71 252
0 16 45569
0 174 45568
313 74 387
0 61 45569
0 76 45568
470 90 560
0 83 45569
0 89 45568
624 18 642
0 64 45569
0 59 45568
683 75 758
0 41 45569
0 184 45568
800 50 850
0 42 45569
0 167 45568
955 19 974
0 105 45569
0 47 45568
1049 65 1114
0 75 45569
0 89 45568
1183 54 1237
0 69 45569
0 111 45568
1295 41 1336
0 58 45569
0 129 45568
1356 104 1460
0 20 45569
0 25 45568
1480 92 1572
0 20 45569
0 114 45568
1613 46 1659
0 41 45569
0 139 45568
1689 100 1789
0 30 45569
0 132 45568
1831 84 1915
0 42 45569
0 30 45568
1926 84 2010
0 11 45569
0 186 45568
2026 47 2073
0 16 45569
0 207 45568
2118 100 2218
0 45 45569
0 158 45568
2291 28 2319
0 73 45569
0 153 45568
2417 16 2433
0 98 45569
0 52 45568
2478 71 2549
0 45 45569
0 14 45568
2650 13 2663
0 101 45569
0 197 45568
2675 59 2734
0 12 45569
0 160 45568
2766 105 2871
0 32 45569
0 62 45568
2963 81 3044
0 92 45569
0 206 45568
3074 30 3104
0 30 45569
0 181 45568
3149 93 3242
0 45 45569
0 108 45568
3281 98 3379
0 39 45569
0 195 45568
3427 58 3485
0 48 45569
0 140 45568
3566 98 3664
0 81 45569
0 46 45568
3764 49 3813
0 100 45569
0 66 45568
3873 79 3952
0 60 45569
0 185 45568
4019 29 4048
0 67 45569
0 73 45568
4080 39 4119
0 32 45569
0 36 45568
4157 80 4237
0 38 45569
0 41 45568
4312 76 4388
0 75 45569
0 154 45568
4487 101 4588
0 99 45569
0 141 45568
4608 83 4691
0 20 45569
0 66 45568
4722 65 4787
0 31 45569
0 92 45568
4882 57 4939
0 95 45569
0 190 45568
4971 45 5016
0 32 45569
0 59 45568
5027 105 5132
0 11 45569
0 46 45568
5181 12 5193
0 49 45569
0 145 45568
5294 44 5338
0 101 45569
0 89 45568
5376 31 5407
0 38 45569
0 37 45568
5418 94 5512
0 11 45569
0 172 45568
5562 93 5655
0 50 45569
0 50 45568
5683 66 5749
0 28 45569
0 153 45568
5814 45 5859
0 65 45569
0 89 45568
5963 52 6015
0 104 45569
0 164 45568
6047 101 6148
0 32 45569
0 19 45568
6173 22 6195
0 25 45569
0 52 45568
6213 24 6237
0 18 45569
0 139 45568
6339 41 6380
0 102 45569
0 157 45568
6464 66 6530
0 84 45569
0 205 45568
6598 11 6609
0 68 45569
0 48 45568
6641 45 6686
0 32 45569
0 84 45568
6787 47 6834
0 101 45569
0 126 45568
6854 82 6936
0 20 45569
0 18 45568
7015 12 7027
0 79 45569
0 202 45568
7062 101 7163
0 35 45569
0 114 45568
7183 91 7274
0 20 45569
0 178 45568
7382 30 7412
0 108 45569
0 113 45568
7440 70 7510
0 28 45569
0 43 45568
7594 96 7690
0 84 45569
0 121 45568
7774 40 7814
0 84 45569
0 37 45568
7833 13 7846
0 19 45569
0 75 45568
7911 96 8007
0 65 45569
0 48 45568
8081 98 8179
0 74 45569
0 81 45568
8273 105 8378
0 94 45569
0 165 45568
8487 40 8527
0 109 45569
0 71 45568
8610 98 8708
0 83 45569
0 89 45568
8795 49 8844
0 87 45569
0 169 45568
8903 86 8989
0 59 45569
0 98 45568
9001 87 9088
0 12 45569
0 178 45568
9131 71 9202
0 43 45569
0 109 45568
9300 98 9398
0 98 45569
0 125 45568
9461 11 9472
0 63 45569
0 25 45568
9540 48 9588
0 68 45569
0 138 45568
9677 43 9720
0 89 45569
0 204 45568
9784 22 9806
0 64 45569
0 11 45568
9849 70 9919
0 43 45569
0 62 45568
9975 79 10054
0 56 45569
0 13 45568
10100 14 10114
0 46 45569
0 94 45568
10162 84 10246
0 48 45569
0 11 45568
10300 23 10323
0 54 45569
0 113 45568
10406 27 10433
0 83 45569
0 84 45568
10493 41 10534
0 60 45569
0 154 45568
10598 76 10674
0 64 45569
0 39 45568
10713 61 10774
0 39 45569
0 19 45568
10880 34 10914
0 106 45569
0 165 45568
10973 47 11020
0 59 45569
0 185 45568
11089 61 11150
0 69 45569
0 41 45568
11212 11 11223
0 62 45569
0 128 45568
11273 46 11319
0 50 45569
0 105 45568
11358 27 11385
0 39 45569
0 61 45568
11444 79 11523
0 59 45569
0 132 45568
11591 26 11617
0 68 45569
0 199 45568
11677 74 11751
0 60 45569
0 98 45568
11807 82 11889
0 56 45569
0 68 45568
11978 11 11989
0 89 45569
0 84 45568
12020 17 12037
0 31 45569
0 112 45568
12140 92 12232
0 103 45569
0 152 45568
12245 80 12325
0 13 45569
0 10 45568
12355 84 12439
0 30 45569
0 209 45568
12476 39 12515
0 37 45569
0 30 45568
12542 90 12632
0 27 45569
0 197 45568
12700 54 12754
0 68 45569
0 150 45568
12858 66 12924
0 104 45569
0 49 45568
12968 108 13076
0 44 45569
0 197 45568
13168 67 13235
0 92 45569
0 151 45568
13268 103 13371
0 33 45569
0 147 45568
13435 104 13539
0 64 45569
0 101 45568
13605 59 13664
0 66 45569
0 190 45568
13713 90 13803
0 49 45569
0 117 45568
13856 88 13944
0 53 45569
0 74 45568
13970 22 13992
0 26 45569
0 159 45568
14014 50 14064
0 22 45569
0 169 45568
14078 35 14113
0 14 45569
0 149 45568
14203 20 14223
0 90 45569
0 14 45568
14286 57 14343
0 63 45569
0 97 45568
14427 31 14458
0 84 45569
0 26 45568
14556 94 14650
0 98 45569
0 53 45568
14702 16 14718
0 52 45569
0 201 45568
14735 71 14806
0 17 45569
0 64 45568
14846 26 14872
0 40 45569
0 40 45568
14913 45 14958
0 41 45569
0 160 45568
14988 83 15071
0 30 45569
0 174 45568
15169 26 15195
0 98 45569
0 139 45568
15232 83 15315
0 37 45569
0 170 45568
15381 38 15419
0 66 45569
0 67 45568
15464 50 15514
0 45 45569
0 79 45568
15614 38 15652
0 100 45569
0 54 45568
15740 102 15842
0 88 45569
0 27 45568
15899 64 15963
0 57 45569
0 39 45568
16007 26 16033
0 44 45569
0 127 45568
16112 33 16145
0 79 45569
0 123 45568
16199 88 16287
0 54 45569
0 136 45568
16391 56 16447
0 104 45569
0 97 45568
16553 49 16602
0 106 45569
0 51 45568
16646 79 16725
0 44 45569
0 122 45568
16823 28 16851
0 98 45569
0 199 45568
16916 100 17016
0 65 45569
0 48 45568
17040 61 17101
0 24 45569
0 173 45568
17166 94 17260
0 65 45569
0 191 45568
17335 90 17425
0 75 45569
0 170 45568
17499 84 17583
0 74 45569
0 69 45568
17598 79 17677
0 15 45569
0 153 45568
17786 100 17886
0 109 45569
0 100 45568
17968 66 18034
0 82 45569
0 133 45568
18126 89 18215
0 92 45569
0 25 45568
18315 36 18351
0 100 45569
0 44 45568
18372 79 18451
0 21 45569
0 57 45568
18522 49 18571
0 71 45569
0 45 45568
18597 61 18658
0 26 45569
0 99 45568
18699 50 18749
0 41 45569
0 137 45568
18805 85 18890
0 56 45569
0 129 45568
18999 56 19055
0 109 45569
0 58 45568
19138 10 19148
0 83 45569
0 144 45568
19171 38 19209
0 23 45569
0 63 45568
19308 93 19401
0 99 45569
0 181 45568
19475 70 19545
0 74 45569
0 54 45568
19578 91 19669
0 33 45569
0 96 45568
19706 59 19765
0 37 45569
0 72 45568
19801 104 19905
0 36 45569
0 30 45568
20001 64 20065
0 96 45569
0 143 45568
20156 68 20224
0 91 45569
0 173 45568
20320 53 20373
0 96 45569
0 67 45568
20481 27 20508
0 108 45569
0 70 45568
20553 97 20650
0 45 45569
0 209 45568
20733 107 20840
0 83 45569
0 22 45568
20863 55 20918
0 23 45569
0 52 45568
20997 105 21102
0 79 45569
0 16 45568
21189 35 21224
0 87 45569
0 47 45568
21265 59 21324
0 41 45569
0 157 45568
21338 67 21405
0 14 45569
0 155 45568
21428 68 21496
0 23 45569
0 64 45568
21563 71 21634
0 67 45569
0 188 45568
21727 54 21781
0 93 45569
0 157 45568
21887 72 21959
0 106 45569
0 123 45568
22055 73 22128
0 96 45569
0 189 45568
22153 36 22189
0 25 45569
0 22 45568
22268 46 22314
0 79 45569
0 135 45568
22402 101 22503
0 88 45569
0 75 45568
22526 76 22602
0 23 45569
0 198 45568
22642 47 22689
0 40 45569
0 91 45568
22797 12 22809
0 108 45569
0 110 45568
22822 56 22878
0 13 45569
0 18 45568
22902 17 22919
0 24 45569
0 66 45568
22986 42 23028
0 67 45569
0 174 45568
23042 58 23100
0 14 45569
0 152 45568
23204 15 23219
0 104 45569
0 191 45568
23260 76 23336
0 41 45569
0 148 45568
23364 79 23443
0 28 45569
0 147 45568
23491 37 23528
0 48 45569
0 184 45568
23606 50 23656
0 78 45569
0 40 45568
23752 26 23778
0 96 45569
0 173 45568
23818 27 23845
0 40 45569
0 58 45568
