600
29 103 132
0 29 45826
0 54 45825
190 53 243
0 58 45826
0 137 45825
312 104 416
0 69 45826
0 32 45825
444 88 532
0 28 45826
0 197 45825
570 90 660
0 38 45826
0 22 45825
708 52 760
0 48 45826
0 85 45825
784 24 808
0 24 45826
0 82 45825
871 21 892
0 63 45826
0 121 45825
962 62 1024
0 70 45826
0 171 45825
1132 73 1205
0 108 45826
0 206 45825
1280 77 1357
0 75 45826
0 116 45825
1435 107 1542
0 78 45826
0 180 45825
1558 48 1606
0 16 45826
0 137 45825
1709 85 1794
0 103 45826
0 73 45825
1825 91 1916
0 31 45826
0 141 45825
2012 101 2113
0 96 45826
0 138 45825
2204 78 2282
0 91 45826
0 183 45825
2298 50 2348
0 16 45826
0 158 45825
2363 73 2436
0 15 45826
0 40 45825
2462 81 2543
0 26 45826
0 69 45825
2618 58 2676
0 75 45826
0 141 45825
2773 42 2815
0 97 45826
0 107 45825
2920 101 3021
0 105 45826
0 183 45825
3044 28 3072
0 23 45826
0 30 45825
3120 14 3134
0 48 45826
0 90 45825
3168 35 3203
0 34 45826
0 24 45825
3292 54 3346
0 89 45826
0 118 45825
3396 67 3463
0 50 45826
0 92 45825
3538 49 3587
0 75 45826
0 181 45825
3623 81 3704
0 36 45826
0 99 45825
3751 24 3775
0 47 45826
0 115 45825
3786 57 3843
0 11 45826
0 90 45825
3935 99 4034
0 92 45826
0 58 45825
4119 15 4134
0 85 45826
0 68 45825
4212 24 4236
0 78 45826
0 124 45825
4332 85 4417
0 96 45826
0 166 45825
4512 64 4576
0 95 45826
0 166 45825
4663 81 4744
0 87 45826
0 43 45825
4774 90 4864
0 30 45826
0 176 45825
4907 90 4997
0 43 45826
0 47 45825
5007 51 5058
0 10 45826
0 181 45825
5120 109 5229
0 62 45826
0 73 45825
5279 29 5308
0 50 45826
0 145 45825
5380 60 5440
0 72 45826
0 207 45825
5491 57 5548
0 51 45826
0 99 45825
5566 45 5611
0 18 45826
0 149 45825
5695 98 5793
0 84 45826
0 209 45825
5871 44 5915
0 78 45826
0 90 45825
5969 23 5992
0 54 45826
0 10 45825
6074 13 6087
0 82 45826
0 112 45825
6172 98 6270
0 85 45826
0 205 45825
6305 79 6384
0 35 45826
0 118 45825
6437 88 6525
0 53 45826
0 19 45825
6599 10 6609
0 74 45826
0 196 45825
6701 12 6713
0 92 45826
0 143 45825
6737 35 6772
0 24 45826
0 67 45825
6875 50 6925
0 103 45826
0 47 45825
6940 78 7018
0 15 45826
0 56 45825
7125 67 7192
0 107 45826
0 143 45825
7224 63 7287
0 32 45826
0 189 45825
7381 25 7406
0 94 45826
0 183 45825
7446 109 7555
0 40 45826
0 87 45825
7648 98 7746
0 93 45826
0 20 45825
7842 33 7875
0 96 45826
0 176 45825
7960 57 8017
0 85 45826
0 90 45825
8104 88 8192
0 87 45826
0 43 45825
8294 48 8342
0 102 45826
0 55 45825
8370 81 8451
0 28 45826
0 44 45825
8532 56 8588
0 81 45826
0 142 45825
8637 16 8653
0 49 45826
0 132 45825
8724 35 8759
0 71 45826
0 72 45825
8811 100 8911
0 52 45826
0 114 45825
9001 60 9061
0 90 45826
0 26 45825
9107 25 9132
0 46 45826
0 37 45825
9196 80 9276
0 64 45826
0 36 45825
9301 41 9342
0 25 45826
0 61 45825
9367 81 9448
0 25 45826
0 83 45825
9481 16 9497
0 33 45826
0 57 45825
9517 53 9570
0 20 45826
0 206 45825
9603 107 9710
0 33 45826
0 92 45825
9773 97 9870
0 63 45826
0 29 45825
9885 42 9927
0 15 45826
0 26 45825
10015 51 10066
0 88 45826
0 13 45825
10086 35 10121
0 20 45826
0 119 45825
10186 84 10270
0 65 45826
0 187 45825
10288 54 10342
0 18 45826
0 147 45825
10428 69 10497
0 86 45826
0 174 45825
10534 103 10637
0 37 45826
0 113 45825
10735 62 10797
0 98 45826
0 146 45825
10881 90 10971
0 84 45826
0 111 45825
10999 73 11072
0 28 45826
0 10 45825
11125 88 11213
0 53 45826
0 205 45825
11294 51 11345
0 81 45826
0 138 45825
11385 33 11418
0 40 45826
0 17 45825
11514 13 11527
0 96 45826
0 146 45825
11566 48 11614
0 39 45826
0 13 45825
11642 90 11732
0 28 45826
0 22 45825
11820 99 11919
0 88 45826
0 181 45825
11969 41 12010
0 50 45826
0 74 45825
12062 28 12090
0 52 45826
0 151 45825
12166 74 12240
0 76 45826
0 134 45825
12304 72 12376
0 64 45826
0 207 45825
12429 51 12480
0 53 45826
0 139 45825
12572 76 12648
0 92 45826
0 160 45825
12722 49 12771
0 74 45826
0 41 45825
12866 86 12952
0 95 45826
0 75 45825
12977 81 13058
0 25 45826
0 101 45825
13162 59 13221
0 104 45826
0 134 45825
13330 44 13374
0 109 45826
0 88 45825
13430 11 13441
0 56 45826
0 182 45825
13498 10 13508
0 57 45826
0 188 45825
13617 56 13673
0 109 45826
0 88 45825
13735 15 13750
0 62 45826
0 48 45825
13820 50 13870
0 70 45826
0 179 45825
13902 48 13950
0 32 45826
0 49 45825
13980 17 13997
0 30 45826
0 42 45825
14014 93 14107
0 17 45826
0 39 45825
14134 53 14187
0 27 45826
0 184 45825
14284 30 14314
0 97 45826
0 91 45825
14372 80 14452
0 58 45826
0 126 45825
14521 23 14544
0 69 45826
0 75 45825
14602 30 14632
0 58 45826
0 170 45825
14700 98 14798
0 68 45826
0 87 45825
14879 80 14959
0 81 45826
0 93 45825
15013 78 15091
0 54 45826
0 103 45825
15123 33 15156
0 32 45826
0 191 45825
15218 69 15287
0 62 45826
0 109 45825
15382 10 15392
0 95 45826
0 47 45825
15445 10 15455
0 53 45826
0 94 45825
15528 42 15570
0 73 45826
0 19 45825
15630 73 15703
0 60 45826
0 141 45825
15768 12 15780
0 65 45826
0 199 45825
15795 41 15836
0 15 45826
0 172 45825
15906 47 15953
0 70 45826
0 125 45825
16004 54 16058
0 51 45826
0 73 45825
16077 61 16138
0 19 45826
0 163 45825
16204 107 16311
0 66 45826
0 130 45825
16380 20 16400
0 69 45826
0 115 45825
16494 28 16522
0 94 45826
0 99 45825
16532 52 16584
0 10 45826
0 138 45825
16657 23 16680
0 73 45826
0 66 45825
16755 78 16833
0 75 45826
0 43 45825
16850 76 16926
0 17 45826
0 202 45825
16962 45 17007
0 36 45826
0 31 45825
17114 19 17133
0 107 45826
0 107 45825
17226 73 17299
0 93 45826
0 196 45825
17376 49 17425
0 77 45826
0 144 45825
17501 98 17599
0 76 45826
0 173 45825
17677 84 17761
0 78 45826
0 87 45825
17840 21 17861
0 79 45826
0 28 45825
17962 34 17996
0 101 45826
0 104 45825
18062 71 18133
0 66 45826
0 172 45825
18193 41 18234
0 60 45826
0 58 45825
18343 60 18403
0 109 45826
0 140 45825
18502 73 18575
0 99 45826
0 189 45825
18654 53 18707
0 79 45826
0 195 45825
18736 72 18808
0 29 45826
0 93 45825
18832 32 18864
0 24 45826
0 73 45825
18926 86 19012
0 62 45826
0 157 45825
19113 16 19129
0 101 45826
0 135 45825
19168 24 19192
0 39 45826
0 19 45825
19208 35 19243
0 16 45826
0 141 45825
19294 89 19383
0 51 45826
0 127 45825
19478 91 19569
0 95 45826
0 124 45825
19672 65 19737
0 103 45826
0 114 45825
19815 47 19862
0 78 45826
0 173 45825
19939 16 19955
0 77 45826
0 98 45825
19993 19 20012
0 38 45826
0 41 45825
20062 58 20120
0 50 45826
0 70 45825
20140 47 20187
0 20 45826
0 132 45825
20269 21 20290
0 82 45826
0 168 45825
20397 71 20468
0 107 45826
0 177 45825
20511 74 20585
0 43 45826
0 122 45825
20667 16 20683
0 82 45826
0 88 45825
20774 19 20793
0 91 45826
0 58 45825
20852 78 20930
0 59 45826
0 111 45825
20959 85 21044
0 29 45826
0 23 45825
21063 11 21074
0 19 45826
0 188 45825
21146 19 21165
0 72 45826
0 180 45825
21268 89 21357
0 103 45826
0 130 45825
21436 104 21540
0 79 45826
0 57 45825
21561 56 21617
0 21 45826
0 167 45825
21661 84 21745
0 44 45826
0 51 45825
21835 31 21866
0 90 45826
0 122 45825
21892 19 21911
0 26 45826
0 88 45825
22013 30 22043
0 102 45826
0 35 45825
22053 70 22123
0 10 45826
0 142 45825
22203 19 22222
0 80 45826
0 177 45825
22270 45 22315
0 48 45826
0 36 45825
22375 36 22411
0 60 45826
0 200 45825
22519 108 22627
0 108 45826
0 130 45825
22672 13 22685
0 45 45826
0 38 45825
22724 77 22801
0 39 45826
0 44 45825
22847 91 22938
0 46 45826
0 114 45825
22969 45 23014
0 31 45826
0 114 45825
23083 60 23143
0 69 45826
0 86 45825
23176 35 23211
0 33 45826
0 167 45825
23250 90 23340
0 39 45826
0 72 45825
23420 33 23453
0 80 45826
0 198 45825
23554 98 23652
0 101 45826
0 124 45825
