600
89 21 110
0 89 44478
0 35 44477
166 19 185
0 56 44478
0 119 44477
243 104 347
0 58 44478
0 154 44477
373 61 434
0 26 44478
0 147 44477
510 68 578
0 76 44478
0 46 44477
687 35 722
0 109 44478
0 135 44477
766 94 860
0 44 44478
0 162 44477
933 13 946
0 73 44478
0 194 44477
1019 91 1110
0 73 44478
0 43 44477
1186 60 1246
0 76 44478
0 12 44477
1330 32 1362
0 84 44478
0 107 44477
1448 66 1514
0 86 44478
0 183 44477
1596 82 1678
0 82 44478
0 39 44477
1718 96 1814
0 40 44478
0 152 44477
1890 106 1996
0 76 44478
0 29 44477
2038 36 2074
0 42 44478
0 191 44477
2111 29 2140
0 37 44478
0 92 44477
2227 21 2248
0 87 44478
0 87 44477
2324 34 2358
0 76 44478
0 16 44477
2373 28 2401
0 15 44478
0 30 44477
2483 30 2513
0 82 44478
0 52 44477
2573 23 2596
0 60 44478
0 68 44477
2609 104 2713
0 13 44478
0 27 44477
2775 37 2812
0 62 44478
0 58 44477
2901 109 3010
0 89 44478
0 153 44477
3066 86 3152
0 56 44478
0 154 44477
3213 34 3247
0 61 44478
0 164 44477
3326 47 3373
0 79 44478
0 69 44477
3468 23 3491
0 95 44478
0 92 44477
3506 74 3580
0 15 44478
0 206 44477
3591 62 3653
0 11 44478
0 52 44477
3664 35 3699
0 11 44478
0 75 44477
3755 17 3772
0 56 44478
0 44 44477
3849 79 3928
0 77 44478
0 115 44477
4001 93 4094
0 73 44478
0 18 44477
4125 76 4201
0 31 44478
0 200 44477
4225 94 4319
0 24 44478
0 120 44477
4415 21 4436
0 96 44478
0 30 44477
4539 83 4622
0 103 44478
0 10 44477
4673 96 4769
0 51 44478
0 86 44477
4864 74 4938
0 95 44478
0 120 44477
5018 75 5093
0 80 44478
0 107 44477
5158 102 5260
0 65 44478
0 63 44477
5330 46 5376
0 70 44478
0 30 44477
5481 65 5546
0 105 44478
0 200 44477
5616 30 5646
0 70 44478
0 104 44477
5730 83 5813
0 84 44478
0 102 44477
5826 83 5909
0 13 44478
0 133 44477
5948 40 5988
0 39 44478
0 38 44477
6034 109 6143
0 46 44478
0 81 44477
6173 51 6224
0 30 44478
0 60 44477
6269 102 6371
0 45 44478
0 201 44477
6465 71 6536
0 94 44478
0 14 44477
6556 86 6642
0 20 44478
0 76 44477
6734 68 6802
0 92 44478
0 50 44477
6870 77 6947
0 68 44478
0 141 44477
7012 95 7107
0 65 44478
0 35 44477
7163 56 7219
0 56 44478
0 94 44477
7239 54 7293
0 20 44478
0 182 44477
7312 21 7333
0 19 44478
0 81 44477
7406 48 7454
0 73 44478
0 136 44477
7559 103 7662
0 105 44478
0 94 44477
7721 45 7766
0 59 44478
0 37 44477
7851 86 7937
0 85 44478
0 38 44477
8008 33 8041
0 71 44478
0 110 44477
8112 68 8180
0 71 44478
0 145 44477
8247 45 8292
0 67 44478
0 96 44477
8375 71 8446
0 83 44478
0 80 44477
8545 55 8600
0 99 44478
0 40 44477
8627 71 8698
0 27 44478
0 21 44477
8770 57 8827
0 72 44478
0 100 44477
8919 27 8946
0 92 44478
0 69 44477
9009 76 9085
0 63 44478
0 77 44477
9160 105 9265
0 75 44478
0 66 44477
9357 15 9372
0 92 44478
0 54 44477
9399 80 9479
0 27 44478
0 22 44477
9544 82 9626
0 65 44478
0 165 44477
9672 86 9758
0 46 44478
0 38 44477
9815 87 9902
0 57 44478
0 190 44477
9981 55 10036
0 79 44478
0 43 44477
10093 56 10149
0 57 44478
0 63 44477
10159 97 10256
0 10 44478
0 113 44477
10274 50 10324
0 18 44478
0 65 44477
10357 97 10454
0 33 44478
0 28 44477
10467 63 10530
0 13 44478
0 177 44477
10638 65 10703
0 108 44478
0 185 44477
10736 82 10818
0 33 44478
0 53 44477
10883 40 10923
0 65 44478
0 101 44477
10982 71 11053
0 59 44478
0 145 44477
11137 33 11170
0 84 44478
0 46 44477
11246 83 11329
0 76 44478
0 184 44477
11371 85 11456
0 42 44478
0 155 44477
11505 15 11520
0 49 44478
0 131 44477
11537 35 11572
0 17 44478
0 152 44477
11618 84 11702
0 46 44478
0 121 44477
11724 25 11749
0 22 44478
0 92 44477
11779 54 11833
0 30 44478
0 123 44477
11851 54 11905
0 18 44478
0 112 44477
11969 90 12059
0 64 44478
0 171 44477
12105 102 12207
0 46 44478
0 20 44477
12315 36 12351
0 108 44478
0 157 44477
12373 29 12402
0 22 44478
0 53 44477
12490 44 12534
0 88 44478
0 87 44477
12632 20 12652
0 98 44478
0 61 44477
12740 37 12777
0 88 44478
0 138 44477
12835 66 12901
0 58 44478
0 25 44477
12989 37 13026
0 88 44478
0 72 44477
13122 56 13178
0 96 44478
0 71 44477
13284 109 13393
0 106 44478
0 77 44477
13405 71 13476
0 12 44478
0 139 44477
13498 82 13580
0 22 44478
0 76 44477
13677 84 13761
0 97 44478
0 121 44477
13851 108 13959
0 90 44478
0 102 44477
14065 51 14116
0 106 44478
0 62 44477
14126 31 14157
0 10 44478
0 73 44477
14197 71 14268
0 40 44478
0 142 44477
14363 82 14445
0 95 44478
0 22 44477
14477 40 14517
0 32 44478
0 90 44477
14574 20 14594
0 57 44478
0 157 44477
14628 22 14650
0 34 44478
0 132 44477
14720 46 14766
0 70 44478
0 11 44477
14865 108 14973
0 99 44478
0 73 44477
15055 35 15090
0 82 44478
0 34 44477
15165 12 15177
0 75 44478
0 177 44477
15206 39 15245
0 29 44478
0 165 44477
15344 97 15441
0 99 44478
0 197 44477
15475 37 15512
0 34 44478
0 136 44477
15551 50 15601
0 39 44478
0 95 44477
15710 28 15738
0 109 44478
0 106 44477
15828 97 15925
0 90 44478
0 73 44477
15938 65 16003
0 13 44478
0 205 44477
16046 34 16080
0 43 44478
0 42 44477
16101 41 16142
0 21 44478
0 175 44477
16251 82 16333
0 109 44478
0 38 44477
16390 64 16454
0 57 44478
0 186 44477
16515 49 16564
0 61 44478
0 128 44477
16592 25 16617
0 28 44478
0 199 44477
16700 62 16762
0 83 44478
0 39 44477
16863 98 16961
0 101 44478
0 119 44477
17047 67 17114
0 86 44478
0 177 44477
17214 105 17319
0 100 44478
0 200 44477
17407 42 17449
0 88 44478
0 54 44477
17556 88 17644
0 107 44478
0 73 44477
17687 62 17749
0 43 44478
0 79 44477
17805 65 17870
0 56 44478
0 131 44477
17922 97 18019
0 52 44478
0 25 44477
18049 71 18120
0 30 44478
0 98 44477
18178 90 18268
0 58 44478
0 127 44477
18288 90 18378
0 20 44478
0 75 44477
18419 70 18489
0 41 44478
0 88 44477
18580 48 18628
0 91 44478
0 177 44477
18670 36 18706
0 42 44478
0 65 44477
18717 56 18773
0 11 44478
0 98 44477
18794 106 18900
0 21 44478
0 120 44477
19009 68 19077
0 109 44478
0 203 44477
19181 44 19225
0 104 44478
0 28 44477
19307 57 19364
0 82 44478
0 79 44477
19403 32 19435
0 39 44478
0 109 44477
19490 90 19580
0 55 44478
0 74 44477
19680 40 19720
0 100 44478
0 142 44477
19811 74 19885
0 91 44478
0 83 44477
19900 57 19957
0 15 44478
0 164 44477
20034 19 20053
0 77 44478
0 68 44477
20088 62 20150
0 35 44478
0 132 44477
20218 17 20235
0 68 44478
0 118 44477
20296 32 20328
0 61 44478
0 119 44477
20421 61 20482
0 93 44478
0 110 44477
20536 37 20573
0 54 44478
0 101 44477
20590 79 20669
0 17 44478
0 125 44477
20736 29 20765
0 67 44478
0 108 44477
20797 80 20877
0 32 44478
0 105 44477
20977 71 21048
0 100 44478
0 132 44477
21127 47 21174
0 79 44478
0 182 44477
21204 96 21300
0 30 44478
0 32 44477
21344 53 21397
0 44 44478
0 21 44477
21433 30 21463
0 36 44478
0 197 44477
21508 58 21566
0 45 44478
0 30 44477
21585 56 21641
0 19 44478
0 177 44477
21658 16 21674
0 17 44478
0 101 44477
21752 85 21837
0 78 44478
0 127 44477
21904 24 21928
0 67 44478
0 58 44477
21953 97 22050
0 25 44478
0 170 44477
22145 52 22197
0 95 44478
0 123 44477
22264 17 22281
0 67 44478
0 172 44477
22356 68 22424
0 75 44478
0 36 44477
22481 39 22520
0 57 44478
0 51 44477
22605 109 22714
0 85 44478
0 45 44477
22731 27 22758
0 17 44478
0 181 44477
22866 84 22950
0 108 44478
0 64 44477
22983 61 23044
0 33 44478
0 103 44477
23151 81 23232
0 107 44478
0 54 44477
23248 32 23280
0 16 44478
0 169 44477
23358 104 23462
0 78 44478
0 55 44477
23508 86 23594
0 46 44478
0 168 44477
23670 102 23772
0 76 44478
0 177 44477
23785 22 23807
0 13 44478
0 192 44477
23881 64 23945
0 74 44478
0 131 44477
24029 53 24082
0 84 44478
0 72 44477
24122 68 24190
0 40 44478
0 67 44477
24223 29 24252
0 33 44478
0 92 44477
