600
98 95 193
0 98 46277
0 96 46276
253 44 297
0 60 46277
0 63 46276
385 76 461
0 88 46277
0 86 46276
567 20 587
0 106 46277
0 77 46276
626 100 726
0 39 46277
0 192 46276
779 104 883
0 53 46277
0 83 46276
957 59 1016
0 74 46277
0 141 46276
1044 36 1080
0 28 46277
0 25 46276
1147 53 1200
0 67 46277
0 137 46276
1309 41 1350
0 109 46277
0 183 46276
1378 96 1474
0 28 46277
0 25 46276
1533 109 1642
0 59 46277
0 70 46276
1739 100 1839
0 97 46277
0 109 46276
1877 83 1960
0 38 46277
0 183 46276
2032 29 2061
0 72 46277
0 205 46276
2092 61 2153
0 31 46277
0 33 46276
2233 66 2299
0 80 46277
0 154 46276
2335 28 2363
0 36 46277
0 136 46276
2399 12 2411
0 36 46277
0 63 46276
2437 17 2454
0 26 46277
0 157 46276
2492 97 2589
0 38 46277
0 120 46276
2619 53 2672
0 30 46277
0 204 46276
2722 97 2819
0 50 46277
0 173 46276
2846 99 2945
0 27 46277
0 85 46276
3033 74 3107
0 88 46277
0 38 46276
3143 19 3162
0 36 46277
0 82 46276
3230 52 3282
0 68 46277
0 142 46276
3328 21 3349
0 46 46277
0 209 46276
3454 52 3506
0 105 46277
0 129 46276
3544 58 3602
0 38 46277
0 101 46276
3629 77 3706
0 27 46277
0 147 46276
3812 96 3908
0 106 46277
0 31 46276
3938 17 3955
0 30 46277
0 110 46276
3975 54 4029
0 20 46277
0 179 46276
4070 18 4088
0 41 46277
0 23 46276
4155 78 4233
0 67 46277
0 173 46276
4310 63 4373
0 77 46277
0 194 46276
4395 13 4408
0 22 46277
0 170 46276
4505 80 4585
0 97 46277
0 133 46276
4611 87 4698
0 26 46277
0 12 46276
4771 74 4845
0 73 46277
0 71 46276
4859 49 4908
0 14 46277
0 126 46276
5014 73 5087
0 106 46277
0 96 46276
5156 71 5227
0 69 46277
0 159 46276
5333 24 5357
0 106 46277
0 193 46276
5454 107 5561
0 97 46277
0 166 46276
5600 93 5693
0 39 46277
0 48 46276
5785 95 5880
0 92 46277
0 44 46276
5897 65 5962
0 17 46277
0 152 46276
5985 47 6032
0 23 46277
0 176 46276
6082 40 6122
0 50 46277
0 90 46276
6211 36 6247
0 89 46277
0 90 46276
6350 101 6451
0 103 46277
0 104 46276
6469 52 6521
0 18 46277
0 146 46276
6616 43 6659
0 95 46277
0 104 46276
6721 81 6802
0 62 46277
0 101 46276
6855 91 6946
0 53 46277
0 23 46276
7034 47 7081
0 88 46277
0 11 46276
7103 78 7181
0 22 46277
0 203 46276
7226 79 7305
0 45 46277
0 118 46276
7400 52 7452
0 95 46277
0 62 46276
7534 20 7554
0 82 46277
0 10 46276
7589 37 7626
0 35 46277
0 181 46276
7637 12 7649
0 11 46277
0 54 46276
7679 19 7698
0 30 46277
0 171 46276
7738 100 7838
0 40 46277
0 190 46276
7936 102 8038
0 98 46277
0 203 46276
8048 80 8128
0 10 46277
0 189 46276
8230 66 8296
0 102 46277
0 37 46276
8367 46 8413
0 71 46277
0 133 46276
8503 54 8557
0 90 46277
0 33 46276
8658 70 8728
0 101 46277
0 190 46276
8828 109 8937
0 100 46277
0 96 46276
8960 67 9027
0 23 46277
0 33 46276
9086 58 9144
0 59 46277
0 184 46276
9180 70 9250
0 36 46277
0 125 46276
9345 74 9419
0 95 46277
0 43 46276
9452 24 9476
0 33 46277
0 175 46276
9527 36 9563
0 51 46277
0 86 46276
9663 34 9697
0 100 46277
0 164 46276
9751 73 9824
0 54 46277
0 185 46276
9918 102 10020
0 94 46277
0 170 46276
10043 102 10145
0 23 46277
0 164 46276
10159 35 10194
0 14 46277
0 123 46276
10280 41 10321
0 86 46277
0 140 46276
10355 104 10459
0 34 46277
0 65 46276
10509 83 10592
0 50 46277
0 28 46276
10635 86 10721
0 43 46277
0 14 46276
10769 51 10820
0 48 46277
0 95 46276
10866 77 10943
0 46 46277
0 189 46276
10953 88 11041
0 10 46277
0 91 46276
11130 47 11177
0 89 46277
0 76 46276
11227 41 11268
0 50 46277
0 141 46276
11321 107 11428
0 53 46277
0 166 46276
11484 57 11541
0 56 46277
0 45 46276
11553 57 11610
0 12 46277
0 205 46276
11679 22 11701
0 69 46277
0 189 46276
11802 56 11858
0 101 46277
0 94 46276
11956 52 12008
0 98 46277
0 168 46276
12060 58 12118
0 52 46277
0 171 46276
12128 73 12201
0 10 46277
0 169 46276
12297 54 12351
0 96 46277
0 189 46276
12400 41 12441
0 49 46277
0 67 46276
12530 16 12546
0 89 46277
0 133 46276
12631 87 12718
0 85 46277
0 47 46276
12800 60 12860
0 82 46277
0 55 46276
12936 55 12991
0 76 46277
0 56 46276
13062 20 13082
0 71 46277
0 112 46276
13123 53 13176
0 41 46277
0 118 46276
13196 103 13299
0 20 46277
0 11 46276
13369 75 13444
0 70 46277
0 118 46276
13536 79 13615
0 92 46277
0 136 46276
13681 93 13774
0 66 46277
0 148 46276
13817 27 13844
0 43 46277
0 94 46276
13948 55 14003
0 104 46277
0 83 46276
14085 15 14100
0 82 46277
0 166 46276
14128 72 14200
0 28 46277
0 206 46276
14294 99 14393
0 94 46277
0 192 46276
14452 88 14540
0 59 46277
0 65 46276
14589 91 14680
0 49 46277
0 73 46276
14782 109 14891
0 102 46277
0 121 46276
14947 55 15002
0 56 46277
0 86 46276
15085 39 15124
0 83 46277
0 112 46276
15197 89 15286
0 73 46277
0 106 46276
15299 64 15363
0 13 46277
0 136 46276
15385 12 15397
0 22 46277
0 40 46276
15454 44 15498
0 57 46277
0 20 46276
15603 55 15658
0 105 46277
0 147 46276
15758 82 15840
0 100 46277
0 78 46276
15880 80 15960
0 40 46277
0 107 46276
15993 64 16057
0 33 46277
0 39 46276
16129 45 16174
0 72 46277
0 129 46276
16258 27 16285
0 84 46277
0 190 46276
16354 102 16456
0 69 46277
0 18 46276
16491 62 16553
0 35 46277
0 18 46276
16596 77 16673
0 43 46277
0 130 46276
16685 63 16748
0 12 46277
0 121 46276
16849 88 16937
0 101 46277
0 56 46276
17040 41 17081
0 103 46277
0 119 46276
17132 101 17233
0 51 46277
0 120 46276
17253 86 17339
0 20 46277
0 159 46276
17436 56 17492
0 97 46277
0 146 46276
17526 76 17602
0 34 46277
0 10 46276
17653 17 17670
0 51 46277
0 207 46276
17717 62 17779
0 47 46277
0 73 46276
17796 48 17844
0 17 46277
0 203 46276
17939 65 18004
0 95 46277
0 88 46276
18109 75 18184
0 105 46277
0 20 46276
18213 31 18244
0 29 46277
0 29 46276
18298 43 18341
0 54 46277
0 192 46276
18412 90 18502
0 71 46277
0 31 46276
18575 91 18666
0 73 46277
0 71 46276
18682 57 18739
0 16 46277
0 34 46276
18792 19 18811
0 53 46277
0 62 46276
18920 61 18981
0 109 46277
0 48 46276
19003 102 19105
0 22 46277
0 154 46276
19127 53 19180
0 22 46277
0 198 46276
19249 35 19284
0 69 46277
0 33 46276
19390 98 19488
0 106 46277
0 50 46276
19585 54 19639
0 97 46277
0 186 46276
19727 50 19777
0 88 46277
0 86 46276
19860 68 19928
0 83 46277
0 62 46276
19979 107 20086
0 51 46277
0 16 46276
20169 44 20213
0 83 46277
0 94 46276
20322 60 20382
0 109 46277
0 157 46276
20480 67 20547
0 98 46277
0 35 46276
20630 91 20721
0 83 46277
0 133 46276
20784 58 20842
0 63 46277
0 174 46276
20919 30 20949
0 77 46277
0 23 46276
21019 103 21122
0 70 46277
0 21 46276
21189 66 21255
0 67 46277
0 198 46276
21270 96 21366
0 15 46277
0 174 46276
21398 72 21470
0 32 46277
0 32 46276
21486 75 21561
0 16 46277
0 179 46276
21640 36 21676
0 79 46277
0 120 46276
21690 84 21774
0 14 46277
0 171 46276
21873 15 21888
0 99 46277
0 24 46276
21913 23 21936
0 25 46277
0 106 46276
21991 73 22064
0 55 46277
0 35 46276
22126 55 22181
0 62 46277
0 13 46276
22234 105 22339
0 53 46277
0 58 46276
22385 82 22467
0 46 46277
0 129 46276
22537 45 22582
0 70 46277
0 70 46276
22641 66 22707
0 59 46277
0 135 46276
22720 21 22741
0 13 46277
0 44 46276
22767 71 22838
0 26 46277
0 22 46276
22919 60 22979
0 81 46277
0 60 46276
23007 57 23064
0 28 46277
0 123 46276
23107 51 23158
0 43 46277
0 168 46276
23172 24 23196
0 14 46277
0 112 46276
23208 43 23251
0 12 46277
0 175 46276
23299 87 23386
0 48 46277
0 65 46276
23457 46 23503
0 71 46277
0 131 46276
23587 106 23693
0 84 46277
0 207 46276
23710 91 23801
0 17 46277
0 107 46276
23830 63 23893
0 29 46277
0 185 46276
23987 49 24036
0 94 46277
0 77 46276
24072 35 24107
0 36 46277
0 121 46276
24169 29 24198
0 62 46277
0 21 46276
24298 18 24316
0 100 46277
0 200 46276
