600
52 108 160
0 52 45918
0 130 45917
175 21 196
0 15 45918
0 46 45917
216 56 272
0 20 45918
0 61 45917
312 25 337
0 40 45918
0 88 45917
378 68 446
0 41 45918
0 88 45917
547 64 611
0 101 45918
0 110 45917
623 40 663
0 12 45918
0 65 45917
691 108 799
0 28 45918
0 59 45917
897 89 986
0 98 45918
0 42 45917
1047 102 1149
0 61 45918
0 123 45917
1238 27 1265
0 89 45918
0 123 45917
1331 95 1426
0 66 45918
0 129 45917
1449 31 1480
0 23 45918
0 91 45917
1522 76 1598
0 42 45918
0 130 45917
1608 29 1637
0 10 45918
0 189 45917
1699 53 1752
0 62 45918
0 104 45917
1804 18 1822
0 52 45918
0 22 45917
1847 105 1952
0 25 45918
0 53 45917
2058 46 2104
0 106 45918
0 156 45917
2150 22 2172
0 46 45918
0 141 45917
2241 18 2259
0 69 45918
0 141 45917
2344 70 2414
0 85 45918
0 110 45917
2495 23 2518
0 81 45918
0 26 45917
2549 38 2587
0 31 45918
0 136 45917
2688 87 2775
0 101 45918
0 71 45917
2825 109 2934
0 50 45918
0 69 45917
2952 101 3053
0 18 45918
0 167 45917
3142 10 3152
0 89 45918
0 116 45917
3196 22 3218
0 44 45918
0 79 45917
3259 38 3297
0 41 45918
0 19 45917
3339 33 3372
0 42 45918
0 186 45917
3391 33 3424
0 19 45918
0 47 45917
3444 88 3532
0 20 45918
0 82 45917
3574 49 3623
0 42 45918
0 42 45917
3722 41 3763
0 99 45918
0 84 45917
3792 76 3868
0 29 45918
0 135 45917
3938 41 3979
0 70 45918
0 96 45917
4027 34 4061
0 48 45918
0 173 45917
4106 30 4136
0 45 45918
0 29 45917
4230 34 4264
0 94 45918
0 143 45917
4338 16 4354
0 74 45918
0 166 45917
4400 30 4430
0 46 45918
0 124 45917
4493 16 4509
0 63 45918
0 162 45917
4533 76 4609
0 24 45918
0 41 45917
4670 93 4763
0 61 45918
0 18 45917
4817 63 4880
0 54 45918
0 91 45917
4929 46 4975
0 49 45918
0 54 45917
4997 71 5068
0 22 45918
0 156 45917
5140 107 5247
0 72 45918
0 16 45917
5270 45 5315
0 23 45918
0 28 45917
5331 73 5404
0 16 45918
0 151 45917
5469 74 5543
0 65 45918
0 23 45917
5630 31 5661
0 87 45918
0 197 45917
5711 78 5789
0 50 45918
0 26 45917
5885 46 5931
0 96 45918
0 68 45917
6037 45 6082
0 106 45918
0 159 45917
6126 57 6183
0 44 45918
0 129 45917
6263 88 6351
0 80 45918
0 96 45917
6441 30 6471
0 90 45918
0 30 45917
6542 66 6608
0 71 45918
0 190 45917
6634 86 6720
0 26 45918
0 41 45917
6734 54 6788
0 14 45918
0 74 45917
6857 86 6943
0 69 45918
0 124 45917
6978 104 7082
0 35 45918
0 165 45917
7129 54 7183
0 47 45918
0 61 45917
7272 28 7300
0 89 45918
0 74 45917
7359 63 7422
0 59 45918
0 90 45917
7445 46 7491
0 23 45918
0 180 45917
7531 40 7571
0 40 45918
0 47 45917
7636 46 7682
0 65 45918
0 165 45917
7740 40 7780
0 58 45918
0 51 45917
7871 93 7964
0 91 45918
0 135 45917
8058 63 8121
0 94 45918
0 204 45917
8213 82 8295
0 92 45918
0 32 45917
8319 66 8385
0 24 45918
0 174 45917
8398 77 8475
0 13 45918
0 115 45917
8584 90 8674
0 109 45918
0 47 45917
8777 94 8871
0 103 45918
0 173 45917
8885 56 8941
0 14 45918
0 95 45917
8973 28 9001
0 32 45918
0 10 45917
9063 38 9101
0 62 45918
0 107 45917
9149 77 9226
0 48 45918
0 67 45917
9286 99 9385
0 60 45918
0 143 45917
9493 24 9517
0 108 45918
0 147 45917
9600 82 9682
0 83 45918
0 200 45917
9767 29 9796
0 85 45918
0 125 45917
9898 72 9970
0 102 45918
0 21 45917
10078 34 10112
0 108 45918
0 166 45917
10154 103 10257
0 42 45918
0 34 45917
10357 12 10369
0 100 45918
0 82 45917
10431 76 10507
0 62 45918
0 206 45917
10591 14 10605
0 84 45918
0 135 45917
10640 102 10742
0 35 45918
0 165 45917
10801 37 10838
0 59 45918
0 61 45917
10924 23 10947
0 86 45918
0 194 45917
10992 78 11070
0 45 45918
0 209 45917
11141 28 11169
0 71 45918
0 149 45917
11216 22 11238
0 47 45918
0 118 45917
11314 69 11383
0 76 45918
0 16 45917
11409 94 11503
0 26 45918
0 205 45917
11566 100 11666
0 63 45918
0 181 45917
11762 72 11834
0 96 45918
0 185 45917
11869 93 11962
0 35 45918
0 173 45917
12046 38 12084
0 84 45918
0 91 45917
12189 94 12283
0 105 45918
0 173 45917
12387 60 12447
0 104 45918
0 13 45917
12487 83 12570
0 40 45918
0 160 45917
12646 50 12696
0 76 45918
0 73 45917
12776 106 12882
0 80 45918
0 104 45917
12929 28 12957
0 47 45918
0 136 45917
13058 43 13101
0 101 45918
0 33 45917
13161 84 13245
0 60 45918
0 26 45917
13259 31 13290
0 14 45918
0 46 45917
13379 79 13458
0 89 45918
0 169 45917
13531 94 13625
0 73 45918
0 138 45917
13685 52 13737
0 60 45918
0 144 45917
13805 10 13815
0 68 45918
0 71 45917
13889 13 13902
0 74 45918
0 103 45917
13923 53 13976
0 21 45918
0 173 45917
14070 16 14086
0 94 45918
0 165 45917
14166 42 14208
0 80 45918
0 17 45917
14297 49 14346
0 89 45918
0 137 45917
14423 13 14436
0 77 45918
0 152 45917
14540 107 14647
0 104 45918
0 199 45917
14705 41 14746
0 58 45918
0 139 45917
14839 88 14927
0 93 45918
0 93 45917
14937 42 14979
0 10 45918
0 54 45917
15039 95 15134
0 60 45918
0 43 45917
15179 27 15206
0 45 45918
0 201 45917
15270 59 15329
0 64 45918
0 165 45917
15375 43 15418
0 46 45918
0 175 45917
15491 88 15579
0 73 45918
0 60 45917
15662 102 15764
0 83 45918
0 130 45917
15825 24 15849
0 61 45918
0 159 45917
15946 36 15982
0 97 45918
0 89 45917
16035 72 16107
0 53 45918
0 203 45917
16175 42 16217
0 68 45918
0 120 45917
16253 94 16347
0 36 45918
0 20 45917
16447 73 16520
0 100 45918
0 96 45917
16538 48 16586
0 18 45918
0 193 45917
16695 39 16734
0 109 45918
0 135 45917
16790 38 16828
0 56 45918
0 35 45917
16907 15 16922
0 79 45918
0 188 45917
16983 56 17039
0 61 45918
0 35 45917
17079 39 17118
0 40 45918
0 122 45917
17142 29 17171
0 24 45918
0 87 45917
17250 29 17279
0 79 45918
0 89 45917
17387 42 17429
0 108 45918
0 71 45917
17510 108 17618
0 81 45918
0 17 45917
17723 70 17793
0 105 45918
0 55 45917
17865 65 17930
0 72 45918
0 68 45917
17961 23 17984
0 31 45918
0 204 45917
18043 54 18097
0 59 45918
0 46 45917
18148 58 18206
0 51 45918
0 85 45917
18305 19 18324
0 99 45918
0 99 45917
18426 32 18458
0 102 45918
0 158 45917
18506 28 18534
0 48 45918
0 201 45917
18568 51 18619
0 34 45918
0 74 45917
18643 30 18673
0 24 45918
0 182 45917
18718 43 18761
0 45 45918
0 171 45917
18793 38 18831
0 32 45918
0 138 45917
18879 95 18974
0 48 45918
0 159 45917
19028 48 19076
0 54 45918
0 156 45917
19176 29 19205
0 100 45918
0 143 45917
19309 10 19319
0 104 45918
0 111 45917
19375 98 19473
0 56 45918
0 151 45917
19541 75 19616
0 68 45918
0 128 45917
19673 55 19728
0 57 45918
0 39 45917
19815 67 19882
0 87 45918
0 198 45917
19923 109 20032
0 41 45918
0 52 45917
20079 58 20137
0 47 45918
0 142 45917
20216 62 20278
0 79 45918
0 181 45917
20372 70 20442
0 94 45918
0 76 45917
20478 108 20586
0 36 45918
0 63 45917
20637 36 20673
0 51 45918
0 39 45917
20777 75 20852
0 104 45918
0 47 45917
20876 78 20954
0 24 45918
0 157 45917
21041 61 21102
0 87 45918
0 20 45917
21121 88 21209
0 19 45918
0 124 45917
21246 83 21329
0 37 45918
0 206 45917
21384 11 21395
0 55 45918
0 63 45917
21473 50 21523
0 78 45918
0 142 45917
21538 45 21583
0 15 45918
0 113 45917
21659 72 21731
0 76 45918
0 139 45917
21751 82 21833
0 20 45918
0 194 45917
21883 65 21948
0 50 45918
0 135 45917
21997 84 22081
0 49 45918
0 97 45917
22164 81 22245
0 83 45918
0 44 45917
22294 67 22361
0 49 45918
0 113 45917
22441 82 22523
0 80 45918
0 179 45917
22607 63 22670
0 84 45918
0 123 45917
22778 35 22813
0 108 45918
0 137 45917
22855 39 22894
0 42 45918
0 87 45917
22989 45 23034
0 95 45918
0 125 45917
23065 54 23119
0 31 45918
0 162 45917
23228 56 23284
0 109 45918
0 48 45917
23305 103 23408
0 21 45918
0 123 45917
23422 29 23451
0 14 45918
0 122 45917
23489 73 23562
0 38 45918
0 178 45917
23635 95 23730
0 73 45918
0 176 45917
