600
79 100 179
0 79 46167
0 20 46166
262 92 354
0 83 46167
0 208 46166
457 47 504
0 103 46167
0 116 46166
572 30 602
0 68 46167
0 18 46166
625 35 660
0 23 46167
0 196 46166
683 28 711
0 23 46167
0 119 46166
762 101 863
0 51 46167
0 76 46166
892 79 971
0 29 46167
0 51 46166
1073 31 1104
0 102 46167
0 100 46166
1188 35 1223
0 84 46167
0 13 46166
1266 80 1346
0 43 46167
0 98 46166
1454 62 1516
0 108 46167
0 13 46166
1616 48 1664
0 100 46167
0 163 46166
1709 36 1745
0 45 46167
0 25 46166
1767 35 1802
0 22 46167
0 195 46166
1867 93 1960
0 65 46167
0 132 46166
2054 91 2145
0 94 46167
0 181 46166
2245 60 2305
0 100 46167
0 35 46166
2344 20 2364
0 39 46167
0 189 46166
2445 85 2530
0 81 46167
0 67 46166
2609 59 2668
0 79 46167
0 169 46166
2704 68 2772
0 36 46167
0 122 46166
2870 90 2960
0 98 46167
0 105 46166
3055 21 3076
0 95 46167
0 123 46166
3153 58 3211
0 77 46167
0 153 46166
3295 45 3340
0 84 46167
0 40 46166
3440 22 3462
0 100 46167
0 15 46166
3484 25 3509
0 22 46167
0 173 46166
3612 80 3692
0 103 46167
0 10 46166
3757 90 3847
0 65 46167
0 59 46166
3912 73 3985
0 65 46167
0 201 46166
4090 49 4139
0 105 46167
0 142 46166
4209 95 4304
0 70 46167
0 100 46166
4381 37 4418
0 77 46167
0 173 46166
4444 96 4540
0 26 46167
0 124 46166
4615 93 4708
0 75 46167
0 187 46166
4777 19 4796
0 69 46167
0 51 46166
4841 35 4876
0 45 46167
0 38 46166
4947 20 4967
0 71 46167
0 131 46166
5024 107 5131
0 57 46167
0 61 46166
5235 33 5268
0 104 46167
0 37 46166
5281 73 5354
0 13 46167
0 96 46166
5455 93 5548
0 101 46167
0 79 46166
5605 99 5704
0 57 46167
0 47 46166
5783 74 5857
0 79 46167
0 198 46166
5926 88 6014
0 69 46167
0 68 46166
6110 101 6211
0 96 46167
0 179 46166
6247 54 6301
0 36 46167
0 38 46166
6395 76 6471
0 94 46167
0 154 46166
6553 76 6629
0 82 46167
0 124 46166
6680 109 6789
0 51 46167
0 156 46166
6804 50 6854
0 15 46167
0 65 46166
6866 13 6879
0 12 46167
0 19 46166
6985 99 7084
0 106 46167
0 121 46166
7161 75 7236
0 77 46167
0 48 46166
7258 89 7347
0 22 46167
0 201 46166
7388 41 7429
0 41 46167
0 203 46166
7493 96 7589
0 64 46167
0 14 46166
7608 101 7709
0 19 46167
0 93 46166
7770 104 7874
0 61 46167
0 43 46166
7923 103 8026
0 49 46167
0 131 46166
8126 64 8190
0 100 46167
0 37 46166
8260 85 8345
0 70 46167
0 77 46166
8407 61 8468
0 62 46167
0 124 46166
8562 88 8650
0 94 46167
0 68 46166
8668 82 8750
0 18 46167
0 105 46166
8808 13 8821
0 58 46167
0 87 46166
8872 10 8882
0 51 46167
0 84 46166
8901 49 8950
0 19 46167
0 124 46166
9003 95 9098
0 53 46167
0 163 46166
9161 58 9219
0 63 46167
0 74 46166
9267 72 9339
0 48 46167
0 47 46166
9386 43 9429
0 47 46167
0 85 46166
9463 72 9535
0 34 46167
0 57 46166
9594 80 9674
0 59 46167
0 93 46166
9706 29 9735
0 32 46167
0 32 46166
9827 79 9906
0 92 46167
0 98 46166
9987 19 10006
0 81 46167
0 132 46166
10035 108 10143
0 29 46167
0 161 46166
10208 19 10227
0 65 46167
0 71 46166
10315 36 10351
0 88 46167
0 196 46166
10443 51 10494
0 92 46167
0 49 46166
10599 21 10620
0 105 46167
0 146 46166
10649 69 10718
0 29 46167
0 116 46166
10768 36 10804
0 50 46167
0 115 46166
10901 15 10916
0 97 46167
0 51 46166
10984 20 11004
0 68 46167
0 35 46166
11068 74 11142
0 64 46167
0 172 46166
11206 37 11243
0 64 46167
0 95 46166
11336 41 11377
0 93 46167
0 87 46166
11431 26 11457
0 54 46167
0 161 46166
11503 23 11526
0 46 46167
0 12 46166
11554 24 11578
0 28 46167
0 193 46166
11597 35 11632
0 19 46167
0 40 46166
11649 74 11723
0 17 46167
0 170 46166
11764 64 11828
0 41 46167
0 157 46166
11872 87 11959
0 44 46167
0 45 46166
12013 13 12026
0 54 46167
0 12 46166
12078 43 12121
0 52 46167
0 39 46166
12223 30 12253
0 102 46167
0 39 46166
12316 37 12353
0 63 46167
0 186 46166
12396 93 12489
0 43 46167
0 15 46166
12536 67 12603
0 47 46167
0 30 46166
12698 39 12737
0 95 46167
0 161 46166
12814 66 12880
0 77 46167
0 108 46166
12973 72 13045
0 93 46167
0 111 46166
13090 29 13119
0 45 46167
0 156 46166
13185 75 13260
0 66 46167
0 151 46166
13300 43 13343
0 40 46167
0 168 46166
13452 58 13510
0 109 46167
0 144 46166
13614 13 13627
0 104 46167
0 203 46166
13731 106 13837
0 104 46167
0 37 46166
13861 42 13903
0 24 46167
0 193 46166
13975 57 14032
0 72 46167
0 209 46166
14112 90 14202
0 80 46167
0 168 46166
14287 43 14330
0 85 46167
0 28 46166
14439 50 14489
0 109 46167
0 171 46166
14532 24 14556
0 43 46167
0 95 46166
14615 99 14714
0 59 46167
0 40 46166
14819 64 14883
0 105 46167
0 43 46166
14946 61 15007
0 63 46167
0 14 46166
15102 86 15188
0 95 46167
0 144 46166
15264 53 15317
0 76 46167
0 91 46166
15391 106 15497
0 74 46167
0 56 46166
15588 86 15674
0 91 46167
0 92 46166
15712 65 15777
0 38 46167
0 83 46166
15851 48 15899
0 74 46167
0 208 46166
15996 54 16050
0 97 46167
0 119 46166
16134 66 16200
0 84 46167
0 117 46166
16261 84 16345
0 61 46167
0 151 46166
16427 40 16467
0 82 46167
0 26 46166
16538 104 16642
0 71 46167
0 139 46166
16689 10 16699
0 47 46167
0 194 46166
16718 92 16810
0 19 46167
0 145 46166
16826 83 16909
0 16 46167
0 90 46166
17015 87 17102
0 106 46167
0 66 46166
17153 38 17191
0 51 46167
0 208 46166
17279 77 17356
0 88 46167
0 154 46166
17398 32 17430
0 42 46167
0 62 46166
17480 57 17537
0 50 46167
0 142 46166
17621 27 17648
0 84 46167
0 167 46166
17737 41 17778
0 89 46167
0 169 46166
17819 34 17853
0 41 46167
0 98 46166
17873 93 17966
0 20 46167
0 90 46166
17988 34 18022
0 22 46167
0 171 46166
18118 57 18175
0 96 46167
0 85 46166
18220 22 18242
0 45 46167
0 206 46166
18310 39 18349
0 68 46167
0 65 46166
18385 24 18409
0 36 46167
0 122 46166
18492 16 18508
0 83 46167
0 37 46166
18615 17 18632
0 107 46167
0 200 46166
18647 103 18750
0 15 46167
0 198 46166
18820 102 18922
0 70 46167
0 79 46166
19005 32 19037
0 83 46167
0 60 46166
19082 46 19128
0 45 46167
0 98 46166
19233 77 19310
0 105 46167
0 208 46166
19419 103 19522
0 109 46167
0 149 46166
19599 35 19634
0 77 46167
0 79 46166
19711 99 19810
0 77 46167
0 14 46166
19917 84 20001
0 107 46167
0 132 46166
20030 30 20060
0 29 46167
0 78 46166
20099 37 20136
0 39 46167
0 193 46166
20210 102 20312
0 74 46167
0 200 46166
20344 88 20432
0 32 46167
0 159 46166
20516 12 20528
0 84 46167
0 158 46166
20553 70 20623
0 25 46167
0 34 46166
20647 74 20721
0 24 46167
0 204 46166
20793 20 20813
0 72 46167
0 164 46166
20853 58 20911
0 40 46167
0 91 46166
20960 86 21046
0 49 46167
0 35 46166
21064 58 21122
0 18 46167
0 50 46166
21203 72 21275
0 81 46167
0 100 46166
21316 75 21391
0 41 46167
0 104 46166
21485 16 21501
0 94 46167
0 70 46166
21530 77 21607
0 29 46167
0 134 46166
21701 108 21809
0 94 46167
0 52 46166
21826 85 21911
0 17 46167
0 122 46166
21934 13 21947
0 23 46167
0 172 46166
21997 35 22032
0 50 46167
0 52 46166
22137 65 22202
0 105 46167
0 52 46166
22275 77 22352
0 73 46167
0 121 46166
22453 49 22502
0 101 46167
0 127 46166
22609 99 22708
0 107 46167
0 11 46166
22780 84 22864
0 72 46167
0 157 46166
22889 108 22997
0 25 46167
0 114 46166
23024 75 23099
0 27 46167
0 121 46166
23173 46 23219
0 74 46167
0 176 46166
23317 65 23382
0 98 46167
0 58 46166
23435 11 23446
0 53 46167
0 131 46166
23547 28 23575
0 101 46167
0 172 46166
23678 15 23693
0 103 46167
0 37 46166
23720 24 23744
0 27 46167
0 90 46166
23845 50 23895
0 101 46167
0 24 46166
23972 80 24052
0 77 46167
0 59 46166
24095 96 24191
0 43 46167
0 35 46166
24281 106 24387
0 90 46167
0 69 46166
24465 104 24569
0 78 46167
0 141 46166
24650 45 24695
0 81 46167
0 34 46166
24733 24 24757
0 38 46167
0 150 46166
24790 27 24817
0 33 46167
0 198 46166
