600
56 50 106
0 56 45227
0 16 45226
139 45 184
0 33 45227
0 133 45226
234 40 274
0 50 45227
0 90 45226
361 44 405
0 87 45227
0 35 45226
467 72 539
0 62 45227
0 181 45226
637 20 657
0 98 45227
0 187 45226
762 64 826
0 105 45227
0 99 45226
907 26 933
0 81 45227
0 48 45226
1005 97 1102
0 72 45227
0 175 45226
1140 33 1173
0 38 45227
0 56 45226
1189 74 1263
0 16 45227
0 61 45226
1296 57 1353
0 33 45227
0 131 45226
1365 59 1424
0 12 45227
0 74 45226
1464 89 1553
0 40 45227
0 65 45226
1576 39 1615
0 23 45227
0 109 45226
1702 103 1805
0 87 45227
0 207 45226
1902 100 2002
0 97 45227
0 15 45226
2046 63 2109
0 44 45227
0 91 45226
2197 52 2249
0 88 45227
0 16 45226
2354 40 2394
0 105 45227
0 116 45226
2480 103 2583
0 86 45227
0 37 45226
2650 12 2662
0 67 45227
0 76 45226
2672 98 2770
0 10 45227
0 198 45226
2792 51 2843
0 22 45227
0 177 45226
2903 10 2913
0 60 45227
0 51 45226
2942 60 3002
0 29 45227
0 64 45226
3019 35 3054
0 17 45227
0 112 45226
3138 68 3206
0 84 45227
0 124 45226
3270 105 3375
0 64 45227
0 170 45226
3392 76 3468
0 17 45227
0 40 45226
3518 24 3542
0 50 45227
0 94 45226
3627 45 3672
0 85 45227
0 151 45226
3765 80 3845
0 93 45227
0 94 45226
3943 70 4013
0 98 45227
0 110 45226
4114 48 4162
0 101 45227
0 46 45226
4199 66 4265
0 37 45227
0 118 45226
4337 25 4362
0 72 45227
0 189 45226
4428 32 4460
0 66 45227
0 36 45226
4505 89 4594
0 45 45227
0 145 45226
4659 46 4705
0 65 45227
0 47 45226
4731 61 4792
0 26 45227
0 187 45226
4868 71 4939
0 76 45227
0 86 45226
4950 44 4994
0 11 45227
0 118 45226
5021 18 5039
0 27 45227
0 34 45226
5112 11 5123
0 73 45227
0 116 45226
5155 23 5178
0 32 45227
0 13 45226
5236 90 5326
0 58 45227
0 149 45226
5411 60 5471
0 85 45227
0 113 45226
5520 65 5585
0 49 45227
0 114 45226
5679 87 5766
0 94 45227
0 142 45226
5792 39 5831
0 26 45227
0 108 45226
5938 49 5987
0 107 45227
0 161 45226
6096 26 6122
0 109 45227
0 41 45226
6170 61 6231
0 48 45227
0 19 45226
6337 18 6355
0 106 45227
0 197 45226
6405 23 6428
0 50 45227
0 106 45226
6455 88 6543
0 27 45227
0 40 45226
6583 101 6684
0 40 45227
0 128 45226
6722 108 6830
0 38 45227
0 156 45226
6887 95 6982
0 57 45227
0 172 45226
7070 40 7110
0 88 45227
0 155 45226
7123 21 7144
0 13 45227
0 72 45226
7169 42 7211
0 25 45227
0 43 45226
7265 45 7310
0 54 45227
0 59 45226
7372 34 7406
0 62 45227
0 206 45226
7509 12 7521
0 103 45227
0 209 45226
7577 34 7611
0 56 45227
0 159 45226
7672 40 7712
0 61 45227
0 164 45226
7734 70 7804
0 22 45227
0 99 45226
7814 68 7882
0 10 45227
0 190 45226
7974 30 8004
0 92 45227
0 55 45226
8031 84 8115
0 27 45227
0 145 45226
8177 59 8236
0 62 45227
0 23 45226
8292 89 8381
0 56 45227
0 116 45226
8450 66 8516
0 69 45227
0 83 45226
8590 86 8676
0 74 45227
0 49 45226
8774 78 8852
0 98 45227
0 113 45226
8955 74 9029
0 103 45227
0 112 45226
9107 39 9146
0 78 45227
0 83 45226
9205 91 9296
0 59 45227
0 68 45226
9361 83 9444
0 65 45227
0 100 45226
9525 41 9566
0 81 45227
0 207 45226
9665 65 9730
0 99 45227
0 186 45226
9754 103 9857
0 24 45227
0 182 45226
9928 62 9990
0 71 45227
0 94 45226
10034 50 10084
0 44 45227
0 182 45226
10145 87 10232
0 61 45227
0 209 45226
10303 35 10338
0 71 45227
0 161 45226
10435 69 10504
0 97 45227
0 122 45226
10549 65 10614
0 45 45227
0 75 45226
10679 53 10732
0 65 45227
0 152 45226
10839 65 10904
0 107 45227
0 145 45226
10945 80 11025
0 41 45227
0 154 45226
11129 45 11174
0 104 45227
0 203 45226
11218 102 11320
0 44 45227
0 194 45226
11390 107 11497
0 70 45227
0 130 45226
11516 21 11537
0 19 45227
0 40 45226
11631 51 11682
0 94 45227
0 142 45226
11708 10 11718
0 26 45227
0 39 45226
11730 95 11825
0 12 45227
0 205 45226
11919 30 11949
0 94 45227
0 142 45226
12047 100 12147
0 98 45227
0 16 45226
12232 17 12249
0 85 45227
0 31 45226
12327 10 12337
0 78 45227
0 172 45226
12388 52 12440
0 51 45227
0 180 45226
12516 41 12557
0 76 45227
0 154 45226
12588 48 12636
0 31 45227
0 172 45226
12737 15 12752
0 101 45227
0 50 45226
12856 37 12893
0 104 45227
0 97 45226
12936 80 13016
0 43 45227
0 201 45226
13091 80 13171
0 75 45227
0 209 45226
13275 78 13353
0 104 45227
0 86 45226
13390 45 13435
0 37 45227
0 45 45226
13533 63 13596
0 98 45227
0 69 45226
13623 77 13700
0 27 45227
0 113 45226
13735 29 13764
0 35 45227
0 137 45226
13868 57 13925
0 104 45227
0 189 45226
13938 51 13989
0 13 45227
0 85 45226
14087 10 14097
0 98 45227
0 194 45226
14171 30 14201
0 74 45227
0 47 45226
14225 12 14237
0 24 45227
0 24 45226
14342 23 14365
0 105 45227
0 73 45226
14466 66 14532
0 101 45227
0 155 45226
14610 84 14694
0 78 45227
0 163 45226
14732 49 14781
0 38 45227
0 73 45226
14798 34 14832
0 17 45227
0 40 45226
14932 25 14957
0 100 45227
0 187 45226
14979 79 15058
0 22 45227
0 134 45226
15089 45 15134
0 31 45227
0 21 45226
15204 23 15227
0 70 45227
0 132 45226
15266 28 15294
0 39 45227
0 140 45226
15331 90 15421
0 37 45227
0 161 45226
15455 81 15536
0 34 45227
0 175 45226
15574 107 15681
0 38 45227
0 115 45226
15777 97 15874
0 96 45227
0 95 45226
15889 80 15969
0 15 45227
0 41 45226
15980 32 16012
0 11 45227
0 17 45226
16099 43 16142
0 87 45227
0 159 45226
16205 106 16311
0 63 45227
0 145 45226
16384 35 16419
0 73 45227
0 67 45226
16461 91 16552
0 42 45227
0 13 45226
16570 19 16589
0 18 45227
0 17 45226
16668 96 16764
0 79 45227
0 77 45226
16833 31 16864
0 69 45227
0 193 45226
16904 104 17008
0 40 45227
0 91 45226
17095 58 17153
0 87 45227
0 129 45226
17172 63 17235
0 19 45227
0 34 45226
17260 91 17351
0 25 45227
0 12 45226
17382 75 17457
0 31 45227
0 110 45226
17475 52 17527
0 18 45227
0 209 45226
17573 13 17586
0 46 45227
0 176 45226
17681 40 17721
0 95 45227
0 74 45226
17807 42 17849
0 86 45227
0 10 45226
17918 72 17990
0 69 45227
0 43 45226
18029 16 18045
0 39 45227
0 63 45226
18090 67 18157
0 45 45227
0 34 45226
18181 20 18201
0 24 45227
0 167 45226
18220 26 18246
0 19 45227
0 152 45226
18338 59 18397
0 92 45227
0 192 45226
18475 91 18566
0 78 45227
0 182 45226
18578 77 18655
0 12 45227
0 76 45226
18678 96 18774
0 23 45227
0 156 45226
18853 12 18865
0 79 45227
0 191 45226
18882 26 18908
0 17 45227
0 144 45226
18988 45 19033
0 80 45227
0 173 45226
19047 15 19062
0 14 45227
0 150 45226
19136 109 19245
0 74 45227
0 72 45226
19326 100 19426
0 81 45227
0 65 45226
19526 58 19584
0 100 45227
0 134 45226
19617 109 19726
0 33 45227
0 140 45226
19774 65 19839
0 48 45227
0 73 45226
19884 106 19990
0 45 45227
0 158 45226
20076 50 20126
0 86 45227
0 196 45226
20225 80 20305
0 99 45227
0 31 45226
20361 31 20392
0 56 45227
0 40 45226
20469 73 20542
0 77 45227
0 84 45226
20634 83 20717
0 92 45227
0 184 45226
20807 22 20829
0 90 45227
0 170 45226
20895 20 20915
0 66 45227
0 134 45226
20988 58 21046
0 73 45227
0 78 45226
21056 65 21121
0 10 45227
0 23 45226
21148 16 21164
0 27 45227
0 138 45226
21227 49 21276
0 63 45227
0 74 45226
21329 85 21414
0 53 45227
0 132 45226
21443 18 21461
0 29 45227
0 48 45226
21500 36 21536
0 39 45227
0 81 45226
21557 13 21570
0 21 45227
0 122 45226
21591 23 21614
0 21 45227
0 62 45226
21689 81 21770
0 75 45227
0 149 45226
21858 99 21957
0 88 45227
0 107 45226
22045 109 22154
0 88 45227
0 71 45226
22211 65 22276
0 57 45227
0 122 45226
22292 54 22346
0 16 45227
0 69 45226
22383 97 22480
0 37 45227
0 37 45226
22531 30 22561
0 51 45227
0 136 45226
22661 38 22699
0 100 45227
0 59 45226
22800 23 22823
0 101 45227
0 64 45226
22873 94 22967
0 50 45227
0 122 45226
23032 19 23051
0 65 45227
0 10 45226
23088 68 23156
0 37 45227
0 202 45226
