600
61 92 153
0 61 45830
0 10 45829
167 35 202
0 14 45830
0 157 45829
262 43 305
0 60 45830
0 35 45829
357 25 382
0 52 45830
0 202 45829
450 97 547
0 68 45830
0 189 45829
655 63 718
0 108 45830
0 159 45829
772 17 789
0 54 45830
0 128 45829
812 50 862
0 23 45830
0 199 45829
945 102 1047
0 83 45830
0 119 45829
1071 27 1098
0 24 45830
0 105 45829
1130 30 1160
0 32 45830
0 209 45829
1252 109 1361
0 92 45830
0 58 45829
1469 67 1536
0 108 45830
0 77 45829
1548 11 1559
0 12 45830
0 173 45829
1626 42 1668
0 67 45830
0 187 45829
1694 58 1752
0 26 45830
0 199 45829
1767 76 1843
0 15 45830
0 154 45829
1874 105 1979
0 31 45830
0 176 45829
2067 72 2139
0 88 45830
0 144 45829
2160 48 2208
0 21 45830
0 58 45829
2267 25 2292
0 59 45830
0 64 45829
2398 102 2500
0 106 45830
0 124 45829
2539 51 2590
0 39 45830
0 39 45829
2656 91 2747
0 66 45830
0 195 45829
2793 96 2889
0 46 45830
0 56 45829
2978 26 3004
0 89 45830
0 141 45829
3099 94 3193
0 95 45830
0 60 45829
3270 77 3347
0 77 45830
0 113 45829
3372 34 3406
0 25 45830
0 28 45829
3484 79 3563
0 78 45830
0 23 45829
3657 83 3740
0 94 45830
0 11 45829
3837 107 3944
0 97 45830
0 42 45829
4013 28 4041
0 69 45830
0 42 45829
4074 88 4162
0 33 45830
0 134 45829
4188 11 4199
0 26 45830
0 32 45829
4277 79 4356
0 78 45830
0 66 45829
4425 15 4440
0 69 45830
0 66 45829
4481 107 4588
0 41 45830
0 94 45829
4645 28 4673
0 57 45830
0 18 45829
4731 40 4771
0 58 45830
0 18 45829
4817 38 4855
0 46 45830
0 123 45829
4945 55 5000
0 90 45830
0 60 45829
5101 13 5114
0 101 45830
0 33 45829
5142 72 5214
0 28 45830
0 91 45829
5310 47 5357
0 96 45830
0 106 45829
5465 18 5483
0 108 45830
0 125 45829
5494 73 5567
0 11 45830
0 45 45829
5656 44 5700
0 89 45830
0 147 45829
5726 71 5797
0 26 45830
0 44 45829
5876 62 5938
0 79 45830
0 206 45829
5975 51 6026
0 37 45830
0 57 45829
6073 85 6158
0 47 45830
0 184 45829
6266 22 6288
0 108 45830
0 53 45829
6344 11 6355
0 56 45830
0 60 45829
6397 50 6447
0 42 45830
0 110 45829
6496 26 6522
0 49 45830
0 91 45829
6605 22 6627
0 83 45830
0 81 45829
6710 61 6771
0 83 45830
0 133 45829
6812 77 6889
0 41 45830
0 52 45829
6929 106 7035
0 40 45830
0 47 45829
7048 40 7088
0 13 45830
0 67 45829
7114 22 7136
0 26 45830
0 79 45829
7189 41 7230
0 53 45830
0 101 45829
7317 41 7358
0 87 45830
0 131 45829
7408 12 7420
0 50 45830
0 115 45829
7529 91 7620
0 109 45830
0 48 45829
7707 88 7795
0 87 45830
0 35 45829
7805 105 7910
0 10 45830
0 76 45829
8011 21 8032
0 101 45830
0 133 45829
8118 74 8192
0 86 45830
0 77 45829
8297 16 8313
0 105 45830
0 37 45829
8363 13 8376
0 50 45830
0 119 45829
8423 44 8467
0 47 45830
0 119 45829
8511 107 8618
0 44 45830
0 191 45829
8661 21 8682
0 43 45830
0 190 45829
8735 77 8812
0 53 45830
0 173 45829
8826 52 8878
0 14 45830
0 26 45829
8928 43 8971
0 50 45830
0 172 45829
9022 39 9061
0 51 45830
0 62 45829
9081 35 9116
0 20 45830
0 119 45829
9134 79 9213
0 18 45830
0 115 45829
9294 12 9306
0 81 45830
0 194 45829
9335 57 9392
0 29 45830
0 164 45829
9496 26 9522
0 104 45830
0 85 45829
9598 71 9669
0 76 45830
0 12 45829
9736 67 9803
0 67 45830
0 201 45829
9865 58 9923
0 62 45830
0 59 45829
10024 76 10100
0 101 45830
0 122 45829
10170 107 10277
0 70 45830
0 38 45829
10378 51 10429
0 101 45830
0 65 45829
10498 80 10578
0 69 45830
0 163 45829
10662 70 10732
0 84 45830
0 43 45829
10762 95 10857
0 30 45830
0 137 45829
10953 67 11020
0 96 45830
0 34 45829
11060 61 11121
0 40 45830
0 107 45829
11182 99 11281
0 61 45830
0 200 45829
11359 89 11448
0 78 45830
0 31 45829
11531 90 11621
0 83 45830
0 35 45829
11705 36 11741
0 84 45830
0 140 45829
11778 76 11854
0 37 45830
0 130 45829
11906 94 12000
0 52 45830
0 53 45829
12028 89 12117
0 28 45830
0 54 45829
12133 73 12206
0 16 45830
0 121 45829
12278 66 12344
0 72 45830
0 149 45829
12390 90 12480
0 46 45830
0 43 45829
12492 73 12565
0 12 45830
0 130 45829
12595 77 12672
0 30 45830
0 14 45829
12774 24 12798
0 102 45830
0 176 45829
12846 23 12869
0 48 45830
0 61 45829
12884 42 12926
0 15 45830
0 25 45829
13017 101 13118
0 91 45830
0 166 45829
13156 80 13236
0 38 45830
0 148 45829
13305 95 13400
0 69 45830
0 58 45829
13424 35 13459
0 24 45830
0 115 45829
13535 52 13587
0 76 45830
0 16 45829
13634 76 13710
0 47 45830
0 185 45829
13806 43 13849
0 96 45830
0 163 45829
13958 63 14021
0 109 45830
0 171 45829
14094 42 14136
0 73 45830
0 116 45829
14239 18 14257
0 103 45830
0 207 45829
14344 18 14362
0 87 45830
0 64 45829
14460 32 14492
0 98 45830
0 97 45829
14569 79 14648
0 77 45830
0 202 45829
14677 51 14728
0 29 45830
0 84 45829
14787 11 14798
0 59 45830
0 103 45829
14895 58 14953
0 97 45830
0 63 45829
15012 65 15077
0 59 45830
0 171 45829
15175 59 15234
0 98 45830
0 201 45829
15340 75 15415
0 106 45830
0 126 45829
15436 26 15462
0 21 45830
0 145 45829
15570 53 15623
0 108 45830
0 187 45829
15705 63 15768
0 82 45830
0 146 45829
15838 35 15873
0 70 45830
0 10 45829
15962 84 16046
0 89 45830
0 62 45829
16087 16 16103
0 41 45830
0 166 45829
16179 14 16193
0 76 45830
0 102 45829
16204 73 16277
0 11 45830
0 72 45829
16324 42 16366
0 47 45830
0 60 45829
16420 13 16433
0 54 45830
0 186 45829
16445 86 16531
0 12 45830
0 132 45829
16582 15 16597
0 51 45830
0 19 45829
16610 78 16688
0 13 45830
0 196 45829
16795 41 16836
0 107 45830
0 180 45829
16884 77 16961
0 48 45830
0 168 45829
17001 16 17017
0 40 45830
0 54 45829
17105 67 17172
0 88 45830
0 162 45829
17223 42 17265
0 51 45830
0 143 45829
17298 10 17308
0 33 45830
0 100 45829
17370 94 17464
0 62 45830
0 116 45829
17560 107 17667
0 96 45830
0 193 45829
17709 64 17773
0 42 45830
0 178 45829
17788 75 17863
0 15 45830
0 42 45829
17956 88 18044
0 93 45830
0 70 45829
18066 71 18137
0 22 45830
0 100 45829
18157 94 18251
0 20 45830
0 152 45829
18277 75 18352
0 26 45830
0 81 45829
18406 85 18491
0 54 45830
0 52 45829
18538 50 18588
0 47 45830
0 111 45829
18610 100 18710
0 22 45830
0 198 45829
18769 49 18818
0 59 45830
0 158 45829
18919 45 18964
0 101 45830
0 70 45829
19013 103 19116
0 49 45830
0 143 45829
19151 49 19200
0 35 45830
0 159 45829
19302 78 19380
0 102 45830
0 102 45829
19478 19 19497
0 98 45830
0 173 45829
19568 71 19639
0 71 45830
0 144 45829
19743 79 19822
0 104 45830
0 163 45829
19884 98 19982
0 62 45830
0 41 45829
20039 27 20066
0 57 45830
0 181 45829
20092 58 20150
0 26 45830
0 182 45829
20246 101 20347
0 96 45830
0 97 45829
20361 34 20395
0 14 45830
0 194 45829
20498 65 20563
0 103 45830
0 165 45829
20632 65 20697
0 69 45830
0 31 45829
20741 100 20841
0 44 45830
0 26 45829
20874 85 20959
0 33 45830
0 28 45829
21061 70 21131
0 102 45830
0 65 45829
21204 43 21247
0 73 45830
0 207 45829
21284 38 21322
0 37 45830
0 183 45829
21403 41 21444
0 81 45830
0 71 45829
21510 93 21603
0 66 45830
0 135 45829
21681 82 21763
0 78 45830
0 123 45829
21809 75 21884
0 46 45830
0 197 45829
21896 95 21991
0 12 45830
0 27 45829
22017 49 22066
0 26 45830
0 168 45829
22143 65 22208
0 77 45830
0 67 45829
22307 49 22356
0 99 45830
0 15 45829
22380 98 22478
0 24 45830
0 132 45829
22531 97 22628
0 53 45830
0 120 45829
22699 109 22808
0 71 45830
0 90 45829
22818 66 22884
0 10 45830
0 187 45829
22967 48 23015
0 83 45830
0 40 45829
23056 80 23136
0 41 45830
0 209 45829
23217 17 23234
0 81 45830
0 112 45829
23332 39 23371
0 98 45830
0 154 45829
23420 101 23521
0 49 45830
0 101 45829
23594 79 23673
0 73 45830
0 133 45829
23750 73 23823
0 77 45830
0 34 45829
23889 95 23984
0 66 45830
0 65 45829
24032 105 24137
0 48 45830
0 38 45829
