600
34 74 108
0 34 44768
0 12 44767
146 102 248
0 38 44768
0 167 44767
349 57 406
0 101 44768
0 119 44767
434 65 499
0 28 44768
0 32 44767
564 102 666
0 65 44768
0 149 44767
767 49 816
0 101 44768
0 58 44767
901 80 981
0 85 44768
0 95 44767
1064 94 1158
0 83 44768
0 197 44767
1255 107 1362
0 97 44768
0 183 44767
1385 102 1487
0 23 44768
0 103 44767
1543 90 1633
0 56 44768
0 96 44767
1739 66 1805
0 106 44768
0 91 44767
1868 108 1976
0 63 44768
0 200 44767
2001 10 2011
0 25 44768
0 144 44767
2084 74 2158
0 73 44768
0 34 44767
2201 83 2284
0 43 44768
0 30 44767
2294 24 2318
0 10 44768
0 147 44767
2404 28 2432
0 86 44768
0 204 44767
2526 65 2591
0 94 44768
0 137 44767
2655 64 2719
0 64 44768
0 131 44767
2743 93 2836
0 24 44768
0 63 44767
2936 103 3039
0 100 44768
0 47 44767
3106 56 3162
0 67 44768
0 62 44767
3236 95 3331
0 74 44768
0 14 44767
3403 101 3504
0 72 44768
0 78 44767
3574 20 3594
0 70 44768
0 160 44767
3685 10 3695
0 91 44768
0 128 44767
3748 33 3781
0 53 44768
0 169 44767
3836 45 3881
0 55 44768
0 155 44767
3907 12 3919
0 26 44768
0 100 44767
3971 70 4041
0 52 44768
0 82 44767
4127 38 4165
0 86 44768
0 81 44767
4244 11 4255
0 79 44768
0 24 44767
4316 40 4356
0 61 44768
0 106 44767
4420 49 4469
0 64 44768
0 126 44767
4570 109 4679
0 101 44768
0 165 44767
4764 84 4848
0 85 44768
0 166 44767
4937 44 4981
0 89 44768
0 55 44767
5028 75 5103
0 47 44768
0 57 44767
5163 105 5268
0 60 44768
0 49 44767
5342 54 5396
0 74 44768
0 117 44767
5447 33 5480
0 51 44768
0 50 44767
5519 81 5600
0 39 44768
0 112 44767
5632 69 5701
0 32 44768
0 176 44767
5717 70 5787
0 16 44768
0 189 44767
5833 19 5852
0 46 44768
0 59 44767
5866 107 5973
0 14 44768
0 139 44767
5988 68 6056
0 15 44768
0 112 44767
6081 84 6165
0 25 44768
0 45 44767
6192 58 6250
0 27 44768
0 136 44767
6294 29 6323
0 44 44768
0 136 44767
6373 80 6453
0 50 44768
0 195 44767
6493 50 6543
0 40 44768
0 28 44767
6580 82 6662
0 37 44768
0 57 44767
6711 42 6753
0 49 44768
0 51 44767
6825 19 6844
0 72 44768
0 140 44767
6903 103 7006
0 59 44768
0 125 44767
7025 69 7094
0 19 44768
0 117 44767
7154 11 7165
0 60 44768
0 99 44767
7211 102 7313
0 46 44768
0 23 44767
7337 57 7394
0 24 44768
0 176 44767
7441 69 7510
0 47 44768
0 124 44767
7598 62 7660
0 88 44768
0 111 44767
7740 71 7811
0 80 44768
0 76 44767
7845 13 7858
0 34 44768
0 70 44767
7936 55 7991
0 78 44768
0 78 44767
8069 96 8165
0 78 44768
0 186 44767
8214 98 8312
0 49 44768
0 101 44767
8352 54 8406
0 40 44768
0 180 44767
8511 90 8601
0 105 44768
0 196 44767
8685 31 8716
0 84 44768
0 205 44767
8791 36 8827
0 75 44768
0 47 44767
8868 32 8900
0 41 44768
0 203 44767
8987 35 9022
0 87 44768
0 174 44767
9058 83 9141
0 36 44768
0 140 44767
9223 50 9273
0 82 44768
0 173 44767
9351 22 9373
0 78 44768
0 22 44767
9438 97 9535
0 65 44768
0 189 44767
9639 91 9730
0 104 44768
0 26 44767
9752 62 9814
0 22 44768
0 11 44767
9865 33 9898
0 51 44768
0 37 44767
9931 24 9955
0 33 44768
0 138 44767
9992 92 10084
0 37 44768
0 16 44767
10126 75 10201
0 42 44768
0 146 44767
10212 59 10271
0 11 44768
0 97 44767
10337 94 10431
0 66 44768
0 23 44767
10533 94 10627
0 102 44768
0 187 44767
10697 42 10739
0 70 44768
0 160 44767
10826 67 10893
0 87 44768
0 136 44767
10959 86 11045
0 66 44768
0 181 44767
11060 33 11093
0 15 44768
0 61 44767
11108 30 11138
0 15 44768
0 42 44767
11155 99 11254
0 17 44768
0 155 44767
11360 87 11447
0 106 44768
0 206 44767
11488 88 11576
0 41 44768
0 79 44767
11638 28 11666
0 62 44768
0 124 44767
11728 80 11808
0 62 44768
0 54 44767
11851 23 11874
0 43 44768
0 188 44767
11914 48 11962
0 40 44768
0 45 44767
11973 42 12015
0 11 44768
0 49 44767
12096 95 12191
0 81 44768
0 15 44767
12253 61 12314
0 62 44768
0 73 44767
12401 20 12421
0 87 44768
0 169 44767
12521 74 12595
0 100 44768
0 134 44767
12632 60 12692
0 37 44768
0 89 44767
12729 32 12761
0 37 44768
0 177 44767
12804 82 12886
0 43 44768
0 163 44767
12931 85 13016
0 45 44768
0 68 44767
13089 39 13128
0 73 44768
0 146 44767
13214 17 13231
0 86 44768
0 29 44767
13285 66 13351
0 54 44768
0 25 44767
13372 73 13445
0 21 44768
0 86 44767
13499 23 13522
0 54 44768
0 147 44767
13589 103 13692
0 67 44768
0 58 44767
13769 80 13849
0 77 44768
0 147 44767
13933 63 13996
0 84 44768
0 56 44767
14097 63 14160
0 101 44768
0 120 44767
14211 50 14261
0 51 44768
0 58 44767
14362 90 14452
0 101 44768
0 169 44767
14471 29 14500
0 19 44768
0 57 44767
14586 14 14600
0 86 44768
0 24 44767
14681 73 14754
0 81 44768
0 17 44767
14797 46 14843
0 43 44768
0 104 44767
14876 108 14984
0 33 44768
0 123 44767
15008 85 15093
0 24 44768
0 54 44767
15132 27 15159
0 39 44768
0 146 44767
15218 82 15300
0 59 44768
0 162 44767
15312 80 15392
0 12 44768
0 72 44767
15490 11 15501
0 98 44768
0 120 44767
15602 88 15690
0 101 44768
0 156 44767
15755 102 15857
0 65 44768
0 189 44767
15957 91 16048
0 100 44768
0 207 44767
16105 108 16213
0 57 44768
0 175 44767
16223 103 16326
0 10 44768
0 15 44767
16342 67 16409
0 16 44768
0 46 44767
16435 27 16462
0 26 44768
0 96 44767
16541 59 16600
0 79 44768
0 56 44767
16630 107 16737
0 30 44768
0 12 44767
16811 105 16916
0 74 44768
0 47 44767
17024 19 17043
0 108 44768
0 36 44767
17060 45 17105
0 17 44768
0 194 44767
17122 60 17182
0 17 44768
0 148 44767
17231 24 17255
0 49 44768
0 158 44767
17306 58 17364
0 51 44768
0 201 44767
17436 102 17538
0 72 44768
0 72 44767
17593 99 17692
0 55 44768
0 23 44767
17717 58 17775
0 25 44768
0 71 44767
17828 27 17855
0 53 44768
0 149 44767
17892 87 17979
0 37 44768
0 64 44767
18080 101 18181
0 101 44768
0 105 44767
18239 72 18311
0 58 44768
0 188 44767
18323 63 18386
0 12 44768
0 89 44767
18448 27 18475
0 62 44768
0 140 44767
18530 63 18593
0 55 44768
0 32 44767
18613 100 18713
0 20 44768
0 194 44767
18749 32 18781
0 36 44768
0 184 44767
18836 86 18922
0 55 44768
0 80 44767
19016 25 19041
0 94 44768
0 74 44767
19065 34 19099
0 24 44768
0 63 44767
19124 108 19232
0 25 44768
0 72 44767
19253 70 19323
0 21 44768
0 85 44767
19411 81 19492
0 88 44768
0 117 44767
19545 63 19608
0 53 44768
0 19 44767
19631 97 19728
0 23 44768
0 65 44767
19804 109 19913
0 76 44768
0 189 44767
19992 46 20038
0 79 44768
0 182 44767
20073 22 20095
0 35 44768
0 60 44767
20153 56 20209
0 58 44768
0 60 44767
20308 48 20356
0 99 44768
0 23 44767
20442 10 20452
0 86 44768
0 14 44767
20487 84 20571
0 35 44768
0 30 44767
20663 31 20694
0 92 44768
0 109 44767
20779 50 20829
0 85 44768
0 52 44767
20903 84 20987
0 74 44768
0 106 44767
21059 21 21080
0 72 44768
0 42 44767
21113 28 21141
0 33 44768
0 132 44767
21203 48 21251
0 62 44768
0 43 44767
21263 80 21343
0 12 44768
0 42 44767
21435 35 21470
0 92 44768
0 109 44767
21491 52 21543
0 21 44768
0 145 44767
21588 38 21626
0 45 44768
0 49 44767
21720 16 21736
0 94 44768
0 37 44767
21758 67 21825
0 22 44768
0 99 44767
21925 80 22005
0 100 44768
0 183 44767
22073 27 22100
0 68 44768
0 68 44767
22204 52 22256
0 104 44768
0 123 44767
22299 14 22313
0 43 44768
0 180 44767
22408 102 22510
0 95 44768
0 139 44767
22596 48 22644
0 86 44768
0 161 44767
22736 97 22833
0 92 44768
0 84 44767
22923 26 22949
0 90 44768
0 16 44767
22998 18 23016
0 49 44768
0 53 44767
23108 91 23199
0 92 44768
0 60 44767
23296 103 23399
0 97 44768
0 23 44767
23428 105 23533
0 29 44768
0 47 44767
23586 10 23596
0 53 44768
0 133 44767
23670 97 23767
0 74 44768
0 136 44767
23802 60 23862
0 35 44768
0 197 44767
23907 26 23933
0 45 44768
0 163 44767
23980 108 24088
0 47 44768
0 26 44767
