600
1912 10 10600
3449 44 26601
12158 20 21351
2750 75 22348
21094 36 25161
8238 86 27706
19542 50 22670
14383 96 17404
10858 55 14093
12774 19 29015
3564 9 15024
574 66 10644
11825 41 17235
3375 87 8299
5796 91 25519
1397 25 2238
10153 20 20521
10642 3 17012
12753 38 15937
1613 93 19560
354 11 26335
28557 85 29151
751 11 22693
1932 24 26373
522 87 28296
2179 11 17160
9583 47 16411
3400 71 16853
2136 89 5011
18419 60 19022
4240 95 29643
12924 35 27130
575 45 28400
5618 59 24743
19649 85 25734
16217 97 28815
1438 59 13918
12616 27 27276
3272 23 3533
2195 63 19958
3868 47 24079
10765 68 19704
24076 62 29398
1115 42 29732
1524 96 26648
15181 92 21513
2524 82 7158
677 81 11878
16793 99 26327
3720 84 27540
2118 40 2789
1291 28 18140
1153 6 18779
6548 69 19903
15172 59 18913
20818 62 26053
6084 85 19913
10502 34 17244
16857 35 20063
20606 71 24591
999 85 12273
7073 24 19438
3753 50 19227
8177 66 12070
7 9 12806
18544 17 19556
10137 98 13756
1903 24 3711
26113 51 28250
507 62 14113
3525 56 4228
1210 90 25978
7712 45 8282
2340 15 4761
972 62 11740
1500 87 14872
19388 100 28247
17875 12 27743
14380 52 16649
17366 74 20972
2011 27 23420
12087 8 26850
2 17 2486
1861 33 16336
9249 77 16480
16458 47 23237
16417 43 17485
6255 38 22359
3365 1 10533
1907 40 18296
713 1 29390
6010 96 27818
11747 34 15479
6065 16 25786
15763 15 20440
11651 13 20319
8825 39 17124
3864 8 7036
10064 71 14786
5461 29 19288
8 72 15591
5693 91 10548
2708 9 11141
696 18 26145
7718 14 15680
12252 73 15954
317 67 10190
14119 87 27763
8862 58 21383
7044 7 11628
3873 58 20881
8254 46 14476
15250 11 22090
1473 7 22358
16045 69 17205
929 77 6328
732 71 15521
1315 69 17092
7727 7 18849
14078 71 16090
17717 47 18109
2443 51 14301
5447 32 14275
3282 13 7458
7443 12 13469
4304 2 16653
7218 50 20587
20215 52 28006
1849 51 16857
17217 52 23316
21973 43 28140
16357 86 17853
26410 100 26863
2730 64 29386
12411 28 22617
378 36 23279
2548 42 19777
15709 18 25024
15633 62 28622
9099 30 25705
679 86 11729
3721 65 26990
687 48 27735
858 48 29836
928 43 5435
901 90 2587
11300 59 25979
8709 19 27036
16199 78 17164
16905 79 19623
10709 72 14766
9789 88 19324
25888 70 28536
1359 71 29377
2433 29 19336
2246 47 23054
20100 54 24630
16351 3 22003
12056 63 16817
1241 34 2778
14498 80 15693
1843 65 17202
12813 40 20696
108 12 20654
12234 7 12865
10818 92 11898
25133 6 28825
6873 35 20168
1056 59 21709
22032 34 22675
7344 33 11244
2352 96 9835
1321 38 12831
15532 4 23836
2607 98 19222
4389 80 16593
1087 36 19807
2550 62 27612
165 98 12177
6338 86 14765
14134 68 20355
1569 12 17395
20044 69 28097
2677 85 5700
7153 55 24672
6044 67 25799
684 76 2063
8713 7 10385
1861 25 12106
1188 33 19725
2487 93 22002
213 45 362
9387 15 22945
7156 70 17770
5043 25 12163
10857 35 16270
8409 17 12108
3586 27 22686
2790 29 16388
18766 40 29550
212 98 28609
10382 32 22940
24654 7 27148
13077 35 14591
1209 56 15528
797 56 1906
1161 52 2085
18938 26 26821
11451 75 19076
18812 6 26502
6517 93 14210
2355 44 6316
965 91 23320
17035 92 24562
2699 38 12488
846 1 4168
7058 43 25795
1356 11 3057
10978 53 13612
1717 64 10827
149 90 1307
15514 71 22261
3185 84 12318
8143 7 20189
2315 80 25085
789 60 18513
144 36 10014
22786 25 27211
749 47 15057
9238 42 19092
2907 28 25546
2092 14 22190
10708 77 14312
22805 15 23839
121 10 11720
5778 74 24741
2271 12 2682
9160 1 22639
21796 55 22261
7133 62 17461
639 24 23678
228 15 3086
1022 17 14074
2351 85 15069
716 85 2109
1771 5 24131
5035 21 18527
4576 9 5135
1620 91 9317
15607 81 26350
3040 86 26148
8303 20 29106
22678 32 27113
18942 93 19802
535 6 11285
14647 61 26974
11831 90 22944
15654 34 19022
1735 13 5340
5423 22 11177
1225 80 16865
3510 100 20841
20480 34 24822
6061 33 10313
3168 41 10803
5246 39 17016
4275 40 28651
24879 79 26375
6868 39 15404
2737 50 3036
458 44 11162
18078 10 24217
2982 49 20716
10173 71 16591
4370 64 28533
16073 87 17008
13305 63 22138
24502 67 28843
1099 24 26862
9044 31 13809
13460 65 29291
5732 21 28870
1115 7 8795
16033 62 25694
3630 38 27536
23290 72 24126
2059 1 14576
10332 21 18357
6167 8 7030
20014 90 26446
7129 99 13500
11811 60 25239
3617 69 21803
8394 86 10842
4471 75 29959
8821 58 14167
10526 84 26507
4092 96 18650
12225 12 28515
144 60 28308
18190 62 27552
722 14 1111
259 86 22041
16459 51 26788
19670 41 20346
2209 35 11102
12073 18 21058
7556 65 29618
2116 77 29251
16333 43 23980
13683 91 24935
4925 4 13175
16624 84 29162
13968 4 16511
9044 59 21755
1369 67 2234
5596 38 17583
7233 23 27772
5272 58 10416
10778 93 13702
541 83 1972
2133 33 21747
1261 80 21315
1852 79 16522
9040 71 27418
1991 28 5077
2765 41 11614
2632 34 15115
20179 4 25910
6530 38 19385
9063 41 22452
15557 30 25210
5937 97 14601
24623 38 29943
20208 35 24696
6370 62 14393
2920 70 17610
23769 89 27407
6478 79 12064
26341 18 29283
3018 77 26173
10662 96 25698
2105 33 6486
4607 11 25169
3374 40 15885
20270 86 28115
24552 18 24765
4758 63 28003
5135 100 14348
1249 23 24469
12479 30 16707
931 52 4881
2488 26 12749
167 65 20823
19089 22 27410
2388 84 21103
5347 68 13312
14329 25 21883
13415 45 20369
12086 83 27163
28895 72 29896
5677 100 15908
7903 97 19511
22026 42 27012
15720 76 27398
15182 84 26588
3017 95 9118
2109 38 12353
276 68 12396
12355 44 25963
4798 100 7555
6032 21 22105
273 88 23402
4681 33 21054
16764 82 20118
11282 48 20073
3540 92 10266
545 21 2378
576 7 8214
1705 90 20875
12760 41 27170
5787 43 18457
7150 99 24309
9006 62 23912
12175 41 24539
18944 4 20509
642 3 6322
4717 3 22109
4826 99 13586
9702 38 26438
5333 27 15766
17549 71 25386
732 22 29972
2539 10 7243
348 69 444
12386 17 14122
15280 24 23910
9942 25 21286
14944 71 19510
4924 55 22862
1686 60 14167
4952 72 29912
15799 99 21662
4490 80 5820
19499 43 25241
4039 51 9050
887 76 25639
15922 73 24460
1181 28 3891
12783 12 25702
6580 83 10656
11206 13 16101
11658 72 28243
5368 91 13357
435 66 16895
385 55 23224
1362 32 2696
18414 30 22806
12102 2 16358
10917 3 14371
2831 20 27793
4247 18 5044
22360 23 26002
9616 72 25513
11765 81 16923
25924 58 28587
7061 100 17311
936 8 1488
1429 80 21394
3470 61 26164
13594 59 23248
6787 83 19199
1097 9 2466
7118 70 12925
9785 22 22767
8182 35 25194
1496 14 1977
4899 5 6438
15407 46 29242
1043 25 3078
959 30 24883
1692 65 8398
3126 60 5697
13786 97 20754
4571 40 11384
14632 95 19220
14083 51 18957
17029 58 27997
3849 38 20493
1547 44 16851
7427 17 20125
16916 55 28361
10727 67 14181
2793 17 16704
16293 44 25487
12157 46 22088
17266 81 20441
17228 46 29910
15969 6 22936
1152 61 21369
605 59 4993
21525 29 21941
2582 92 10414
194 33 1722
2724 52 23887
8879 38 22950
504 43 9547
9084 26 25981
20597 37 24894
16547 88 27730
9165 31 10099
1291 100 6979
14260 57 25731
1549 59 6154
421 43 994
2517 87 25301
856 10 2316
13935 94 20753
22340 77 26956
22199 44 24113
8791 90 19454
14053 23 18197
27882 68 28949
4470 54 14360
33 36 20385
21641 65 25839
9722 23 11265
5744 57 16490
6247 83 23625
16039 15 17847
12299 1 25452
1495 44 11083
2161 30 2418
6818 82 29450
15125 29 27522
9051 22 24002
11071 98 25250
9017 18 15288
2708 14 27325
19186 73 22056
726 3 12805
8888 1 28784
427 24 8521
9856 21 28649
8941 33 26267
1572 89 28550
6237 19 27261
1567 76 6935
6083 70 13939
669 65 23981
16475 30 26031
18377 61 20021
28311 97 29015
23956 29 25873
2673 14 17271
17070 45 19637
4055 28 22479
136 72 894
1572 44 23816
18113 51 25492
9707 1 21475
10338 58 20832
1978 68 28673
10095 82 26210
2147 6 7181
1262 66 20913
9960 23 10098
5124 78 19015
3961 17 15769
869 7 6902
16917 10 27365
13242 5 28435
6951 85 9700
11431 24 13318
2333 37 25684
2033 79 10737
6807 47 27474
4661 50 23556
5747 38 6600
1260 59 9852
218 20 18873
8415 36 9397
8124 41 8881
3642 85 14811
9902 55 29775
3782 64 26312
7708 82 29376
1732 94 29797
21100 14 27482
12026 17 12977
10897 8 18067
12348 92 14143
10957 55 17842
21215 47 22610
671 52 2463
1637 76 22685
2573 61 6126
3066 2 21855
3026 49 8488
11625 50 25969
9264 100 9808
3301 55 4470
10426 12 26109
2065 13 12646
10756 93 17630
1018 55 8768
2366 41 27786
18808 29 25707
4796 100 26963
3177 27 5659
14878 37 16083
2117 9 13068
9004 30 10006
4675 13 5944
15052 98 26014
20697 39 25411
24567 51 28227
6851 4 26714
2351 78 9282
4863 1 12622
8997 52 19515
19580 18 24359
9751 71 11399
3080 61 6047
1459 7 28628
251 84 25239
14959 42 15236
4832 80 25308
11290 38 13924
45 72 11423
5996 70 9425
9476 7 22385
23381 34 28259
19283 14 26787
8457 82 19428
17068 99 18716
20428 81 29106
16304 12 20093
1111 94 22983
6127 51 21789
