600
894 7 21232
10670 5 26378
7292 5 11925
688 54 16354
1268 36 17745
18073 72 28193
5345 25 5826
2287 88 22623
14400 79 27695
15715 17 22895
10560 42 15355
5122 91 28561
25337 26 25531
14181 98 27919
4855 16 10864
263 37 20081
1012 20 22889
2581 3 2944
15032 28 15071
6134 95 27568
22621 7 28709
2309 49 6470
307 37 15640
1828 26 22709
11166 86 14717
18360 52 29288
5148 76 12438
16391 35 28830
1388 14 18972
11914 69 17403
21129 22 22674
6452 37 17893
23125 62 23281
1613 37 6037
26284 2 27362
4136 43 9569
12217 85 22521
18828 15 27635
17532 15 19962
10761 59 13435
2542 4 27522
8407 78 12594
12643 81 26411
29 2 20286
6613 97 25251
10419 14 19648
2624 67 5316
11572 93 22735
8327 9 28276
22749 55 25475
9810 43 27792
13505 42 19572
8815 37 12830
14286 89 27034
18877 20 21625
13269 22 20779
15775 62 20142
7605 22 7900
1892 38 19506
705 96 26920
25717 54 26985
1709 81 27326
10694 68 24935
3580 19 17588
1644 67 16452
11234 6 11334
126 64 28302
804 86 25210
169 97 1564
23446 5 25626
5488 50 5996
6296 50 14950
11784 5 23490
13093 92 21996
23801 11 24875
1899 26 12743
11773 35 22142
5271 51 27581
15784 76 21045
1108 1 2043
267 34 1963
10343 93 24937
7391 41 15850
2051 74 4217
15414 68 21742
67 99 17995
688 37 15002
13525 98 22518
17488 73 25859
21163 40 23300
14058 57 21583
9263 63 15732
10261 55 26581
12863 36 18666
9173 62 26757
12457 44 17298
8064 78 17024
16948 69 29894
14288 90 29489
821 21 5183
11185 90 17912
236 93 2187
13324 55 28882
1847 69 7128
16241 4 28621
20240 5 29112
1780 95 2993
8087 16 17576
13231 20 13485
23459 7 26520
1126 45 20007
447 51 15760
1917 64 28359
13916 51 24999
16056 29 23166
1153 24 5525
21716 23 23635
11169 20 20669
10862 47 17874
20214 14 21338
21542 14 22550
10567 24 17821
2442 8 19835
2285 15 16225
2092 38 2538
95 94 3311
5258 7 15760
10193 95 17945
12659 66 14636
6099 92 19729
19699 52 22874
23261 36 24610
13609 82 25841
5824 47 8149
343 87 1862
14974 22 24375
2746 78 4875
7252 84 16748
10616 67 17673
394 97 24132
2588 71 18976
9608 34 24422
19671 63 26892
702 62 22305
12532 3 21245
5408 76 10504
26116 11 27527
6736 39 29903
1780 98 2527
6937 23 28992
8013 59 8503
6314 58 22195
8024 48 23841
8918 99 24712
8905 93 23095
7869 31 23567
20941 41 26038
10147 64 26763
21267 19 24107
14371 31 21076
1712 47 14781
14118 38 17445
15058 20 21581
1989 16 9544
4270 79 8557
1450 52 19076
1477 12 13678
2469 100 19316
25023 88 28620
20441 34 23388
1541 15 22443
4643 81 23402
10320 77 12437
117 47 11938
2802 6 16205
19868 39 27380
284 57 4985
4378 78 7955
2059 28 20890
18682 33 25413
8968 12 24915
1947 31 10320
7923 3 9529
1257 29 1616
28158 36 29562
1298 83 18332
899 97 6530
989 47 3256
818 35 23488
1914 2 2712
22495 43 29339
6183 16 11363
5520 54 18836
4045 89 7478
15289 25 19942
352 38 24850
21616 41 25695
7971 11 26432
21694 52 22493
14282 1 19302
3567 21 26562
17207 64 28789
18979 66 22892
1464 97 24295
15857 76 22096
5772 46 27722
1030 58 5277
553 15 22646
23170 50 26817
4887 61 22078
6490 83 14182
1784 71 11622
3503 44 24972
27077 20 29067
312 35 28918
13301 64 13751
725 69 15494
17553 48 28376
445 15 11251
4990 34 24051
17345 31 22946
258 3 9278
9082 9 13464
284 98 13945
1185 62 2349
6794 95 9732
21987 96 23142
1120 50 10828
13243 81 26899
14956 42 24239
16416 3 26138
2640 63 12424
14586 60 24324
4308 1 16495
7365 14 17209
10401 20 25414
10991 1 29024
17215 38 17884
538 96 10460
9002 3 25053
12 85 9139
5682 57 21843
2553 50 10969
21640 37 22904
845 91 17658
3626 19 25961
384 11 18531
10167 53 28445
2225 76 20608
8054 4 29352
27928 69 28013
11397 90 24742
12921 44 15222
959 84 3290
2404 96 6995
10440 99 17322
4997 13 9277
2506 75 19881
16488 84 26211
2625 29 11443
654 95 27573
6810 31 29548
811 9 4264
9183 23 15359
1589 42 17213
639 54 11034
15735 70 20530
10549 84 25154
10369 28 14500
8108 24 24450
24765 61 29984
6639 67 24252
6110 24 16605
1938 93 2134
24453 64 26438
23130 54 29178
2446 83 7895
3074 33 13409
741 16 25230
6920 66 16999
13837 24 16998
21498 21 27685
20175 42 20981
24184 46 27494
161 92 28197
7431 14 22361
8658 44 27686
16770 48 22624
7183 17 23459
933 88 1458
16283 62 26972
1818 84 15364
17480 19 23207
1823 39 2326
5274 63 6396
18149 67 22077
8687 52 10159
1818 33 14098
26329 16 27887
1440 88 19883
18334 4 26044
14424 54 29905
1683 58 9024
1661 60 4184
22463 30 23676
16956 10 17895
2891 63 24651
12552 59 21580
970 5 15035
8587 86 28983
20599 93 26812
5959 97 20909
989 89 19941
18397 91 29047
6535 16 8858
22838 99 22987
27208 56 28974
2033 51 27793
1088 33 23805
1160 18 29363
9076 23 20765
5171 29 16232
12777 59 28622
13067 20 25725
399 89 10523
8441 48 26784
28 69 25885
1270 48 2857
14421 53 27659
836 60 21421
5324 57 22763
3836 20 7810
13519 80 28350
960 11 21809
3861 72 23233
24706 71 26731
4867 96 29342
8564 75 24408
1305 72 27647
19010 3 25155
6162 33 20344
10445 25 24984
3261 27 10959
17012 42 17914
8268 70 21491
4343 59 16004
8132 97 22780
22577 55 27793
10595 59 14087
15052 10 24738
16721 90 18221
8688 15 26411
13789 100 20267
6449 55 29472
21032 62 28718
21998 6 28133
3375 55 23591
3477 21 7722
17272 94 18053
1119 21 21688
12054 78 14368
16024 64 26469
14808 30 29599
10294 39 22145
3138 83 12958
20504 68 26930
8829 48 28491
17255 62 29664
10816 43 29626
19130 55 25656
15475 41 25628
6459 34 16308
4182 33 26925
14741 24 27205
24925 6 26138
14252 63 23528
6792 96 15288
11163 22 21242
23869 26 26580
2172 47 24485
13253 1 26020
662 69 4034
705 51 15633
7509 40 22104
1667 69 5584
19719 40 26659
12387 20 28581
2778 65 28781
1780 27 1991
8222 57 20458
20402 41 20576
10564 67 25541
2940 80 24989
3569 47 21412
5970 55 24462
12649 37 24002
1521 70 22109
4155 74 27485
934 93 28200
3669 89 13606
3544 22 16926
9155 87 27264
7027 27 12465
4645 75 26427
4038 23 7625
2255 22 18638
15976 63 27229
10184 15 16112
1277 99 29795
12240 42 29357
4171 38 22647
2163 4 27589
10850 53 21554
23351 62 29192
170 8 11056
9715 18 10681
12038 84 13901
7755 32 14922
2084 83 28024
162 33 21243
2715 93 16760
12319 27 20027
5848 9 18579
9993 55 22970
2797 8 21876
9215 29 27572
3591 98 16143
503 52 12083
13955 1 24585
14687 46 18737
119 85 7904
1579 9 11450
12451 51 29176
7576 19 29567
12673 25 27424
5706 12 20504
4111 2 21932
11075 84 29817
3399 59 5910
6122 78 17080
19740 36 28704
12897 30 28831
10182 86 29804
9143 81 10865
1268 98 10147
5562 80 28479
526 15 26439
1281 55 27016
5504 58 6325
19394 77 22060
14803 5 22821
311 66 7078
10059 7 25180
6117 62 27805
4292 81 28900
19061 37 26134
12489 34 18476
394 16 18440
1859 19 24480
14543 41 21351
12465 98 23317
4625 1 25538
15764 26 28265
340 17 26134
1187 29 11170
18384 71 26006
1431 17 2574
5559 43 14856
917 91 23998
3156 15 6655
6655 88 14716
18392 43 26131
3367 55 3475
9193 16 14490
15987 12 18168
8422 44 14452
7992 34 17591
4576 98 25911
5775 43 18037
3143 100 20682
5651 50 15021
4494 30 17245
2718 12 14383
3304 26 22012
4305 14 13066
378 91 7287
9480 13 20100
20259 8 24508
11435 50 12602
2135 4 17961
5513 17 9663
21828 3 26491
4393 61 16263
14215 57 24436
1607 14 25153
2111 67 2274
170 58 1368
4769 35 8260
2302 26 5627
6566 41 14841
11878 43 12158
6894 44 8808
22895 62 29657
1768 20 27078
4855 74 18336
5640 73 19211
5762 43 22544
5444 82 18349
1562 90 22073
1179 29 25762
4755 87 24556
116 78 2203
23219 6 23673
966 14 25825
79 89 12872
20326 40 21236
14802 51 29038
11985 100 13678
19959 19 22329
3796 15 25435
12918 53 22309
1884 46 22990
12338 71 17004
989 12 29953
23292 25 25571
726 73 25490
8586 1 26656
7302 51 7610
8990 34 27870
13783 33 28965
6544 5 13452
15135 55 29475
15829 100 23997
20638 45 27163
11244 83 19863
647 75 11086
16988 84 22318
2474 13 10774
10631 98 15192
8715 76 17137
12970 58 22078
6297 96 7402
870 71 26443
6723 77 13572
1711 90 5691
22587 19 23273
11204 96 15967
14672 98 21302
629 86 29370
5688 49 15652
220 49 29596
26514 6 28032
76 65 29479
3754 31 27689
10776 41 11627
17855 25 26736
9358 47 18378
568 2 29526
12035 75 21704
4875 50 21886
1790 67 5650
2219 50 3847
3018 96 11820
7052 95 26323
96 87 25703
3891 100 16665
25906 84 28637
6446 44 17048
10168 98 18958
2597 95 18715
888 77 7056
8765 61 19463
2406 26 14226
1481 97 9737
5171 46 18420
23459 45 29943
4377 43 6855
23499 45 25320
15395 100 16240
8889 7 23160
12642 22 21582
890 42 22686
18360 79 28726
1878 62 8902
4736 87 23399
7784 43 25326
402 89 21865
1750 81 25357
1965 63 17021
27138 16 27244
7003 91 29812
14703 32 19177
8802 88 12537
12066 38 24621
4281 91 20966
7067 28 20856
3452 53 25620
15701 47 26669
19912 84 24694
13283 55 25584
