600
6755 63 17438
18227 23 18948
18702 22 28950
8362 57 28263
2085 39 19604
50 88 27229
1686 89 21328
2741 36 16576
13283 29 16293
5528 89 22070
15844 9 16706
10195 82 19560
2287 66 3867
5940 1 29448
2354 87 26375
27517 6 28301
15566 93 29105
1690 4 26095
9395 18 23231
22520 1 26031
12980 79 28271
2849 58 13969
19752 37 27775
12352 14 20698
16811 85 18308
13519 6 20368
933 89 13741
26857 23 29668
16616 66 16917
15785 24 26017
8710 85 24852
3020 40 13075
17407 24 22254
10471 73 27388
12921 25 23973
16427 93 26488
1678 28 14184
4925 85 15743
1452 77 27281
8931 69 17984
527 21 11382
12313 15 20270
2244 48 19160
6378 57 27968
21639 67 29039
1097 61 18907
27093 71 28826
2717 90 15621
8880 99 24417
181 21 20757
16118 32 19889
2984 11 18440
12834 20 25055
1372 13 24048
1299 93 4935
1079 88 26860
2273 98 2710
22463 93 26616
19840 53 20283
12526 76 24142
2903 75 11834
6292 89 25946
871 22 20084
16759 65 19719
18061 1 18577
131 50 2677
11827 86 19629
4958 33 26046
7094 6 11335
8867 79 25244
14061 86 28153
10378 60 25142
2371 37 12462
4913 65 20073
10609 96 12713
9244 53 15014
1730 20 5932
7039 91 19698
14425 51 22107
16341 41 18102
2743 96 15342
11648 11 21779
1416 46 23527
8299 64 29035
9233 15 18248
2291 84 29601
8022 14 29481
1495 81 9861
18576 62 27819
22565 97 29334
20389 58 26722
3744 55 27463
10748 33 13953
11576 56 14400
2545 41 13055
890 6 1420
19995 15 22067
5765 21 11546
2105 18 6070
15363 35 18535
2628 13 9854
7581 67 10457
15172 100 25544
8554 81 25317
2180 10 11009
27996 27 29234
10984 26 23336
2432 66 17208
954 80 7851
14796 10 15943
4685 19 20231
7654 1 13702
408 24 1577
4944 99 18412
18738 9 23692
1176 2 24968
8728 18 14930
2109 56 24881
8083 46 26146
640 90 21543
2521 28 9864
1766 57 6147
8772 6 19851
267 78 11339
11974 7 15765
6396 41 14471
9307 87 25170
13062 45 29942
5175 69 13189
843 82 13612
12983 36 15116
601 31 3352
13984 59 27990
16659 2 18207
11375 74 29345
9086 29 10496
15988 12 20280
15662 82 25951
2775 59 12624
10120 3 20535
670 33 9066
3357 68 9624
2589 93 3564
9880 34 11539
22682 32 29314
10949 40 29697
1663 82 14241
13145 76 24236
6579 80 6812
13177 25 22027
13710 42 21578
5481 60 27392
7812 30 24128
2120 20 22457
167 91 891
1406 49 12814
16650 74 18317
21536 78 28419
8774 40 16994
9644 8 16143
1212 78 11160
291 99 3432
15173 9 25950
5445 93 22007
2341 74 2753
19543 5 24499
14699 23 18302
9912 16 15602
9649 74 10761
242 92 19515
2059 79 14951
2265 42 12785
16354 12 21529
16649 56 19236
957 83 29632
847 50 1514
15736 85 17663
1492 84 19501
21609 54 23767
1784 56 20273
10301 48 25103
12777 82 28812
8105 65 21593
21005 47 22485
5347 82 27371
2120 61 3327
2310 10 25902
4960 4 21470
22500 43 28429
7709 68 13802
1384 52 12987
124 91 29765
6311 99 23044
21440 47 28940
1307 35 9240
1527 81 26184
15081 13 18400
3480 71 17923
6712 11 27729
8647 18 21095
27144 32 28316
12383 86 23721
3966 97 21126
6544 11 13677
2808 69 3198
12774 42 22842
21984 28 28479
18780 61 26199
505 37 5479
4484 86 4927
15907 6 22764
4020 58 21132
245 72 19222
15018 17 27043
6922 2 11410
2077 56 27119
13492 100 18411
307 5 7306
533 81 12470
859 27 26555
2186 92 11154
17085 61 19815
16066 49 18951
13819 76 29659
1160 75 11279
2154 55 5013
1216 43 7475
199 76 28836
482 24 9719
7979 81 15267
996 25 27653
15974 86 27871
24469 2 25160
3045 45 16291
2613 67 10503
561 77 14123
11239 15 17779
11058 69 12620
24805 11 28099
7271 23 10127
3165 97 10048
3314 38 9102
16978 4 19554
11609 100 29367
2687 49 2873
434 38 19350
2573 97 27372
5931 32 7803
14391 39 23900
17251 90 23994
352 89 6771
10557 14 22731
6838 7 18043
1712 77 9157
21037 2 23613
10611 70 27901
1894 70 11757
8024 9 22566
830 9 19633
2364 37 2792
15953 4 23210
27472 60 27820
13439 72 17610
131 35 24635
20715 58 26154
4683 35 11840
3172 25 23289
18282 37 29068
3272 42 26028
1121 52 16605
15747 95 18106
18940 53 20701
2489 56 18081
21626 95 23842
1712 55 8231
15898 16 22086
7655 2 7723
22839 99 23367
13370 59 18481
10145 96 23677
14073 55 16028
6302 84 20404
5427 17 19141
21578 35 25720
4518 94 14672
7691 66 9905
862 93 8399
8651 69 29284
18155 96 23733
7668 67 10374
8478 30 10484
922 36 16252
15819 88 25955
11153 16 19086
6542 41 12567
3699 39 21164
6023 98 27364
4248 34 6602
10822 73 11781
2837 35 4939
3677 31 21658
6553 62 25042
14774 10 28421
2231 27 29340
14966 98 22476
1848 59 21342
7405 97 8034
17421 32 29942
2219 13 23504
2569 60 24388
21232 2 28875
5363 64 10406
980 8 11338
18841 17 21115
3529 77 13770
12677 26 25334
1799 46 17380
11414 49 17619
723 24 7919
6311 12 24005
15628 80 28188
4842 64 16124
198 48 19450
6519 52 20351
2173 28 14751
10439 36 26933
20703 71 25512
157 50 9727
16425 57 16580
9187 6 13644
21110 98 25540
17935 30 19778
1618 62 22961
16267 68 28029
6240 49 29584
3077 51 25510
7015 34 7136
6895 90 21144
919 22 17682
14436 50 21556
22843 15 28053
13249 98 22039
1314 24 5010
2925 53 25671
5269 3 15364
8194 42 27189
18745 46 25999
13419 14 19165
13758 88 20804
4380 98 16442
15174 79 23981
4862 37 27703
4618 58 23764
9801 4 16837
28709 77 29609
24670 54 24964
10543 67 16626
1209 33 26926
2636 1 29858
10931 32 25318
2684 22 24094
16157 41 27709
220 24 14665
2294 47 7790
13065 72 24630
4799 79 19594
14076 40 25141
339 54 21687
2330 56 28151
3509 57 26203
12546 51 18169
5593 7 9744
97 46 29096
16522 70 21870
1411 61 10405
12392 1 23662
9505 54 13507
12310 30 24975
7814 33 20479
1369 44 3312
5551 60 13652
24019 100 28245
1767 78 1925
4049 29 11972
5690 20 29984
12384 41 21127
2362 49 7324
1322 62 26190
12628 1 24389
2214 79 28583
1261 30 29488
7577 99 11113
7897 83 24340
294 89 3850
5237 49 25100
706 82 1690
4122 68 26643
4875 26 22669
2077 35 5976
4881 44 11994
16590 33 26264
7514 17 9344
10990 35 11040
4088 48 13125
17109 88 18112
7211 95 14569
15934 16 19429
23813 19 25401
19892 7 22200
13201 1 28661
11202 28 29562
2558 79 23989
7726 27 26184
4412 69 7546
139 12 1987
5100 19 29943
17532 64 24890
5764 95 8020
12190 64 26628
11171 81 24621
13553 50 19335
3877 16 12196
1544 42 13761
2304 22 23175
8623 35 14276
944 37 21736
6571 50 29451
2037 29 23121
25360 28 29829
2208 54 22166
3266 65 16971
1843 52 23570
1349 91 25866
2789 46 23671
3233 88 19024
8407 75 24421
10051 95 12193
11783 19 12362
2023 74 4361
2478 7 28334
336 38 4817
12206 1 15999
6382 29 14981
10686 73 21468
3937 59 13392
2741 5 8003
9350 87 18031
10056 68 18330
3894 4 29029
16186 3 27164
9234 49 28319
2501 65 14056
14688 4 27397
5834 58 8508
26573 9 29548
4735 72 14343
20367 34 24521
13941 87 14184
2348 28 13233
16472 34 17190
7729 36 10676
506 49 5345
15304 46 28387
1123 46 9933
3280 20 29414
8440 75 14466
482 51 22088
10901 32 18393
2394 82 17906
2225 27 22749
15182 73 28628
19639 80 23662
12097 27 28664
16014 40 21994
3752 46 26625
21 18 702
8072 22 8108
19991 67 26098
3478 81 11497
1158 33 1793
22780 74 23775
546 13 2317
4716 25 25403
21592 15 21671
5909 40 18948
8893 94 20820
3324 72 22826
10661 45 19542
4184 34 9584
1726 21 27021
282 80 699
1959 52 19640
19684 55 27380
3220 60 18061
12848 85 24258
956 70 1926
963 79 19409
2325 83 4444
1206 81 17250
20778 60 20899
20539 92 21507
1899 24 11689
25890 63 27473
2238 25 25116
3871 6 26468
15503 11 24134
306 88 22278
2091 70 29024
17609 32 18961
6193 81 11097
846 85 1332
13908 41 24232
27206 21 28080
13677 59 24541
20884 35 21618
595 13 26698
2253 55 10069
2279 98 17006
27969 2 28659
19868 83 26859
10501 21 17714
8196 5 27226
25550 39 25621
12158 29 14263
469 85 13994
6455 82 25937
5105 44 9812
20622 51 22406
1062 2 4639
6027 29 10439
21162 22 25274
325 49 20731
1086 99 2485
4183 3 9626
1680 85 14682
6917 32 28148
14323 86 20965
7959 100 29099
5768 9 16750
866 85 18501
3593 23 3747
12412 27 12594
14336 19 19069
25232 96 25348
493 1 2607
12 92 16401
3710 96 28676
16825 21 27711
18076 63 20551
2378 78 6219
2600 72 27987
4576 2 28326
6663 45 11560
1091 30 6889
14679 90 25431
14338 64 18095
192 95 15983
14934 82 24977
14518 10 29312
6410 71 6757
22350 5 26088
24968 71 26028
2499 50 28052
9250 12 21459
1969 63 16318
11621 21 12784
1475 9 26707
1292 97 21881
1203 27 17065
22249 51 24218
10098 94 14753
23041 86 27522
9711 30 21606
2055 53 10493
6898 27 25878
15187 41 20268
5993 76 29731
14061 68 21536
14095 41 16784
7551 61 26007
2235 54 17123
24046 33 25980
3108 81 9310
16299 27 27991
6881 43 24895
4577 59 20385
8097 79 15073
1538 14 23032
14338 44 16486
14465 100 24938
206 15 24758
25852 57 26194
11237 70 29913
10375 70 11552
11224 48 28506
24729 2 28321
7011 2 7290
4040 54 12977
6564 7 26838
8418 95 28553
