600
948 24 9627
2941 79 9955
22001 40 23512
2729 85 12235
10153 5 14503
10306 34 13628
7795 49 23738
2794 92 20605
13365 20 27124
2644 92 14828
262 86 21029
14177 49 16534
14266 98 19745
14756 36 28591
15345 61 24311
13407 23 18811
8036 20 25795
16202 40 22301
210 76 26724
1031 93 14494
3785 87 18630
2532 70 11987
5658 56 28580
15810 74 28459
15262 38 20807
6431 28 13335
427 74 11048
2152 88 27217
6868 76 13983
580 9 15407
1160 34 19628
9853 79 19603
250 26 24671
13055 69 16962
9534 44 15182
24887 11 26946
16584 9 17380
21412 80 27117
5907 89 11232
2430 60 14280
13755 38 15065
9760 50 10662
10482 38 24347
2324 50 17893
12255 66 20962
15958 47 22667
3213 25 25951
23931 14 24782
992 68 16251
8378 99 14107
9630 34 16834
18251 85 26347
25005 99 27443
6756 23 23277
2742 67 11603
4841 4 23549
18110 54 25069
15085 54 16199
6854 13 7416
4075 87 20383
7721 29 22925
1862 51 4343
1115 98 3860
14141 82 25088
10670 46 28040
22228 88 26978
11770 5 25341
1154 49 20913
1406 83 17410
5328 40 14438
2282 76 29679
5910 63 16107
21212 38 23127
11767 52 14329
310 27 2780
21381 21 28170
311 60 25553
16674 53 21965
13713 43 18979
3646 49 26400
342 12 1746
10090 41 14251
12775 96 24034
4036 15 18634
18373 7 28590
76 1 834
1613 70 15923
23527 67 29597
3502 12 20381
2162 78 15219
3950 89 17849
21606 17 23492
10562 55 11983
20521 86 24211
1013 49 2392
18002 58 28797
3897 62 25941
453 54 20393
7221 34 28604
18639 18 25902
14589 24 27108
79 13 13225
20129 42 27731
13256 41 22933
18063 16 25614
21732 55 23559
23380 13 26516
18713 64 25639
23472 31 29239
19741 54 26349
1469 89 1861
8978 44 16440
7008 75 8096
6513 24 12678
146 38 29441
11784 12 22754
395 97 22497
12502 41 24099
20622 77 29335
14414 35 17228
316 93 26917
2509 54 26189
2713 19 14752
10193 73 19613
29052 55 29925
18897 6 22798
2105 2 28759
21106 97 21649
20111 46 22627
7917 35 24663
11782 21 12532
2244 15 11085
17581 49 23376
4164 98 9887
5112 50 13473
4546 19 16599
1722 64 2054
6730 6 8571
1915 35 9463
12192 16 13207
9417 1 25874
734 1 18888
8040 52 29047
2405 63 2618
6500 23 10229
1822 13 14610
1145 11 8963
7575 98 9382
5716 25 20905
8951 28 10873
10825 71 21643
28170 96 28823
10921 96 27131
9437 41 18002
7181 70 11331
5171 92 10787
14840 49 25420
11968 8 29858
2450 45 3909
1372 75 28336
2342 41 9255
17857 5 20165
4582 68 12883
3994 72 8358
2572 30 4946
2786 26 11481
9856 7 15602
21763 81 28572
1680 9 7149
506 91 13535
7433 89 22181
10659 62 22905
10243 2 20277
13127 66 23142
25693 52 26140
314 74 9764
3293 79 7199
4986 17 15692
2473 79 18728
25237 65 26424
898 36 14583
15156 30 18489
9932 68 10579
7614 42 22595
8180 92 17076
14031 32 24926
2459 56 14536
14690 82 21449
3635 27 7225
7426 18 11783
19041 68 29256
1720 54 6318
10898 38 18777
1221 6 17073
2995 55 12140
27139 56 28779
11836 58 28311
11727 50 25264
3449 99 20505
1046 63 20913
15685 58 24414
1799 95 7621
8315 97 26352
20107 90 26763
23429 6 27888
4239 20 7839
8253 3 16340
677 52 4350
2358 65 4389
1848 89 18261
2320 41 24891
18640 29 25134
2989 55 14734
504 28 20783
35 7 13621
1205 53 11158
16714 86 25726
10242 63 13352
226 81 12021
16777 37 23502
1385 28 10204
932 25 15919
24358 73 25547
20668 85 20961
16124 39 24392
10044 28 18571
17507 46 28505
6565 83 18312
22380 22 28512
628 40 28325
10547 87 27429
21906 90 22176
22519 59 25965
10993 47 12263
1193 74 20785
2605 90 20007
1325 6 24758
119 40 4588
14889 16 25082
4789 1 21298
7501 85 27371
11509 18 19803
8146 30 21602
13312 24 22111
1769 39 16385
7070 33 12122
13151 2 26135
15890 77 28361
10716 3 13262
4826 66 14554
224 2 8813
29482 71 29751
24970 12 27779
17841 49 18956
11429 90 29821
5490 88 13301
478 65 7829
18636 98 20618
6072 53 12551
3647 59 10420
8850 31 27508
3600 4 8057
2759 56 22412
11524 24 12627
12983 15 19530
24101 73 24838
23922 60 24654
256 13 1142
13393 18 13990
31 79 1522
8001 12 10872
2487 66 16035
11671 98 29741
572 54 2255
964 74 12167
22595 89 24360
7984 25 13751
13591 13 18148
2598 17 27875
676 11 16412
14446 4 24589
6571 69 16318
17048 34 23366
1640 95 13003
2039 50 6849
1209 1 9535
7408 34 10500
12122 90 19179
15583 49 29222
1080 45 10215
15728 56 16510
1487 98 7393
5503 78 20396
4335 99 15569
640 75 3341
17129 30 27639
236 15 17956
10266 8 24123
1056 54 8680
1021 100 28176
10327 11 17138
347 66 9599
4025 76 9946
8355 19 16772
4140 76 11816
885 62 21287
13624 77 21204
2794 65 15274
3949 88 14015
15224 65 15525
19134 76 21043
1173 34 13623
25932 58 28489
18239 81 27644
8646 23 15127
18820 8 26369
19865 46 26795
5089 9 12109
9904 32 18057
16024 20 27366
1836 34 24596
13583 86 21974
1912 72 7429
223 2 1184
13493 39 18048
3540 82 12936
9870 32 29440
3012 37 29299
4182 33 14966
6461 20 10554
20353 85 24859
4846 71 24282
28016 16 28687
27440 66 29832
5691 26 25203
6502 5 28303
22805 11 25639
26753 2 29763
9533 49 13717
4416 16 5951
2510 57 7131
17802 53 24223
209 7 5035
870 54 6981
16343 51 18136
17466 63 26553
3553 1 15053
14455 32 16183
483 7 14467
1687 47 12494
18335 54 26976
580 91 15320
5552 52 25129
10338 73 28028
123 78 1961
1762 97 6993
1614 38 16068
11174 87 13230
19965 21 28253
10805 73 15890
20751 14 20982
17411 6 25422
8040 24 10909
19146 18 21276
4436 61 18558
16816 1 20554
8944 94 18342
12630 11 14817
7338 67 8701
798 48 27021
10696 64 11541
2304 3 26045
9310 5 16297
298 80 12642
4356 83 17288
8643 58 19921
10838 65 21757
580 31 11995
14406 56 23065
2183 85 16096
1593 88 1968
14819 83 15576
8469 33 21958
698 3 14394
5521 11 13886
12445 87 26423
534 89 28633
86 94 14887
3019 100 4671
11329 14 23770
1078 55 6472
868 56 3957
2953 1 5376
5884 60 8259
1168 44 9743
14880 50 23407
74 38 27987
7964 29 17017
2834 30 24377
5547 70 10797
10435 93 15733
15347 38 23374
12528 22 24686
9969 67 10494
10639 46 23473
2422 94 14242
7379 57 10583
3797 9 5757
21437 39 26089
3585 45 8283
15307 45 21571
3981 52 4050
1237 93 21854
1012 97 24729
13812 38 19603
4876 30 27143
13748 20 27846
7306 41 21957
12371 37 15934
6514 66 21465
2970 20 16515
8494 74 28760
14442 30 20640
355 56 7369
19601 17 27168
6325 74 18438
3373 94 16104
2820 4 16553
10575 91 19827
9140 30 12705
1829 19 2436
3318 96 27504
4365 65 16979
1847 37 15079
11414 2 29545
468 18 1081
4634 20 7969
5884 21 23953
3648 32 5891
12663 28 26807
1780 32 15736
14521 18 17044
5518 45 21545
2333 51 11299
481 51 29913
19059 80 22147
6339 91 13433
6531 80 13808
7752 72 14005
8546 1 21846
1595 20 10437
9934 38 26896
9360 4 26068
1111 73 26553
10018 70 23431
6314 4 23236
1533 77 16690
7992 89 22871
4516 48 15051
3873 55 20916
20170 35 25370
24456 76 27197
535 10 13823
21475 44 28041
19447 35 26644
8063 24 22819
699 29 25412
9951 24 15628
8212 89 22022
949 25 14252
9441 55 14597
412 48 2524
21508 82 24881
24304 52 28807
134 1 20687
17732 23 27784
993 15 12157
11118 18 21542
9296 93 28430
830 61 1738
610 86 12926
9095 79 22658
1339 19 19573
14550 16 19206
11457 50 24848
3239 18 15789
370 43 1342
225 12 247
7372 14 13145
884 56 22912
106 32 25175
2751 74 7832
21831 88 22038
6531 7 22047
3269 73 6132
12566 30 16922
22853 3 23846
4878 21 25235
8599 92 13074
1735 7 25571
10819 83 12300
10348 29 17044
12395 97 26362
20593 14 25159
12821 52 27870
3755 45 23095
11901 17 21481
7432 82 24516
12174 33 27130
9605 85 15822
1633 85 29079
1058 89 14786
2423 14 21598
10634 34 24645
14632 90 17229
8072 42 10054
13783 67 20498
9461 99 10270
12144 84 20627
17050 33 20888
5194 16 18172
26839 52 28879
304 74 5391
2830 98 10088
15497 19 21479
14392 36 20901
28919 71 29427
21006 89 22927
706 37 14815
22703 44 26347
3531 78 27301
7560 60 12391
15440 17 16100
764 64 22440
2433 62 10591
8000 51 13239
8169 50 16636
1825 86 9276
5892 89 29082
9577 94 29060
9372 4 22656
23023 13 24836
9691 39 22739
3164 70 15116
6590 76 13201
17894 55 29179
461 78 7244
16263 81 18357
7986 97 9685
512 75 25152
1935 31 26697
12203 53 22814
12334 53 24735
2360 43 5867
9544 24 16471
11052 60 18306
15494 68 17634
14864 75 15118
7017 27 16093
10570 81 19365
921 79 1478
8870 64 18772
2130 82 20092
20795 65 22149
6978 41 13888
4622 51 22369
1570 38 10359
14623 7 16485
11296 57 19891
18793 8 25815
24711 52 28300
3500 53 12850
8777 66 27602
2368 100 5900
1131 91 9749
2755 79 19271
2727 85 11639
23486 93 25734
21617 59 27555
4880 100 26830
6373 3 26256
60 99 25383
26899 74 28594
9304 8 17464
2718 86 6019
140 88 3573
5978 87 23684
2690 78 15579
11105 51 25879
1797 5 24023
10617 4 15121
977 47 16722
11471 47 18401
21602 56 29812
18016 81 22038
1701 19 18464
5878 9 28076
2811 93 7818
16360 74 20782
12426 11 21532
