600
3859 24 27569
1140 36 10764
1274 93 4724
5902 45 14602
518 38 13455
11142 56 24877
13514 65 23703
10523 92 22603
9303 92 11731
5435 65 22995
9259 26 14701
10036 71 15998
27743 28 28964
13426 11 15179
8109 26 29766
10839 43 22422
7613 73 8308
11376 46 22831
44 24 18441
952 86 8522
19376 46 27187
2545 87 12539
6830 40 9383
19005 42 29659
2080 50 20095
13137 45 23836
17570 76 17805
19580 46 24556
22277 17 28271
18899 21 26336
18617 69 23600
11695 88 17376
7504 5 27725
18881 44 26418
8053 98 13957
22684 87 24151
11697 41 21223
3776 6 23364
678 100 6203
2408 48 21659
7684 96 23768
24472 22 27870
22017 7 26265
1475 30 16315
1115 49 13702
861 55 19589
12701 17 24003
1003 45 28766
14508 44 22877
18749 46 23445
1734 91 24053
8585 24 20436
22570 95 24079
18056 12 28699
4443 17 24155
1731 71 20328
24880 36 26816
954 84 28274
2603 88 9539
10902 59 25160
6584 82 20145
4905 71 6833
2256 5 7312
3915 34 10099
12624 64 23230
972 41 17443
1 41 1521
8049 27 23328
2261 18 3318
8490 34 12682
3023 40 24624
7272 81 10404
15776 45 22713
5879 84 12766
22508 18 26368
16814 60 20023
3945 47 17142
1187 43 9859
1200 14 25908
16437 10 23281
19552 30 27161
16338 35 28273
3488 7 13454
2318 92 17879
12882 1 16116
642 91 8031
24941 97 29791
4406 90 16674
696 61 2527
1193 42 16786
4160 33 28791
5347 37 17314
7628 36 22796
14307 22 26264
551 36 5252
25058 55 25199
4907 79 23163
3731 80 15141
15257 66 28024
14363 29 25630
2950 41 14227
12743 19 22932
252 69 26948
8691 64 19891
2732 16 16327
13029 86 20962
26563 79 28934
3693 98 11271
14756 88 18109
1070 40 9017
16861 14 22047
696 29 24529
16018 59 23658
15044 56 26215
2629 13 3762
787 49 13550
407 51 27797
1929 71 4844
11118 1 24532
22979 45 26491
15115 83 15364
14115 63 14930
115 42 28500
2348 69 6936
2805 99 26722
542 21 17035
3872 82 10406
7613 62 15270
3882 23 29539
745 50 14263
1837 6 9251
330 68 1844
7 39 9311
682 39 18975
9310 90 27970
23040 95 29099
9802 95 24269
16405 59 20727
19315 4 24431
2380 59 15905
9808 1 21233
15990 59 16529
288 69 943
7752 21 22679
3338 10 4989
6301 40 24671
3193 1 3292
17751 97 18474
4292 2 15431
8728 75 17346
4409 34 18817
155 21 17816
14306 93 28714
11100 57 24780
10361 6 17746
6127 44 8670
896 73 14780
1468 7 8666
15826 16 20408
1020 4 2566
13317 34 23541
1074 53 16562
870 49 16866
1020 23 7345
1689 70 27680
6887 79 11778
11949 79 25087
4170 25 25265
20482 24 23207
2653 20 8706
2927 29 3546
7707 22 25304
6636 39 24382
5368 45 13535
7899 94 23660
1199 47 1404
13187 94 29229
14758 36 25441
12155 1 18728
3709 69 23084
346 79 19700
1150 69 8946
758 82 28542
15532 44 20401
4800 91 22197
2162 68 20319
2034 100 7971
7386 55 28332
14562 10 24661
13577 66 18445
3331 96 14911
11748 19 25468
1388 74 22108
12345 90 17960
19768 30 29159
4775 51 7269
12616 33 19540
600 83 13347
10326 57 21882
12352 82 21458
17586 80 24650
13323 56 24209
11604 45 22137
1268 56 4554
1413 17 11190
1665 82 29748
9672 45 10347
19825 74 29381
9212 43 15721
7825 10 29472
7096 96 18096
324 95 12392
10913 89 15210
737 9 12743
15449 78 24496
1562 49 26265
12517 1 24511
3313 6 16770
6913 9 26646
26996 41 28966
1058 99 19374
4374 69 26497
1155 23 21903
10306 18 18345
19487 49 23407
2371 30 15760
10994 63 16260
12841 37 22723
1410 41 20503
15830 6 20184
1074 15 28723
775 17 25740
1247 52 17542
10918 65 24474
3816 57 21187
25376 40 27552
4546 58 11893
916 18 11384
23637 49 28540
4164 12 18855
7405 95 8872
2794 6 9014
945 93 25420
14341 52 26247
10807 46 13853
1635 55 15750
1231 10 14773
1126 34 17789
7513 43 18124
554 26 23363
4590 66 19013
24171 78 29090
19190 26 24773
8132 57 8986
7851 88 9834
8105 69 23835
6535 41 28548
11745 92 19072
4579 16 18094
1121 8 10882
43 73 28798
1959 4 24448
12594 85 26800
5786 28 8812
2212 59 7747
7845 30 11182
1855 67 6758
9439 72 27944
1377 71 10525
7647 15 17164
11429 97 18086
9619 71 25183
1652 99 14923
3330 2 20482
22588 35 28454
2261 75 27597
11209 1 23665
379 9 439
12326 80 24819
372 33 5183
11930 62 12846
22674 78 29276
21484 29 25465
298 32 9855
3188 53 26025
22182 20 27494
24559 49 26216
17432 8 20320
1457 24 11492
4290 45 25011
28885 36 29306
8002 24 10779
5851 85 13136
14714 75 17848
3138 30 17580
26483 43 27218
442 87 4970
2648 56 10932
569 62 28124
7264 60 13904
1155 50 27587
11837 25 27136
2229 85 2537
20446 68 27194
1044 83 1541
374 32 13906
136 59 11322
5718 63 10354
13512 77 19979
20605 79 27221
2059 89 25370
1976 66 26841
143 42 18168
1989 59 27792
566 45 10730
8614 97 19118
12705 63 20846
9053 77 29414
1451 29 17803
5814 73 29451
3075 81 24188
10975 88 23801
13708 18 25935
18747 41 24222
3108 26 5550
8043 84 25097
2594 6 19378
4332 34 28749
19969 83 28089
548 1 22592
3181 48 6064
5068 70 22172
9359 57 19207
7699 7 19597
15559 92 26509
4149 19 27285
8768 98 15772
16063 42 19219
7997 25 27694
2585 96 24081
11676 55 29695
7470 88 26555
1981 49 3818
98 17 21991
2256 92 17516
17475 79 23131
16110 14 20618
1544 73 17854
19232 41 24956
1918 57 25833
4169 73 25466
5725 69 21806
9470 76 22539
1898 76 22271
112 63 28305
12795 43 22411
1120 39 21709
16675 86 28163
28938 92 29797
2941 11 16982
13524 90 17820
23597 1 29039
1466 52 21579
6269 62 10044
8738 83 22710
1658 49 17719
1465 66 8049
2553 27 20498
8071 19 13274
14329 99 26746
13960 65 29568
19758 88 23881
5764 52 19032
905 73 13436
13498 54 16758
1000 62 18271
26262 99 27320
4416 54 5545
17395 33 29142
2713 22 19391
7555 74 9167
10391 9 13731
12862 13 21427
18107 21 18446
10669 42 22090
1092 72 6140
5830 61 16713
15014 10 27386
5686 31 19890
1367 89 5201
1429 67 11716
11617 82 14902
8944 7 10923
469 7 22138
292 38 22994
15640 55 27623
14863 64 17364
5093 61 16128
482 86 4510
5601 52 24287
9354 73 21882
11143 80 29240
1788 2 23857
2290 75 22934
27615 89 28890
22395 2 25356
8642 62 18957
11596 4 18511
1875 69 7254
11702 7 20480
10507 30 26938
1973 25 3727
18464 30 27988
16348 3 20894
3792 76 17657
23949 73 26633
12477 28 28489
4304 45 18153
2936 36 6588
10734 22 20242
15552 68 18169
24000 35 25993
13877 44 15455
10536 41 19484
18506 2 20438
13403 76 22005
15621 35 17060
3290 64 9971
17995 58 27720
15059 49 29030
16558 76 17966
12801 100 19798
9628 51 19941
18078 8 18106
1594 20 9244
2627 23 12206
9216 55 25872
2519 65 10669
2850 53 12652
2288 11 4320
6697 68 20116
23762 93 28740
7188 13 28183
7727 85 13316
903 91 1458
11155 68 14254
9026 46 22968
15464 24 21841
20592 20 22601
9001 95 18753
5457 91 9869
14373 64 23986
5822 2 21630
2561 48 17926
13419 70 19262
14816 90 29103
2512 41 25534
1931 86 5476
9234 13 22629
11906 79 13184
1346 15 22199
21038 45 21749
1102 17 28623
6046 16 12491
10714 55 20928
9169 47 21270
9563 2 18208
14224 66 18762
10447 8 15179
8924 13 14957
1383 45 1792
23648 53 24288
13895 21 19044
16288 80 18613
9932 17 27258
1069 7 16599
11192 9 16678
2381 35 5414
25374 12 26847
5902 77 27698
44 56 13184
15111 4 18817
945 40 25075
26781 59 29627
19359 51 27606
2182 96 21821
22048 32 25421
53 71 14001
2289 42 12013
9444 83 25754
14459 99 23863
624 32 7939
15067 42 18719
324 91 10909
4781 10 14137
2199 23 3579
2148 21 27106
3729 13 21664
2566 93 13973
3896 45 22733
12714 9 29966
15823 10 22448
22432 25 24568
7070 92 10585
6324 97 21731
16542 69 21432
1194 11 8581
27228 75 28121
10887 74 15080
2358 28 14151
794 51 11947
19534 67 23904
2268 78 7326
10054 57 16359
24724 90 28314
286 9 3745
1318 86 14618
15647 89 24065
1007 84 16046
17801 24 29917
13733 84 29682
1524 42 27551
543 89 17746
23376 93 29863
1235 18 26164
7351 94 17320
1640 15 7620
11046 64 22842
24677 57 28957
309 11 19062
19822 55 25030
3294 54 14720
884 50 14276
9005 37 14784
1004 13 20226
4784 13 22111
10120 39 10390
10793 52 28941
10537 3 14505
2698 9 23661
2335 97 29719
22668 52 29448
14897 67 15591
3211 47 27602
3252 20 5563
2143 71 9493
13024 71 14001
12812 21 27215
1456 63 17442
15799 23 19281
22731 19 27090
16055 42 21339
26703 75 27126
1023 45 11735
4373 15 13511
1489 39 23644
1642 35 21165
20043 9 28744
2228 3 11382
2003 30 21164
14414 57 22046
535 8 13384
1470 73 6310
22545 68 29064
3470 92 19587
17350 14 19463
2703 12 25286
5949 2 27075
420 27 573
1093 76 17868
996 35 11954
8279 9 17540
9478 56 11399
2322 75 21726
239 51 3861
9404 82 29451
27165 97 29728
3011 24 29089
1345 7 27101
20903 40 25233
2268 21 28230
20201 65 24369
15008 99 16517
4554 3 6518
458 28 6909
778 9 21730
5192 31 10873
315 58 966
3857 22 24232
6681 25 23067
412 27 7973
13696 36 13852
6492 8 15850
14231 25 18135
4756 10 25842
7255 25 15008
2296 50 5877
4634 100 12554
26580 78 28481
20871 53 22587
