600
14732 52 18402
5076 31 11070
23745 73 28546
5410 94 24500
4883 88 22642
10591 98 13582
9574 61 14394
14832 58 19646
17318 55 17729
3770 94 21837
6045 98 12442
10689 89 13601
1911 45 12765
12492 92 29500
20868 60 28196
1534 44 10530
18447 59 23413
14379 83 19925
24074 15 26831
3031 96 6262
5305 16 6381
849 44 21709
5881 65 6789
978 9 16935
8029 5 12631
1626 41 23950
6840 9 14095
11085 54 14487
3308 47 10662
6815 94 18267
4574 98 9897
24994 3 27463
4227 5 29452
11711 73 28720
207 77 14556
3560 91 4983
12202 90 24251
19582 95 24897
1606 60 8557
1268 36 10231
13295 41 26474
7442 8 18591
11696 52 26089
16098 38 25982
5491 32 16238
8232 51 9735
5800 20 27078
20960 27 28641
16721 100 27091
9567 83 18050
10691 17 13004
775 10 29765
22935 43 23215
642 3 24518
6821 32 16698
1285 94 25779
12538 44 23685
983 1 1087
12226 12 24980
12 17 2226
370 91 8619
20956 94 27826
27566 39 27837
2454 93 17379
6331 90 29322
195 85 20390
6802 39 8945
16487 43 27876
2453 85 8175
2647 41 10213
7599 18 13552
9961 78 25279
2847 70 7585
19146 42 24119
1979 21 13298
10839 84 26107
11311 77 20076
11390 100 22974
13893 16 18473
7067 65 19811
3454 58 8498
185 56 14624
3177 45 18214
6846 57 22324
3826 40 24799
11635 54 28541
8024 31 9269
1543 41 9980
1643 89 14863
2504 84 16995
3013 21 29936
8023 46 21184
5271 88 22914
21943 59 24751
1462 30 24753
1829 68 4957
12836 90 26712
13532 52 24494
24365 91 26881
22131 43 24639
9955 43 28284
1010 33 12711
4873 29 12309
3155 36 6742
3628 82 20901
4923 7 8841
1893 99 10300
8316 20 9400
14919 5 27682
7828 59 22697
445 24 19140
5544 37 15419
17163 64 25691
15260 45 23266
26434 36 28632
8161 80 14158
23253 45 26078
13118 47 20494
1271 55 13534
7428 18 16422
3811 32 7422
2584 13 23110
4376 83 28981
448 51 18432
11073 13 21207
6187 38 23688
20593 95 25872
1311 55 8755
8575 90 20191
1817 61 2834
1218 3 8516
2426 83 29907
6690 97 13552
706 45 1006
17598 40 28633
6652 3 11456
1912 63 6522
1984 12 3957
1726 77 10149
1822 19 26192
15228 45 20075
1999 16 10786
10006 14 25522
5247 53 14782
373 40 16461
18485 97 19047
7884 96 29383
18734 49 26685
2312 52 6108
2496 92 15385
4278 39 6212
12516 44 28117
8576 13 22233
8284 84 23727
6891 100 9784
2318 24 29896
1702 8 18344
3300 49 18690
420 53 13271
11800 20 18612
24267 32 26272
10531 9 26548
12292 36 15071
626 38 19629
6589 22 11206
5915 1 7458
2100 14 8108
24492 13 26022
2240 45 28204
9793 66 18821
4424 36 25952
1489 8 21503
144 31 2377
17017 57 24708
1014 67 26290
5816 20 9657
14583 85 27746
12969 52 25475
6262 56 22136
4427 47 20934
2520 72 5931
16384 56 19089
21695 24 24236
1803 88 11983
2569 31 27051
902 51 10801
20077 28 28400
1014 68 26717
7588 40 21110
1316 55 26532
12778 60 29553
11393 71 20468
2612 79 25006
249 39 9534
7871 1 26908
823 37 25366
6365 31 15306
2533 48 4577
5570 79 17891
3760 79 11914
4479 55 21427
11970 94 14116
12786 60 24613
11633 9 28251
21209 26 27342
2211 33 13044
5841 50 6195
4468 73 7789
2722 13 16200
27010 42 28805
1929 1 17094
11268 77 18413
3415 90 20739
1274 5 16917
23122 66 26188
756 82 24940
2793 81 11309
397 37 15443
9079 45 13248
14023 68 26632
16315 56 27868
2416 29 4550
12173 4 12228
1730 1 15614
1347 67 22668
8528 73 13668
15824 90 19744
4789 43 28773
10732 54 18674
9495 25 22582
5077 83 15247
360 28 10940
327 30 10409
1784 42 15185
5640 100 13339
9420 53 11950
6748 35 14605
10468 97 11938
4604 40 22196
493 90 15861
9780 57 20395
21 91 21566
392 15 24004
19477 29 29342
23731 73 27446
5456 41 8433
4061 77 5312
10427 42 15324
10778 10 29712
3203 96 22350
15884 97 23211
5874 78 25878
11002 91 15095
7614 68 28263
19165 62 19516
25303 99 27159
736 34 6260
7051 5 10385
2986 26 12922
4005 82 29307
2354 36 2533
16295 65 22054
11695 70 12357
7382 35 22876
14994 47 29435
25075 81 26546
3953 31 21041
5832 91 22437
13488 16 16878
1292 65 27416
8208 99 15421
5813 93 23938
1549 61 4490
18237 30 27461
5923 48 24494
747 27 9269
783 44 19182
19109 12 25807
2559 47 14171
10279 17 10542
657 43 19925
718 30 17657
3567 86 21211
15499 61 21382
812 47 26572
15016 6 29534
136 80 16509
11572 63 14280
2574 1 4206
491 27 7218
5672 63 7415
1083 46 22147
1053 3 25473
2000 41 3988
13992 35 20166
1701 1 2233
1984 7 24583
4402 37 14296
9868 24 20020
5041 89 21583
100 32 20815
1010 53 7456
1055 24 12210
1300 9 21619
13718 69 21294
19426 82 24670
5444 17 27958
12182 16 20122
5404 20 22566
9954 67 11834
2612 21 11013
18619 12 19034
8205 23 13661
1763 65 11635
4578 74 26194
1199 25 22268
2598 60 7217
1410 40 8678
19656 57 20761
12632 9 17935
2706 4 21441
21924 37 23031
832 40 9638
1423 95 2068
4224 7 6366
1510 11 1981
14313 79 26092
7138 30 15127
12773 60 23810
2095 95 24555
4884 86 21585
12515 38 21483
13777 10 14607
23362 93 24126
25309 49 29411
1752 42 23737
1928 93 5147
6348 66 12428
19297 85 28575
475 34 25348
3732 18 11747
8658 31 27398
22055 37 24829
6234 8 27900
90 81 15008
2679 11 22324
662 60 26796
8729 94 25359
11995 54 26067
5934 41 16551
456 92 1747
16292 10 28637
4485 26 20449
10853 38 22836
4931 66 21907
11241 77 22532
22627 81 29632
9465 45 22447
13624 38 26246
1028 100 26424
25090 31 25963
8074 26 25854
11713 41 18832
1378 30 14819
23023 62 29040
2659 66 28288
858 36 10053
190 91 26707
14784 52 19676
6932 40 24429
5476 81 29242
3415 74 28033
2766 89 11754
12549 50 15520
15718 98 19403
1534 70 3156
2585 33 6610
6098 12 25128
4910 51 23226
12734 12 18671
8270 50 19510
17643 86 19089
5068 33 29115
6137 47 19454
13728 5 25883
2244 56 20359
2273 4 5206
511 27 19498
1259 77 2429
10016 2 13059
4328 29 25226
22697 78 26367
2350 13 18211
6318 58 19045
15579 53 29177
7737 96 19531
6347 51 19929
2376 74 26217
23403 33 28079
4279 16 10032
17028 7 25842
872 2 22610
2457 15 28102
22612 67 29964
2622 32 19487
1768 80 2242
10344 8 28683
13885 41 27269
14027 31 15350
15205 88 19984
17074 10 18258
18102 22 25046
305 24 21454
23128 31 29787
4457 20 19409
1686 81 7491
810 5 17065
2286 66 25201
7664 20 22964
352 48 12240
15802 93 27764
3660 12 17257
13130 30 25711
15875 65 21669
2316 2 9139
5363 11 29775
6542 3 22918
15624 52 21701
10606 97 29801
18403 7 23004
2206 17 8058
12612 14 26385
9298 95 24486
1401 55 11550
1853 96 2232
3020 75 29630
18857 14 24701
327 27 6076
11562 65 23936
10211 97 17799
24855 30 27348
14781 14 25971
19985 89 20661
8140 58 12977
271 4 8979
694 20 2535
6164 63 19375
16635 72 24744
8698 44 12115
18361 3 19015
12692 80 29863
11470 92 15139
10408 17 25515
9280 4 21453
20178 52 21015
10151 6 22463
19556 50 24065
19843 65 21294
558 47 21144
16526 97 29869
14654 3 27361
1522 11 28278
8057 90 13871
4584 97 26442
2341 94 15143
457 93 21602
4167 5 12106
2306 71 21087
3692 30 9617
3676 55 17925
5962 52 23335
14161 98 21956
7514 100 26653
834 22 23931
7016 77 12090
729 13 10352
4089 1 17261
1409 67 23779
27330 13 27891
3896 36 14670
1233 70 7854
6306 99 22983
15382 57 28763
14428 28 21934
21869 61 29348
6934 98 24961
193 82 22272
9087 30 20692
1829 27 6626
2306 24 14973
605 81 14790
1847 54 5742
5007 85 26677
18726 99 22316
1967 3 20668
3815 48 10253
24121 32 29432
13240 47 28364
6493 30 14182
13657 76 27292
25423 47 29881
2560 80 19282
18657 90 21344
9936 72 10772
17070 50 27737
6870 49 12023
17443 48 27663
9769 84 27079
23125 13 26023
6039 43 29636
2562 46 20915
14224 75 16513
493 65 17176
7686 42 17619
936 22 28704
1320 4 5627
2129 88 11257
2760 56 17379
3801 57 6184
2770 8 6371
1608 80 16784
2969 49 20589
9790 77 24690
4969 16 8011
3919 61 19275
1509 18 7264
10495 64 21675
28674 42 29486
1470 2 17461
9446 42 11126
19346 91 21555
646 56 6024
3090 67 22184
2551 70 14001
12243 38 28218
20033 23 25543
2338 37 12601
716 93 29172
4727 43 16137
10153 71 29201
11105 86 24113
1230 17 15744
4168 69 12946
3481 70 16788
2619 55 9931
12496 62 15036
9386 29 15483
11773 91 28345
6117 89 9425
10409 35 18361
2349 45 5922
12868 14 21956
12167 66 17543
273 30 23746
6638 9 22797
10960 16 19818
1891 84 25246
2605 37 10680
19860 14 24759
7289 9 26075
11371 83 14487
18681 7 25934
13223 10 25266
5549 1 14885
12174 84 29404
23219 60 27095
11608 41 22515
4706 51 29021
28509 26 28628
9304 98 23420
1034 16 12794
6484 80 8129
11633 62 27540
3001 36 14095
3352 43 17164
19453 52 28646
4504 23 24424
495 65 10654
13160 4 19558
38 2 6334
3697 67 7117
11278 46 22749
12062 62 15612
8066 23 23377
259 82 21345
19652 23 28200
8859 26 28916
13856 13 17708
19 79 5649
11277 69 18169
3158 58 22352
4205 1 24565
20339 31 23661
9929 9 16950
1848 1 17321
2324 7 12184
12755 68 22801
19288 41 20765
7957 29 24328
16326 81 21144
