600
10257 6 21180
2757 82 23022
25991 44 27900
19454 43 23526
20184 25 22315
7491 64 11153
11788 81 29129
12768 93 26403
103 89 24047
8502 94 14137
2110 86 3141
6062 63 14561
2288 95 5881
759 70 4283
25031 89 26541
1164 13 26804
1263 34 1884
25005 3 26611
8872 96 23706
24295 94 29174
7788 44 16372
10074 68 24208
8127 2 15991
6676 31 19148
215 58 5819
1366 79 25516
19916 28 26505
20953 86 26490
16526 47 24607
3534 54 15709
20360 70 24758
3804 12 16064
1754 99 12407
21753 54 26405
2280 24 23392
1464 50 15782
404 3 16391
765 51 13438
2134 64 29016
5877 75 19392
16016 74 17918
157 19 1718
6457 57 22931
18705 45 25814
6442 20 9478
21429 87 28624
14262 74 29567
773 16 19482
18700 43 25290
2509 80 21212
26789 81 29585
2065 6 11786
9015 50 13885
6159 78 15770
20624 52 25028
2483 49 3768
4985 26 27125
8939 91 28301
2429 32 20215
10862 34 26649
1277 56 29449
6771 13 26040
10282 68 17083
3552 49 17107
3543 54 29219
9797 34 28015
4555 33 26982
23424 59 27919
8734 36 19922
5634 95 9809
17053 18 27852
8548 95 26639
7827 28 13515
5665 71 7033
667 57 28249
7405 10 28499
23261 61 24422
6798 87 8250
1448 8 2239
2458 95 6153
2634 29 7867
15451 11 19325
9869 71 12650
20156 81 29773
929 30 28657
14583 71 17306
16561 27 27162
5610 23 14220
18900 68 24312
28181 87 29808
13916 55 28297
23338 60 23920
276 93 28227
24621 74 29016
642 36 27482
2856 99 6804
9512 85 23591
2388 80 7602
14311 47 18295
13444 69 22044
179 87 12046
51 49 12898
5209 61 25455
1694 50 18563
23385 98 24303
2464 50 19382
190 4 12038
2771 76 17199
2624 66 7026
14764 90 18480
6971 91 17236
20066 80 27910
1382 66 8800
12024 4 20477
8529 23 23193
6293 10 11384
1601 46 16420
11094 49 23432
7307 46 10436
8047 62 11025
4609 99 12380
15940 78 18009
561 16 2132
25118 43 29963
2235 38 20254
919 62 1497
21267 85 28195
7266 60 7426
6808 37 11824
10109 11 29743
5053 12 10437
11419 84 16590
15605 100 29551
6945 87 28174
7617 60 27157
3971 31 4972
5990 72 9030
10269 17 22551
403 72 20003
22133 23 25729
7527 1 23921
6812 60 12655
731 4 20288
3491 10 25854
2220 17 15673
11830 2 19008
2525 60 18016
11312 44 14187
8871 21 17912
10125 19 23498
7522 81 26717
1377 39 13993
17970 22 27965
9968 67 14409
6222 77 15568
8821 97 29850
13557 73 28252
362 65 5145
1873 98 27507
16336 63 25430
35 61 29974
3449 31 9630
731 87 2574
12185 73 26676
20060 89 29339
9711 26 14182
19730 8 26530
6675 27 16733
14187 10 19631
5949 94 11769
13224 17 15178
8137 65 14460
5788 97 15817
9282 11 25819
16894 3 28409
3804 34 9295
2729 21 9968
7168 47 15480
11315 30 11968
953 30 16682
2677 2 27489
1165 69 17221
1780 34 19055
1794 93 5142
1550 9 10117
10130 67 29447
6772 74 26203
1669 44 26999
15587 26 18397
26515 83 28861
1029 39 16121
2246 10 12131
6911 6 11803
14678 97 27175
9350 86 24554
2211 13 11851
16585 93 17470
10618 14 28329
12863 14 14401
10835 80 19258
18568 70 25749
12617 33 16893
8097 75 14726
8356 35 15259
3949 11 23169
2108 52 18508
155 38 29263
9783 8 23018
2451 74 21291
11760 80 16778
5956 27 12846
47 49 15412
61 79 27878
16972 42 23001
17500 11 24097
18526 36 27751
421 30 2184
12248 55 15981
13691 60 25772
5300 4 15135
5060 8 9904
14931 63 21890
787 8 11169
24299 69 26347
330 35 3399
1040 2 2293
15280 58 26352
15175 2 29434
19852 75 22445
1697 38 28893
10111 97 25206
1945 93 17592
12657 14 15173
23058 59 25658
14605 3 18727
1509 75 13652
26423 50 27198
2184 48 29780
2603 41 3451
7063 8 8370
15530 96 24017
3551 26 21130
6481 51 13816
9181 6 25170
13438 90 22918
13313 29 26924
6889 95 7150
19618 60 27629
10685 2 26886
6577 14 22560
3121 79 24678
22511 19 24656
11315 12 15883
7536 90 25146
14175 7 25101
12109 80 22310
14483 89 26235
820 93 915
9247 74 25687
27929 24 29926
816 31 9785
7888 33 13061
8471 83 24658
8804 52 18348
5085 90 22998
9047 5 25463
1637 62 2140
19151 87 26437
4874 22 23665
3167 25 18425
13796 15 22015
4839 31 27441
8744 41 15589
2027 26 21951
15847 29 16296
4690 27 8644
14151 91 18535
6252 12 26498
5478 72 20420
12309 88 20947
1225 93 6578
442 94 4959
13648 81 23697
12208 26 15687
10129 42 24497
14211 60 20429
4249 33 13637
1894 25 2604
1457 40 10173
18344 75 19605
19970 50 24176
3074 79 17401
6331 55 22576
7279 78 22976
717 99 15122
7501 61 17497
7396 6 16327
11472 49 24178
2425 13 21755
5549 95 15880
19845 35 26994
24849 15 29227
26133 5 26979
8837 19 25878
13530 9 15237
12255 94 18630
4007 83 27719
5678 97 7355
24609 72 25899
19411 83 19863
4356 43 5393
2633 61 28146
2056 11 24882
177 30 12384
6581 52 17867
2746 24 28902
9760 96 29943
894 73 23253
29013 39 29877
3831 86 11245
4905 25 6932
8200 90 24381
2659 19 3029
2577 16 26172
9152 86 19918
846 53 21550
20955 96 28335
203 32 20156
744 68 12482
629 94 7109
28553 12 29207
11281 83 22220
9729 9 18036
23826 47 26737
24486 7 29186
2665 1 26937
11475 69 20869
2273 77 26449
12678 38 26928
7853 90 16499
6909 97 28873
7105 35 12625
22645 48 26364
879 93 1721
24646 52 27448
1711 9 29594
13098 31 18027
10982 15 17110
15081 48 25566
409 1 6029
1959 50 9640
8598 59 9912
2697 67 19032
11781 33 29072
1133 98 24964
1878 94 10613
147 14 7832
22128 15 23802
6178 16 8143
385 66 14114
18668 83 24062
4789 37 18652
4306 32 24314
2989 86 11780
4780 53 23929
1046 22 2395
1578 84 2483
3047 72 16953
1231 96 14442
20547 9 29963
2054 24 2139
703 98 1639
6909 97 14678
8494 3 25337
13062 21 13710
16308 61 19643
509 58 2378
11922 10 25916
7847 85 20089
752 45 3494
19477 96 29219
9222 90 29649
2688 72 5463
3504 37 23313
4551 82 13615
24182 29 27824
20608 3 25775
5655 53 14071
11613 97 25665
3892 65 8667
22192 66 25746
19937 70 25460
12860 89 16599
2258 58 20385
11649 45 18499
3153 65 15067
2042 91 9689
13298 97 28143
24928 67 28449
16698 58 27788
13928 76 16092
13006 46 17623
4868 94 20963
10781 33 26197
6590 87 10782
17670 13 20301
1156 63 22695
8812 48 11669
1660 21 1881
20620 30 21293
4453 18 18551
28540 85 29346
1688 36 2375
7349 47 22586
341 25 19460
3108 11 6858
689 74 892
1863 58 20548
4932 76 6434
4416 72 17804
1556 88 4480
3164 62 18636
28323 64 29267
11459 25 20873
5438 13 10743
6620 69 10757
12876 53 23302
14445 55 21385
20059 5 21419
5947 6 17561
13734 19 29859
15515 38 25338
20820 60 23777
15927 8 24227
10425 16 22117
8659 40 8814
23206 99 25045
11178 9 24339
3753 39 7787
5653 29 26681
1479 85 17831
2656 72 5437
26063 95 27051
10982 24 18228
10988 4 21567
18001 20 29204
17255 60 26795
20148 5 29684
326 7 28084
12611 7 18451
11796 3 16199
2170 29 24136
17497 25 23109
107 23 21689
11622 12 27038
25449 8 26376
5661 94 15839
4947 1 12025
13 7 22082
27161 13 27566
2666 73 15160
20254 4 27178
25288 95 26299
734 68 27119
19346 97 22160
19035 20 28569
13102 56 24842
15267 58 26140
464 37 9899
710 19 27755
12325 10 27840
17197 74 23473
19454 39 21287
1412 36 24121
2569 80 7504
1349 58 4882
11044 83 22125
372 38 18590
13766 50 29622
7621 82 23563
11987 13 26898
5044 63 28139
2382 2 9714
1311 30 15883
5287 8 8993
7366 69 24889
2355 63 18693
18922 95 27444
8606 89 11824
10859 86 27694
920 65 26440
6708 30 21193
16441 84 19608
2789 1 16060
779 50 27969
10953 6 12610
12724 22 18914
2291 23 9581
5706 68 21826
2880 32 4362
17090 61 26826
874 26 1184
11421 65 20587
1340 91 25063
13287 2 28583
15649 11 26107
3230 64 16507
7570 40 12964
6948 78 20196
2734 96 11450
21 49 1243
1262 79 26928
14906 75 24109
10424 88 13280
6851 72 27474
3126 6 15625
1770 5 20521
1446 8 23957
3985 65 25030
8626 22 23392
22994 33 25582
449 40 2684
10784 89 15067
5793 73 10804
1992 8 6066
3269 57 16750
6984 19 21564
6336 45 23835
3575 73 5075
2546 4 22652
16037 32 25256
9522 45 13798
15190 7 29247
22302 58 25512
9001 71 28967
9551 7 13252
7237 86 7937
230 70 11500
7551 48 28376
6266 68 7353
499 1 1421
577 25 15353
2343 49 7175
9082 37 19599
2201 79 7174
1662 16 13425
2969 23 11970
12602 69 21522
5586 36 22681
4989 59 5493
5881 68 16694
3666 85 16450
7057 44 29624
3504 65 22585
5024 11 25073
11586 16 16611
16393 48 21079
10777 30 20701
12928 24 13844
7538 87 17645
1621 50 13890
12397 50 18118
11272 36 16133
10028 34 14782
19539 3 21822
233 64 22826
15460 19 28515
827 21 21586
2256 14 23916
20576 19 27008
230 23 3113
219 38 16000
4594 5 13397
2307 55 10853
2560 61 14840
7484 63 23971
17205 74 22572
12196 12 15020
1372 69 4057
6253 3 17719
3089 15 5541
14409 54 25727
22629 11 25077
14077 86 20920
8336 53 17845
2607 48 2835
5544 40 23301
5521 82 15286
5774 64 8865
9308 78 22244
19156 69 23757
3340 23 23097
13109 4 24395
5776 81 17168
18882 78 20486
2351 60 28669
7112 21 8864
7595 95 22750
28119 65 29836
11502 56 25689
