600
9320 75 24847
12512 6 24004
6014 45 10985
1511 49 24081
666 37 18383
13148 80 22237
628 2 1895
1571 72 5673
4246 61 8558
8200 71 11027
15568 46 22760
11430 48 26686
3545 83 11568
19240 2 19408
21173 30 21582
15510 61 17377
1663 78 28380
5102 14 13934
10043 61 29682
8211 49 29160
680 90 9806
2853 65 5913
10459 19 28389
668 84 10341
2934 31 16506
8931 69 10106
18847 10 24572
5522 65 10824
11305 2 11781
1140 86 8670
24579 48 27798
11033 15 14928
20172 64 29197
910 2 26487
12265 20 17045
15178 14 29896
6425 18 7815
23960 49 24756
5526 48 22928
28 17 26753
13380 79 17089
25728 42 26825
20583 64 25841
12955 62 29870
708 57 17607
16677 28 17115
25242 84 26448
1442 87 24701
9285 71 15533
21305 48 22921
6739 23 16227
4878 71 26370
10473 70 23214
2185 28 3957
9375 21 12307
17407 46 28923
4154 53 20442
4788 71 19660
21565 56 29855
7333 46 19624
16446 96 27950
26817 38 28389
1906 80 15559
10510 27 10893
1180 1 11822
7661 71 11667
19905 29 21331
18876 56 24112
1810 96 4827
6681 62 11370
2355 24 17091
7199 54 24321
2070 32 21568
64 54 20450
360 47 19663
7288 44 12344
1737 73 22852
20000 38 24245
7340 28 9617
3538 36 11592
3379 1 26543
10675 32 11051
7943 36 24968
2312 94 21446
491 5 28992
11944 28 18874
11790 33 22109
566 2 14160
10743 6 23770
8275 9 13863
24640 17 29192
13993 3 18319
18623 15 24325
1741 20 23770
162 12 8007
5799 32 22766
1468 66 19880
1246 79 7375
5893 72 18513
13528 85 20474
9524 56 13410
8149 73 21724
245 61 29175
13207 85 27717
682 58 24204
1596 21 27207
505 23 1526
8090 71 14569
6791 81 10234
3500 89 29876
19615 22 19730
2237 75 2623
7833 41 26289
19093 79 23313
7570 16 17789
10115 52 11294
15492 7 19412
5780 73 6881
3062 43 20677
139 68 15506
7110 36 19719
3882 75 4694
5850 58 12770
15150 8 22498
8296 31 25744
485 30 6710
20270 49 23637
10559 74 15268
2340 70 19134
1431 35 9144
908 6 26504
9656 93 27895
7043 58 9480
15007 47 17978
16102 12 22773
2248 91 7462
18846 86 26105
16385 39 19640
1726 100 24933
1272 96 15411
6382 83 15748
14453 50 15459
205 94 3123
3995 18 29072
1851 29 2427
1833 21 8390
2497 33 4694
7991 8 9774
22126 72 22758
11633 75 14898
6917 14 28984
9750 85 17793
17198 24 29120
6143 42 21904
2523 3 21402
702 22 25203
18436 69 29550
10288 37 14792
6145 13 29082
8649 9 13920
13611 93 25537
1813 29 10154
13684 55 14279
4308 31 18590
22587 91 22821
1993 5 18277
8057 21 12728
777 68 1895
1563 4 17617
17042 22 23654
6513 15 10338
6878 71 17583
979 55 3227
22456 18 22739
3181 87 4266
8283 76 17638
7487 88 10609
23127 16 28188
29109 53 29395
5307 69 10861
3492 78 5179
7619 65 15176
15421 90 23635
1981 99 3734
9684 2 25905
11202 45 19623
1479 99 9553
11810 47 29879
2717 41 3294
26276 55 27341
6409 30 20761
20688 70 26130
5878 97 11323
3132 52 5319
2486 3 13049
18798 7 23094
7448 96 25237
20823 12 20929
1337 28 24181
12368 7 16143
3141 44 13287
17849 28 25080
18509 75 22273
10377 1 18163
4097 94 21861
1620 83 12611
13529 11 26903
8625 93 14555
4293 43 16716
16532 18 17687
7334 63 21184
27068 55 28281
24763 11 28124
185 20 2155
8974 57 24714
21193 44 22024
7545 59 18486
4224 93 10208
104 61 25645
3850 98 23978
8593 8 21939
1185 96 1458
321 18 24609
3936 58 24169
1183 60 20830
600 53 5379
670 85 4071
1362 2 18007
5793 70 11218
3257 30 12638
7402 34 28800
2077 5 29936
1003 9 3573
29360 23 29511
13352 85 28084
10284 76 20061
9484 29 23018
9931 57 14382
2389 8 19229
2017 33 3438
4081 91 19948
3950 40 4588
1936 36 8823
21474 5 26129
6606 88 17534
15588 99 29323
4835 26 5053
13912 26 28376
3896 4 12819
3735 90 27942
20415 4 24823
2188 79 22205
6591 22 18080
3933 88 10128
14494 89 27833
12794 61 18832
6843 72 13505
2496 10 24782
1632 51 27746
8013 5 17673
13505 5 19057
4464 1 12983
88 55 16620
6931 50 20195
19155 73 19338
544 17 2404
989 36 7438
17919 78 24562
10400 54 12819
4168 2 28488
4760 46 26030
6993 24 17018
75 33 27936
2646 22 22125
12000 90 20235
5829 43 9083
1730 71 18737
6809 96 17872
5367 7 10063
2533 29 14369
10328 44 13139
1029 41 8333
412 100 2288
20459 61 28697
954 68 1954
3108 31 25061
10386 66 25054
12241 31 26722
3600 32 18366
7039 78 16550
9514 28 11536
12275 2 20531
1030 41 23712
471 75 6480
17681 54 26676
5515 43 21654
1512 26 12908
2515 100 14629
23227 63 27718
4563 66 9698
4042 12 8454
1539 57 25323
699 81 26134
2432 41 4119
16674 9 27756
2702 69 15738
16822 32 23896
3538 53 20142
11675 59 19758
3446 23 11709
8957 20 9356
2084 50 13181
1339 42 2795
4032 18 18121
2626 33 5392
1045 30 15688
2516 28 4584
2271 79 27726
10932 56 23909
188 17 2913
7247 60 28126
3390 87 14502
11107 44 15716
20447 76 28062
6894 90 14819
17042 21 20744
3079 8 26463
758 94 7468
709 19 21039
6553 65 9297
1091 3 2124
15267 9 28503
2521 30 5625
47 25 2420
67 89 3281
12411 34 28193
1176 95 23809
938 4 9067
2084 95 18645
12835 62 19014
5114 26 16195
7478 84 28596
614 29 16405
2357 43 10267
15140 3 19334
4755 53 22746
2565 98 21437
8213 86 28712
5413 2 20233
2810 22 12439
22178 96 27543
18085 52 27335
25131 99 26825
1795 53 3709
285 60 29015
14551 46 21767
2360 47 3593
2272 80 10084
22433 20 25318
18713 58 29836
2305 44 14642
5612 14 24144
141 77 17910
1797 70 24018
6639 77 19730
11964 23 25710
505 50 22570
12139 40 14645
8350 19 19199
16619 92 19391
13318 92 21881
23577 61 28830
2042 13 16401
5455 25 29280
346 45 5053
11751 83 23406
15332 72 21092
5247 14 6724
19109 43 26228
18767 38 22516
4549 60 8833
5687 53 20121
13559 49 21206
9619 10 19093
3280 90 20746
4783 48 6233
17371 5 22801
68 14 7732
2470 5 6234
269 8 8700
2279 81 18564
8635 56 24352
8250 39 26530
335 27 19077
1962 57 27373
357 97 11032
13568 46 18660
768 66 15518
735 85 9095
7966 83 9284
23645 66 24356
19017 50 26391
9731 77 23267
156 14 23181
13931 94 25370
4380 28 26833
7125 22 21506
1021 6 15209
1325 16 29679
22277 45 28511
24641 41 29549
3080 49 15916
4796 8 11780
12299 90 24753
27329 70 29846
7581 35 16524
4628 86 16878
9150 90 18994
7154 36 17300
3488 36 21278
20377 18 23633
17346 3 28690
18914 77 26657
17280 11 19343
3141 41 5150
277 8 27202
4081 49 21819
1445 75 13593
6792 63 12510
477 66 1920
13821 56 22164
5724 32 9411
1758 87 26413
9578 46 26123
20648 55 24524
242 88 18142
19557 20 19945
10491 75 27883
757 6 22701
24742 86 28787
5813 12 17498
632 52 4980
16809 46 21697
256 54 15281
20031 51 28598
24703 34 25659
4547 76 27399
12471 41 19404
5388 11 16634
21761 39 24881
10516 26 12135
6736 4 9010
4496 40 16058
14990 59 27092
215 16 8153
5483 82 27919
1922 86 16525
11363 78 17814
3288 51 27582
2449 43 27439
2129 18 25106
24226 78 24310
14070 47 20377
6061 24 28612
7307 52 25064
2449 71 24215
14885 66 27761
6620 66 12432
5003 20 26204
2468 78 18064
19146 38 27687
1711 75 24061
12090 50 18544
5110 18 18314
13696 43 22965
9719 25 22758
16893 30 22405
2221 74 3575
7007 91 20053
14015 4 23030
11382 71 28811
6710 18 19356
21104 76 25298
27253 75 28289
10701 38 14438
2231 77 24286
1352 80 21836
188 13 2692
9838 63 20652
4615 33 8656
1721 16 9933
3686 45 13640
20879 1 24503
10866 88 12939
2779 30 13870
674 86 4507
10517 56 11201
10473 33 27546
2515 68 19378
2518 18 4830
4674 70 17248
6730 58 14433
13924 53 26045
3060 5 18048
570 23 8107
15105 86 20563
3393 46 21650
11676 8 28436
17091 17 20314
7830 93 16345
749 91 19802
3664 99 29113
2496 86 17421
1588 85 10442
22662 29 26081
279 45 12656
6615 3 15837
6078 51 27390
1514 39 21317
6385 86 21872
3558 60 14709
4340 73 15607
18045 79 22931
497 19 21031
2610 9 14090
2142 94 26003
24609 93 27467
2650 70 9117
2267 48 11613
1470 32 11589
852 13 20011
5106 7 24883
1998 32 4633
2647 69 29702
5811 83 12364
138 61 19912
1022 39 18551
125 2 18045
3142 70 18241
10137 37 29859
1986 53 4394
26933 42 29595
1063 34 15216
687 53 1551
6678 77 8869
21836 96 26417
1729 7 25354
27619 92 29247
6419 88 6876
7877 4 18472
12193 88 24131
7714 77 12706
582 43 14447
1892 64 4225
1257 7 19698
16031 88 24452
860 96 26468
3136 78 3967
2429 22 23689
7146 24 7643
10370 83 17421
10300 37 21701
7330 56 22966
18535 100 27774
2647 84 29892
23774 27 28533
6712 72 8676
10439 3 14423
11157 65 28281
241 54 20160
24859 94 29460
17351 67 21539
20314 15 28674
8061 22 28114
4160 26 12893
624 83 20503
15747 15 26117
24523 47 26172
2544 11 8677
26858 2 29364
1859 5 12048
13470 31 23933
1480 21 7943
15782 8 24447
2018 59 24901
3119 86 23215
7935 51 25865
7966 6 15623
11494 45 28666
6884 14 20195
12273 7 27066
9 29 2286
16250 10 24706
9558 59 23217
15353 30 21521
6272 70 29576
5077 15 19369
14758 33 23497
11602 81 25631
3985 37 27317
