600
17123 16 23578
7347 7 26984
336 16 900
2036 34 14171
2805 7 15286
2121 98 14374
321 42 7223
15375 20 25911
8949 12 12429
17977 25 20414
7797 14 10767
15635 18 26584
5124 76 8145
13070 65 26483
17153 72 25255
15015 18 29008
9169 48 21609
22395 80 24497
21577 99 25496
8539 36 12856
5150 98 16881
29057 64 29293
2110 32 6205
23096 39 25022
4812 99 23774
10730 58 26087
18702 99 29059
18104 80 27684
833 44 1606
7251 40 26993
1073 15 23286
3908 47 10359
4866 42 6291
25485 28 26084
2114 45 22163
2447 81 29847
2098 9 7542
1881 30 7891
14336 57 17987
9698 74 10762
1396 94 2784
1519 74 17464
2771 88 25946
28944 93 29486
1230 18 20965
844 21 23317
12987 90 19483
11621 65 26962
1066 51 21796
10228 73 24153
6817 24 10557
15664 95 24562
19359 87 24199
5560 70 13959
11607 81 24678
2762 65 13350
16066 40 28914
2651 25 13712
7441 72 11719
22178 16 27133
2841 75 25016
2326 3 16126
20180 9 22891
205 81 14559
3725 63 13311
1466 92 11261
23970 53 24298
1275 59 15591
10442 64 27011
20401 42 24828
2119 85 13489
1799 74 24990
11760 29 22122
592 21 18089
12039 80 20972
23387 64 25573
8003 1 9501
12482 26 24161
20800 84 23856
551 62 9671
16616 19 26527
22514 43 25653
16989 71 19554
16047 3 29930
11010 44 18672
1419 48 17263
7575 26 26424
7091 33 23816
17754 41 23439
2252 17 14823
6192 34 11354
3340 21 13446
1311 19 5283
1204 75 22762
12367 17 20418
8514 13 29726
16358 44 29876
26091 66 29814
351 89 3833
26440 59 27069
2399 1 7916
838 32 9092
22733 86 27100
5065 64 10482
10239 10 16033
25811 15 29609
20376 8 28235
13670 10 29069
170 76 23175
5380 40 13308
20073 52 26213
2425 71 8930
1821 49 19993
10280 64 25572
1017 9 12686
119 32 23566
4534 97 7612
7472 45 9821
15422 77 17284
1855 20 6260
3584 41 23849
13793 6 28934
13988 9 22149
88 28 14561
4216 53 13953
9322 90 26998
410 74 14977
1894 16 6312
1748 28 22508
8539 4 26083
2390 50 11663
18355 2 21313
5141 67 18120
24089 30 29866
69 28 16317
9449 86 17020
22538 25 26196
3360 61 24610
2157 43 14398
2940 32 6001
7658 87 7821
126 94 3499
7770 17 15695
15682 20 28730
9083 58 11103
22687 82 29631
2678 26 18354
20898 92 21599
147 32 16833
26735 73 27188
2497 53 15824
4961 99 16829
321 87 9315
2307 84 13372
6591 26 11857
934 72 10754
99 31 24051
8838 18 26844
2761 48 11298
5733 6 8955
272 12 11452
92 7 26788
24827 89 27782
3557 6 17480
1465 40 24028
13150 65 16776
7549 33 21463
1860 100 27932
10591 46 21577
2290 69 3084
13637 15 25475
1505 92 1652
22466 39 29436
11333 56 14623
598 84 750
10890 23 14289
2646 37 17937
24043 69 28758
32 98 13170
6557 51 27934
4668 13 22009
20029 12 28321
4008 7 15021
2235 17 26559
5052 22 5699
24060 69 28055
16343 75 29609
474 22 1406
10194 26 21985
5745 9 14353
13991 97 17789
5770 63 25019
1152 15 17701
4489 44 11370
1752 8 14907
19617 48 22580
784 82 4369
5695 71 14506
1810 7 20185
290 88 647
15907 81 24007
22644 1 27588
16573 67 26165
2228 93 27111
2695 12 13045
13330 57 29121
8539 35 28352
667 57 13046
4276 99 16465
6197 2 9056
20070 73 23521
1650 89 20854
862 90 28284
4196 72 23703
12677 74 24613
8823 85 28272
18472 85 22851
1953 62 20938
7638 64 17974
1696 67 7705
4952 49 9597
11388 20 24662
6228 8 8969
5289 68 12689
13670 30 20653
281 69 13176
19 31 853
2470 66 18390
17398 95 17809
5081 96 20811
15857 78 20755
1005 33 15743
18386 37 20791
19779 12 25278
8422 18 27444
7788 62 19871
576 83 29647
2008 57 21463
4 16 28395
5864 11 16070
4901 85 24633
6129 33 11726
6553 96 14848
7210 91 8241
775 69 27667
15683 56 18925
7756 68 28621
11202 10 19158
13935 86 16435
2753 3 10258
3332 17 18083
14536 17 18105
7791 39 26056
23569 30 24256
61 71 17313
16485 64 17896
13169 26 23435
3492 76 8376
1276 3 28344
1217 100 16720
5875 9 29454
517 31 19921
23730 77 28589
2006 56 12638
14252 59 18502
7702 26 13675
3873 46 25145
1722 35 15784
1052 68 6680
25123 16 27851
21212 90 28435
16173 17 28169
1810 41 5249
1174 93 11166
6641 44 7985
2183 80 21148
1434 29 17605
16161 33 29263
7655 19 20740
14 91 16234
7038 82 24514
4465 35 24233
13614 10 23739
2389 76 2586
1663 65 14784
4330 68 4483
6691 52 27718
474 85 7402
9104 28 10134
11185 66 13089
2247 6 18530
97 67 4412
1747 17 5167
1633 10 6837
4004 55 28941
3148 44 5480
535 2 5971
15697 57 24618
1262 36 8160
5182 31 6668
1254 1 25190
9001 50 21798
216 59 5049
19199 29 26540
4665 20 5674
4933 36 28156
13990 5 17177
4276 30 7449
22091 22 27943
1219 63 19568
4943 82 5435
13719 1 28708
1843 50 29812
14675 40 20660
2460 26 5497
3316 20 19303
1485 36 12042
18879 53 20285
5473 9 28963
20554 74 21511
23185 14 28337
2213 82 27828
609 80 3344
16885 52 25549
10207 32 11973
6224 80 14022
207 81 19356
13700 7 27100
11758 24 16420
8475 59 29248
3254 2 13652
1946 76 19265
10605 35 26315
5749 24 15372
5914 51 6574
7532 60 28422
3747 52 13189
207 50 27334
8149 25 19539
10403 78 21270
15337 83 22568
5876 55 24181
19560 80 23312
20803 85 28291
1216 28 4980
13400 73 26619
16353 12 16767
5711 16 14804
1501 93 2653
2294 95 17947
11575 10 18874
11124 71 28097
531 95 20120
20696 75 27141
1094 15 27710
1534 39 13002
1954 41 22153
1309 21 17801
7053 18 21247
12512 74 18406
14975 12 29748
478 25 1935
5616 76 16019
1509 31 29830
16474 28 28173
7147 92 25927
19795 89 26245
26355 47 26959
8810 81 17225
16771 59 25348
11230 10 25611
12194 89 25610
9119 76 11104
1010 71 8132
1690 43 20705
2516 17 7389
10150 52 18065
9895 6 27101
24478 65 29599
4466 70 11694
23702 58 28071
1590 86 11800
6373 83 25530
10663 49 12021
12373 94 24341
17871 6 28385
2006 91 23551
2214 17 22574
18978 29 24897
6932 84 25887
8333 88 17798
11245 37 20886
2891 19 20246
24291 72 27210
6607 5 11858
2283 54 23354
4595 25 12862
5817 13 25516
10867 61 20498
7489 18 27794
6644 98 12931
257 65 27361
17870 53 21638
661 14 10840
5532 5 17279
17633 71 22302
8017 47 17922
2393 51 21965
18339 37 24881
2848 12 5720
9006 3 19296
17165 62 19248
1902 99 28701
2888 21 14345
8115 26 17992
3070 31 17225
933 8 15768
1469 38 13157
7173 79 15197
15046 32 28985
1188 37 1750
4241 59 4829
15928 49 20294
12041 95 27041
1278 20 11964
3127 91 14326
36 87 6068
5954 10 27071
8860 24 23693
587 76 1518
1133 3 8548
1196 80 1464
5995 49 13455
4201 53 28052
23219 28 23265
13877 6 17085
4773 60 11160
1254 28 9926
2331 74 21266
6065 43 18983
3448 41 12054
21723 34 23768
4579 73 13729
9852 57 12386
3263 35 20504
15610 8 16660
6217 49 19269
5005 20 5701
6738 55 14031
17220 95 25839
7505 21 28194
1958 30 22487
4537 95 22442
267 85 19020
8075 30 25406
4095 96 18363
10529 87 17976
805 27 7799
14251 47 23945
316 83 16586
5073 54 15074
1970 86 22500
4782 72 10797
904 45 12550
11027 86 25488
4895 86 8356
14329 71 19893
17194 53 19914
1689 87 15001
18744 53 26942
642 52 12401
2848 91 3096
6222 65 26106
16040 34 22576
4687 90 11528
1999 20 17927
22455 81 22892
824 99 23828
6455 9 28614
7675 21 28228
582 56 2704
10638 86 27191
9530 81 17115
4071 90 23914
10428 7 26651
283 64 21551
9722 83 11203
6518 54 16816
8937 86 22808
574 29 21321
6127 100 24230
27667 73 27974
7023 83 10950
15119 16 26247
11731 33 15463
1153 60 26129
22149 89 27640
372 5 20539
6001 28 16623
6737 51 26231
304 27 24897
13906 100 18351
5138 21 27468
1380 81 21736
4017 80 9507
2032 55 22508
5396 30 28671
204 25 22405
120 60 24858
364 78 17244
7421 7 28208
19990 90 22785
1109 76 21468
27478 73 29095
7444 34 22709
15600 55 17037
10725 57 17434
12028 71 24409
25660 72 29700
2739 15 20813
560 50 16439
20512 13 26522
20030 29 27278
6487 99 18086
4568 72 21524
16700 22 17429
14124 97 21660
9492 28 10826
4337 3 5101
20999 50 27143
80 1 16864
1200 91 11027
5294 88 27711
15463 94 18859
1117 15 1660
1373 34 28363
7465 5 23552
2691 12 28314
7552 41 22971
2019 37 6781
1279 50 8296
16102 9 20869
3874 26 22700
2144 37 11208
1543 21 6459
1562 68 26621
64 19 16644
13937 34 26038
21583 59 28365
6082 20 9341
533 78 10575
12816 29 29102
32 10 13072
605 30 1970
8106 59 25878
22574 60 27838
6102 90 18936
10388 31 26113
9653 2 29168
675 93 4235
10581 70 26238
4 69 14289
4792 52 23753
566 36 29789
1113 88 19197
9549 15 25438
6606 71 20316
6949 94 29423
4171 10 24390
19260 34 26211
4190 83 7031
10024 63 15176
600 51 10347
16612 62 25909
3503 97 21654
24586 39 26071
5477 78 29701
453 97 12249
8536 80 21292
11239 59 21512
3660 35 20010
1493 22 20205
235 61 542
13164 61 26244
3885 72 6003
7096 86 20387
2077 65 22171
6543 26 18175
2429 90 3402
798 10 26291
5431 5 18911
13104 88 14315
20247 77 29738
6663 33 10518
7532 88 28582
3709 9 28409
14542 22 26434
22778 17 27625
1259 20 9584
6965 50 17785
