600
8491 41 17924
13231 64 27831
5378 43 23625
3977 92 23466
9639 95 10151
2212 85 22261
6706 64 24054
11227 89 18345
2664 5 15739
1413 63 16105
11186 36 12851
8944 2 26243
5682 95 29266
9326 52 21735
2939 29 21867
18347 100 25996
4880 26 15818
2655 83 20328
2920 80 29470
18437 93 28774
28224 4 28861
8304 79 26268
23914 12 29519
26976 87 28132
9876 26 23971
16347 92 25245
21935 94 26753
1003 30 19604
13304 18 21560
21365 81 26582
17258 85 18739
8752 84 17834
6589 34 24336
20655 61 24144
4509 12 25805
9357 70 17209
1299 80 26005
8340 28 9414
6582 57 9081
2097 76 28834
940 79 25659
2343 15 25734
15526 28 25056
17897 13 28535
8910 25 18391
576 84 15922
27786 33 28826
3409 46 18719
7731 60 24728
12498 13 16688
18499 68 25341
2564 88 24157
11945 58 25018
2892 85 24922
892 31 14843
14025 74 18396
8531 10 21648
11082 40 14566
167 4 28164
706 81 2105
9687 63 17733
6325 17 18039
5939 63 12077
2070 18 28176
109 84 22354
2372 38 22658
14057 77 24667
10685 99 29028
13383 1 17410
1873 16 29900
1365 1 21901
14882 11 21760
1488 37 4122
12528 92 15011
13035 12 24585
4622 35 28393
24693 76 29943
4145 14 14665
5694 74 26306
28835 27 29870
25752 77 29352
4906 87 21242
8420 42 23290
12907 70 17513
20314 70 25529
11292 7 24723
2870 44 28069
19698 61 23355
173 67 26196
15637 61 29983
513 27 25290
21831 60 22772
10078 80 12457
18116 48 24992
1715 16 1939
3044 99 28594
14171 12 29520
22872 22 24466
2698 22 6159
8045 79 15994
17676 47 27443
1706 84 4060
10218 70 13245
5934 84 21885
9468 33 15184
9455 48 15848
21446 46 22893
1700 59 20034
1924 46 13259
5376 37 17753
18531 75 18688
864 93 1838
8014 41 26698
1899 11 21817
19510 9 28900
4890 55 27591
9295 85 15651
1238 44 14670
741 88 6121
2558 11 6340
9390 6 17753
2615 35 19439
1765 19 21165
13794 64 28870
20614 88 27317
18357 17 22321
13472 10 20094
1359 65 1521
17366 30 27562
7538 49 13845
50 16 6788
36 25 20353
738 35 29563
417 34 22776
1954 96 12492
14450 1 21183
23285 2 29198
9398 79 26850
4796 49 17781
2718 40 13699
8505 2 25793
1755 59 13175
4389 78 19494
4182 88 10094
4192 76 20667
1904 9 22124
16737 87 27534
4169 51 27730
4812 31 17240
20383 14 25710
7426 13 10128
10914 26 19519
7223 62 20087
2299 11 27986
7797 12 16023
4163 50 15998
19242 74 24949
209 20 6036
2028 19 14180
1798 82 20374
16595 94 22769
7547 78 20773
19112 92 27582
18999 27 25976
20649 51 25825
13433 10 16761
26292 73 27737
17721 93 25396
15528 97 27554
3874 95 15882
6997 8 20064
477 82 7436
137 71 25716
7701 77 27321
5046 58 22195
19463 88 25277
8581 63 29071
6473 81 27091
15270 38 28883
24238 2 27485
571 12 9939
23148 89 24569
2140 67 2639
20277 72 25325
11755 83 13355
13952 34 26514
1539 33 6013
24170 5 24985
12813 39 22800
16636 47 20686
19053 69 29806
8495 66 28406
16253 6 21377
2251 22 20816
2492 20 10337
10546 55 24650
1461 31 17534
26715 87 28714
761 32 1119
364 62 1608
6107 47 13411
1910 61 19329
3155 78 20582
9805 59 11259
20157 87 25032
8063 42 15410
8947 99 9269
1179 35 8537
6228 74 9179
19108 2 21987
1638 6 14371
22262 23 25621
1042 40 29447
2568 40 4886
41 34 15130
15872 89 20582
11889 19 23211
17419 13 22353
309 29 13168
2266 7 28689
451 76 16781
264 58 22197
6163 99 25779
6656 43 14731
1114 51 3568
13423 63 22082
36 82 2223
2630 12 13858
11341 64 15261
1627 19 26368
923 83 8088
2104 96 12960
9357 82 12649
8813 66 11425
4172 17 7944
2172 6 17809
1699 74 16702
2508 42 22374
17525 62 28061
3974 6 29644
1749 75 6179
361 40 7860
8175 80 21786
7706 15 17407
7695 27 16140
12450 62 26963
2215 25 21966
18913 26 28502
4756 16 16507
5467 44 17874
14381 39 21085
80 69 27286
19453 42 28240
7613 43 27735
5662 97 12565
15900 2 29932
22221 45 23730
5287 54 17618
1387 18 2718
7783 92 29449
1633 55 21428
13397 14 28188
28425 70 29632
168 70 10390
1541 14 9637
18039 55 26431
3471 68 29847
12329 47 17288
12111 17 28179
12554 44 26936
10132 3 19439
15968 41 16998
152 62 4125
14465 86 29785
3203 11 21126
616 69 20525
10236 88 14869
21262 52 27922
16179 75 27789
13927 47 14162
1072 95 1257
774 7 27266
10258 85 16665
17043 29 19168
1163 91 5896
1002 5 4541
1008 46 26259
4945 81 26373
4239 31 19746
15042 13 28710
7863 65 10996
7701 78 8451
1077 15 27399
17472 16 23296
2989 97 20189
6114 22 12234
7217 13 9037
12395 59 17463
12850 27 16286
10798 85 14087
12106 31 29249
10335 92 23644
1765 12 8040
16360 22 26250
349 57 9938
2118 67 9482
10367 6 17263
2673 2 29788
1410 84 28330
3470 34 11647
16801 52 20589
1895 82 3451
1209 99 11553
1455 86 26217
942 1 27433
7590 90 24909
22159 57 22452
1035 18 6666
3754 95 5909
721 47 16319
4692 46 5201
577 75 7338
11811 90 15589
1270 49 11930
21216 67 29153
2040 66 13257
4885 47 17111
19150 77 28345
18407 42 27697
8633 73 26536
2524 35 5975
24509 96 28017
394 72 7011
9312 71 27083
13123 27 18015
4653 2 19530
396 11 24459
27121 13 28691
676 79 23284
1669 62 17439
398 5 10384
24933 11 28454
14546 79 19770
19149 53 22173
8640 99 16812
591 3 20863
3279 83 13225
14790 91 25604
13840 72 17925
11533 66 22999
9475 22 25074
12102 83 29998
862 82 3401
15719 45 24957
23830 6 25509
7609 59 16177
15561 66 29189
916 6 12957
7587 46 10047
19395 99 22459
2331 76 7020
2521 87 13129
91 52 10417
655 44 29934
2687 39 4828
6631 34 29321
21485 95 23236
23292 36 23703
1113 91 8452
25427 58 25835
5921 75 19292
7801 12 17683
10631 69 13225
23196 75 26341
6241 29 13404
12905 20 15233
404 87 20970
14229 49 28131
810 19 22355
2657 34 17715
9548 46 22732
8536 88 12174
14459 27 19805
1043 92 9816
11350 31 19502
20411 35 27162
5812 73 10572
2879 38 29981
1719 13 10917
17892 42 21177
2526 21 15927
1042 45 10761
1190 4 2009
8455 48 11925
20145 8 29256
3400 41 26127
11324 57 28031
2592 10 14990
12310 85 24270
18123 7 24908
2423 42 18084
19310 93 28933
4049 33 11940
11439 32 19769
2223 27 5528
12527 68 21600
19449 33 19697
21980 93 23068
157 96 3357
2757 33 15779
310 22 4872
6752 18 8047
2682 15 25937
1336 31 4261
14195 46 14442
4292 14 25909
19639 14 22408
6732 14 7294
13116 76 14959
1911 8 2340
7422 94 17142
5715 61 10632
9692 2 14227
9050 14 15390
5355 23 14532
3421 9 5060
2814 60 8000
2175 56 21132
625 43 8273
10348 42 11220
17663 44 17914
15055 21 26082
6997 10 7050
19932 32 27369
8864 40 21133
7287 90 7910
3916 52 7536
21890 22 24263
1299 6 7106
23352 38 24969
18774 98 25429
29545 10 29980
1327 44 24154
6809 17 11482
18158 1 29186
21529 85 22855
1565 54 21499
18939 40 27913
593 76 21336
10031 24 16789
5460 81 18954
354 98 2644
12637 83 28918
16379 29 23680
82 75 26252
3426 29 18186
18342 65 20328
13608 8 27208
6354 71 17645
1160 85 15461
19484 38 21516
1037 4 18511
385 66 26327
1473 47 5023
9690 94 12389
524 69 22893
6328 76 13903
12146 73 27174
9957 96 28217
15576 75 21306
20839 59 23295
17676 22 18366
20155 11 26729
8092 6 18705
28805 98 29819
4674 72 15103
5091 23 29084
8203 30 11394
9073 60 11753
2183 61 11414
23352 38 24001
6560 28 16890
928 10 23298
12905 36 24876
3971 87 28280
15171 61 28770
2447 18 12548
6183 11 28403
174 62 5267
2702 81 6827
25469 56 28291
849 48 2556
6530 67 26406
13889 52 24278
11200 93 24034
27 45 26734
988 18 3207
787 13 8700
17346 16 20551
7388 30 15810
2044 6 5076
2180 84 12249
13219 36 24812
13712 94 27022
4682 87 25656
2079 75 12764
5355 87 10730
10155 57 24330
2055 76 26587
2030 48 9962
6757 88 29511
639 100 14396
11777 68 17900
2609 88 16479
22100 81 23700
2647 34 25137
15302 82 28178
14655 8 17651
15398 43 15940
2320 31 21831
16771 26 18654
1007 66 2311
8888 24 24716
7988 13 9060
90 28 415
11973 56 25823
367 7 3469
4556 5 21480
1577 82 22149
6643 42 20918
1555 33 18082
9706 89 20391
28056 34 28278
11770 89 13464
2697 54 18703
13687 10 21252
330 99 12999
22534 59 27952
1546 83 15683
7340 55 23458
6901 20 16099
10152 38 12728
1090 42 9949
11671 43 22234
24316 72 28980
45 24 4351
8161 31 20562
14172 54 17163
14868 22 27257
13819 91 19465
1688 2 17448
1245 29 13379
2543 84 11555
2417 60 12031
7874 61 8492
1908 82 17000
178 84 4451
5038 40 12645
10006 81 25567
1566 69 9156
14449 13 25504
4508 63 26096
17047 26 25238
1113 80 7343
23622 4 25047
12801 21 29327
9728 60 10370
5112 10 6757
2184 74 24550
9121 26 26319
26066 72 29069
19300 54 25139
1336 4 25517
2601 68 11541
11116 18 27095
26390 43 27194
1897 40 7844
15234 30 26759
16740 38 18325
9000 87 16877
690 81 7835
5867 34 19931
5371 24 26967
5334 35 29436
1378 8 20073
7910 20 22670
2121 85 4904
1834 23 17032
11833 98 21324
19494 62 22112
22469 92 22712
13933 46 29006
1754 5 21040
1227 85 21673
1479 54 7306
339 15 13827
2218 17 16394
5523 4 16610
15879 86 24429
19130 73 24564
