600
146 35 5805
13126 40 21600
232 81 15286
10243 18 21203
6072 98 22222
918 4 9346
2225 75 2695
5689 4 23500
20683 16 27244
2722 93 29498
10670 4 26164
6193 85 7147
22976 14 28593
6282 72 11211
28754 8 29210
18451 74 18872
17541 80 26517
13291 47 29933
1371 30 7716
3049 9 10023
21304 12 24217
11354 92 22198
13903 19 14810
18401 85 27322
4875 61 5696
1693 23 14558
3401 23 12861
4421 88 20851
5140 31 15625
1584 75 7664
6096 82 15652
5693 24 29501
8430 90 25294
9886 20 18766
9086 92 9266
7573 63 10336
17422 1 21320
8312 60 27935
8087 22 20580
24503 11 25168
8153 7 21526
2045 57 17547
19946 81 28342
1359 93 6950
15641 5 22230
9780 1 26780
1007 5 6075
2054 47 21466
890 64 11003
8219 72 23559
7962 54 21878
1347 33 29169
5587 72 6010
3565 23 17295
1688 82 14999
4607 14 27533
2638 43 22894
9957 50 23970
16709 2 21708
23255 30 24824
10965 10 22221
8565 77 9763
5053 87 14583
22529 89 27886
1713 98 5440
3127 14 27144
11614 24 18366
2441 87 29215
13395 8 15654
10527 56 13680
1313 80 8151
3404 10 22733
10664 96 11848
16244 31 27516
15 64 13908
14209 21 21251
9397 55 13561
10612 33 18378
17816 86 25745
1894 30 17932
4415 74 6434
11897 12 29623
2225 49 12161
33 24 2053
4758 61 21047
3783 37 13991
19558 42 24431
4744 21 17025
7782 18 15193
17443 99 20840
123 56 13400
21478 81 21827
1818 21 6940
7951 16 27180
5870 53 12278
16692 35 25524
2698 18 12382
5618 30 16962
25053 78 25157
93 33 15695
1953 91 17151
14437 43 22212
9162 82 29506
5834 74 22065
13472 34 21376
1867 71 23753
18360 83 21788
5413 90 27616
20261 42 24895
2533 98 25932
9850 20 13338
4622 82 7664
11356 72 22873
12068 59 29191
2113 26 22037
835 92 9793
4710 68 24693
22966 33 28185
1853 7 21428
22910 29 26212
2388 55 4212
5298 74 18382
1461 71 23407
9856 18 14197
23025 32 27371
445 30 26903
8106 25 14504
11220 78 11598
3840 12 21284
2713 19 14173
13118 18 13302
7490 89 19889
1392 32 22070
18747 43 19890
8121 88 14126
28104 93 28509
18275 39 22982
13750 90 27733
9487 55 20271
12227 46 24687
5247 98 7906
5114 5 15852
1686 77 6344
8099 80 17191
5286 55 18625
2060 63 23961
5061 22 6106
11408 94 19439
7547 13 21493
8398 37 10479
6732 50 14463
8064 70 17677
22965 11 28418
9556 71 17429
21741 3 29226
14947 85 26085
1340 55 24932
645 17 15255
13244 24 24700
21366 89 22600
807 69 2421
42 84 24527
9582 62 22847
4361 75 11724
20424 87 21526
16377 90 16834
447 3 26885
10648 93 28589
2256 87 20519
9313 44 23648
6199 13 26825
4914 41 19508
24031 43 24097
13637 53 29399
7202 47 22502
4887 100 11186
553 93 29668
922 17 6264
24001 12 29815
27261 39 27508
8249 54 9760
20774 31 28811
1430 53 19141
1924 60 15570
7252 73 20887
16776 91 20095
8935 10 25136
6710 97 15348
2031 31 15947
11193 21 26481
19490 55 24734
17760 60 18286
1352 50 2343
11679 39 20817
9072 2 13621
11480 28 17205
3261 61 25320
13171 44 17172
16585 4 25795
1726 43 14724
2000 89 5175
7033 57 26124
3275 62 25207
8373 88 11831
77 91 4615
17510 32 19130
4452 88 29040
26930 28 29678
17272 75 19142
7157 81 13340
18566 93 22264
12839 16 15500
8249 32 9157
4299 26 8400
2626 90 20739
6264 14 12223
8129 42 12056
9887 98 25076
6813 11 24665
12928 84 21286
8990 85 15366
16925 81 22225
562 49 22943
2689 45 28763
551 90 29315
20687 29 29394
2302 25 4979
20087 88 26316
3610 7 23391
8916 27 15722
12391 49 15571
10831 92 14260
1773 79 16374
3046 65 10571
1637 93 26522
2578 97 12055
659 49 2035
2879 92 13523
9508 56 26493
620 10 16134
25331 46 26191
3614 61 10484
1310 33 7308
767 58 7857
22 39 23134
432 62 16159
5483 62 15738
4526 61 22868
2364 53 22913
4143 60 28040
661 68 19330
14022 47 21181
11818 99 15125
2190 51 3947
12724 29 18050
16511 74 20494
412 23 18321
10500 100 22160
14165 45 22553
10710 2 19558
17885 57 24728
15693 73 16054
2961 35 4309
22006 69 26680
405 49 25565
8928 18 29767
11626 52 22691
15846 55 27227
3817 5 6738
8398 62 25957
21003 100 26401
12564 51 28127
12003 6 23779
409 52 25331
12207 71 13733
3751 33 16610
2259 63 23471
4819 100 7669
2374 33 13754
6225 45 24341
2260 26 7295
10331 95 23808
3464 22 17285
9568 46 15260
3194 58 11526
5290 76 11956
71 11 4153
8112 36 17964
7927 59 17856
3229 44 16874
8826 44 16172
15621 5 28486
4606 52 20884
2536 71 21987
13729 62 25023
1778 2 13409
9039 11 9447
17376 3 18259
1819 6 2693
20957 67 26496
13006 28 13580
13001 32 24982
1059 8 1615
1532 9 10732
5843 38 12739
9259 34 22009
10478 71 28588
2040 17 28673
1835 39 9608
27391 26 29356
2295 2 23949
10346 56 22368
1682 21 17716
3488 75 8699
7245 97 8119
7768 7 22699
11664 68 15703
20135 15 25323
7300 37 27530
1619 63 14577
1818 35 20633
18050 61 19362
1425 29 5783
1648 27 10459
2568 3 29223
2303 99 27620
1212 92 12050
536 55 27121
11483 39 28106
1219 25 7141
337 2 12199
10130 71 16360
24619 41 29136
7697 10 13152
9883 47 11454
15691 38 16588
2144 61 6004
15917 92 25964
3911 24 19913
39 90 7558
9001 99 16700
11620 82 26662
3121 28 20381
1428 88 7134
20529 35 26974
13899 15 25525
10132 84 24994
18743 69 27356
81 77 20471
6310 36 24063
15762 80 25952
13842 29 27554
26714 5 28167
3147 19 7939
11671 39 11778
2494 49 6499
544 11 17183
4933 88 28245
1877 35 9712
18155 8 28051
9064 96 25329
5198 96 16492
481 42 1926
17759 75 19121
13842 95 29156
2881 82 24667
3910 9 11997
4047 99 9534
15600 52 16101
26079 80 29047
948 13 18949
7590 97 9426
17047 58 25026
18559 51 27651
241 3 8254
14119 37 17235
23131 89 26992
790 36 23214
1685 58 6196
19183 54 27815
655 34 1096
17430 65 29428
861 21 5362
16911 99 24872
15248 93 26380
3408 1 4615
4143 67 5525
4560 84 8301
668 95 9777
5401 36 18721
5314 74 29679
7639 70 21655
248 42 18020
2376 1 28381
10869 29 17352
14029 10 23095
2171 26 12956
6266 41 22406
4812 15 24572
11598 77 12552
5040 99 15790
27498 1 28310
16077 47 23407
14804 5 16127
1918 62 15930
13791 38 20497
4943 29 8545
4770 8 29507
180 59 29791
2088 55 19530
13271 76 16416
1249 83 24061
16896 50 24995
1087 61 4621
882 25 29830
12138 99 18874
8540 41 17630
205 53 19249
2447 29 15297
8432 25 24129
2885 90 8441
6437 14 17151
6714 40 21240
18103 67 28783
1571 23 16049
4436 29 12876
3233 60 10990
1406 67 17606
12355 68 12969
1661 12 21412
19229 10 19772
29308 55 29706
20690 69 24832
19937 24 21385
11593 35 19247
21925 14 26596
3935 99 22627
2211 12 2459
14331 5 16911
158 3 13725
14715 38 28838
28659 29 29485
12117 39 12670
1590 64 8162
19517 58 24709
4736 7 5087
14565 15 20894
5518 25 14754
10364 97 13014
2163 84 17415
2050 27 28985
15708 5 18457
10397 29 15019
8192 71 10577
3078 92 21830
4610 38 24189
869 82 15175
11275 80 28135
24021 55 26836
626 37 9319
2720 73 16777
100 40 26044
19262 5 24337
2140 30 11696
265 51 28870
2212 87 18684
9735 64 24638
9809 27 9889
23275 95 25860
999 99 20004
12567 99 20340
3160 100 24741
23751 49 27538
14528 75 18858
13950 36 28111
9738 33 21619
1165 21 20500
22275 85 29073
5093 96 28935
4257 19 29673
6709 78 19172
14290 3 17819
11375 43 11870
16927 3 19506
2168 28 27033
4834 82 24898
4168 25 8454
3683 60 10759
3711 44 13468
4726 100 8360
14644 18 26522
25918 3 26955
7256 72 20313
3658 63 9378
27371 95 29417
5397 5 11513
21492 21 24252
6658 64 22665
1999 9 8326
1752 40 2896
2483 60 14378
1493 9 14825
5134 85 28251
4539 93 27882
3504 54 26897
3284 77 20642
22414 45 25189
8129 19 17181
3078 40 19505
14428 95 21176
414 69 20157
7668 68 26466
8805 47 23016
14307 86 15603
3681 95 12483
10636 48 28097
1310 75 5985
1837 50 8478
934 18 1706
25744 26 27807
12013 64 26196
4014 39 21317
1928 76 11256
13995 95 18389
1930 38 27425
6282 5 13482
1198 25 17815
19696 7 25782
948 69 11761
7579 90 21668
412 24 16880
19329 93 27271
2008 60 9888
924 21 25530
2079 47 18946
11738 11 19096
1914 28 10609
3089 15 23438
10906 67 24057
18692 78 23287
4372 60 28614
628 6 27144
4334 62 14843
913 70 9878
4671 69 5525
63 79 367
2799 16 24303
2494 72 3058
2395 87 16322
13959 9 29719
169 44 5626
22190 81 23714
1008 78 26971
13 64 22482
893 29 7335
13420 29 26073
1943 93 4682
4328 82 14115
15549 82 20679
25113 27 29064
2246 37 12947
2351 75 7043
1822 92 6008
8316 14 14353
464 18 13166
4266 7 9036
5851 6 14077
9812 31 12396
19483 35 28160
16048 62 28656
963 31 20719
11940 92 15277
14309 15 25704
9816 59 22330
16706 71 27387
123 55 29995
10079 55 26420
865 63 2690
26063 60 28858
19048 54 26000
9017 71 27720
259 10 21090
6206 79 26930
5300 92 21802
11697 59 12466
28420 22 29872
7119 27 12862
3809 51 7461
19708 79 28068
22210 36 25856
4748 50 21069
4753 90 13905
2659 31 19022
1481 29 22328
23222 39 23809
2767 18 22314
2224 4 27993
2580 44 12395
8393 1 25068
12077 12 18319
