600
803 84 26835
14357 88 26055
4672 48 29063
3641 41 29267
23863 11 24792
2030 97 10900
15976 16 29848
897 38 7507
7257 52 18748
2151 60 28784
1311 66 1446
13482 86 16110
2018 50 15107
9163 54 21561
12889 56 28788
3955 21 17150
16396 9 17913
2487 100 20643
648 34 17009
10419 78 29708
22068 5 23990
10075 7 26836
14100 8 28343
3346 83 19772
1897 52 2753
20868 47 24880
17612 52 24162
2757 29 7189
9483 32 17125
5251 73 24280
14305 48 17728
14945 75 15187
6719 46 8762
2425 51 5183
10226 86 23677
1983 72 11086
2611 31 11572
15937 45 16270
8144 21 15678
12670 44 13060
4653 47 17540
13198 9 14141
1956 3 27636
6220 18 8544
13988 22 19236
2478 23 5995
8712 56 15727
15483 32 19486
17200 11 28967
3469 26 28010
2980 22 18451
24220 79 25552
25770 22 27974
13268 3 21780
274 39 23366
11366 60 21905
12305 41 21571
12269 32 25174
557 42 20874
10062 81 15945
5159 6 15119
19854 18 22477
85 56 16560
12935 31 21639
6141 9 15075
5077 63 23914
7563 34 19115
20812 31 25910
11868 84 16650
15319 32 22885
2644 49 14381
1321 30 23848
18188 46 24850
5303 75 25940
16004 69 26921
2602 67 13750
10390 73 26899
15145 54 28495
4277 51 24812
722 43 2585
2426 9 21421
10178 51 18706
6466 67 25137
5610 73 23697
2330 38 15485
17087 26 26473
1249 75 12678
9177 73 17781
4588 44 17014
17087 85 27546
2266 13 22472
24824 16 28555
485 79 7087
13870 34 15576
6471 32 26242
3080 16 21435
20493 59 24134
8404 26 28202
2729 70 20211
392 87 17913
411 94 18568
6944 8 25903
16302 10 29899
10446 9 14126
14200 75 17395
1032 82 19017
3730 35 3991
15690 98 28956
12940 11 16676
2718 85 24593
742 24 19029
3827 98 19097
4232 64 26292
10667 13 14889
12224 9 13504
983 50 4533
2237 74 24846
7840 75 11278
5587 26 9813
6115 20 6339
2372 57 10607
17450 40 28717
20143 89 28489
13163 15 22210
4972 42 16888
5039 92 26007
11279 80 18460
12826 100 27043
23439 5 25644
14676 67 26124
4388 63 14020
14825 4 15102
2233 48 5602
3011 86 16108
2222 13 19249
5400 1 10374
5190 38 20401
22812 78 25835
1660 39 2275
3923 13 21273
18474 73 23709
13154 10 28315
19589 73 24996
556 10 11158
5589 22 27795
108 19 26790
2580 42 4092
8634 34 29726
605 49 15382
8 70 13855
5493 37 17016
3164 97 16912
19480 54 21625
59 59 428
12159 95 27108
980 30 5274
7061 79 8837
1506 88 1633
2801 29 23921
5532 89 22251
2328 55 21106
24625 11 25084
1042 76 5280
2385 9 7763
6286 76 6810
14590 45 25478
3606 64 17160
22218 40 25178
15585 91 23522
22294 49 24492
373 8 4028
14903 27 26885
26469 1 29337
3990 10 15852
670 49 28437
14463 87 27972
620 80 2496
10793 15 11074
11093 67 27561
5401 51 16609
15563 5 26891
130 54 1249
3673 41 13158
10024 84 10218
10571 97 28336
24175 28 27883
22185 9 28315
6483 75 11146
17456 93 20194
57 10 29709
799 18 29558
7865 49 14837
6740 52 11800
17024 13 26602
1280 26 5783
10550 95 19796
15057 70 26087
5779 88 7636
253 73 28855
111 25 2196
16841 26 24491
6508 30 9812
722 18 14810
20655 48 27057
11095 100 25167
5245 7 19079
10089 34 19624
7530 32 21691
17043 25 23622
445 85 17918
5933 61 16224
2624 75 14559
3249 59 26582
666 85 14334
2959 22 28274
9126 80 16864
1056 91 24696
5531 79 14724
1829 75 3740
389 52 1385
12421 54 23223
17660 43 20174
1528 96 20299
10443 92 15376
15364 30 26442
12540 74 17194
25513 73 27305
3017 58 17029
1959 44 8867
13474 23 28050
2032 65 27449
2230 26 14900
13543 33 25366
13237 82 17996
2112 55 11497
7792 20 12490
19433 9 21815
1233 73 2024
924 84 13476
19815 2 22217
640 48 20178
17135 8 24314
17101 55 26591
703 23 10374
2362 95 29257
94 39 25277
842 7 27836
10931 73 18895
2082 69 4647
20179 2 27045
14296 91 27538
13456 18 23513
10106 59 19489
12952 22 14428
15240 91 19475
12829 36 20997
11006 68 25494
8791 84 9584
21301 34 27673
20416 56 29123
18313 7 28973
3624 73 27392
23372 75 28415
19509 31 20615
1121 82 16250
17128 74 24794
10755 41 23014
22834 62 23468
3851 36 14474
2367 49 25071
6742 22 27058
884 84 16159
22103 64 25648
284 51 8180
8632 19 9170
6394 23 7214
6530 22 18840
1395 73 29672
292 96 2708
19041 72 24254
1917 26 9901
11152 2 22501
7002 52 17201
26088 34 29722
2265 63 3108
1756 90 14621
2089 10 2121
3011 35 6756
2092 91 23102
6974 15 18698
9360 28 17704
10214 53 28058
11660 27 21693
16297 76 19095
12004 94 24302
6216 71 12246
19082 82 26317
1510 32 15907
1619 81 2971
253 28 22885
12935 99 16293
8350 24 21696
6875 55 10961
23490 95 24106
9458 50 29889
10946 88 24120
18367 30 23781
10904 34 11250
1841 33 26714
27811 12 29489
11894 49 12694
2255 66 16040
1790 96 20384
3817 29 15433
15959 95 16132
12840 90 18136
3421 41 24809
6724 12 12317
724 93 17659
577 32 21979
15363 20 20563
1859 21 4592
1121 56 5708
16047 49 18551
1780 85 5707
680 82 25533
2130 93 3438
10938 14 23485
3963 6 12715
5015 35 22409
221 21 1098
17089 12 24377
12891 97 23256
4617 93 11761
13111 81 16636
168 49 19954
1486 43 19166
14388 67 17938
9804 49 15320
42 77 10904
392 19 12374
4434 64 20453
56 17 15066
7480 38 24822
219 10 3138
15755 65 25300
2347 10 20271
1070 94 13324
10824 70 20373
832 37 10146
6890 68 13826
22820 13 26033
3511 53 4975
4097 29 29026
7494 35 24149
14405 1 26801
3502 30 21773
22902 14 29853
19772 42 19941
1018 51 15269
923 97 26852
3865 56 12928
9050 30 27267
9335 34 20118
18398 63 23760
20448 57 29786
20244 49 22287
154 24 22105
4856 99 29316
5696 28 12762
5560 25 20963
10426 78 24636
13849 40 25921
13022 12 21508
1449 62 17373
8933 21 9321
12567 49 23287
12549 32 25668
14448 65 27320
2239 78 28454
8241 1 11412
2538 49 12685
13306 74 17711
792 21 12457
4604 65 19522
1884 50 22625
15624 87 29459
8643 23 20041
17385 81 21141
7075 61 22780
21152 64 24041
19944 91 27898
23530 57 29709
2090 48 25386
18748 51 21600
9052 59 21909
20130 6 26252
230 80 25131
26025 56 26361
8980 20 28811
1240 15 26438
11015 67 27377
3874 29 11461
2353 32 17091
1995 32 6697
6010 46 12487
1973 70 19311
93 49 2849
739 9 26465
13194 53 16685
6186 6 6293
6015 14 20090
6279 53 29765
22045 42 25265
1410 65 11424
4521 88 18790
9257 85 13115
6501 17 20073
9044 47 11744
2218 34 5346
8604 41 28043
19518 48 20770
18375 8 28342
10843 5 22761
21537 60 24293
13822 60 23735
21563 22 22852
127 71 29979
15605 83 25720
2697 8 14430
10809 70 21037
6083 83 14261
2178 55 13520
941 21 15071
5395 89 12642
11543 79 14266
1912 25 3858
5769 96 6948
4172 1 28667
21752 39 25018
9896 11 18271
5157 61 27803
1071 42 8913
1973 88 16957
16877 34 24044
1745 82 4862
9027 72 25819
2112 57 4204
670 29 5661
3343 18 28865
239 46 19389
25440 61 28670
16396 87 25315
4933 75 25641
10828 61 29885
2247 63 13367
15208 84 20406
8739 62 19330
6580 78 22057
8538 62 21132
20800 42 24760
19398 84 22981
252 81 2380
7306 11 9711
3891 32 24625
7591 72 10631
13917 44 16437
7289 3 10563
15370 67 17165
8037 34 18922
3526 8 16449
15412 75 19310
13811 5 17408
6665 13 8366
12444 34 14154
7728 18 8013
11215 40 27573
18569 47 28138
2280 1 23094
2929 42 19170
7680 42 10440
107 45 21449
18420 16 22031
6761 40 15250
22434 57 25033
8412 25 10835
11849 69 19918
7271 41 15438
9415 31 13605
2701 99 7878
13811 34 23210
9264 64 23784
5960 98 25335
2370 50 7424
9606 46 13959
21179 1 21528
11914 89 26170
1315 92 25332
18176 19 29628
1500 78 20734
8716 12 16433
10192 51 28358
3224 69 20331
13496 93 26998
1709 81 12751
2686 50 13908
1273 13 19250
7101 60 7870
4961 61 28815
2479 22 23784
7312 90 15534
19828 5 19954
12974 53 25659
25433 18 28956
1262 75 13861
1475 34 21014
24701 10 29001
7828 69 11602
11831 56 26141
1425 82 2042
2641 20 29461
2015 15 11850
2239 84 20793
411 68 6246
2568 90 3119
4569 4 29694
22924 98 23995
22371 68 28722
2419 79 22490
20250 83 27237
776 94 2198
10172 54 21891
5460 86 15298
20247 75 21056
7300 42 13982
13658 99 17122
4554 45 9191
15782 93 18598
7190 37 25009
4586 82 26620
14847 41 27739
14366 71 21325
24580 75 28839
3930 16 14694
2950 10 20175
2454 68 29870
11045 100 11562
11674 90 26280
10623 31 19294
1397 45 8817
5957 57 13428
3381 73 19361
3846 5 9113
6194 19 14610
25122 53 28277
12488 25 22241
187 35 25542
996 99 24216
22347 44 29339
6972 12 17253
11911 16 18222
12125 72 22931
291 39 2646
12727 41 14594
17265 41 24756
7451 40 10657
5352 84 10545
16384 75 17200
15081 13 28548
1319 18 29229
9418 70 12367
13326 6 23163
6121 70 26788
11071 17 15569
16728 20 26619
2469 31 9947
933 84 1208
7192 6 8847
5398 17 7877
13933 48 28461
9263 80 14893
2842 55 27453
19491 79 19620
9413 54 17153
1 24 15894
11942 94 22150
13495 53 28870
7782 10 20944
2064 94 8985
412 37 3602
4215 59 12235
130 11 2366
4131 53 12443
14214 18 14691
12756 18 14212
20684 36 21780
4147 63 27515
17420 12 27154
8823 90 28575
17551 17 21589
