600
11145 61 17191
7934 49 11660
14489 7 29544
16031 33 25954
16285 88 25485
3131 76 10766
2690 88 4276
5229 80 21320
5938 21 16810
10029 59 26138
6327 31 9742
4932 66 25914
11881 40 26312
16827 22 29743
2745 14 8965
1072 29 15988
17157 79 18295
963 16 1520
11680 82 14863
6110 43 16188
2542 95 22194
1260 21 20277
3996 87 15940
17473 27 25727
3182 82 23256
21996 28 23545
9610 97 22440
2061 31 6459
12611 15 15523
5203 94 15028
1260 71 1492
9631 40 10786
15811 16 17409
693 58 21601
8771 26 12822
10700 47 25408
25309 8 29433
4984 91 14444
4724 64 23090
5058 31 11218
14830 59 25239
696 62 22495
2134 54 14598
6783 45 11801
2972 33 23170
20438 82 25773
4410 81 15574
710 97 23979
23125 1 25405
17535 54 21963
1085 57 8060
16461 74 18426
1454 72 29335
77 52 6844
16350 64 26448
7465 30 29509
24650 98 27409
2378 60 12666
16381 40 23336
10979 66 19715
16092 11 28969
7446 33 18881
13910 39 15430
21911 69 26395
1500 29 1965
1891 25 3166
23949 67 24176
22242 13 28270
4076 17 25220
918 60 14290
12890 3 14380
4281 76 27460
912 35 28487
19916 90 25356
16139 70 24058
492 89 23056
7159 25 7225
5470 2 16007
2667 72 25226
13269 98 15495
21213 24 28613
164 13 25955
19074 15 24223
1784 53 19666
3724 57 6723
13681 42 21983
1212 46 2572
25033 49 25599
571 26 26021
11749 96 29581
5371 20 13777
11413 42 13049
18560 58 20262
871 1 2470
11476 36 25340
6310 4 26674
23655 7 29000
16587 86 20745
2726 39 15688
3285 70 13804
5449 20 9663
7563 79 19269
23523 42 29648
12759 14 20658
19 61 28910
5973 59 16225
7609 34 9922
2392 52 17497
5165 9 8831
1420 79 27329
2081 98 7276
2343 65 13098
11316 20 14640
2578 10 24206
21505 28 24944
18951 80 20259
2573 44 8609
5964 91 21245
10 20 28761
4698 27 5595
9219 74 23365
2453 5 8489
18983 72 22455
1780 94 2219
14355 4 18255
8131 24 23937
3708 43 27480
9589 3 18382
13794 23 17772
2140 19 11880
8650 100 9604
7491 40 16650
587 20 11542
18795 88 22151
2378 3 2534
9147 31 9487
9944 20 21452
17 12 1516
8791 46 16352
3944 26 20956
1321 83 29582
10385 50 29690
2196 39 20405
5577 14 7936
13381 48 14362
11671 66 17909
1737 8 25579
226 34 20102
825 28 4531
4773 30 13189
13386 33 29210
2459 73 10367
2161 63 8809
11047 73 14491
4837 77 25277
10084 41 13686
16115 98 17475
2777 28 19750
8377 94 29758
773 92 25207
6787 3 22153
19361 36 27112
19625 95 28543
998 6 23891
9997 68 18890
5905 72 10131
14257 73 27192
14933 82 19962
2181 33 26234
1064 26 5593
15571 77 27400
12063 47 25481
231 25 21612
8679 13 17990
10794 75 12534
24443 68 26583
18422 96 28096
6572 81 11000
7881 45 22295
13948 92 18475
13036 80 28928
8833 63 21506
1945 5 25371
1889 89 17208
9220 91 19115
9574 10 10641
2056 2 5400
1292 12 3222
3147 54 8615
15137 93 24394
22012 80 25674
1883 15 17138
1050 3 6848
10729 60 15893
8074 85 11009
15904 78 20535
18353 31 21924
5414 96 9861
32 58 643
21157 18 26089
18898 73 27558
7857 70 24128
11426 23 28716
19 63 17080
2764 3 10169
19988 92 27668
1012 67 14910
8434 37 22356
6889 51 24097
3755 30 4951
1234 63 21653
11654 62 20201
20436 88 27125
12263 57 27787
18321 87 28742
1592 50 11209
6759 41 14993
2720 77 29001
19559 16 21757
6047 86 22697
7528 22 14457
20236 96 27135
432 30 4032
1018 40 10033
4661 93 16883
5677 60 9448
10189 23 29580
10018 77 28418
10563 14 19551
1874 78 25646
1818 77 2952
14919 56 27305
11901 49 22697
5288 27 10435
2467 52 25198
1312 42 11915
298 80 19154
332 64 1577
380 93 14755
19598 33 22732
2653 5 15113
4352 39 29336
1798 42 11722
1137 80 11246
4518 33 21506
16694 23 27018
20454 86 29459
2663 46 11251
4064 11 18426
132 70 8373
4281 7 6350
15946 87 20028
6674 58 7502
965 51 1400
8518 44 17521
944 33 20881
1966 29 23382
1774 28 2392
6956 84 7605
9207 34 12987
185 45 25505
1076 48 1974
3478 24 22772
8262 13 22041
162 10 13587
19489 29 23191
24267 84 27326
8630 53 21967
995 1 10265
16459 19 26748
1866 25 25444
4907 61 7280
1853 95 14828
7652 51 21443
7709 21 15874
2805 100 17081
7634 62 23177
6639 48 9590
12259 46 29934
10650 71 11232
12636 68 14772
25638 79 28591
1019 3 7795
2082 39 14594
11962 96 14391
1665 75 5456
7073 50 21148
5496 5 17114
23525 39 26869
25382 6 29380
7019 71 13265
18811 41 24064
177 4 28844
1570 63 1914
6901 54 17912
23662 84 29935
17977 38 22007
19085 95 21981
3579 83 21542
2387 37 15841
8475 80 12198
8624 76 18132
873 44 1073
15565 26 20342
8521 31 11978
2059 37 16029
3041 8 3800
1049 24 16417
1233 25 2518
861 64 23277
12182 15 17760
8549 65 12160
21624 79 22827
23397 39 24408
1046 91 9402
7654 57 25971
11710 93 27718
1139 100 26419
5919 40 11234
7316 62 7769
9822 56 17880
482 8 9539
4721 32 16723
6414 2 16243
758 16 1360
12343 15 24165
5768 74 8024
18461 47 24399
3851 8 25226
12847 58 26755
22043 34 28904
18512 37 25431
20457 97 23518
14209 36 16357
14804 20 21429
1771 31 26187
1231 38 8931
762 41 16811
4974 39 24341
6342 51 29764
2188 60 29611
16793 8 29293
1005 5 10983
1220 52 1810
5081 80 24516
24480 68 26796
4519 41 10957
2851 55 27824
19217 22 22246
8932 5 23130
12172 73 18760
4598 95 29095
11076 25 25670
12181 89 21143
977 43 4172
5119 25 14695
625 23 25156
15460 16 18566
5245 81 11391
11460 10 18859
123 46 15906
10230 67 22336
9554 53 19568
9472 67 15575
149 32 15706
11574 23 11698
20058 23 25714
4585 65 25775
9718 81 10891
1525 87 12939
780 75 6275
7385 61 23043
3554 5 9803
4715 53 9973
2397 42 23375
10037 91 29319
14249 100 23821
16101 58 28995
246 41 6288
766 45 26060
11768 91 21211
18419 78 19407
8555 83 12268
13718 29 28608
1432 3 8688
1059 56 14159
186 8 27266
24831 93 28055
2619 97 11217
16709 85 17452
1585 83 21848
2855 73 16721
17977 32 23042
132 69 5003
6283 81 7446
3832 25 4946
9864 48 19228
2192 75 28414
11839 60 29253
9483 36 17892
18358 15 29525
8706 39 21435
17277 14 27596
615 14 21928
4186 61 19266
7651 47 25178
13187 20 29504
9668 20 25222
14113 37 29389
3940 59 20650
8444 94 24722
10818 41 29209
15206 65 21950
1956 70 19463
474 22 28132
2548 98 23444
9425 8 16784
16151 87 24018
10541 22 27789
534 91 11568
1603 55 27066
4423 3 21866
21791 58 29706
21552 100 22381
24492 69 26751
1200 78 23178
2760 64 13356
23999 68 27507
13866 16 23013
17391 42 21869
6248 11 16037
18200 72 19650
1442 36 14408
14264 33 18271
15526 62 27753
16249 41 26847
1631 79 2321
21024 56 24928
1875 7 7351
10182 16 29626
1017 40 24422
10973 91 14492
23129 36 27274
1728 7 29137
1843 38 2897
14068 20 29188
12722 47 20152
5375 82 11841
13185 46 27123
444 62 2485
21573 48 29354
11534 91 18813
1685 72 19163
8552 97 10357
443 83 11501
5304 1 26092
775 40 27680
398 10 20879
5038 16 9429
2817 5 4959
749 7 2460
13610 29 24533
4009 4 14680
15037 23 23079
6222 36 28225
347 71 3941
1356 53 1660
259 45 1658
20716 7 24724
10520 82 18774
20149 32 29670
1242 23 26872
11976 54 24606
18147 79 25849
3806 75 10584
13429 8 20446
2539 13 12373
78 22 24631
5530 12 24448
5792 42 24960
1476 65 28620
3262 13 19896
17976 94 25215
2814 39 8071
4816 51 28171
22062 16 27998
13551 62 21293
20747 13 22355
23800 31 23953
2471 22 2742
3795 62 16705
5840 79 12161
687 3 19294
2049 77 7669
48 79 26090
5133 83 15813
1214 29 24700
9348 26 21070
8949 40 18772
9539 28 12382
3359 33 28493
6596 92 11029
5864 73 28820
17900 69 20728
9275 8 12898
5268 24 18994
3191 36 10154
15432 70 17511
4224 23 26372
11332 69 14488
10090 93 27148
14626 33 29659
2001 11 20733
1143 51 15615
5488 85 15562
501 18 18642
650 98 15831
2736 39 15481
24152 61 29656
11266 72 16414
466 69 751
529 78 2114
3834 17 8852
6623 82 18929
23201 54 29333
5601 25 7834
17941 37 18805
2606 93 26368
10566 15 15855
19002 96 28267
4074 9 4216
1230 26 11393
6271 67 14361
7219 54 19252
23090 70 29121
4676 94 15294
24641 75 28964
1092 20 19416
16644 70 17316
8541 16 14535
429 71 14741
14170 22 17330
15131 26 29343
9754 34 12285
8371 3 18975
19175 90 24002
230 41 26281
2087 24 4423
264 79 11810
100 92 28169
17586 10 25905
11223 87 26626
516 58 669
7818 42 18574
8998 58 21472
11571 52 13871
51 94 7061
934 82 25928
4670 54 19972
913 52 23089
4355 34 16319
10315 58 29551
2360 10 29879
8678 24 27494
750 51 8079
10305 22 26269
11058 12 26079
9212 6 12807
6536 65 7385
1922 64 3075
6396 81 17393
1155 77 10414
3316 100 19629
7096 88 14455
4759 81 18451
10075 87 28090
1634 33 8458
31 62 26089
2688 7 25079
13816 46 26669
16289 34 25614
612 84 15580
6497 9 17345
12174 12 24423
8253 96 12453
1573 41 8436
5407 71 11418
2053 30 23431
2381 94 18999
6542 56 13490
13077 16 27015
715 85 4519
10001 71 28808
9059 81 24898
24070 42 29324
5460 25 20113
3875 15 4987
1560 42 14758
17492 86 18953
8525 42 20527
