600
1856 95 13075
5761 21 27747
20699 77 26861
10138 43 21203
9288 62 23860
8114 32 28493
1074 1 16180
4516 42 6357
5597 67 6287
14429 99 25106
1128 7 15801
11877 65 12084
498 9 16474
25323 36 25595
365 36 1473
6984 36 13476
20301 50 29771
6976 7 15820
2875 37 22805
747 73 4671
1 73 23190
1762 97 9645
1321 47 10273
1134 97 29092
4390 25 12372
5138 56 20863
8138 82 10759
8575 7 16694
13077 29 15421
2907 83 27920
8818 49 9338
2492 17 14835
2135 67 17614
25372 60 28769
2126 80 9582
6504 15 15449
15484 18 15707
7400 55 27413
4520 81 11904
4650 52 26594
18248 30 20762
17166 96 19377
16778 68 19373
17057 89 22232
12386 35 29840
10143 12 26997
669 10 13819
17794 67 19051
28822 34 29927
237 18 6072
161 88 6705
23379 14 27486
1691 29 6027
1489 9 11985
16189 24 29332
8241 29 22053
1067 42 11202
4539 34 19851
874 92 20570
4159 86 27448
378 33 3319
13011 95 18605
4515 43 5388
11172 61 11812
15205 52 16186
6178 15 23343
646 17 1293
5076 24 22506
663 4 25112
2958 33 23290
1209 100 2091
19310 66 19598
2261 52 14806
11707 79 20004
86 11 11578
17036 67 25685
2736 9 23989
10725 94 28053
14379 40 19396
972 75 2144
11536 97 28434
15304 37 28449
9800 81 23472
28069 41 28762
3390 62 14393
16081 84 17956
3642 95 25573
9136 60 10659
7000 89 21245
12815 48 17061
13412 42 15505
10927 8 23728
2543 14 26889
2834 13 4703
5726 77 17154
26839 47 28488
10288 58 25209
725 84 20036
9138 16 26731
1158 1 12353
19188 92 21100
4068 23 6210
8929 62 9621
719 39 3139
1192 33 25888
8895 15 19749
22932 31 25744
46 88 2237
1156 21 24048
11780 97 15877
21970 28 26368
59 10 2919
10378 35 21080
6078 23 9124
14721 60 17499
1081 11 15723
13577 98 23076
10785 89 11360
2682 35 26535
24833 34 24966
325 19 16315
2240 45 9030
6460 72 8744
8653 30 9859
1666 41 24084
1382 96 19622
3826 39 21218
769 49 11435
116 63 19558
6981 4 20715
1275 90 26960
23197 22 26165
1644 65 6285
1826 95 15576
13985 40 15016
9384 52 11322
12536 45 21787
1314 90 3255
8309 44 22323
8620 2 15992
11637 20 24289
5160 30 5247
15790 73 27423
2684 47 9980
10560 56 17627
24378 68 27458
22417 3 23197
5526 43 9774
8707 10 17829
2065 68 5038
1228 54 10113
16186 86 18575
25084 48 29944
68 29 8090
17970 46 26424
854 7 9726
3304 65 3831
15411 12 27022
7740 50 29741
4945 79 16551
12999 25 22011
3550 94 8662
713 54 28444
22537 62 26750
15469 86 23448
2684 52 26289
13395 61 27078
2249 65 26101
452 44 2748
8589 34 22032
7931 17 25342
18991 17 24070
6502 76 29200
8612 13 11067
1504 83 13194
392 63 1788
2160 63 23882
16550 41 29602
776 29 899
1186 38 15432
13296 98 27718
3933 81 12339
2266 99 9142
7946 12 9041
2561 77 14980
2687 31 28687
3023 46 20639
3510 46 16870
9869 39 10839
6603 74 29833
1931 75 12896
1004 10 22458
3854 95 22970
8015 75 29402
5831 88 23903
15556 25 29574
6729 80 17096
8249 1 23650
14898 8 20751
8079 33 13465
1388 24 8717
12236 42 21507
12536 69 18350
12235 52 24690
2770 20 19416
816 55 2220
8821 89 17615
22823 25 26369
7371 2 10082
2705 23 28000
8369 12 9223
4355 60 15454
15562 3 17953
8207 4 15554
849 22 15632
7688 54 20898
1485 34 13834
6642 41 26510
17966 13 18366
4537 20 7806
16242 66 20439
7138 18 28232
478 81 27483
14422 61 25703
4674 21 14764
3031 36 4086
1597 65 7653
2158 34 22169
1918 56 10063
4499 34 16726
4479 42 16215
13738 71 17535
8955 64 14009
28229 50 28699
79 80 20444
3433 12 25493
10248 34 21811
17417 7 18916
1637 68 10650
13293 83 25983
12235 28 18735
1721 63 3005
3828 93 29235
4911 62 19847
20424 41 23008
8410 93 9484
6709 91 7071
3320 13 24310
12986 12 21850
1552 52 13224
1016 34 21917
8123 97 23593
4688 21 22816
2061 3 13844
3670 56 18454
18494 89 27946
9593 76 15213
64 41 14005
1459 84 17410
24073 73 25079
442 95 23226
12022 88 23674
126 93 9098
9732 42 14882
2389 48 21298
18139 93 18318
1632 100 22925
8082 92 12400
8142 94 20827
516 62 4734
1019 10 19059
7505 22 19517
2374 61 15722
8622 36 10020
4403 19 6296
28245 8 29157
5998 89 6574
21384 89 25359
24431 82 24513
11661 20 20750
3690 47 15718
7393 41 25543
2540 20 22837
1346 65 13186
20013 1 25210
1320 80 18578
9443 50 16906
20 8 14866
2709 65 10318
1593 24 9601
15449 8 22466
14836 11 22024
715 18 29228
3047 40 6765
13 4 25877
2958 69 15882
10737 87 17803
14903 36 29770
13404 44 27572
17293 98 24284
3434 13 26932
21472 21 25404
14651 73 20873
1538 47 8447
74 10 21173
14577 60 17388
2462 55 23501
4736 22 22688
6395 72 21030
14938 74 21393
2878 31 19937
2633 17 19235
2047 100 10740
17854 100 20730
3047 31 15967
7771 15 21674
18837 51 24726
15164 13 22769
7938 13 12301
10024 38 26739
7705 39 15320
2480 84 24790
17290 70 23783
15778 15 23903
3143 5 6710
26004 2 27880
7618 46 25650
9772 5 16149
14255 75 14514
21331 45 22163
28353 10 28641
11576 80 14969
9037 75 17517
1084 86 14784
4998 13 28826
1351 67 11562
8610 27 24365
6785 50 21256
650 90 3831
17709 97 19259
823 20 1038
2098 43 11838
10621 30 20460
59 78 20033
801 93 16531
1167 22 18737
2622 69 24773
1327 88 2819
7707 56 23243
22882 4 28031
5067 40 23021
2349 35 26057
17298 73 25289
1573 16 2311
580 24 15685
599 11 12431
2397 83 5031
7938 10 16167
3750 73 10263
17308 94 21462
14965 7 25189
24285 50 25577
13327 69 29055
12942 84 29546
9690 6 28213
24135 84 26878
16085 79 21114
2087 30 2377
17452 10 19970
5307 56 16217
6308 33 8295
7777 55 12236
2041 43 17625
3648 23 22971
16340 39 27022
22449 44 24588
11196 3 26870
19092 30 19816
5220 9 23632
24417 96 29683
15310 12 26171
4826 61 23513
5356 8 14157
12078 30 15839
20738 49 24859
1832 78 17374
5415 69 24873
7035 42 9159
9782 38 26247
5995 48 29754
4358 100 25383
25565 64 29695
2730 17 10004
1763 71 29167
20629 1 24575
16094 51 22044
4304 94 5975
12678 26 13419
3363 23 22375
16818 52 20897
3140 51 16126
13631 27 21270
2285 65 17838
3533 43 7380
15167 36 27386
2831 53 26993
3484 61 26172
1681 17 9840
6336 37 29035
24081 51 28672
14272 82 22336
3239 49 8246
2310 90 13553
14374 19 24505
3300 19 13094
1201 99 19639
15117 83 26744
25848 81 28681
308 33 8629
9643 5 10192
21195 79 29742
12811 86 14738
6107 31 17544
9071 94 24507
106 30 5205
1303 29 14348
17181 11 27638
1474 46 25705
799 60 2218
640 76 8226
13398 73 27793
15278 10 20959
11648 44 24810
17611 74 29186
518 15 27887
7484 73 21597
6940 59 10143
24750 95 25172
9660 89 11723
21673 74 23822
7505 4 17450
1340 47 18900
6445 75 10048
9765 78 29533
904 49 9907
11398 6 13414
3359 51 21294
22650 24 23880
16011 64 23142
2433 54 24666
19501 69 21610
1620 11 14364
11634 9 14525
34 97 19994
6035 31 6513
21562 65 25150
18111 74 29084
19247 97 24557
415 57 10318
18523 9 25904
1055 76 1445
22480 7 27340
16717 52 22617
2076 17 11362
259 1 19499
8392 54 21706
486 18 5239
12932 50 17758
14581 33 25249
2560 38 6949
8448 17 17884
20608 82 29341
26556 10 27215
6757 32 8813
22717 92 22890
404 53 12980
6801 59 21205
10078 97 18732
7029 29 7210
5103 93 29133
22359 26 27862
11261 84 24301
4702 45 15640
28653 63 29973
11223 28 18724
334 44 12212
589 24 22004
15214 4 16514
11030 97 21694
270 26 1152
22991 66 24352
10905 67 19883
13129 73 27166
24723 70 26660
9948 91 12041
19618 19 23860
8466 80 24511
11240 63 14283
12980 76 20137
2238 68 3492
12650 67 15996
14622 63 15526
17968 47 28609
4697 12 5048
13519 76 28258
165 91 15403
4237 19 27208
1455 93 5596
1598 35 2345
6870 51 22264
6756 6 28206
11267 57 15664
21549 57 22936
5982 33 28660
26862 74 29688
18825 96 25049
14048 53 27607
16660 42 26904
10431 56 13770
2330 24 28742
8401 71 25656
5828 4 22962
12684 63 29328
1152 62 7755
10301 75 23399
6900 55 25663
13410 91 25393
5017 64 28978
3176 22 27584
392 59 2718
3784 8 26727
1376 53 14408
1023 85 29103
9492 97 12984
1959 36 22045
17740 23 27982
969 3 11739
26204 4 28187
4319 43 11498
274 24 23498
499 32 4771
4388 30 10859
639 88 28725
17468 10 29248
10967 93 26904
1856 89 5890
3133 29 20007
1409 76 20473
11947 4 20848
12358 72 18507
13427 27 27481
6958 75 14581
9978 26 15473
2318 22 19009
1680 70 7728
7863 85 15636
3098 65 5315
22257 1 25972
1428 73 29838
859 72 7410
18668 12 19415
13818 29 27180
11016 42 13294
1669 82 28454
12786 40 28898
11360 92 21084
6284 5 17952
6634 91 29562
65 97 22376
13779 19 14973
5751 48 6766
4899 100 8234
6129 34 26719
15063 87 20295
1729 68 2834
838 99 10158
2267 89 19888
8855 10 19261
4132 96 5226
11840 98 14696
8356 8 10896
2767 14 8620
3613 10 9213
15479 70 23697
11399 44 21603
6631 28 28716
1745 88 17399
328 31 691
10514 91 21470
46 32 27861
951 77 24596
2590 43 4368
10042 59 21967
9675 12 20386
13405 43 14642
26173 41 26786
18443 64 26106
13630 21 26434
14629 60 27250
901 95 1958
