600
21246 10 21784
732 9 6324
7614 50 29775
3610 97 29300
14320 83 29917
21226 55 21869
8556 92 25942
16505 46 29377
27652 36 29683
644 86 22264
14202 83 24923
6680 16 20641
4430 32 29121
29110 32 29479
2398 23 23089
3337 57 12766
4749 21 22353
18337 49 19517
5283 56 24177
10549 59 23531
476 91 26712
9010 73 23826
13591 91 26349
11966 31 16472
5314 25 8582
1290 22 7127
12152 24 26567
8525 99 20040
798 100 23582
317 56 11638
526 12 27613
17172 37 26200
21424 30 29014
480 70 24737
2077 91 26952
10768 38 15428
604 72 9794
9128 62 23990
5736 75 9054
11086 100 18647
2949 60 24549
4059 87 11142
14280 44 20545
17765 100 27291
2073 81 23967
11890 83 16302
10069 99 23597
4566 1 20620
907 3 6529
582 74 17978
4516 65 25117
1555 99 21282
2077 34 18773
18585 48 25962
5749 60 11042
14189 5 17182
2612 18 5023
6368 85 29397
13970 69 28603
2553 28 11320
11838 19 25060
19336 50 26261
1193 72 14277
11612 10 13314
11490 98 25167
14594 15 26764
8434 41 13811
13952 57 26780
4120 42 10777
11882 69 28875
1585 63 21167
4600 100 23344
2765 20 11827
13108 24 25707
142 79 13117
4034 67 24653
7449 31 8399
22726 94 28569
17189 11 18823
17607 13 18362
2634 20 16253
12728 19 17405
2592 100 5991
3159 77 19793
9505 16 15433
21701 27 22835
20619 50 24877
25125 9 29187
14842 88 19963
185 66 1522
11838 33 15996
2323 61 6080
1277 79 11901
10482 78 19228
559 35 1207
20891 42 27595
8349 29 17496
9943 49 21479
13363 92 29783
792 52 28664
206 90 27167
23803 23 28533
2678 9 23424
2506 13 3597
8065 59 29826
1003 30 8803
14417 71 23731
952 91 21642
2248 56 4043
2226 2 2358
7858 42 26882
19748 32 23833
1749 27 21175
2285 21 14025
4172 53 12706
3711 86 10166
104 91 4915
4997 5 21134
4507 82 17042
1798 12 8462
11476 16 18338
8448 87 11324
2481 6 6935
7932 33 16288
1367 10 1954
14094 69 18704
1896 72 3511
971 82 2130
1519 47 25873
3715 28 23591
3143 21 25701
9649 81 20678
743 14 5900
15565 37 15608
9813 52 21462
23603 5 28356
6323 79 23035
78 24 26435
11097 34 12205
9679 86 19068
22499 40 26477
3024 54 24833
20814 26 25065
2567 14 14208
214 13 26929
1124 38 13581
15253 40 28240
14227 93 18673
2680 21 14221
11402 83 22173
13473 64 23689
21646 67 23211
11287 29 17093
10231 39 23320
8640 51 12143
18278 32 28156
15844 10 19740
1899 48 19553
1179 43 20153
203 69 19282
1341 97 9807
13546 27 29276
3363 58 19009
10711 16 12649
7219 27 13164
9215 92 10504
2586 33 16091
20222 1 23479
17642 88 26839
628 14 20049
1491 88 26710
774 12 27898
2955 86 18317
420 12 7917
7954 3 24628
2122 30 22826
3078 100 10896
4908 83 26797
7464 54 11033
10554 10 29536
5067 72 5832
6228 65 9993
22334 62 25885
1476 2 27666
8190 22 19040
9733 41 28617
4317 24 7276
7656 70 25421
1899 4 8954
10129 68 17782
919 1 11060
528 94 15443
23505 83 26658
312 80 1095
6197 28 14765
1196 14 16935
22079 23 24072
5449 92 18016
2314 2 2439
24353 47 24663
7787 16 29059
5050 19 6862
18569 63 28512
23505 86 27719
1232 60 28872
5267 14 27682
6613 25 13445
15891 30 18726
18307 37 24605
12866 58 26356
9865 43 17111
5570 77 9544
5434 50 7118
1144 34 29429
2417 71 2640
1104 8 15581
8531 38 20033
292 18 24584
5143 39 15737
4241 93 17550
13492 53 16649
63 7 8874
1544 36 23445
15506 100 25002
1794 18 6133
24467 38 28315
6371 54 24987
1467 76 18469
17821 37 23070
2865 98 4140
11664 60 22125
6112 74 10336
1855 77 3584
19715 23 22434
12433 36 19683
7817 89 13932
235 84 9728
19474 81 24708
1363 7 22246
648 75 12044
3995 2 19725
5519 28 14682
18420 68 23216
2500 99 9259
1844 97 23445
7361 53 11606
7787 98 17892
1988 37 2746
9763 5 9841
23765 53 28017
6037 36 25612
24433 90 27655
3267 80 6819
4857 11 10309
9355 80 24598
2106 4 23926
282 33 18915
3787 39 20580
13119 15 17172
1419 95 6727
14806 64 27110
1521 96 1985
2723 32 8596
10294 69 22435
96 99 17167
12100 78 14229
1986 25 2803
19088 89 27363
8879 63 22090
4062 12 17745
1088 3 1996
16277 34 21995
7037 49 28729
1747 17 16552
2457 72 14388
11852 68 18451
789 90 6892
2274 86 22701
1576 54 11510
833 66 29682
738 5 26299
2292 25 27775
1573 98 7009
11828 15 24722
6134 8 11932
530 8 29342
13252 54 28548
2230 22 23091
3690 94 20344
3592 68 18176
2987 53 4823
5296 24 7966
27561 19 29242
19456 23 22137
19296 5 22390
11396 45 17676
10111 7 28517
2138 47 9864
2040 48 24033
11035 23 14616
19229 77 19393
13589 23 23391
5018 19 25707
21233 100 27694
8007 40 14117
1590 46 15373
1232 82 18523
17605 82 21395
567 47 11066
2509 14 10589
2248 27 13226
11643 8 19986
3921 63 22407
21668 33 26021
20184 88 20412
18536 99 25884
7940 12 8177
7205 23 29615
12260 51 23511
98 45 28704
126 14 6664
9076 32 10258
14706 79 14842
13999 85 22719
19658 53 27160
18072 1 24090
13285 68 25370
948 41 3395
215 15 19008
5424 77 15194
18193 96 27563
10878 43 12485
14451 26 15857
1911 5 14249
4118 51 8179
737 5 15584
6407 46 16540
21242 76 28043
19191 34 21637
13060 91 26091
11885 84 25132
12363 66 22466
9272 93 13442
15462 86 17444
5592 70 10784
8078 82 19439
3708 59 18885
13848 7 27436
27090 89 27642
11547 94 17933
23327 38 28296
7254 13 18592
17515 99 26053
522 38 15438
10918 100 17230
20845 20 25156
13455 41 26305
3002 60 15423
515 66 7285
7155 50 19443
9266 32 18742
5561 59 9596
16467 63 19895
4287 38 17740
8517 22 20872
26725 97 27255
13691 1 20271
22529 64 23819
2748 29 12958
10910 56 15410
3422 93 14375
346 15 23706
13560 22 17142
3155 85 20642
3950 95 12140
12174 52 13110
1370 13 13514
2872 22 24948
22786 80 25834
12859 77 13489
15491 71 19236
61 44 10015
11562 81 16816
540 78 18307
16930 76 24591
15716 54 21012
24088 74 29512
22076 35 28012
7741 32 20476
4882 63 15120
5904 39 29840
7392 7 19982
6018 62 18665
12523 49 14170
5313 80 26241
4890 97 29552
5802 2 11373
14302 75 18166
11943 2 22425
2468 8 15530
2074 85 5963
2164 16 26471
7660 71 10822
2403 6 18051
4221 25 7077
15383 43 20011
9753 57 10616
21204 78 24548
4855 95 28040
3295 42 8336
2745 26 22175
4482 37 13350
3025 64 7212
2197 12 3913
3800 59 26026
22548 86 26551
11984 33 27531
1529 47 4162
3603 57 18311
15171 85 29967
2618 31 8277
10205 82 17319
151 44 22313
4773 57 28545
3543 90 12168
2291 75 26256
901 73 26129
22 31 16374
1559 27 1604
6578 44 7728
11711 38 14437
21463 78 29812
2988 55 18352
2039 34 8162
18557 14 26749
5885 10 20647
17844 33 23812
2109 82 5700
185 55 26585
1778 29 19217
12607 92 15493
817 26 27296
5221 96 21500
11848 45 14166
1936 3 5286
5868 57 9714
5315 58 6098
517 23 7169
12771 21 14060
11449 20 21920
13417 70 16435
1487 86 4257
9455 46 26918
2417 47 13261
2498 36 4680
12303 35 15779
6445 94 11275
2288 13 3301
587 13 14433
26912 4 29260
1398 73 3624
3973 56 27704
10841 88 11797
2769 43 10330
5652 24 18662
2523 90 19507
4831 18 19335
17640 3 28261
2447 8 20484
1538 5 28865
7204 68 7697
16522 68 20012
8784 8 13961
7178 100 14975
549 71 23083
11787 45 17708
6552 14 27570
7115 42 18745
5802 36 11246
6721 63 27261
7663 45 26306
17114 72 28068
2380 1 16191
22118 32 24944
2773 4 29240
4435 85 24048
2589 60 18263
6436 54 22517
20258 40 28883
21007 82 29908
14300 33 28624
1294 90 26601
19174 1 21538
10044 4 20954
7446 58 26442
6189 66 23428
1227 30 10919
4265 52 5694
1140 37 7396
3007 47 14691
1494 5 19404
95 59 24517
5290 36 6379
14631 45 21786
24239 73 27623
7356 33 25774
345 12 17728
25291 74 29119
23122 9 29457
14197 17 18589
2471 11 4733
5078 9 9416
7285 21 14509
290 80 21124
1390 98 1866
22559 98 26408
3671 92 12736
13334 98 28101
865 22 13214
15285 58 27633
28368 29 29670
7865 95 15373
12683 97 23892
1605 49 23099
13070 98 17678
9766 22 20215
2357 84 3225
19672 45 21287
16619 98 18945
11613 56 28594
4271 59 27804
14242 71 26587
8136 12 12847
22050 8 22209
347 60 1378
2049 86 27558
8460 10 19046
18619 67 19680
1889 52 13282
7452 41 8054
17591 3 28681
13997 80 19621
7230 10 10463
7683 43 11123
6246 62 21674
241 49 24165
161 67 4094
1093 47 22773
20814 15 24234
2452 10 11658
4767 99 23746
7347 47 28431
16308 66 27826
1399 30 3980
22835 8 23292
3351 27 17162
13452 74 23049
1695 53 23485
6030 48 25281
8498 94 29834
534 94 4217
6268 29 11428
8469 7 15742
8226 81 21415
727 15 7332
4189 61 13037
17589 39 19839
8262 24 23588
3378 41 11354
3763 100 24151
2253 32 2987
7690 94 11364
14077 86 26018
15901 100 22900
26278 1 26663
413 53 17812
2309 81 20476
4786 16 19978
5975 50 21435
3130 6 19469
21105 2 25450
1971 19 21354
8910 58 13043
466 29 9929
6614 9 11847
5602 30 8401
10669 62 20752
1602 10 28663
6861 87 26956
20880 23 21447
425 47 13275
6012 58 19560
7805 93 21905
18886 40 19601
19242 40 23768
1742 34 13659
667 33 18701
1675 46 23665
1410 92 10116
6618 70 25410
