600
1084 15 13468
1855 36 16255
23794 68 29796
5232 3 9511
4743 18 13054
2688 48 20974
2500 83 13441
19263 20 25723
3458 77 4430
934 26 2188
493 81 14784
2405 42 29338
11613 20 20500
21671 92 24833
2161 10 23511
26422 52 26992
5625 25 13771
10168 22 11310
1134 23 18123
13310 23 27366
20280 42 22645
488 36 20887
2258 23 18357
715 79 14096
14471 36 14644
1646 7 3965
9156 10 17426
20764 24 26610
473 82 26218
3707 1 25267
509 99 21665
6683 47 26965
9124 19 13168
24752 97 28932
794 42 24141
24358 19 27727
16561 12 19713
8473 51 11067
4288 34 13222
11630 65 15577
7285 90 24159
2239 9 2842
7413 18 20036
11479 100 16285
5941 19 14038
1090 2 4369
5388 48 23718
1385 40 5308
9022 23 10389
2281 31 17362
19562 34 26487
6659 14 16480
78 88 29728
16889 65 29642
1234 69 27396
1945 98 13687
10473 80 15577
488 54 15867
9697 60 24413
16464 46 29993
8690 29 21570
4498 53 22625
1352 19 27030
2587 96 6219
19198 1 25371
2221 18 5104
9745 45 25338
9021 93 10223
5071 42 9265
22117 91 24334
22018 38 23355
20851 63 28736
3592 13 12983
2204 7 21459
19580 67 26551
5080 92 15149
4142 48 7665
1234 4 27599
8932 88 28187
561 67 21088
663 27 5206
4553 62 10619
9556 92 13442
14239 23 28563
11846 23 21264
4279 53 14211
1159 14 17229
4363 42 16916
7141 59 14451
4565 20 5123
1721 86 13719
29016 50 29833
5400 55 6932
2388 17 2980
6344 77 20111
16611 50 19976
4728 46 29840
10034 88 23363
15544 52 16125
8931 51 22318
3411 13 6677
2322 44 3203
15515 78 19123
1506 67 17989
325 52 22716
25049 70 29039
13201 41 26405
15449 43 24747
10236 4 28894
2101 43 29400
520 81 18233
2953 85 3863
1149 32 26998
961 14 27111
2013 75 3327
358 89 8909
11256 76 27424
559 75 7584
17448 37 25754
21133 100 29667
2588 80 11739
11356 85 18608
7286 73 24751
335 9 19020
19634 17 20964
14138 88 15787
4152 87 22959
991 28 23346
2397 22 3961
1695 84 29474
17133 39 23503
4952 39 6241
1269 58 24119
14386 8 17695
2289 82 11914
17680 14 28340
2319 2 4389
1775 42 10561
3197 71 26984
2559 38 11884
1787 94 15157
1719 11 14967
13520 7 26568
10145 30 14202
11816 21 26296
6026 70 22417
16672 51 28320
19681 8 28343
4755 6 21488
13909 33 17475
1978 57 18540
13065 75 15791
11987 74 14167
3008 96 29643
14670 24 25070
5625 77 27211
7656 67 17367
2688 11 19586
130 67 18763
18970 10 22677
10708 85 14452
3412 60 3978
346 63 26997
6920 74 8133
5422 47 5679
2367 35 21036
486 26 13485
19248 21 23275
990 13 7048
2040 86 14808
6181 99 22050
432 77 2733
18135 37 20899
2322 61 19922
446 53 19639
2370 83 11735
1623 35 18070
13067 35 22309
429 21 29564
11090 100 21187
14009 50 25776
12063 49 22196
14056 5 19509
17022 17 21004
1296 14 28848
21976 74 23511
16412 72 28155
1238 38 14236
16031 66 26624
2420 58 27043
10268 92 13010
2518 23 27752
16912 99 25596
13423 3 25260
18413 100 20451
1433 48 18884
1496 58 24643
1761 64 28810
7781 65 23897
10427 9 28636
14540 66 18159
2193 83 9891
19305 69 26120
12414 27 26081
4759 60 23956
17693 95 19748
2302 91 26598
2497 52 8703
5508 47 6733
1643 78 3538
5564 20 18734
236 27 1419
11019 79 17232
13386 8 15160
1282 35 26967
19006 79 27987
4375 56 21830
9554 74 13682
3236 77 8641
1606 26 15252
404 58 10115
788 51 20562
1212 87 28323
4002 53 14356
13693 42 29102
1416 36 26210
4617 98 15522
2429 52 27766
6216 20 10221
1830 94 10042
15229 63 17684
18951 82 24518
11490 70 18312
4959 7 13512
11111 45 22974
554 90 23050
669 52 8954
1716 26 20892
2939 11 23170
4629 86 10565
21965 11 29969
7967 62 10587
5535 17 14328
10823 41 22193
23907 97 26255
11370 17 26025
16745 82 22411
241 95 9438
1652 80 28304
16428 40 26443
1897 63 19866
511 65 29240
7847 92 28695
1318 48 11160
7340 61 26886
2827 9 17013
13048 7 21288
10089 86 19670
1844 15 23312
10788 55 26278
7396 76 23453
5717 83 13475
5057 21 25299
6420 45 27536
1861 12 12801
4172 12 16226
14594 9 24771
17126 47 21182
5973 80 27861
1308 64 15762
699 27 7226
4136 31 19563
4986 24 13437
15087 38 22568
22152 27 26859
8901 50 13326
16985 35 17047
18270 30 21220
3406 81 29871
16178 58 27109
14217 51 17481
4461 26 16956
10552 65 15475
14727 22 29427
16025 84 27154
2414 90 21450
2387 59 17867
1258 56 2006
13744 48 26847
12867 72 21423
5600 78 21486
11682 99 18072
15728 25 29532
136 26 1073
16189 98 24679
3495 89 19202
5503 6 12212
2622 74 13274
1998 48 2314
17185 19 24343
10521 1 11204
1760 47 18105
6059 83 24754
13217 79 28746
393 94 14855
11354 3 19027
3256 54 15094
2630 33 18981
9122 10 18024
18043 74 22616
1481 65 6865
2322 11 2362
6727 59 22174
176 33 6800
6344 33 24507
21937 10 24017
17458 57 17709
23604 27 28539
4941 28 28839
2436 78 16788
1634 16 13578
1964 95 11976
3397 46 9239
1213 95 27547
12215 32 26130
18722 65 23989
1840 39 10385
258 19 11034
17825 16 27073
6147 33 25138
8033 49 26697
16149 34 28003
9629 95 20817
5780 71 19431
10575 40 16753
9457 5 29055
24059 23 26715
21442 59 23125
567 4 11126
1394 61 17899
28137 20 28687
67 88 24086
8340 32 17010
2161 100 16397
21378 25 27156
9457 21 11109
279 69 23964
2664 10 4745
1585 32 13344
359 76 24211
760 94 24746
10245 74 16379
10763 71 19283
10407 20 18862
6434 18 27851
23271 10 25797
12054 74 18564
4304 25 26356
1696 60 9738
4724 51 26971
8722 14 14434
19877 58 28972
915 47 16886
505 89 15606
1677 12 22268
5266 39 10980
19957 45 29256
2015 85 23580
2636 26 11442
417 85 17429
550 45 11847
3613 88 4184
1961 21 14500
9861 27 23502
8774 90 17881
5815 77 29086
11665 84 17220
1571 16 23867
1723 2 2112
6467 89 10074
1130 63 19573
16978 16 29485
19862 69 29536
3337 72 9142
24051 67 24480
534 11 6368
985 37 5153
24809 2 26951
13746 10 19388
14982 42 22347
3709 53 28096
3430 28 8592
149 87 935
2377 59 4410
3 9 18700
1339 75 1729
14982 15 17731
5108 21 24880
13573 90 29824
6497 7 14561
12206 67 21930
6645 97 25023
15638 97 19338
2213 18 24381
10561 47 11963
12433 100 27636
15675 24 22481
23 2 9360
14094 93 18765
20044 8 29377
6942 28 23589
22918 84 25200
16228 25 27154
8007 38 26035
7576 80 11146
1040 8 13387
428 53 10770
15648 90 28958
1048 13 19335
17087 78 19609
394 6 13697
16745 68 26337
17300 74 29047
6316 15 11520
2734 95 12375
1717 61 29269
1405 64 25528
10748 26 11114
2215 18 9341
1589 20 29793
10492 6 22783
7769 29 8308
15241 6 27775
474 60 16817
2255 11 9766
22114 96 23113
5441 87 9554
15167 71 20905
1453 55 26763
6933 23 20094
208 42 22053
24510 89 26234
7713 96 15742
798 60 24790
867 70 7518
7473 31 19853
1052 66 11379
998 60 1157
13233 89 15264
394 9 26018
1241 83 16250
7768 45 9357
17913 86 27762
3055 22 9822
9296 24 20890
1828 9 14314
435 71 16711
12329 25 28776
8313 39 27588
17796 28 22834
69 81 2654
15620 1 25348
18611 65 24199
45 99 1716
1954 97 24650
948 60 23733
747 85 8798
1743 66 24655
21506 96 25328
2402 1 10610
13531 75 25724
2137 5 10992
12529 12 12790
13918 6 22786
9051 4 13010
9515 18 21835
18316 53 27791
1685 29 2292
1023 38 12434
3568 31 11134
1656 11 20299
19816 9 28259
26 37 2202
6150 54 18505
1519 74 7114
15535 76 28704
492 40 17235
12800 99 17935
324 11 4248
2667 22 24849
10585 19 11722
1559 63 6042
6950 61 25426
563 17 26571
8330 53 18419
10006 27 25512
7626 16 17856
9272 20 17805
1821 69 13049
17126 43 18855
312 74 19834
538 40 16128
4003 3 4339
18636 37 21517
14032 85 17059
2850 28 14271
4875 26 5144
8767 49 12488
11349 15 19839
1607 13 28699
2198 38 5332
18194 49 26272
13643 87 28200
1615 83 21519
8446 67 13160
1774 81 17186
15373 56 19174
21506 47 24871
25031 97 28079
14783 99 21642
2217 91 16367
15065 67 18947
8173 1 26048
5556 50 20886
19093 73 29700
9977 72 25442
2324 8 7932
13830 24 25061
23203 22 27913
1897 22 17582
2522 16 7152
13263 65 26470
12178 17 14634
7905 37 20923
8760 5 29788
1604 26 24552
3348 45 6040
44 87 13588
2498 51 6517
2454 34 2563
2947 92 26348
18620 48 26251
10128 25 20660
7505 39 23436
1908 82 26857
1857 67 27864
8019 100 11154
1069 49 1249
1079 82 10433
14694 80 16022
2964 18 22850
6538 30 14334
2315 67 7110
872 2 27042
13726 42 20751
17492 24 20438
11032 48 28023
540 71 24101
4558 28 12366
907 78 29492
5133 25 20428
16940 95 21677
11180 87 27615
6137 94 26858
1543 34 2028
18244 9 29249
3276 6 19632
14889 5 22568
6189 24 9126
19219 52 20050
3591 20 21840
9124 76 22245
939 94 19238
21328 51 28989
1698 82 27289
3503 93 20207
2284 62 2821
6915 36 11557
19043 53 25815
3947 28 11750
2060 42 8829
22323 60 26348
7724 27 13540
6438 22 27916
7302 38 19412
12516 40 26670
22781 76 23029
26415 50 29027
431 26 18550
2031 43 26886
1701 6 14473
7885 81 20924
11711 5 20124
11198 95 25971
1240 25 15387
8924 81 25614
1109 75 12033
3846 14 14358
141 20 7140
7081 42 11296
