400
3248 25 6615
1112 41 16264
2210 46 9057
2749 14 12761
3160 13 11504
4530 20 12336
8797 89 15620
2971 18 14724
10843 24 12307
50 7 3374
2686 15 12153
6986 24 17667
5639 88 15521
1529 23 13136
985 83 17092
678 12 11272
6625 88 10022
7624 44 13012
4155 97 9473
6659 95 9470
3586 97 14395
625 28 8653
1060 57 8781
618 32 11832
1152 71 18079
5684 88 7562
5836 73 7460
1754 19 17242
18026 3 19053
4096 36 6909
723 85 4726
3507 72 12317
14318 41 14597
6342 88 11798
15573 38 18544
3696 60 5882
2902 1 16658
16006 61 18902
319 70 11563
2738 11 15934
1129 86 12372
8856 13 17228
8822 27 12221
4396 83 13615
7086 47 8553
11516 69 18148
6723 2 13171
10312 38 18544
6032 48 9143
79 78 12866
1967 4 18925
14335 93 18115
2059 87 12105
3843 18 10463
11236 57 17287
3745 10 11056
5460 27 17741
3874 26 11073
1574 30 5524
6206 100 9359
1612 54 9834
1203 63 2839
202 57 4668
5561 51 18590
834 92 8531
398 10 15135
1521 42 10909
5888 45 11065
359 12 13421
5301 29 6989
5825 22 14488
780 88 9989
10713 80 11559
9584 76 16590
466 23 8454
16227 100 18114
5247 93 5436
1212 84 12636
4663 64 6990
1540 17 14086
121 71 18934
931 18 4094
9283 35 19399
6657 33 17110
2556 17 9440
1602 99 5830
1965 90 9276
6407 23 13053
4001 97 4274
8095 81 11704
1640 8 3083
6553 26 10027
2509 24 5202
3335 41 7992
2805 39 10364
5076 45 18559
5592 94 11496
3384 51 16178
9075 34 15504
11589 85 14498
441 95 7838
10651 73 17348
2864 57 3578
5979 83 9955
764 28 4950
576 48 7861
3319 17 4229
11199 93 11713
1979 97 13452
1309 63 10086
11397 77 14203
2390 73 5069
4389 43 12539
1400 15 6366
1146 56 6413
12678 43 15186
3701 20 19731
14895 53 19552
855 44 17538
18247 23 18849
3440 79 11956
10635 65 16725
4771 18 8086
5119 3 6877
9872 66 10587
184 14 11692
1897 28 2242
3904 90 16727
7079 48 14861
4874 26 9907
6232 56 10373
2360 86 4498
1906 43 16498
3782 12 4512
14203 100 17515
8193 51 12636
64 53 3347
1274 2 3836
9971 28 14193
1314 54 19725
952 54 12675
11558 99 12491
4962 91 18033
1259 42 16134
9155 30 11051
7862 68 10121
6511 39 7135
873 28 1135
7415 75 12228
2815 94 4299
9231 60 10375
2435 12 14921
716 22 4838
7265 61 18104
3586 48 19244
3579 29 9660
10625 81 16667
662 3 7721
4047 37 13357
5397 6 13575
3901 92 6152
1811 33 5535
1140 97 10421
12592 34 16831
915 23 3186
5060 83 14876
13995 80 14439
2074 75 11359
10339 16 12620
1693 41 19641
8090 93 15083
625 33 6600
10918 55 18300
4141 89 13537
1555 37 19790
3058 26 4894
1860 31 12569
1214 39 4032
11570 87 12230
1946 68 11417
767 77 8040
2567 5 4046
1588 95 5228
580 76 3255
2524 98 5818
12637 28 18357
2999 1 16043
4001 26 11808
420 80 9727
1444 59 5860
1654 61 15240
1922 70 8535
9993 4 15116
7658 37 9261
11450 21 18663
3271 57 10171
10305 34 16611
10632 56 13787
8471 70 11011
6217 54 10634
4942 38 12229
2034 99 2689
814 17 8914
15072 46 15546
9339 49 13264
4386 29 11218
8339 13 8372
6438 47 16271
2208 79 3004
5416 69 10435
2126 90 9960
3172 19 5021
1026 42 10166
7285 35 11015
500 2 6746
7607 3 19843
6984 49 13593
2298 1 5165
7740 86 19282
24 7 17342
6998 61 7080
6199 45 6737
3612 67 14620
3888 92 4638
976 16 6664
14061 81 19674
12283 8 13687
7329 73 7889
2979 45 13392
8320 25 12506
4936 67 5276
3446 40 7098
3495 14 10832
3724 33 16161
10254 62 17394
7998 20 18251
563 41 13881
7374 69 17192
69 25 1897
6141 50 8439
3074 33 7114
15735 95 19958
4867 10 12476
446 98 3430
4808 70 9879
4363 52 19632
11985 16 16458
3631 90 6994
9308 86 15314
3593 67 5232
447 100 13357
11986 19 13542
1822 8 2754
2598 27 19770
6264 36 15518
14245 14 17438
6269 26 19115
5998 46 14829
10642 31 12998
8590 96 8947
291 45 1482
7293 50 8716
5633 40 14891
7832 6 16763
9348 56 10952
4968 85 13951
15709 85 17064
3058 96 10188
8268 67 14744
232 28 1705
3054 62 9056
8186 9 9629
7256 13 10095
6382 79 9826
2670 25 3127
5912 42 12040
18467 90 19766
3343 75 4798
2262 69 8135
488 20 16859
2563 24 14948
130 36 3211
5297 60 12678
998 95 8979
6486 88 15738
9452 75 12441
3109 36 6842
8166 32 14498
16852 62 18516
7188 2 14194
12017 18 19626
9622 14 14439
483 57 18368
4641 64 12471
4492 56 12067
7625 87 12025
3072 72 5566
492 51 9116
4821 9 15682
5244 83 6767
10430 55 15641
2909 43 15777
11150 33 15478
1675 7 7369
2544 96 5630
10271 22 12615
9641 60 13229
6937 16 15664
3828 95 6842
5650 39 12109
4216 53 6311
417 4 2490
82 23 10930
2707 24 12664
4517 49 10115
4503 54 11716
1101 6 10347
5996 35 15469
1171 100 8006
7932 37 16825
2510 52 9453
6282 81 11149
474 94 6155
4303 23 11824
6257 82 10558
329 33 2002
11231 61 17405
4543 68 6285
7445 18 13699
1583 56 9536
1575 46 1979
4446 19 6020
2014 1 18507
5760 73 16019
11804 22 14252
12052 38 16426
2759 52 4062
73 1 2688
2015 20 18668
7989 93 12699
7612 90 15740
9824 15 11196
9665 46 16245
2598 48 6428
6076 38 11916
1763 68 13293
5683 74 11047
5866 44 8982
4705 47 10967
6671 17 7312
14374 95 19262
8494 89 14455
2366 61 6828
2477 78 11993
29 50 9107
2228 18 4445
864 76 11817
7629 91 8431
1803 10 19179
4480 4 5515
6465 85 18732
1263 6 1714
17589 88 18029
10029 54 12331
87 2 9923
10755 18 14893
686 3 778
15699 91 18226
1257 48 11834
4836 24 7415
944 35 17065
4411 57 11262
9393 65 12686
3968 47 6711
3134 74 12020
4478 74 5370
5734 75 12059
2018 64 4766
5482 23 19049
1759 5 16573
6448 33 17807
6209 99 18311
6063 63 16063
5609 25 13295
4106 45 5433
18547 2 19734
3453 75 8940
2644 44 6351
1746 60 6665
5987 80 9252
4378 80 16327
216 40 3243
6034 12 11472
3813 32 18207
6741 73 9750
7500 44 9026
3100 79 19453
3482 85 8985
4319 18 10624
3235 28 17383
