400
1432 85 2115
874 84 19536
3347 79 14733
4206 25 4625
5318 48 7353
4311 43 16737
2227 15 17125
6207 85 10605
5769 62 9058
9717 14 11920
3614 11 16378
10481 11 12186
11819 60 12630
1028 66 18567
3089 66 8513
7974 63 12043
8430 87 11939
2276 44 10444
1681 94 16909
10825 57 18431
15551 56 16279
3402 10 3612
1859 6 8808
9658 89 17890
1981 16 13839
414 64 9897
31 38 19552
166 13 3742
460 38 2847
5258 75 7802
1268 53 6804
9671 45 12830
5471 34 15795
7299 68 19668
3257 67 18754
5106 42 10848
7690 41 18159
1596 2 12687
7248 13 10949
8547 52 13089
8612 91 14378
1083 98 5294
8436 48 9969
750 28 6780
10600 93 12360
3663 10 9224
10058 10 10893
4292 35 17873
13681 16 19181
3468 25 3624
1709 52 3738
8113 37 11803
9161 8 12626
5155 99 17701
6207 17 15973
9978 9 10661
5610 10 16799
8165 8 19155
322 85 4792
3173 21 8415
1 64 9622
3848 44 8062
1470 42 2368
4350 76 6705
3036 9 10112
102 23 3330
838 20 2091
2805 16 7771
8704 86 11698
1173 65 13838
41 8 10454
7044 35 14060
5377 28 11060
4113 31 15084
9331 4 9781
2172 11 11665
6268 83 11355
7030 97 13346
1039 64 3991
298 11 4895
7557 78 9458
2270 19 16039
1300 66 16860
10098 28 17363
3567 93 7841
1580 24 9571
5938 81 8750
12705 72 17019
3460 71 6529
9422 12 12113
2386 73 15562
17652 28 17965
8488 31 18438
10017 6 17815
2309 24 7638
6460 27 14886
14091 93 18884
184 95 8071
4236 6 12158
4063 47 13751
1305 75 8164
1318 73 5948
1004 1 9924
9925 92 11507
2959 11 7600
9634 26 12242
3131 51 16008
7105 28 8333
2 32 19479
9210 13 10942
5904 5 12317
4464 98 16429
10186 46 12151
2290 94 11816
1029 47 11723
4774 86 10180
1468 25 7120
7358 81 9210
3798 4 11040
879 79 12276
5810 6 12277
8403 35 9046
5656 78 19825
12699 65 15527
12652 25 19730
2145 59 6762
10583 22 13449
1508 34 3600
4726 9 6389
4907 77 13093
6850 99 7258
5894 74 6099
3735 31 4787
6154 59 8218
2737 66 2862
2941 65 6327
9559 7 15470
4295 68 7401
5639 41 5693
4832 82 10531
7401 52 12231
16819 93 19236
9144 33 16579
943 15 4340
10695 45 13823
3802 51 11394
5860 10 7991
12396 90 14405
3145 93 3507
6604 86 19442
11590 46 16133
2007 10 4865
4062 32 12259
11290 43 16276
10993 84 12460
10328 57 14539
429 50 12581
274 89 5560
9238 37 18026
49 63 1045
2928 34 5191
7322 5 14195
10315 30 10992
2411 4 13534
5717 45 7147
2381 59 8965
11651 4 14377
741 4 11089
589 30 5060
1276 40 18968
8984 19 10544
12222 10 12392
17970 51 18980
1891 66 9810
3095 87 4186
9494 13 15682
1283 9 12911
11099 1 12325
7767 55 17086
6339 9 7962
5147 15 10598
4165 37 12169
956 22 14477
1928 60 2947
10156 51 19387
12104 29 15844
8387 11 9848
1262 45 3161
4296 65 7250
3045 97 8593
10735 1 17686
5616 28 11081
7363 54 11685
636 26 9689
12097 90 14353
847 1 15024
2609 35 7930
803 4 13532
658 9 6634
2586 13 12661
2222 12 9920
8059 98 13015
11115 74 19422
8586 41 11848
3774 22 10643
11973 44 15684
7179 75 16007
651 38 11959
3399 22 10498
5391 38 13341
10695 68 12017
946 34 5191
3530 46 8648
43 38 3143
8287 52 9125
2493 5 10868
13547 77 15086
6853 58 12051
7713 40 13327
11353 44 18475
4120 91 18524
11609 87 11758
2822 87 15293
4861 22 17155
1026 83 13166
11414 78 13671
1332 18 7885
10663 66 11142
2859 1 13838
475 48 14628
6830 96 10117
6105 4 19004
1959 56 6266
143 69 10627
11883 46 12709
17831 2 19773
9436 71 15501
12294 44 18845
814 91 9204
179 25 14906
7800 91 19523
754 28 10190
1196 17 1857
12008 71 14232
107 56 12027
3818 59 12132
10453 21 12138
9407 80 12984
866 30 3709
2601 76 4278
212 14 14023
8325 77 10591
335 70 11789
7005 25 19251
10881 29 16212
2727 98 3525
5512 10 10593
3401 24 12630
6931 30 8478
3810 81 15103
1141 30 17029
4814 95 7028
1763 50 2893
11483 39 16318
13904 85 15232
11747 36 18979
9080 44 15086
3465 57 18389
10777 90 15526
6342 70 6841
7406 43 11574
3208 63 12008
1169 85 19198
660 23 1827
3109 62 3649
10472 36 16580
6825 46 16577
3045 81 5471
2148 100 9674
9519 36 15995
4010 56 13890
8271 36 18762
1476 79 8461
3849 10 6189
780 60 7118
16970 88 17803
892 37 12643
3981 88 7766
3884 22 11926
1560 58 11752
2071 39 18840
8348 73 13962
4901 96 13607
12655 92 14982
9306 59 11286
348 14 9734
1419 100 14155
11502 55 11561
1772 25 2559
15758 10 17381
283 23 14412
2611 5 4242
264 37 15055
3037 11 15946
11847 45 12921
675 20 10901
7144 78 9797
87 74 18530
4384 13 4981
757 57 5548
1978 62 3803
1511 73 9731
6034 69 11094
6789 10 12184
1346 31 15901
7656 76 12463
3236 36 6777
8734 14 19553
1662 94 17183
5651 17 5900
9068 25 9359
7412 62 9854
7929 73 19348
16099 68 16584
13459 43 16639
1626 41 9997
9081 39 12002
10467 62 13851
2835 56 6803
5608 47 12254
4807 76 6225
7400 80 16904
12049 62 19046
350 92 19031
2272 67 3808
1187 36 8385
3399 96 4768
2898 5 6257
2977 73 18821
8566 28 17391
1742 83 7423
194 10 6347
9452 30 12093
2075 53 4677
5431 76 9426
1002 91 12647
2630 87 16219
14996 90 16915
2401 5 7817
4549 48 8431
920 11 11473
10485 62 16647
185 74 6986
1885 39 4524
11376 18 14465
5448 17 15781
3026 34 3674
6507 61 16693
6353 47 7344
7072 72 12606
2814 12 2930
6428 63 15709
3325 15 3605
9078 83 10689
6613 90 19589
699 22 12783
1281 33 10942
1359 77 8166
2585 35 8781
1028 97 9862
352 17 3287
2103 24 6494
8002 47 18079
5389 49 18543
4763 49 18066
131 21 17242
16740 49 17553
9204 98 18970
2952 20 5635
1674 77 7921
4899 88 6043
5931 88 19529
4150 35 11184
846 96 6570
8071 1 11848
128 24 5840
1141 92 9562
7418 78 9073
4908 73 5300
8480 40 17277
15085 6 16162
1070 58 12379
2234 97 12116
2764 33 16288
6774 33 11845
3708 82 4752
1283 13 19365
6455 78 7317
850 84 3554
4283 39 6818
