400
1568 35 13655
5882 51 15580
930 8 10554
6802 60 9612
3112 53 13549
4193 16 7639
2342 4 4924
417 47 9225
3365 20 17109
3695 59 13407
15930 71 19342
5803 14 12738
229 38 1130
10887 73 19967
659 19 5188
5995 49 6463
4987 91 16076
5942 97 11734
7807 77 12188
10137 76 17115
1283 98 6890
1009 74 3444
9299 47 10659
4275 43 11583
1514 26 7704
6640 87 16977
1468 69 5596
8545 4 9340
3642 51 6425
1931 13 8567
2025 83 18287
2107 54 16937
5592 80 10828
8596 30 11188
4458 44 8090
9651 46 14363
4719 52 5711
5510 39 19143
4162 24 4348
724 52 13805
2250 71 13130
10720 81 14107
7172 44 16861
15309 79 19135
615 19 15033
5352 32 12461
2400 24 4426
2543 67 6991
4831 65 11419
7032 94 17640
1208 96 9027
2323 16 11732
10847 39 18584
7191 73 7708
8260 84 10294
666 25 12105
3235 50 13542
11756 57 19508
3226 98 7174
251 99 2415
4004 80 12442
3593 36 8880
5715 4 13818
10970 59 13307
385 32 6285
77 35 10015
4084 53 5590
2848 40 6830
10209 17 15464
4091 26 18977
6419 89 7361
2395 48 13823
312 57 12371
5818 15 10093
158 94 3365
389 71 14434
259 49 4950
792 69 13472
14162 78 14750
2965 45 9347
2331 10 19822
1405 32 2501
3305 7 12347
7333 61 13597
445 4 1653
4151 48 10264
9934 96 10873
10336 11 10352
3181 94 4626
3842 23 19505
15943 28 18478
44 65 8650
2082 56 11811
2234 8 9134
1489 54 15858
1564 62 6750
6267 90 17376
2864 34 3962
6630 75 18810
91 67 3578
6142 70 8922
211 99 2740
2659 4 4704
14142 35 15245
3710 11 9745
1963 31 3462
3 87 18251
9472 81 12122
816 46 1558
1892 79 4370
178 27 12239
10666 36 11665
10965 63 18166
10628 98 16261
2225 67 3480
1049 18 18687
7141 20 11639
779 4 14798
2920 70 7399
11333 73 12306
8152 8 10812
6772 2 10244
371 8 14698
3258 28 8594
877 79 8206
2789 12 14280
5389 10 11497
11889 22 16164
3522 89 19085
4703 42 5152
7162 52 8908
8018 16 10348
18176 53 19018
1405 73 7158
7666 52 16523
11191 9 11725
12597 59 18636
14736 3 15555
1909 69 14740
6327 32 7837
11438 6 13954
3994 63 12363
2952 18 4537
3231 55 11463
1177 19 10806
1724 66 4334
6998 79 8881
6875 28 9677
725 69 18989
11932 23 16695
19 44 4792
2433 65 10495
3202 11 4112
5056 90 11063
1231 85 11188
9328 74 14509
4311 75 11931
3278 99 6595
5884 1 7063
1713 58 4024
4165 2 8533
344 56 963
2337 3 15431
1882 75 6498
9797 72 9985
1708 23 10315
917 28 11732
1689 23 9933
6917 53 7759
3791 73 3904
11325 14 13185
11421 93 11527
4376 99 12469
489 83 9254
5559 91 10936
10549 32 12500
9726 60 16679
6846 6 9517
1845 99 7922
2361 19 19864
2296 89 5673
2692 1 7977
3021 96 12527
1154 58 7943
10425 32 12202
804 61 11791
11393 77 15007
16675 67 17751
7302 23 10065
2459 67 15942
9236 84 9322
3758 18 11379
7117 22 11102
2600 34 10959
10860 87 11992
4007 37 5809
1749 18 4785
2551 17 5306
4094 76 7261
1645 39 5992
366 28 14523
98 1 6672
2788 13 12000
9474 67 12338
11791 78 14730
3924 26 8596
5171 86 12674
2123 32 15843
3259 86 9802
265 16 17852
9006 66 9460
6393 12 10616
10351 31 17182
1626 29 2133
1636 42 4375
9414 99 17772
3735 36 6269
4290 83 13355
14961 2 18256
7292 6 19130
7561 65 10533
572 51 18318
1236 88 19503
212 81 5545
11164 89 12323
8831 38 9103
5529 10 6462
7323 54 17527
8619 34 14366
508 2 10063
2950 94 19480
4692 54 17226
2526 85 11082
935 73 3020
8511 13 8661
3658 54 16514
2481 75 3527
7918 11 9005
2452 12 15759
1841 61 3609
3410 3 10968
13877 35 14466
7544 93 11450
8121 39 19921
8044 95 18282
3998 50 4906
7996 32 16970
828 98 18193
379 62 13954
3106 53 17596
10189 2 12752
19439 80 19825
9640 96 11700
3359 66 3438
895 29 7495
9175 61 12082
7724 53 10787
8876 94 10765
422 95 10460
8002 59 10873
9438 21 19976
3544 68 15568
2745 44 8946
1863 15 7019
3065 87 6357
8339 96 14051
4391 67 7706
4658 27 10585
1607 75 3952
4679 71 18342
12064 18 12665
4813 40 5542
2913 50 7700
6000 48 7748
4219 55 12602
3056 88 10369
1176 57 3613
1051 68 9706
4018 8 9717
5784 74 11302
539 25 8247
1225 68 4084
10795 52 11306
3466 78 11020
8987 20 13758
8438 66 9120
1802 38 9727
8222 69 14868
3813 36 15418
2259 88 10891
4226 26 6024
945 88 7389
12076 62 16737
6709 37 18669
3064 9 4920
1391 27 10024
9962 92 19988
2879 9 7123
7029 26 13541
16571 67 18955
264 11 4703
903 92 14583
8102 84 12583
10860 30 12014
4478 58 9896
3550 77 5798
4605 13 8971
6383 38 18290
3186 1 11361
8837 47 10790
1282 37 7614
780 66 6792
1189 50 19978
2479 21 10230
1660 47 16216
2049 98 10580
7121 46 16411
4480 20 9135
1262 96 7715
1951 5 5225
9749 39 11129
9107 18 13507
11154 46 13735
5044 67 19557
7257 70 19676
2524 94 16909
8310 22 18547
570 70 18126
12088 100 19299
8389 18 10424
12808 30 15180
169 13 18274
10225 54 18286
8299 5 9870
4680 95 17498
6369 41 13051
7077 22 7990
11742 83 11836
7191 40 10849
4311 4 14891
4143 96 6397
4945 12 15922
10848 92 19795
5355 43 10351
8491 89 15644
4963 83 19658
2480 16 11696
3744 16 19472
7199 95 18953
3646 34 11690
9882 90 17817
10337 100 19965
600 20 11917
3375 1 13621
601 53 8320
7971 33 8258
7137 56 12261
1059 99 16502
4343 61 11821
980 85 9521
17277 18 18676
7488 42 9088
7027 28 16700
7618 49 19910
1529 96 3992
16 10 17889
7875 1 11360
6151 32 9964
6086 51 11630
7323 67 16545
2694 45 17913
1377 21 4164
9529 30 9676
2619 7 5729
10777 32 16518
6491 1 12083
2703 20 16598
10537 30 11275
2667 17 14930
2511 57 15631
2584 34 4073
1623 38 4710
2077 37 11049
10060 52 10515
7084 19 11214
9934 90 10100
10455 10 12733
6317 94 12546
6233 83 8968
8736 86 9050
6430 64 18752
3382 3 5439
10550 37 13035
13381 26 18013
8391 39 8563
9566 57 12637
8012 71 9435
271 71 10408
4969 15 15148
1 65 1466
