400
4866 42 10528
6021 24 17689
6572 95 9255
5297 31 17974
1313 5 11215
7301 91 9852
4509 92 14507
835 76 5617
12341 49 16960
7846 64 19128
11235 49 18148
4793 15 9702
565 76 10590
6285 60 8871
8049 42 9676
10857 39 11148
9844 43 19587
2076 49 16337
3094 55 19962
2407 62 18007
8506 62 15400
1399 30 4158
2648 62 8369
8570 93 16458
10637 6 12506
6268 28 9857
2353 48 4167
5023 6 6742
546 24 11994
1427 73 17146
6463 60 7670
4791 84 10018
1559 4 7001
3703 63 7851
6731 49 7092
8714 50 10528
9157 29 10471
131 11 5988
2285 37 4445
1307 23 14061
9508 80 10782
7782 39 18130
462 62 19926
974 38 10983
532 74 8023
7577 49 18146
922 67 19806
6028 2 12720
10102 98 15026
3921 96 8760
338 46 16410
3405 63 5860
5209 10 6760
3777 94 19760
1376 68 1737
1370 75 5611
239 68 10207
8565 40 11184
9293 67 11721
1685 16 11256
8927 53 12401
5723 20 8943
4570 6 18371
1 27 18580
8523 63 18932
4069 48 5983
10010 7 17138
1450 1 5501
1135 26 7625
9297 16 12867
13633 32 19353
516 68 3513
1659 59 10092
6671 1 10260
12988 29 18613
4878 27 10779
9107 20 13367
4484 76 12449
2699 38 11530
5672 86 8653
2263 22 5728
2832 4 9692
3774 66 9000
6952 13 19437
36 13 18348
1125 34 4287
12039 50 16895
7910 53 11365
8322 12 8815
2927 40 19956
1512 51 8059
10446 12 15230
2284 62 11123
6533 33 11241
2747 68 11439
2596 18 12653
5978 11 14247
6012 75 14170
7869 26 13276
3117 2 17186
7095 22 8496
5206 30 8169
1477 45 15099
6897 59 19827
185 49 7575
2559 48 18575
1856 79 2231
3680 69 8250
4292 22 8516
6649 39 12211
1939 64 10562
973 9 10484
2882 40 13782
1275 24 15112
5242 8 13158
4538 59 18100
3457 45 4143
2011 25 12119
5330 26 12113
704 8 9773
3640 17 18253
1100 47 10322
2761 80 7951
2783 8 16818
7101 44 18427
5821 62 19256
4952 25 8564
2881 43 10504
9238 63 11753
9244 23 18369
5533 28 5736
11730 95 12773
2685 13 5565
18533 40 19655
5897 90 14527
10484 77 11698
16010 28 18120
10031 30 11686
5349 25 6264
1464 33 11358
7662 28 10074
7322 47 19314
3812 8 15177
3364 36 8263
5632 8 16261
801 31 10223
6445 93 9508
13012 98 14699
4943 63 8341
6224 18 14707
3079 42 14124
1289 43 9344
6616 17 18930
239 86 6778
6322 60 9530
3624 33 10601
11096 39 17669
3145 95 5245
1806 78 7385
7128 90 11543
5802 29 9110
2243 73 8206
11487 31 13131
1886 2 14895
2828 10 3316
646 42 6563
6436 41 12751
2708 39 10623
4766 60 10256
9590 49 12317
5730 22 7319
1641 92 8520
5292 28 8923
4872 80 6122
38 85 15019
4841 76 7386
1246 10 16686
3674 9 17548
5318 39 5962
1399 76 4048
2931 66 16143
5784 63 6577
4212 51 9637
4893 80 5049
2955 23 12137
817 40 16787
5681 40 19752
10341 41 10780
4250 64 8540
13870 96 16870
5416 62 7830
12687 63 13251
5652 72 18659
4118 54 18067
7209 92 11720
9374 47 18054
525 84 11584
2685 50 13134
11659 36 16784
1294 42 8970
1080 1 10807
8529 100 12590
1607 1 5681
793 19 18420
5499 55 15691
7408 60 11155
2737 47 13662
12763 13 18204
6537 16 13542
2045 78 10221
11460 8 13759
9436 1 16909
11931 26 18319
104 30 14496
2927 50 7624
3802 10 9869
12218 64 14114
5301 56 10047
2395 98 4365
7486 84 14870
8481 71 12574
10784 67 17111
2478 80 8733
9081 56 9903
3127 65 10627
10079 80 10525
4527 92 6060
7020 18 9131
10642 82 11049
4184 47 9556
2546 68 12037
5140 85 11807
4165 8 13477
8729 82 18864
3311 39 16977
6888 97 11154
8744 72 15525
1695 54 14016
141 21 6348
17315 13 19043
2434 26 6485
6001 81 6436
18404 28 19355
415 42 5857
3511 85 8042
8273 34 18889
7364 33 11450
2569 39 10861
3983 12 10169
1502 51 13286
8577 39 11812
3272 15 6825
4071 68 8573
4007 58 9735
18379 59 19305
1517 67 12215
7353 60 10828
4727 53 9287
2144 33 17431
785 13 8545
14897 79 16129
4328 29 7197
486 18 15347
7615 17 18324
9282 2 18721
2034 71 12604
7119 53 13812
8368 99 9698
1659 57 11081
319 29 16362
11599 20 15925
916 15 11123
4103 8 14363
8326 88 16468
5856 80 11041
5539 6 17749
3345 59 7858
5425 32 13318
8619 32 8948
12574 5 16969
687 29 8551
3166 59 10865
1624 71 15183
7553 24 10829
543 20 9801
6879 40 14263
1043 11 14731
4387 50 11628
4537 78 8903
9031 36 9089
3326 8 4795
7096 51 12045
30 92 11280
1518 68 19617
1279 7 5171
9175 71 10843
6347 91 11060
4423 29 12200
291 63 6946
14139 47 15686
389 49 3387
569 12 1302
8120 94 14727
2254 35 11982
18540 76 19476
8172 10 9773
1405 97 4736
1898 55 7768
3723 52 17321
9037 93 13964
268 97 8447
1229 56 5538
1785 20 8844
79 67 9184
4837 76 7320
9370 53 18011
6254 12 12170
9789 76 18096
16726 38 17474
5954 20 14168
7373 5 10179
6859 56 14554
1750 84 5269
133 38 235
3405 62 16155
12502 83 13909
4090 83 16085
6267 37 7581
6727 56 8478
9921 35 10718
10646 66 11713
5607 79 6401
617 13 9489
91 36 7985
6587 25 14052
11561 4 17633
6525 1 11444
1501 2 12405
4084 10 15374
10040 30 19805
4167 37 4858
7770 49 13080
9646 30 12250
6427 98 10368
4267 82 5774
6548 7 8465
4397 82 18140
5798 53 8368
12904 69 16490
7133 57 9975
468 19 11821
5219 70 7177
9308 19 12649
5027 21 11176
1323 67 3444
191 95 516
11777 34 17876
4607 42 18911
2504 2 6882
650 66 16745
14 98 11732
1374 79 16264
375 98 19741
2107 85 13980
2064 76 5588
6381 85 11791
1156 12 15792
7944 23 12472
4717 50 8479
1630 65 3118
3550 66 9592
12656 71 13776
542 76 9668
4867 22 11852
5787 51 10819
5219 69 12396
1167 22 8928
10925 54 12911
18530 27 19785
1458 35 9456
6660 2 14836
10396 93 11414
11890 29 13830
7377 33 7976
4728 47 17500
987 93 5184
5977 64 6462
11036 32 14474
154 45 770
9737 51 19559
3077 66 11844
3471 90 7502
2587 20 19547
1839 2 5235
14101 25 19630
6469 85 9334
11658 79 18068
12924 43 17464
1654 33 4702
5419 15 6430
