400
103 94 2206
1660 73 17710
9254 16 10302
12891 50 19431
8771 61 11355
1314 79 5873
12276 74 15514
6593 41 13837
2613 15 4501
9490 22 15417
14429 32 17864
6557 47 11899
982 99 2913
2678 99 8118
2213 32 2636
4982 74 11391
5338 15 12492
2382 56 3231
6124 17 7142
2160 37 15179
2116 75 12624
2524 48 8790
1389 43 5591
7892 69 17151
5126 35 10159
831 48 4267
1773 74 19786
7969 53 8613
4353 56 9248
6844 33 12388
2115 92 2363
379 42 8434
3005 65 5024
10461 63 15727
2141 10 12751
3380 39 9375
8917 16 19695
5212 80 15489
10943 27 12549
8533 57 11585
799 61 7032
8789 98 14272
6102 93 8505
3144 15 4044
2851 39 10074
16542 74 18536
963 64 6298
930 64 15383
335 9 6742
6592 40 15287
7072 66 11901
5113 78 11342
359 57 4826
6478 5 6705
1677 64 2815
5191 28 19413
3814 22 17299
10265 17 12813
5480 72 12432
1732 94 4111
4192 93 10984
11383 85 18389
1180 96 4102
1246 83 10065
1240 13 7741
7206 50 7281
11723 14 13894
652 25 4919
969 54 3997
293 42 17064
4769 65 12134
1764 84 7967
3301 89 16855
3953 17 5109
3404 89 13880
2250 40 4398
14243 8 15730
12157 72 13377
2631 96 18250
3338 32 19491
2452 52 12598
1233 71 2644
5688 35 7912
12050 47 16421
2749 99 7398
8791 64 18379
9184 3 14302
5319 47 10297
444 48 1548
1923 98 17219
4255 77 9493
2734 7 8623
8155 20 14367
756 97 18030
11665 47 12668
3205 28 4608
18164 95 18955
2135 67 4135
2078 18 18053
14142 2 15121
10336 26 12553
12689 28 15209
1641 78 9800
13155 12 18888
11245 54 16634
2383 24 3367
1756 65 8968
1630 51 15619
8232 68 16875
98 30 13378
2683 37 2971
10747 58 12377
3464 19 11807
11802 79 13402
8680 45 18521
9475 67 12995
7759 58 18478
1424 86 16389
8821 27 17231
4566 18 6120
6350 40 14900
2325 4 3180
5466 21 8883
6982 87 11371
5263 20 8781
3795 16 17203
3483 24 12726
5577 16 11489
10017 34 11942
370 32 8781
3472 67 18122
6024 50 9878
270 20 8214
4732 26 5625
10779 4 11617
2069 99 2518
5060 45 12066
1069 62 10398
6860 26 11028
2775 83 8096
1891 80 12834
11415 77 16725
1975 48 10407
3941 4 14446
11414 70 13294
15406 61 19125
1129 59 11945
6328 81 16655
4228 62 6146
8133 21 11050
9779 41 13210
8387 55 12321
2457 19 10258
8217 66 12491
7308 36 10756
2677 45 11079
5191 53 16676
5990 65 10198
380 75 5112
10952 10 12074
4860 53 13079
2700 31 18274
2004 69 17319
11517 11 12236
9028 17 11362
1657 89 10860
32 8 17012
3396 27 6838
757 1 2574
10245 100 14470
10585 48 14426
8379 26 11460
7420 54 8314
2146 97 12337
2303 34 12418
2931 28 19545
5098 7 7734
5053 66 15878
17563 52 19445
3021 28 5791
5911 40 14786
2380 90 3961
9445 64 12618
6440 22 14679
2723 71 13172
2927 59 18870
7014 47 14385
4724 74 10162
3032 46 11135
5571 91 8012
3654 31 17198
6560 45 18534
7094 81 7251
1122 9 9538
8006 26 16440
6793 52 12451
46 4 6648
8942 73 19487
15018 3 19001
11799 31 18030
2655 76 17687
6667 48 9670
5137 45 9821
5361 65 12640
3569 49 9021
3538 49 10917
6968 40 15308
5237 1 12744
3262 37 3345
8228 41 8477
1847 39 4434
14519 48 16231
5816 20 14817
809 40 11199
983 12 9307
2493 9 14688
6127 26 7991
7527 68 19309
2768 16 6262
6672 36 10177
358 22 4331
570 94 11239
6949 26 9440
6251 33 12925
1297 35 3975
1137 72 16996
10246 71 14041
6008 26 19802
8868 2 11899
1218 13 10993
569 28 14457
1995 97 4262
5702 95 12233
5393 34 5549
6795 54 12757
6733 52 18914
5449 70 10997
6178 78 6871
7106 42 13657
3294 39 8186
8959 9 11095
14327 64 17637
6827 25 15185
1097 6 4314
5862 61 11450
11832 96 16092
6387 84 12946
1544 88 9292
3954 47 7232
6226 99 6965
3195 43 19957
9371 53 18206
5493 97 16728
7826 56 8768
2893 80 18701
7544 52 10721
8673 98 9425
5991 51 14354
6671 97 11551
10828 10 19814
10917 56 13412
7938 89 9489
2259 27 3710
16869 47 19885
6698 16 9480
10234 67 13925
1238 23 14502
1717 70 12255
9517 7 10188
288 22 3054
7136 55 11714
3933 12 19348
6218 25 18665
5624 86 11214
13072 17 17901
5939 35 12561
8442 70 15198
9231 84 16015
2033 16 3912
3929 99 4125
506 91 7115
699 81 16742
9802 68 11926
9741 47 10128
4992 4 13390
1266 22 6134
13502 34 17561
7582 53 8309
7672 66 9111
3746 76 13016
1392 27 7987
10765 31 18558
12222 100 12576
2344 6 7726
414 19 10472
4639 7 11156
2905 65 7858
400 1 2424
8678 14 19782
11655 22 19832
442 47 10663
4938 13 13627
3695 46 10113
1798 29 2327
3900 45 15023
3662 54 11292
12460 57 19195
177 85 7300
4092 73 4552
1127 44 6428
6246 40 16651
7611 65 8352
11434 66 13648
2032 100 16064
5109 87 9213
6905 49 8022
10124 89 13460
5937 64 8772
7248 49 17950
3450 30 7820
7759 49 11348
4611 97 13942
2956 67 10985
2736 89 8173
11872 83 18512
3350 4 19612
2550 71 7447
1192 7 11776
1635 74 9696
8681 19 10775
11921 65 18152
5300 97 18445
8925 56 9255
2846 9 13919
8339 55 12438
3532 18 14768
6488 77 8354
1131 51 5176
4978 90 15388
16943 3 18046
3959 3 7479
4431 82 7853
2541 44 8227
238 17 9718
9676 31 10059
511 15 18504
8842 5 8975
7311 86 10151
2111 87 16022
2624 63 3928
6437 43 19353
2584 13 17371
6661 36 6841
8722 63 18540
4952 88 15065
10227 11 12330
4033 82 4966
11255 8 11666
10865 58 12229
322 21 17385
550 25 9337
6611 41 7924
2067 75 9102
3290 38 11410
900 3 7462
1531 39 14279
6903 42 10693
5814 15 19914
2199 60 7242
1758 22 4549
6629 91 16570
1826 84 4597
11179 87 18006
3986 30 10273
8935 76 12645
3226 19 8292
2405 62 9435
4380 4 5021
4759 46 16361
1214 81 11116
1371 15 2643
11167 19 13395
5501 53 12513
6059 47 11227
18119 98 18556
2192 86 9228
903 97 2955
16879 71 17114
6537 23 18886
11832 89 16014
4222 48 11204
7238 23 7931
916 4 4323
11719 34 16267
2657 40 15034
397 86 17892
6495 38 12174
6907 7 10551
7456 29 14379
7258 90 13961
