400
1859 6 9691
6699 16 17067
7548 48 19205
10115 19 16160
1323 52 8361
91 64 7868
1735 80 16492
439 49 11040
1739 16 15224
1712 29 4258
8733 19 16193
4296 20 9912
4911 91 6780
7235 18 8251
1660 74 15526
3442 98 15674
12489 24 14472
6157 25 6434
4666 25 16685
951 55 7889
8600 53 18496
6050 98 17514
1596 43 4664
8109 25 12998
7769 94 7869
2435 70 16521
1296 61 16412
3786 70 16654
1561 100 10964
15893 86 19844
9584 64 10876
4862 70 8313
11462 16 13027
4881 93 8608
12094 91 16348
2963 79 11823
861 74 13191
4162 57 11888
3211 17 7730
3001 53 11493
114 42 834
12513 1 17194
974 16 7438
11275 62 19097
8627 90 12010
13406 43 14730
1956 62 8514
5130 98 15066
1148 3 2959
1992 27 9674
1446 96 9016
4038 56 16995
1091 80 18331
11468 54 12139
5787 29 10022
5636 56 12209
9297 14 10085
4607 95 16702
10878 93 11543
11310 97 12059
9860 100 11999
2492 17 5840
4620 11 7395
4462 23 19709
9976 19 12024
989 98 6328
8452 2 16577
7232 9 16342
4865 100 7136
4664 32 4860
11496 98 12536
4970 60 6589
7210 82 10851
9962 90 13182
3769 78 12216
13635 1 19281
1118 21 5217
1015 5 8394
2556 38 9825
850 96 18330
5331 39 17055
8433 85 12074
4298 33 5915
4724 71 7255
3309 59 4705
5179 20 11266
14404 48 19251
1180 79 14842
133 51 7641
2996 36 15027
4646 41 14171
15567 27 18539
1579 62 8609
1518 76 3784
5038 78 13608
7754 59 9597
9230 62 13875
4452 18 14419
4773 40 5907
228 52 7814
1027 8 19720
2876 31 3547
6935 47 13169
2124 38 3203
8460 32 18090
6371 37 13804
1105 63 19580
12744 39 16435
495 54 12142
3770 94 7359
3796 36 5236
5306 6 13263
1305 47 6475
2168 72 5777
8038 63 17424
6305 15 10594
5834 4 18352
5741 16 10419
1259 48 2229
4606 16 15888
2924 45 5250
10731 60 18428
428 1 2838
10585 79 13243
1842 21 16328
1191 41 17814
11428 42 17130
9005 22 15380
6040 44 9790
4457 63 14233
3048 15 4943
4384 14 5444
8151 32 19899
6561 1 7736
6847 98 9273
108 32 18302
1178 70 15845
9553 8 17426
1400 95 11093
11278 27 11777
15827 12 16522
1235 47 10592
6927 74 7108
9637 17 11934
8540 19 13743
10498 46 11898
9447 43 17239
5203 35 9873
131 50 14363
9370 19 18220
2141 8 10284
5735 30 18201
1164 72 12016
5122 20 11641
8422 91 16152
1635 77 8144
1886 55 3595
8366 51 16808
10509 26 13311
9394 96 9572
11760 79 12288
7150 2 7177
8227 45 13265
11252 55 19423
1097 24 17517
15351 3 19763
8794 25 13848
1811 30 8982
10460 61 10646
6124 64 13093
347 59 18029
7057 59 7874
10640 12 11557
9506 75 10473
10233 80 14801
2087 16 7276
8516 1 11639
10249 44 17647
3721 75 8589
1495 18 5909
9716 34 19572
2947 57 14048
18393 20 19125
5899 11 16950
7252 86 7469
7397 59 17518
5567 20 7558
11128 5 19334
1995 78 14342
4695 62 8075
10089 14 19217
6002 85 19047
6321 47 9749
9737 5 16766
10188 9 17495
2352 24 19508
5854 89 8862
4676 71 10646
5273 40 14376
13625 33 17728
1281 55 13444
3758 90 8377
10004 100 17181
2546 75 7866
10254 86 11840
3705 87 10616
687 29 10237
767 88 15286
9595 75 11177
15484 91 16605
16846 82 17156
5238 24 14216
331 55 15668
4182 18 8862
5460 72 11789
11522 16 13779
9084 30 18473
9289 59 10761
16274 40 19558
4129 22 10696
1560 16 2378
6008 19 8012
5034 64 19540
7591 44 17994
6501 29 8162
11450 43 13938
1143 25 7701
3935 71 17712
89 38 2362
4818 83 10152
3193 88 4214
12843 7 16926
5956 68 14362
2503 33 11983
5764 99 15299
1428 89 4010
2035 36 9179
7104 65 12020
794 78 9464
282 51 8551
17270 58 19344
6322 16 18724
1765 19 4371
8147 14 19590
85 15 19635
9669 79 12708
18361 74 18483
405 95 6574
4597 49 18910
7822 53 9687
2621 75 15380
3869 22 17976
6720 24 10864
828 55 7459
7300 68 16407
3171 13 11247
330 27 1339
2999 90 18983
7268 11 16261
11124 39 13950
6688 12 10238
8096 99 14783
9556 30 14127
2018 51 9896
2000 16 3363
426 34 16449
13248 39 19739
5426 93 9581
7432 68 12794
14567 94 19291
8060 13 10023
1430 37 8160
6415 62 15875
8804 64 9670
7052 72 14137
8937 6 17003
3997 82 9683
8124 15 8646
2597 60 7929
10969 60 12948
5815 15 15405
8631 58 14448
1063 27 9090
2934 83 8197
255 4 10165
3918 71 12854
8077 76 19633
6818 43 9075
4090 36 18489
6799 56 15802
9885 14 17255
1564 54 10075
377 98 3072
8479 76 15866
38 42 19350
6596 39 9885
7453 80 10416
11198 30 13336
3101 84 11657
8443 53 9962
3584 99 5511
5747 61 6747
1182 62 3455
15322 5 16342
2825 65 7780
6872 34 12858
918 32 6887
3639 52 7452
11201 54 17939
6643 71 15388
1709 26 4545
573 78 8810
1351 33 19861
3107 43 11003
1847 69 6535
3638 18 9107
8392 2 8565
300 100 5482
6223 28 13154
10964 18 19121
7454 10 13817
1074 57 2113
672 24 1596
1960 44 5886
11005 45 17179
8692 23 12190
1085 78 14937
1043 79 1464
7043 45 9835
7783 71 10470
4909 81 16754
6555 53 19763
3177 83 7996
7507 10 16150
1381 78 4355
13019 85 15071
6575 49 9143
1771 72 12367
1317 81 6427
3095 85 8770
9158 55 18344
1294 27 10044
4429 7 4546
6872 43 15999
132 6 12109
11346 44 15564
2236 32 10437
12373 22 14831
1885 48 13554
6773 74 11550
5756 35 13933
5586 55 10998
11795 31 14813
12042 11 16471
11241 56 12477
4601 54 16053
4004 37 16473
5300 57 8277
2961 6 12622
3969 89 14419
29 41 390
8835 66 16093
1098 58 15205
9777 81 12465
8901 97 18335
688 84 5388
8813 96 11044
3023 14 16136
1759 13 7872
6555 19 8730
9423 79 15036
1286 17 5770
5416 5 11154
7142 28 9559
4451 24 18497
6601 62 8146
265 2 5294
7507 60 10379
7911 72 9772
3240 45 14052
8475 13 9923
5649 41 18296
11271 66 14731
48 90 15545
11296 20 16217
2979 67 6397
9093 8 10076
12026 99 16911
11138 51 12222
5756 39 8237
722 68 10406
11655 48 12027
10209 42 15991
10174 92 19493
9465 73 18222
9465 59 11699
2671 35 9832
3860 20 11410
8531 66 18021
6920 5 14255
