400
49 1 1890
2991 34 9778
1840 60 19180
4411 26 18934
3769 64 8871
2026 39 11151
7890 29 10142
2073 32 10036
313 8 2375
6489 59 8555
10943 80 14952
11149 60 18344
8545 2 13023
12083 83 18499
13405 19 16516
2433 2 19354
2577 90 10126
9472 21 13691
1007 37 7709
741 3 3019
7297 47 19841
10268 51 12559
12973 92 14927
3865 72 9917
11897 40 15943
1913 74 2260
1431 68 11671
845 45 16980
10477 19 11374
437 42 4592
7566 16 8763
7872 5 9676
2508 39 10064
1105 85 17403
2201 5 12190
7638 2 10323
12282 51 13838
1861 18 8065
1223 32 6056
12465 72 12703
3151 7 5921
12027 84 17321
2948 86 8866
9335 92 18604
2914 57 13387
7718 22 10946
1427 89 16892
1364 37 4860
11817 32 19145
7452 3 14048
440 40 18384
5907 66 18755
989 16 2931
5293 78 9431
7244 24 13093
4823 59 10863
7273 67 9023
2690 100 4227
1187 66 5756
2447 29 10203
9756 2 18130
7324 20 8014
57 95 4240
3221 95 8218
2712 48 8237
9779 82 19758
1901 86 4337
6095 49 19462
2525 22 5615
6101 16 14686
7049 54 15263
4769 26 10328
1938 77 11227
1129 72 19388
9600 58 11734
2265 50 7170
5557 74 10697
5582 24 11924
1356 52 10895
4063 50 12121
5416 95 9892
3227 100 8616
11018 58 13045
384 41 12067
4381 29 7004
261 31 713
521 91 9359
9791 100 19297
7205 91 9045
16185 19 18189
6175 18 19659
3771 13 11827
8705 22 16398
5398 78 9641
1818 37 6250
6935 38 11089
5313 8 7745
14899 87 17377
2350 45 4226
3522 54 14070
8550 20 9903
2821 78 17608
4898 15 6277
1057 20 11094
3809 64 10361
9927 66 12116
1283 39 10733
12665 47 19684
3898 38 16703
3 38 477
5894 51 11178
772 5 4078
6103 45 10004
2724 73 6081
56 99 7512
1168 43 13301
156 9 17755
4242 75 7977
12507 44 15199
8953 13 10450
6464 23 6609
6404 8 12812
11614 76 16984
1611 14 10530
1848 41 15639
5624 76 19752
976 9 6477
794 93 15454
2142 2 15983
1651 54 5881
306 25 12900
4222 74 18388
13593 71 19655
5069 39 14138
8085 89 18385
6292 93 6390
1809 59 5594
1295 29 14627
11908 72 15094
4411 7 5856
11426 90 17784
1513 32 1845
5782 50 13259
9657 69 15940
3812 26 4361
2644 37 7064
5907 58 9856
576 17 8345
2626 94 3026
921 47 10153
600 70 15385
15631 69 18361
4227 22 9767
113 51 1298
51 62 10422
613 73 5608
13704 10 18949
1780 18 7249
11248 26 15036
10063 74 10434
4873 31 13725
926 22 1747
12718 19 19665
2714 86 19684
12748 69 16376
3865 93 5800
5252 51 9347
6401 68 10305
2500 1 7391
2514 24 6659
1931 100 3258
10540 56 15071
776 29 3861
1136 20 6309
1577 67 6043
6165 36 7230
2356 77 11683
8477 69 12060
7174 30 19525
11127 48 15438
633 41 13444
12038 74 17668
7784 82 15844
13494 59 18610
2493 15 4784
3135 18 12134
11568 73 12091
5582 94 9786
3406 74 14671
3251 57 5653
1764 41 3644
11861 50 14414
786 66 16073
6038 48 12336
1931 73 5685
8512 87 9858
9313 66 17956
8447 10 16242
10662 66 13324
5538 1 11988
3567 30 10118
2615 13 8821
363 91 9498
8143 94 11720
12572 7 17893
4536 86 12341
1006 80 14228
1445 77 16736
8699 89 9962
208 37 15734
12529 34 15289
901 72 18947
1770 32 8549
1470 53 19602
8262 24 11824
3277 89 6965
857 64 8730
7707 49 19436
1002 44 19620
57 21 9044
10121 18 15480
2783 43 4754
1555 60 17573
1499 22 9941
1597 12 2776
8820 18 17771
5552 88 6775
2244 20 19322
5074 63 8813
3050 13 3576
5846 98 16125
8881 72 9777
1357 27 8834
3909 7 5361
6958 91 17044
1028 81 15912
10552 27 17777
11736 3 19869
5099 77 16465
6829 55 15414
10272 97 18932
9264 1 11706
5237 42 6347
7743 6 16799
14086 26 19834
11310 63 19155
1837 2 8435
2267 51 14316
9829 2 11838
1450 11 17551
3985 84 15834
208 18 8273
3467 63 8392
910 23 10347
11010 58 14769
4884 81 12245
4434 99 6231
3371 47 14377
534 91 9995
5709 35 8356
2447 5 2623
1470 6 8930
2878 30 9640
9207 19 15537
6735 18 14203
4930 100 9460
11718 57 16109
1056 28 6142
9564 5 19483
9002 35 16665
1303 59 19846
291 17 5230
4779 76 8446
7624 21 8328
3130 74 14926
7037 20 13072
7762 48 19434
13179 3 19284
1768 97 4537
3452 3 15552
1137 67 10960
6827 64 9436
6077 36 14503
11328 77 19655
6793 34 9236
14303 18 14954
1785 4 9645
1281 83 2017
380 70 10911
4168 65 10037
2456 31 11446
7883 26 10903
956 70 8453
8743 39 16741
3143 20 10628
7866 25 14718
7366 69 12152
5024 34 10521
4877 3 17416
11979 9 17008
7908 4 12472
2317 45 6095
1440 7 14941
1212 47 18069
4092 77 6627
3079 1 4401
3457 12 6330
427 8 3248
5454 67 13250
10331 63 19663
1122 65 10192
7024 26 12101
6118 67 18050
840 96 11033
3613 61 17090
4943 55 9837
4875 4 18735
5432 34 9851
10435 5 13006
709 19 1631
2044 34 16459
4521 75 5366
1699 77 3391
2187 61 17801
768 45 1475
7640 38 18715
4758 66 5656
9944 90 12066
15813 87 19657
3911 51 9205
5063 21 12579
2084 42 19418
7211 68 13134
11048 66 16641
11202 98 14683
4249 86 4386
4539 1 14905
11766 68 12096
5729 67 19984
8413 39 10038
5288 70 9116
6806 36 11671
9789 32 16422
7191 50 9195
9615 16 15515
6292 49 6917
8520 75 13688
3133 14 15564
4831 89 12045
4108 61 12221
5119 67 12724
233 34 18042
4764 72 8426
8700 40 12643
10921 42 12510
7490 91 17660
5397 65 5502
1028 67 10764
4652 25 8972
3005 5 12763
2572 77 19661
1441 16 12922
1850 62 16544
1113 34 3997
6209 50 11059
1283 30 10040
9606 97 19079
10584 88 12604
13608 47 14040
9763 63 19655
1705 65 9657
4737 80 11866
11095 22 13912
2330 23 7428
1127 45 18514
5163 30 11159
8994 71 18439
5369 25 19447
3723 44 8480
7755 15 10817
1863 75 19608
9714 27 11356
5040 19 10751
4128 85 10558
9342 70 11135
6578 56 18414
1294 20 1696
167 58 6091
11942 68 17708
1559 2 14664
7829 21 17126
1900 71 10576
8162 52 11718
7410 39 8854
5798 14 8944
5750 48 12602
4740 6 13186
12779 92 17174
6785 18 11911
6283 40 7835
