400
5896 15 9766
6921 15 18515
2814 51 10439
1972 78 15822
6081 90 7028
2461 80 3243
7134 16 11685
6645 2 16383
571 39 7673
10963 76 13366
1743 14 10482
641 13 17616
4868 58 12492
1715 24 5035
1243 10 16209
4256 8 13135
3209 8 16884
3304 91 12641
8805 8 10894
3123 90 11784
6741 54 13472
566 83 7973
689 82 1697
3434 49 6391
1874 85 4509
14817 65 18555
3647 9 12275
2037 33 2853
5926 34 7854
7758 34 18052
2520 46 9510
2676 71 4859
10285 32 18582
5602 61 11116
2711 43 7731
4665 59 10056
4921 62 15587
6033 74 6307
1053 35 14151
3037 32 3702
5347 86 18283
3101 37 4000
2493 1 10521
2367 54 19554
7392 39 15004
1866 30 7198
1369 56 2543
10126 17 16233
8093 48 11423
1447 12 13017
1121 17 1954
7399 6 11475
5494 82 9536
8376 86 9505
2047 5 8319
14002 44 17108
7631 91 9243
3883 15 17624
8841 18 10856
12495 6 17078
776 95 17528
4690 19 12495
1806 91 11060
1033 22 15670
2187 40 13366
2124 71 8234
1163 68 14107
14542 13 14788
835 73 1140
307 89 2731
638 48 3987
4416 3 10324
7661 2 16064
920 64 3932
4613 2 15371
2274 45 2773
4953 21 6162
4526 69 11312
20 97 8692
4265 100 9334
1668 10 2208
8936 32 12309
3507 68 12662
1851 43 9111
9269 48 12749
4759 30 9121
8724 51 10619
459 61 12209
124 56 8859
3276 87 12256
7581 64 18093
3584 6 7547
4804 13 9890
8313 52 19850
14541 86 19309
1169 61 9947
614 34 17511
3900 82 6989
3850 4 3888
2865 18 8391
10413 28 15280
735 9 17819
187 42 12308
9673 97 16087
4758 100 7696
5018 6 14619
9805 53 12621
10485 97 18524
8877 65 18801
9298 70 11933
8928 49 11103
7933 84 8237
8838 1 19452
1575 26 7027
3073 15 4419
3136 20 8597
4818 94 7227
1237 43 19937
15564 4 17459
9028 31 9145
6409 100 16852
252 21 11527
274 79 19474
1181 5 14515
3625 34 15406
9733 55 10991
8016 54 11943
7344 25 7394
5328 56 6833
2252 8 6094
2525 56 17086
4404 30 4579
10914 23 14734
218 76 10135
1596 28 10324
2590 9 17064
638 44 2562
4966 33 10062
12488 4 19074
8101 94 8415
4997 56 11113
1571 42 15813
4511 31 5852
1145 83 13004
785 89 12094
2951 54 7166
4277 49 15184
7459 33 17558
15277 90 16107
7337 29 19256
2937 8 6316
5355 87 8437
6134 1 15074
831 56 8399
2533 45 5195
5779 15 8589
17600 53 19194
7379 12 16283
4342 52 8190
4360 94 9726
3956 59 6304
4426 29 9899
4215 70 9978
1682 46 5088
2426 61 5707
4242 15 7616
4329 2 14505
2009 91 5895
3831 67 15768
309 75 15180
9931 97 13218
8964 85 12771
11606 99 17161
13350 49 14972
11812 57 16854
3912 31 4140
9548 70 15045
9120 71 10277
7945 74 18607
13142 82 15023
11503 86 17390
6430 96 14238
7264 18 13229
6306 31 9407
5699 50 11736
8272 57 16252
10500 46 10821
2558 48 3876
2337 17 19425
6786 82 15296
3205 93 11354
5203 85 13976
6561 83 7546
1967 41 17796
6393 38 16305
14775 51 19979
1657 23 9193
9484 100 19529
2083 7 8337
1188 80 16890
2442 60 16668
14676 33 16937
6004 57 16200
2707 41 6683
2999 36 6364
3914 16 4202
2811 95 11234
4536 80 11349
316 55 11663
4360 62 8179
4916 46 12714
401 61 9783
1074 56 11790
10270 48 13729
8389 10 10891
3871 30 11518
6456 58 18446
19290 78 19476
3471 37 7344
12329 63 14171
3954 15 16457
6539 72 12494
6770 12 16285
263 99 13821
80 40 13175
10400 9 12769
3251 82 10524
8671 5 16828
326 83 5408
5027 43 13732
4413 2 7682
1527 66 3490
17732 11 19920
5343 42 8246
2106 99 8100
3647 70 7628
2673 42 6825
6729 33 13778
5364 13 12498
7147 53 10582
3861 17 5256
13544 80 19968
8052 99 10115
1170 97 9955
4334 64 4423
4486 90 5899
441 24 12501
1373 10 11567
2243 56 9477
10039 15 15548
128 17 1345
7570 31 17090
2063 60 5987
798 68 4094
6546 89 19086
6439 85 10056
4586 4 8186
4999 49 19486
4584 13 13597
3051 24 15647
619 13 4651
3094 30 5160
13201 71 19913
2201 46 8585
3398 75 13234
8220 5 8810
7557 27 18468
2079 68 9933
838 36 8013
4688 72 10525
9159 66 12145
7318 86 15292
704 62 4306
9816 31 15984
5950 74 12719
5983 95 12309
4819 21 14627
2403 17 4210
7988 15 9697
2715 61 6886
1307 61 16959
6070 90 10597
15943 6 17875
1815 45 5999
6089 12 19748
4777 93 18457
4250 41 9181
6820 72 18313
10020 50 13045
7402 45 11166
4299 73 8170
202 46 16592
95 30 9575
2272 95 12409
7500 78 10238
5916 63 17583
10676 19 16495
1999 80 6969
9769 37 10919
16778 73 18796
3069 41 3714
2962 62 14976
15424 42 18975
5062 25 17830
2597 33 2880
1995 2 3838
10771 78 18549
15643 22 16846
1601 68 3787
9045 25 13735
3751 42 14463
11397 35 13356
5626 4 9203
2118 21 2390
7767 94 17545
6133 100 10565
3523 58 12638
5654 8 19136
9159 39 19300
7231 53 13899
7328 62 11718
3703 84 17372
1515 55 4324
5699 45 8166
5551 43 11438
4369 54 13257
296 51 11921
6534 33 8568
1668 25 6167
220 15 7005
8055 90 11525
5532 15 14463
10845 48 13296
1511 58 13566
5307 69 7724
3642 52 10165
6245 90 17678
8630 27 10470
8289 11 11748
12085 67 12638
3730 66 5172
3762 25 16710
8566 96 16680
8719 61 15304
2757 52 14545
4746 94 8359
8604 24 11727
4047 84 18657
72 76 18649
2894 37 10221
10793 1 10932
7089 54 9674
14060 86 18803
5305 4 9426
12954 5 19025
1992 42 8096
2108 22 5825
4749 87 5184
4390 89 5035
827 97 4123
11200 34 12624
1362 84 12534
7252 15 12368
8569 18 16747
7786 32 9711
1158 86 6721
3051 22 12487
3715 75 4467
234 39 11067
7488 64 9289
2792 100 5286
1224 3 1743
1682 35 2368
7575 36 17542
13800 71 17495
6180 65 12639
2989 36 6916
14328 57 16065
1731 61 2508
5570 68 11859
556 74 8844
7527 16 10839
9617 86 14204
15647 37 18961
4239 34 8550
1821 92 19506
12605 31 14865
5718 57 12617
12917 29 16810
5181 45 11484
7667 70 12259
814 87 7020
14119 38 17574
4861 75 19879
407 79 8837
3591 15 15830
5178 75 5966
15314 95 16791
242 84 8640
2011 70 17910
