400
6085 74 12374
3268 92 4499
4456 53 14142
1392 13 12440
1570 61 15287
8662 78 16268
6972 1 9202
2315 5 12306
15560 7 17328
5649 76 18279
2701 31 9168
4947 45 13691
1080 80 11834
1323 88 9867
8494 32 8947
2482 51 10491
10132 31 10941
8272 73 10040
8941 43 9706
9179 43 14790
3171 63 5455
1043 5 7729
6500 78 12020
16079 97 19457
12188 35 13935
16509 20 19763
1630 92 12673
12 45 16219
1027 5 3118
2352 54 14576
6641 89 12548
3456 10 15520
3452 52 9532
5875 70 9561
7659 14 19921
9849 95 12432
2591 7 10346
4425 96 6931
16350 46 18779
3302 99 17599
862 82 18103
1479 9 9272
1076 38 3092
3179 27 15224
7299 96 11510
5989 71 6125
4820 92 7084
11188 51 12410
4216 87 4487
900 89 2125
4773 17 6109
734 52 4258
7088 12 9326
9811 44 11207
5555 48 6756
11147 7 15252
1051 76 12606
3879 90 12682
3108 58 3721
8113 63 9905
2934 86 12062
8544 69 15732
1583 61 14110
12505 18 16304
1987 34 10441
6345 48 8739
12194 61 19224
2687 88 15742
14988 61 16349
10203 4 11754
10077 43 15812
3314 81 8921
6642 64 18505
521 86 6755
5862 17 10305
12083 61 12527
975 19 6183
8658 63 10631
8377 66 12062
4019 53 17725
5487 98 6372
8625 4 18607
7912 45 16991
5560 15 13547
4023 99 5702
8710 81 12522
366 66 12371
8116 86 12154
707 44 9011
3724 53 8673
2309 38 4137
2339 41 15869
9514 47 10276
975 74 13708
9488 69 12226
1233 71 16392
4914 9 14461
8443 63 12748
344 93 2418
7119 44 14864
7605 22 11205
2662 55 9660
18063 47 18570
9140 11 9353
1136 88 9349
5402 92 8237
4474 6 13200
1448 22 14963
4313 96 6775
2936 19 5151
5898 18 15236
3114 49 8643
3388 70 5121
7187 48 7303
1497 36 11886
5136 85 19309
9225 6 18979
10284 25 12685
3393 90 14898
501 51 6871
9694 26 12862
628 46 10586
10240 10 13130
9267 43 11507
11887 87 15144
7735 78 8346
6633 30 18052
1039 28 19437
2352 57 2829
419 46 4176
11203 88 15356
1820 25 4474
6071 88 9982
12379 80 13122
17 93 13788
7304 12 13667
10178 28 13805
10396 4 10855
5911 54 14297
10413 77 12192
7713 64 8289
14007 100 16127
6268 9 11405
4281 62 9718
883 84 8999
3814 97 14778
4441 55 6007
1150 6 5269
821 18 8426
2638 91 3039
6691 59 16133
8824 53 13600
5777 40 15657
4178 98 12677
5389 44 14529
14859 59 19779
2203 81 19463
6774 83 19639
4386 78 19989
438 75 7537
1276 37 10666
894 30 1515
4762 28 12751
7165 48 17180
4265 14 14800
1022 66 6755
4700 51 5417
5318 92 10985
7030 28 12163
14230 17 16427
4399 38 18585
1255 60 15430
2695 7 8723
8987 31 18271
8955 52 12277
12870 23 18235
9516 20 19315
1302 89 18296
9825 31 11764
14334 20 19907
4626 64 8566
19028 48 19643
1064 54 1561
5861 88 8337
1825 95 9025
905 71 8642
8943 73 18373
2371 71 14134
773 42 15695
6393 17 6436
1692 25 4120
158 79 17074
855 53 15263
2586 15 12730
5084 53 16289
4596 44 16095
326 79 801
8115 97 10429
8795 56 19384
9344 29 18578
5250 14 8531
309 57 773
5918 70 9478
5704 36 14769
563 84 4622
4967 29 11684
5124 49 5872
933 74 4094
11902 4 15974
4698 14 9944
1950 53 9618
6116 9 8427
4608 69 14599
4259 66 9487
1652 43 3290
3952 20 7198
4576 13 14703
13533 60 17268
6008 32 13034
8328 52 12533
3073 52 12740
12713 50 13875
3618 94 17446
10649 72 11703
5116 54 10533
2117 73 4516
6606 73 19059
2376 96 19437
2631 23 7930
5648 100 13282
2044 88 10311
481 33 7227
1548 58 2736
2021 66 7395
6313 17 12300
5181 76 8137
4163 18 16969
6650 80 11902
13003 52 19902
10168 80 10913
7962 72 8345
5420 92 6464
12493 65 15832
5422 94 7552
6620 43 7770
5771 79 6470
7705 53 9981
13532 34 18213
6100 64 12759
14057 22 14121
512 67 10810
190 81 6364
6694 34 10081
6734 77 13212
8767 36 19342
1884 77 9473
5695 93 7223
2102 65 8421
2349 81 6804
2168 7 4758
5071 7 12167
3442 99 5449
9388 8 16950
5686 64 7051
7020 47 7267
95 23 6617
10703 22 15544
2504 89 8558
5834 3 19149
560 67 11977
310 88 12545
2194 20 11443
8626 30 11495
3496 29 17348
5403 90 9618
3083 88 8043
7844 25 17317
17525 47 17745
10951 93 12405
6382 19 6575
3500 18 10976
7314 86 8503
9125 22 17140
5338 98 9182
5496 36 18349
8210 98 19677
12373 13 17901
11077 68 12271
6058 15 13922
3355 16 7555
3034 55 7799
3331 20 9419
4396 43 10038
502 16 4410
2253 78 4275
1523 72 1686
310 72 7869
17473 85 19725
1147 80 12416
10229 23 15042
1340 34 9787
6023 56 16500
12869 51 15357
2602 80 3163
1183 26 12407
6169 76 11682
5006 81 11212
4468 79 8465
5288 45 12627
1748 37 15522
3529 39 6816
5649 59 8514
1097 37 1739
1929 38 7889
3322 78 9576
5677 64 8027
424 76 675
5532 40 14168
328 93 10490
3926 3 15787
7673 91 8397
6002 86 19656
3753 30 7005
2891 94 10099
5419 23 5945
1620 2 6116
5968 29 7740
6062 4 6357
725 69 9500
1181 36 3583
3455 36 10894
7514 57 9067
4821 56 10705
2327 78 3015
2268 2 3169
5156 52 16869
13198 60 14943
5398 23 12296
8262 53 16904
375 33 11449
5528 42 10395
3014 3 6716
2129 75 4052
3054 1 8445
2871 100 14298
9300 24 12226
10736 61 11083
3941 33 5213
8939 73 10820
1709 20 10377
4236 45 11371
1135 56 9219
2720 84 9030
2772 76 3604
1299 61 10779
1894 86 11699
10839 85 10987
1862 16 3190
7494 62 15480
2790 59 12196
491 28 10195
1514 63 12701
5475 44 12740
12205 20 16925
10904 15 15096
6746 4 17594
7740 32 9025
651 99 3945
1910 78 8454
9378 77 16101
1250 35 16236
5469 43 7207
6204 70 17466
1460 100 2109
7537 79 19478
3430 16 8222
10369 47 11038
4615 27 10226
10023 62 18204
6166 53 9614
8541 98 19779
575 81 10303
6231 36 10699
3817 91 4418
17719 41 19992
6050 38 17764
2097 18 18013
3765 72 6778
3744 29 6624
11340 6 15613
7764 90 11149
3823 60 6399
11857 11 12644
3217 33 8453
4302 3 7993
1422 80 14409
3375 12 14916
8749 36 10126
16863 23 17232
2994 32 6806
