400
4820 47 16422
5507 36 9462
3068 93 12599
3725 2 8272
1799 51 6296
3827 57 7544
3698 62 14502
12526 72 16725
10706 71 16858
6104 57 6752
1624 54 3750
3454 87 7774
6251 25 7790
28 3 15513
6134 52 12948
12689 1 14529
6498 38 16917
1795 68 5171
232 54 12115
7604 53 13915
3976 69 6393
2107 100 16949
9949 100 15840
1404 9 8133
5695 73 6179
998 14 9676
4509 65 4905
11489 63 14038
3544 13 9115
7868 53 10496
8846 24 12764
12499 80 17492
6678 12 9343
2328 41 11973
2430 15 3082
3387 71 9207
2893 4 9014
3267 74 15205
6313 79 18785
701 50 12061
5422 34 10160
4070 27 14275
3967 75 5157
11161 15 11329
2275 63 3535
3830 39 4703
12498 39 19303
4436 51 15754
1895 35 10838
12760 70 19917
2302 54 9229
6448 19 6784
6817 57 7684
6917 50 14444
4008 70 7371
18109 40 19725
4653 54 5300
11609 76 18817
2008 85 2785
6055 18 14408
2284 80 2489
6905 23 18505
9 51 17297
13380 95 14685
11132 54 18500
3604 77 19840
1135 56 10165
10692 30 13571
3890 31 10977
5213 88 7667
7702 41 9129
1203 27 6436
82 59 2950
10748 37 17630
6363 99 10702
8157 32 10178
4036 35 9146
5218 97 10988
5060 2 15471
10426 85 10740
3327 25 11326
9116 9 11011
16812 47 17959
1461 86 5023
1041 9 2108
4305 34 11459
1944 81 7356
8299 24 15837
4360 61 14949
7648 49 12937
13410 12 15926
1983 91 6247
5890 62 8410
6286 47 8536
5522 80 12281
1120 12 4617
5115 89 9650
3192 16 18301
1963 41 13299
5939 54 18917
2081 96 14008
7534 100 9372
4674 21 17755
9587 72 13816
506 65 12762
10727 54 16485
326 92 9807
15234 46 15553
8869 1 18044
149 35 7483
11045 88 12247
1445 8 2309
1112 11 8780
7266 39 9436
3725 54 6998
2346 55 10218
651 98 11881
405 75 5398
1443 82 17709
3195 56 4783
3639 9 10857
6332 96 7859
10816 4 11702
12479 34 18256
5320 86 14171
5137 35 15416
881 27 9843
8316 78 14959
10145 4 12412
9876 77 14015
397 47 964
628 12 2770
1497 29 18413
6200 49 14198
3313 35 14991
9828 19 12463
6699 56 8307
12293 15 14624
3266 98 18399
1992 85 3945
5995 16 18806
7941 28 10272
5476 33 11051
3925 3 18835
10313 25 15188
6138 100 16264
3695 65 8074
2584 82 6970
7422 51 16889
2683 52 15107
3079 64 4535
1635 7 9399
4959 52 11992
699 94 3384
1755 10 4364
1585 86 19024
13533 70 19189
4330 72 13529
1633 46 8306
10183 95 12709
2720 77 17510
8360 42 14303
7286 70 10114
10411 4 12501
3729 14 12125
1500 60 4083
5959 12 8689
4475 48 5647
2953 42 10625
3821 22 6846
3238 46 9731
5545 24 12474
8457 89 15910
1164 13 2814
10300 87 11371
13728 43 17475
11562 73 13426
9470 19 12498
4373 29 11015
1005 82 15073
115 60 9595
4943 1 18161
6731 50 6830
658 4 9442
5535 60 18862
11563 100 14260
1080 4 9297
1155 45 3761
10703 58 12958
1290 98 7579
14532 89 18783
3469 93 7277
3887 69 11905
9127 65 13696
8397 46 8601
519 86 2330
10287 28 11038
1698 57 8772
9633 21 12012
1047 56 6242
4 33 7442
10450 78 14337
7841 76 9412
8140 6 15269
8068 30 18832
9575 26 11090
5453 12 10372
3068 98 6570
3838 90 8143
7064 90 13530
8648 28 17608
13554 36 16061
515 76 13363
235 59 8070
4426 48 12954
3022 97 15945
9554 34 11542
9577 34 9892
3711 73 5397
922 45 10946
4085 13 5760
489 15 3224
3305 31 8927
2932 6 18562
10969 60 18403
9324 97 14788
1598 46 10964
9621 51 11433
2222 52 9621
1961 97 4922
332 39 12608
983 10 12590
3685 68 17101
2138 20 10709
4240 27 5359
403 43 6365
10989 20 13758
5931 51 6763
3491 48 17399
1572 22 7158
5777 93 11565
6929 50 7034
7237 46 10078
4715 79 17197
8491 91 10281
2354 94 12156
11281 19 19388
3681 67 19908
4040 54 17590
4633 44 10429
2600 36 10943
2052 64 7634
7542 2 9325
7146 56 11664
953 7 8522
1473 24 12970
5421 90 5689
9385 78 11840
13866 57 16801
2298 84 10969
8781 36 16800
6775 73 10959
3063 38 14079
7905 18 18305
3071 43 4312
4354 51 10484
6868 98 10584
6351 35 6425
11492 55 14827
95 49 6092
8279 97 10205
11915 64 19541
11391 21 19788
453 32 10879
5347 40 5433
2214 84 3920
1480 4 7151
2151 78 12789
4125 100 8145
4636 7 19509
4163 84 9961
12336 94 16125
5637 45 8099
6713 99 10738
8603 27 11665
2035 29 16861
9553 85 14447
741 87 4833
6667 29 13744
150 10 6624
4272 87 12989
273 98 440
2815 67 3452
8139 4 12277
1162 98 11483
1554 84 6580
10005 78 10419
1294 11 8141
983 84 2184
590 2 3538
1066 6 7783
7714 94 10077
2181 18 6348
12345 77 18894
2473 78 16185
3408 45 5807
4801 31 19459
12741 91 16811
10162 72 12122
264 5 9691
10200 5 13970
2057 97 7483
2923 25 3363
8389 79 11777
5261 21 6228
2690 62 8031
3574 45 5872
4643 82 10942
5020 58 12531
7735 44 9957
842 66 19657
2317 35 19586
1828 40 15552
3451 31 11728
2804 96 4960
2411 80 13265
2445 18 16864
9247 43 11416
3988 7 6593
4099 67 7003
12440 70 13433
7319 53 11167
3815 47 15834
60 2 11899
8351 6 14159
10112 53 18215
6098 63 13672
3825 51 19751
7281 14 16119
5167 99 9129
10048 14 12442
10107 6 12623
9983 6 17358
10907 28 11083
2918 62 15686
1903 5 8436
6794 88 10122
11241 55 18369
584 80 2975
9453 88 14343
7124 41 11697
4507 9 4565
5796 22 19529
7238 61 9234
9112 27 18919
3379 51 9087
9596 89 12562
1033 67 3324
959 59 14709
1077 26 7557
18724 92 19513
12527 46 17797
4143 20 15095
4061 7 6429
758 18 9579
1601 96 8680
2789 65 8621
955 10 4382
13185 63 13560
1502 76 11225
413 18 3918
9789 24 11901
3510 97 9845
12678 43 19887
6925 92 7877
1420 35 11327
6374 70 12888
2776 43 2947
1084 84 12547
11762 71 18718
7058 42 17685
2808 16 16077
6971 89 9397
6829 10 8187
1271 20 5642
3859 92 6388
646 93 15998
1315 22 6338
4580 86 5531
2334 26 3918
5240 65 16456
3137 11 17949
7491 37 17763
5108 63 7644
6672 25 11837
10172 80 14823
6684 77 10239
8505 68 11367
6721 64 15512
7521 74 14758
