400
4179 31 15075
12049 42 14238
12163 51 16060
2502 51 11903
965 22 10195
6995 28 9607
5393 44 12572
252 36 7732
4589 31 11198
4481 94 16968
2624 14 14770
8899 82 11926
9416 63 10199
2053 96 19661
5177 66 14851
6767 88 10622
12741 2 14542
8081 83 12567
9886 69 12259
6545 4 10325
3966 92 4845
2363 37 5897
4151 85 8801
3010 27 12441
12711 17 16708
14666 55 18857
1821 5 7539
4328 4 6174
12170 65 18838
2719 11 19048
3991 63 9233
15001 97 17284
7545 92 15622
137 39 9457
3152 100 15323
594 5 1139
2092 7 9065
4962 86 9351
12715 21 16101
2838 12 5645
2261 53 7250
2041 21 3940
11664 69 15136
5429 17 6488
494 57 4522
10256 93 10385
1171 12 10515
16507 13 18219
7298 45 18956
2001 10 15941
3043 33 16256
9736 54 13034
2303 74 10313
10964 53 11717
7569 24 18396
12020 60 17848
649 86 8830
15375 15 15745
4079 20 4858
339 47 14035
10889 59 18591
4335 18 19451
5687 74 7075
15881 95 18099
5628 36 6994
2224 4 9070
5754 79 11892
781 96 4494
5688 56 16571
4788 22 19226
6709 33 11876
8616 48 16139
3287 8 7452
6653 41 7250
555 61 12535
2851 51 6819
9564 38 18595
3546 21 8176
1415 15 13947
16830 91 18554
3284 89 9791
2170 51 10342
5876 53 18785
3137 53 12898
3219 5 9329
7377 71 15540
3514 85 12460
11146 85 17366
7675 32 8822
5061 17 8623
9637 70 12596
166 84 1771
487 40 12636
6915 16 15529
12013 83 16763
11543 35 12622
351 84 5205
542 82 629
6605 76 11146
4082 14 6559
8961 54 14341
2638 82 17163
14474 82 14984
6586 99 7729
2639 21 5277
2599 89 3661
7668 59 8397
3530 2 17483
11117 39 16748
187 20 19114
2097 13 3666
8369 80 10743
1029 21 12305
2795 58 12104
11709 30 13698
1435 68 8489
136 100 19478
8230 77 16137
112 27 1772
1645 57 10255
8754 22 9592
5934 2 11379
4464 82 19784
2800 33 9680
6940 92 12656
2331 90 3672
2792 36 18436
942 63 10179
3887 53 5341
6904 28 17207
366 87 1242
12683 41 14972
3075 2 11062
1012 40 3301
12290 6 14484
8857 39 16349
9920 42 19698
1741 41 5551
2375 23 9254
10315 66 17212
541 13 1290
6254 36 7596
477 79 15005
4949 84 12496
2633 36 11065
1516 47 14563
2652 35 6581
1998 79 16124
4760 20 6507
6380 15 18647
11398 9 11488
8333 64 10915
2838 4 12151
8108 81 11186
5856 9 11386
2707 67 9197
89 91 13566
9831 49 19619
9159 11 19124
13679 15 14919
12177 7 16775
3908 7 4129
220 78 10291
3864 44 8073
209 100 7328
7291 73 10556
16153 41 19188
3153 70 13014
4614 61 8558
4948 59 6636
4634 66 12684
8771 76 15876
5072 58 5464
6086 85 19859
6366 95 13576
1224 71 14258
4577 19 8195
6050 6 10340
3504 41 11201
18980 33 19735
3721 70 15293
424 14 9737
242 13 18652
9803 28 11540
8448 3 15536
75 38 8557
13668 18 19942
10369 42 11550
4947 39 11699
2952 49 18108
10346 70 13263
2225 61 18939
4696 55 6127
3463 59 7590
3162 65 10295
11552 59 16010
13808 27 18379
7749 24 12597
9216 75 12593
2755 100 10171
86 60 3893
7474 97 15390
692 68 7505
3166 63 13191
6891 16 10370
7547 72 14839
2506 1 18273
10050 53 11121
9037 56 11850
16612 99 19806
10759 61 14802
1129 22 1557
1899 56 6296
529 98 5903
5080 92 12882
2106 25 4037
6513 95 7447
11328 49 14378
4614 61 10935
3013 73 14816
1171 75 19941
6234 82 9746
945 59 2056
4833 98 6243
6392 51 11069
5737 10 7703
3074 80 12394
8412 34 17051
3408 76 6604
3068 59 4893
2497 36 18628
431 14 3565
17414 32 19939
8 72 7034
4198 15 4848
2413 90 19378
2076 80 4225
12136 94 12307
1032 66 9401
8271 97 10078
8476 15 17050
3073 59 13388
1483 80 5671
1529 19 2646
1556 55 2674
2508 27 10833
2707 90 10099
812 67 17303
3181 5 12085
2553 53 5045
396 42 8959
7839 66 11468
1486 5 10542
5319 41 6701
1169 8 7925
995 34 6248
7321 86 8710
6896 5 18069
6567 37 13063
6125 79 8486
6038 32 7072
7959 67 19398
5410 8 15714
12251 48 12524
2177 87 10172
3089 24 8033
4904 36 9102
4035 87 12628
819 54 9065
7032 95 11713
5691 17 16757
3915 2 14733
2471 6 10673
3991 70 19102
3446 34 14118
9752 68 16029
10552 94 11995
359 65 17771
10605 64 13755
712 75 1839
6949 47 10802
6505 68 9349
1467 96 3104
4799 25 14065
560 70 8846
12111 36 18939
10678 30 14615
1893 60 2553
825 11 18619
3870 46 9179
11421 21 15192
810 46 12613
6699 57 6940
5683 16 12305
7012 14 12133
9872 22 12707
10577 20 11464
6245 2 16149
3253 9 4634
9430 14 13192
11427 9 13333
1491 60 14824
8978 29 9894
8343 88 19559
9842 92 16209
3610 78 5193
1356 37 10936
4038 67 14624
11566 80 19420
5180 17 7392
7883 45 19334
8203 5 14657
5058 74 6783
981 78 16725
7932 74 9594
6396 76 10942
8274 55 8502
10553 71 18820
12398 59 18631
12181 62 18762
11149 15 16650
2497 48 7228
6033 78 8099
1732 71 8983
949 20 5971
9321 84 9489
9096 26 10084
6211 95 16080
5867 81 16826
6318 21 15669
1084 31 12459
645 12 1430
2530 85 8991
6052 12 14147
2048 41 9415
10194 66 18356
1549 69 4623
12061 26 12679
7482 61 17121
10458 59 16590
2325 28 2462
11641 97 19234
2769 56 17056
7177 68 9165
2199 52 10485
549 2 8516
4566 50 7189
5154 75 16482
9222 38 12457
5276 4 15768
5723 16 10129
9141 30 16773
10694 97 12423
1536 32 6045
8877 28 12304
4035 8 6693
1382 28 2333
10626 32 14881
3691 67 11708
3018 73 15108
9213 1 15810
718 38 4554
472 97 10560
4069 13 10807
15182 24 19111
1943 46 18630
4504 94 6098
774 41 3424
3661 64 18845
9025 84 10996
9809 39 10843
8483 97 8820
5545 92 6783
7762 10 16558
870 13 8042
10118 77 12343
1726 11 2752
2668 95 6241
101 29 8507
4340 32 17251
9996 67 18610
11040 25 11526
4007 42 7043
4068 90 7377
7677 72 11182
9638 94 17747
568 51 7985
3808 53 11951
2397 72 7805
4457 46 8086
9574 52 12053
1701 89 14542
8255 91 9567
2599 25 4248
4710 76 12289
8194 43 8323
3687 8 5025
2436 73 2777
8570 27 11173
5838 8 6330
