400
11703 50 14862
1463 89 8209
11068 33 15580
12886 93 13203
7087 18 12100
12704 20 16589
1781 63 17386
162 22 3111
10534 52 11361
1357 92 10729
1001 92 3235
8272 49 11603
8063 83 16735
130 86 19636
7643 85 8762
3697 79 7766
7957 5 16620
8025 40 15489
14421 22 17769
5443 27 7351
3263 20 19943
9523 27 17249
3921 27 19516
7441 23 9574
2395 36 2883
8143 32 18802
4280 93 9626
6933 23 12222
2528 29 18716
8029 10 8607
5085 33 19739
12382 5 13658
2872 37 3198
6032 24 16575
3446 31 8821
10526 27 16872
7162 76 10060
4790 1 5191
12007 11 14605
11398 52 19154
645 79 8464
4660 45 12109
1792 13 4573
11226 42 11408
15610 15 16212
2519 20 8467
17416 75 19928
6935 88 11469
5244 53 6473
72 88 10487
3085 19 5813
14919 76 18550
1788 13 13679
5911 93 16165
3139 24 15880
7187 31 10492
2458 100 3557
10470 22 17759
7160 75 11188
6160 70 9273
3865 74 6367
1051 57 2114
180 88 1176
6598 35 14367
2743 59 5695
894 13 9233
7480 41 9296
6548 4 16016
4403 75 14815
974 38 17191
4463 71 14380
720 16 9433
6512 97 11509
9080 97 9432
7539 52 10915
11012 87 11478
10555 99 19949
390 4 4590
8181 28 14116
519 30 1703
8672 72 13718
10396 26 14232
1542 77 7091
684 49 2145
183 42 4644
9072 88 12648
10061 97 17498
5970 72 13661
92 14 15382
2579 12 11475
6790 14 11016
716 100 3776
5553 22 11797
2669 48 8212
1432 37 15092
7920 29 13229
10522 40 15330
2995 10 6941
2589 75 14070
11349 40 12751
6857 86 7952
4177 22 7684
13578 20 19596
4509 95 16431
3566 14 19699
4312 93 19123
5091 22 5711
2343 64 2974
4795 70 6443
3130 19 4490
5545 50 12222
6968 54 11280
12615 49 13764
1594 51 4771
2099 18 15958
2320 66 10479
11345 14 14094
358 17 799
573 84 3733
15497 81 19951
5990 80 9243
11257 64 18747
6987 83 9795
54 43 15871
2495 61 10244
1022 90 7487
9168 5 11348
8070 19 18116
2848 84 16387
12180 52 13800
9850 34 10582
964 95 14588
5758 46 11442
2372 77 5898
301 23 13885
646 35 9662
676 55 7920
6144 80 8403
4026 15 9414
616 20 19042
2875 53 19538
6872 9 15339
9054 70 10644
2734 68 7790
2101 19 9671
348 2 9725
490 54 5711
1862 98 10861
8715 64 10285
5434 75 16742
6932 2 12672
4537 15 19716
9991 24 18484
2725 12 8395
7285 16 7681
4517 95 11994
2735 70 4725
3542 70 6936
3864 8 9904
10635 98 13627
6424 87 18113
16067 12 17725
11267 77 12409
10896 6 15972
3131 75 10215
8333 72 18834
12841 70 13581
4186 7 9059
3209 56 14794
7158 97 10630
81 92 2051
1862 27 4729
246 20 1266
2285 64 9719
6858 32 9269
8081 71 12493
6175 14 15564
2135 59 4500
13184 71 16779
3778 55 11239
3216 86 13086
1672 76 11298
10583 35 10898
6087 93 9173
6312 12 6400
5804 4 9806
7055 84 15864
11045 44 11871
14295 27 16802
8229 48 16733
7970 33 10207
811 72 18193
3777 57 8364
5496 57 9335
1222 97 2481
2080 88 3516
11262 51 15655
2082 75 9583
5531 42 11008
4458 84 16985
11432 18 19750
3446 95 4227
468 77 8761
9684 21 11783
1326 15 5902
7031 78 9618
10620 80 12078
2186 86 7355
13002 76 19328
3006 2 3349
8992 13 10031
4619 43 10741
3602 60 13432
1195 24 10447
9417 10 16125
7380 39 9089
6392 5 15879
12494 41 14534
1156 59 6253
10285 95 11970
7563 35 11895
3583 31 9604
8150 37 8710
4937 20 12487
1284 73 11044
1864 14 8216
2233 9 8103
2973 36 8419
2396 34 12465
14982 24 15014
4126 56 11679
148 98 7848
6046 5 17141
3069 9 13774
9818 65 12275
8517 44 11242
1480 12 11349
8361 80 17308
5214 39 9137
4322 55 6889
9994 72 14824
8754 63 14314
10054 85 11289
5598 14 13422
619 24 12617
12701 89 19008
7707 75 10972
5676 1 9867
7861 54 9719
1397 68 4816
3585 90 4842
5668 95 16101
1496 65 6396
9800 93 11624
187 71 15428
4399 93 12181
7040 60 15371
13243 9 19394
4921 91 7173
13449 86 19240
3084 59 14391
4228 40 9727
727 35 9731
379 73 590
3946 28 8044
11192 31 12818
3041 37 4150
1211 100 5168
191 3 12604
1656 34 7501
1352 44 4117
2148 66 12265
12083 98 16197
1587 35 10544
3070 96 5288
6890 67 9701
1056 39 3100
523 96 11511
7608 77 8930
4515 24 12334
5133 58 16257
12915 63 14788
1611 41 4070
8342 46 13955
948 61 12554
6096 31 17925
2759 37 6469
6268 26 11950
2707 2 4603
8844 40 12876
3270 46 14451
9196 37 16071
2231 26 7716
6047 17 14185
5474 49 8837
1695 57 16065
1496 71 17082
349 56 18387
10855 14 12211
88 36 3929
7716 61 9747
4970 54 13736
8188 63 15303
3266 82 18806
4062 23 6913
4923 19 10430
396 52 12452
14295 94 15368
5228 21 6591
710 44 1740
1244 26 12823
5528 73 16550
8671 72 12070
7757 5 17326
12749 51 19182
5802 38 9111
3332 52 8550
8103 79 19499
1786 14 5191
782 46 4600
3594 100 8033
252 26 12385
2198 28 11183
7756 67 7898
4513 91 10313
9230 46 9967
5390 19 11838
1199 35 9349
3636 64 11650
2676 26 16899
4727 1 11976
6838 51 9127
2305 2 13464
6249 69 10882
14588 58 16110
1544 47 2677
2447 70 8670
3720 46 5818
14806 10 19729
3030 9 12318
4206 18 4588
4192 22 10033
1107 42 16479
11742 10 18750
16686 26 18656
10206 85 11288
2901 50 10753
1312 43 18762
12034 75 17975
5413 78 6420
1129 81 7729
5099 82 18308
1609 72 3091
3168 46 7897
14583 85 17174
1299 58 2862
3141 11 15351
5558 24 6155
10037 74 10237
7143 4 11582
7996 81 16146
3138 32 15881
977 42 15992
1947 2 3538
10584 45 10759
7780 54 9316
2713 35 8292
5777 40 8061
9512 36 12417
3506 44 10366
9791 6 10178
2958 78 8998
3704 2 12356
8362 36 9581
5526 81 16295
317 23 2989
18814 42 19656
2698 47 10461
1294 20 10394
4593 18 8990
8171 51 19215
2810 28 19592
4102 97 15931
5120 2 5129
1446 50 6921
5416 3 6417
5896 94 8385
8530 6 11975
401 13 555
1742 60 4501
6324 72 6751
9251 72 16434
6040 44 10417
5101 75 19039
721 36 17564
16716 33 18016
13181 32 14438
2405 31 2763
2390 71 7488
2041 88 10312
