400
11535 10 19495
1363 51 9633
1189 30 15865
6791 14 8050
1747 88 15941
8676 67 19235
1213 22 18265
3233 78 16257
5660 54 16367
10113 73 16374
6583 25 14921
166 3 1588
6816 90 7298
12710 2 18524
7282 83 10722
2369 10 8655
555 24 3984
8295 30 12594
2414 62 5318
2095 49 7641
7267 29 7459
3316 82 8783
17453 13 18000
2445 65 9283
1991 94 17905
3180 12 4165
14142 69 19837
5199 7 12428
6861 11 11877
14136 30 14873
7164 30 18099
3686 18 16013
5552 63 17390
9893 100 10949
5598 98 6558
10965 72 16968
1022 57 12105
1179 54 18841
3306 48 8667
632 11 13409
10056 70 11470
1073 98 18150
1067 9 9378
3161 83 13814
9796 69 18733
9760 82 10194
2799 56 3937
6831 5 7867
3847 81 19964
1911 78 7322
4614 90 10865
2663 37 9578
5445 59 12569
2376 91 14224
5708 73 13021
9895 33 12892
1028 94 14700
5218 98 12039
2044 8 6443
2434 90 5049
17839 45 18056
7464 68 9669
9584 77 16092
1435 4 2223
1411 89 9024
8120 70 10477
530 73 629
7895 77 11577
4268 58 11605
3608 69 11608
4597 13 8627
865 81 10701
859 32 1708
2948 34 15258
7152 55 9363
1675 7 6883
1030 51 8937
4663 15 11809
18478 36 19165
6292 29 10945
1046 7 4965
8948 90 10876
4012 41 9879
712 62 12506
5269 44 11556
3439 25 13815
5456 30 9211
748 61 2411
8816 49 11433
6404 29 9395
11183 13 17141
9293 9 11075
3755 93 18544
6655 60 12055
4114 62 13522
2750 7 9502
1115 53 14872
9440 50 9975
2457 15 10352
731 58 6286
11439 4 15149
4988 13 7980
243 3 9156
6712 55 11013
5779 42 17332
3549 98 17537
2037 72 5940
9970 38 17687
4023 89 6546
7006 74 18025
7930 28 10212
1379 83 7259
11594 93 18157
6694 38 17714
1322 17 10065
2769 1 4433
1404 68 3600
3701 60 5510
11803 33 15733
4012 60 4585
930 5 12202
6352 73 11811
1413 5 15662
3732 95 15608
8855 90 18535
7280 32 16246
4154 93 13654
2687 63 7274
9517 36 12448
1534 8 2971
3115 96 8281
6709 78 10456
9304 62 9934
2823 93 18876
1278 85 17048
11 26 100
226 14 9719
1179 17 11988
3572 78 11438
10569 16 14604
5256 48 18447
3737 35 18778
3303 22 5530
8051 46 13950
10480 96 12298
2543 100 9512
4710 40 9247
1596 54 4789
7963 26 8671
3183 20 10109
2434 62 7322
7934 30 11888
5096 9 11946
3229 72 6569
7637 66 14883
5029 49 6284
7397 44 10010
6426 19 7147
5267 53 5865
1582 41 19490
3565 1 14377
10120 80 16058
5663 16 6090
6538 22 10970
2115 42 2256
1514 3 5811
12754 99 15840
2178 16 11909
9482 73 19940
1684 19 4712
17423 47 17986
7005 95 17446
4486 32 12992
5934 45 7496
1966 77 13969
2112 99 6160
7149 84 17259
10815 2 14317
6609 69 10603
2069 49 3238
2928 84 6070
433 94 12285
8880 45 10490
7543 77 18799
2655 46 4014
543 50 7096
7199 66 19089
6460 23 9366
557 10 13570
682 45 4320
3740 77 7360
11570 83 11838
14015 69 17004
4666 24 10828
865 28 11474
9316 4 17579
828 9 15423
1417 99 6041
10824 39 11411
7814 61 8967
11128 6 18934
10613 15 10816
5586 35 16824
4904 99 9079
6597 87 15778
3484 85 11685
3281 36 13472
8928 8 12619
8559 1 12940
11072 84 15760
66 60 4624
2980 16 12738
9260 17 16746
718 13 2378
13 79 11954
10977 45 12855
6626 31 11994
7929 1 14387
5587 32 14965
7619 5 10186
6668 31 6787
4863 65 9000
3631 41 9881
1959 95 6962
957 81 10637
1693 94 4638
4835 17 8058
5291 81 13530
1925 69 14753
6722 26 12755
2045 79 11253
11202 31 18407
3369 21 5488
178 72 4829
5706 7 10276
13061 60 14095
96 82 3710
11440 5 11645
6069 57 10674
4178 61 6393
12687 83 17702
10655 45 11528
2160 100 8329
12144 17 13991
9342 69 12082
450 44 18726
1167 26 9448
3537 72 9470
4413 80 6089
4928 1 12074
4524 4 15218
12907 17 15146
5631 48 12486
9166 11 15148
5708 10 15201
8049 87 11309
4073 36 9671
9801 2 13483
8544 59 17921
14007 57 14504
3073 36 8091
10653 100 11463
3433 2 13884
2043 21 17923
1056 31 5162
10732 41 19098
1224 68 1424
4317 33 11088
1216 71 3466
759 86 8561
3570 12 17288
5454 44 16585
1127 71 1864
11479 67 14245
8232 73 14045
3536 81 9726
4409 3 18638
6199 10 19276
1455 4 3195
1478 36 8238
3939 89 8553
3246 74 6591
11291 16 15517
11133 98 11710
4453 49 5705
5654 51 10049
4280 73 5155
9459 49 11380
339 65 7869
3489 81 5854
879 53 4614
499 82 10148
3838 50 5035
1072 95 4765
1806 68 4741
5686 1 6995
1818 46 19614
18047 25 19601
2102 55 11723
396 32 12221
2906 84 3236
65 64 10198
6733 39 11392
6131 8 8909
10365 12 14004
16683 77 19534
8633 55 10198
6539 45 11051
6923 7 11928
10994 14 19254
12984 13 14051
3779 82 16703
11237 86 17067
258 14 3545
4418 51 13038
2964 42 7040
1915 37 11691
295 98 11171
10836 17 10895
4098 15 10487
7116 7 7979
10418 21 10884
4142 23 7482
1719 34 14486
7814 91 11574
12599 31 18024
4435 8 16778
1414 77 14393
799 1 9433
6293 60 14458
4407 58 8301
12438 21 13132
8179 83 12447
153 66 5926
7511 32 19103
6006 90 19516
927 32 19315
2952 17 7900
1988 18 2508
2923 71 5449
3319 30 4386
1158 92 11346
9865 91 11866
412 49 8634
7140 59 7755
2349 66 8898
9652 59 14234
2915 13 7243
3061 17 17560
1474 46 6717
2895 39 10527
284 99 950
4386 21 17592
427 45 18120
897 94 15914
6906 22 8928
6372 68 12674
1418 37 6982
8567 1 15116
333 93 7919
13868 39 14738
2825 24 18347
471 17 1795
1521 63 10986
2002 5 8818
1364 29 15638
571 62 8370
1679 54 14971
5310 42 5777
844 39 11402
2709 19 2974
5872 75 9045
3967 35 10201
7310 34 11174
652 21 15628
5984 61 17556
4434 25 17282
10763 85 19762
3010 81 8221
12760 41 18030
15027 99 15738
5593 89 11446
8887 37 10912
6119 26 13252
5629 62 12748
8154 49 13890
11598 53 14744
1293 76 4673
351 52 448
4821 99 17173
4849 78 9463
748 57 1431
13233 4 15807
6286 74 15926
8993 76 9897
7606 43 16925
6092 56 11517
11553 100 12397
8579 75 17321
9696 92 16678
