400
158 15 2998
11845 69 12889
9134 17 17496
3353 59 6514
1087 59 2555
8463 18 17289
8624 38 14436
3888 13 10102
347 52 2457
1066 58 2174
2138 4 12032
972 1 7876
239 49 1722
493 24 812
12836 98 17091
11764 74 17684
9774 9 15976
3563 49 16346
5944 32 11620
8406 40 9312
8220 89 9608
7448 53 7818
10413 43 17952
1844 23 8464
5025 27 11959
12994 94 18840
13558 82 19434
288 55 3397
4121 86 7225
2438 8 8821
690 7 8592
86 16 5514
1460 15 9363
1584 17 2535
10212 87 13732
5050 43 9914
8145 29 8845
3093 66 9900
4978 75 19855
5980 66 12733
12664 49 17873
5499 50 6066
236 54 8925
12524 30 19895
11239 52 18841
4138 27 4950
3688 93 10679
11843 37 18826
875 39 5886
12765 3 16629
6 83 2970
10734 90 17146
2007 59 8167
1719 39 19913
5651 81 8591
719 12 10430
3192 82 11981
2747 18 9419
8748 98 9747
13051 6 14389
1816 90 6016
2783 4 9839
3920 42 17421
4512 27 6560
2348 27 4155
10740 19 13175
3857 92 3986
1150 69 16254
12580 12 14691
1162 14 3061
10 32 11216
2474 63 12213
6128 85 11895
1301 37 11362
4730 90 15553
5334 18 19393
2535 83 8624
7229 93 11637
8189 12 11289
196 47 13104
4100 59 4895
4954 15 11958
11858 11 18983
15829 19 16127
13395 38 19859
9189 7 9618
10624 63 18664
6248 19 12270
12122 18 12784
1291 44 17489
5943 34 12209
3931 32 18845
2095 40 11471
5414 61 9864
1234 44 8400
4220 83 4316
4670 53 13483
10623 59 11871
9135 31 17237
5868 68 19496
2557 92 11202
11079 65 19296
2483 8 2969
10696 6 13436
1654 72 2765
1437 28 18900
5657 17 8368
2614 69 3006
6659 4 8437
4283 51 5992
8409 58 10596
786 66 8077
4993 24 12079
3401 41 18869
4489 61 12276
570 78 2012
10773 80 19085
4204 35 5513
9490 78 11123
4335 63 17147
609 68 7100
6639 51 16863
2782 16 12650
4430 50 5625
6101 54 15243
773 61 3425
361 99 18936
603 17 10468
6087 47 11937
597 90 7532
11339 53 12406
12140 21 12544
35 83 11885
5061 49 11146
3840 40 13961
13722 48 19400
5031 62 10555
15209 75 17141
7110 79 8314
866 20 4298
1421 46 2988
1259 100 8827
9079 6 12590
7272 40 9930
11505 83 14546
4511 60 5764
10106 96 10341
2772 75 13731
4856 16 10011
9833 49 19547
3228 70 6435
1397 96 7610
14682 30 17670
3542 77 19080
11721 23 19659
9945 12 17304
3372 31 10704
4475 1 10609
6178 2 12639
3420 87 9622
11534 2 11666
9470 63 13536
9815 39 10488
27 99 3776
10165 66 16237
1755 62 9653
15949 22 18526
9138 50 12287
3983 21 17245
3734 7 10889
760 58 13649
242 75 7413
14611 77 16787
7197 46 13557
5797 26 9169
9729 71 19835
4831 15 11693
1480 10 8577
3565 10 18273
611 41 11271
11112 30 13572
5201 3 9991
10693 76 17983
1116 58 10105
11056 41 11240
1264 77 11504
1571 34 14487
7526 86 11625
9793 38 11972
7734 17 12313
3462 25 12174
8075 15 13068
1882 11 3532
6684 68 7415
8008 9 15395
4345 28 9322
6693 17 9029
728 95 3699
2622 18 3383
14125 20 19739
5956 65 10142
4470 73 5173
10581 94 17688
9177 77 16277
2210 13 14280
940 7 1119
1537 4 4501
8749 20 13977
7575 20 18172
14763 93 19452
9922 54 11379
10807 94 12528
10359 93 16228
4845 70 16566
9480 79 19912
10755 23 17745
6282 63 10620
3976 87 8991
2032 58 19578
4034 54 19526
6204 30 11342
10204 82 17442
5793 29 6084
8562 40 10314
3865 43 5830
1074 71 17241
1187 40 15885
2925 87 9803
3713 4 4808
7151 46 11719
505 44 19879
14880 5 18955
2907 33 17639
10255 1 16359
7489 98 16054
1598 95 4762
1034 21 1122
885 94 11859
11413 92 11515
5909 4 13554
7393 25 18804
16455 27 17828
2841 49 4365
12377 30 15893
9104 36 11674
1896 15 11465
144 37 11493
9234 61 16978
2469 44 2681
14481 10 17183
1230 27 11669
11766 38 16140
140 95 2975
5434 74 17394
4204 54 7392
2077 72 6084
4203 22 11628
1206 85 5390
2377 45 9949
8834 35 11400
6228 5 8731
1075 33 4433
5461 9 11388
11503 52 17132
2029 90 11233
7566 68 11699
3785 65 4570
158 31 10457
7438 4 11817
276 9 7090
2412 50 13947
1983 40 6959
4907 48 11824
836 69 5344
4994 25 10276
8238 9 13906
5252 70 5809
6945 9 15612
6284 17 9589
11519 48 12237
7289 4 8287
5143 27 14469
9473 81 19407
3703 95 11449
842 11 888
4266 1 4967
8619 75 16827
2789 79 6298
9343 25 17997
4647 70 11983
7500 23 8501
1918 61 13699
47 7 2742
11033 97 13198
811 78 9534
901 2 1045
12749 9 16823
571 23 14455
7514 89 9272
6665 18 10491
3807 61 15062
441 95 6964
13348 28 18114
3622 45 17820
4966 61 18560
2290 4 9380
7555 29 13287
558 63 7982
6986 55 10543
6881 19 8834
658 100 11559
7055 75 15418
6899 26 11203
491 74 17635
4192 71 4699
8743 5 10849
1963 79 13371
9531 95 18609
6808 84 10508
6344 39 10453
6040 57 9862
4321 67 4794
8072 43 14921
3469 92 7063
2365 53 7014
3785 88 11268
5710 11 9099
4216 48 19501
1129 94 9216
6297 98 8883
5762 96 8067
3690 41 11605
691 34 13941
5301 33 6162
3039 25 11087
13169 5 16308
13994 85 17940
1533 5 4371
589 38 3727
12720 20 14475
2043 15 7634
7366 86 11375
4310 42 11763
12752 61 15384
9552 6 12600
10490 51 11649
727 86 9001
3444 74 12631
9240 76 18594
6124 86 8580
3097 20 18297
8221 39 11847
6285 95 10581
12760 87 15138
2253 36 10491
3478 70 14990
3050 92 14931
2009 17 4673
8528 91 12029
4720 92 8156
9955 22 15427
2537 41 17111
2623 41 2791
249 8 2600
2278 58 6371
11502 81 14676
1748 62 5925
1960 44 10979
132 31 16613
7743 20 9427
8072 82 14024
10261 20 17837
1009 1 11240
4837 89 5180
1364 19 17721
3622 75 17306
2933 41 4420
5713 29 6572
2522 67 10958
6880 92 7562
1519 28 13977
10009 39 12075
3959 61 7560
7738 93 8266
3896 33 9780
4138 17 8185
9535 8 14273
5955 57 9426
10304 60 16021
993 14 13431
840 89 2358
308 87 9149
1842 56 12735
952 69 2098
8721 97 14498
676 95 11777
1032 32 4154
3508 26 13910
7835 25 7899
2781 89 11293
