400
4378 34 18796
2936 41 10052
11702 91 16943
5198 58 13955
6036 59 10911
4186 44 5770
3817 87 11498
11497 98 13353
400 57 18630
3688 48 7300
904 43 5427
8782 64 15760
8165 66 11638
5345 87 14640
12286 22 17460
1478 28 7438
3307 3 3924
3044 85 5668
11880 63 17839
5856 63 10328
3006 42 11014
4592 31 19436
2500 90 7916
2088 97 16812
8702 39 12732
4959 2 18958
1999 64 15374
10997 9 12497
6490 100 9429
3740 27 16999
1404 2 2300
3544 5 6654
4343 97 7766
7407 23 12027
18676 11 18726
12017 35 13813
2849 40 5267
4257 23 9644
16491 58 16680
9739 52 19734
5810 74 8569
298 24 3811
75 66 14170
1844 70 11097
2101 23 10181
3666 68 11434
8494 52 12615
3638 63 4365
2233 16 12577
7496 25 11366
3241 18 16134
5407 94 12744
18567 76 19696
7187 2 19456
5037 59 9158
5767 38 11374
15620 1 18150
5765 14 6206
11879 25 11968
9590 65 11034
1708 72 2224
596 97 3836
2674 94 9083
3109 53 5389
9906 68 16811
11103 53 17642
4394 78 7239
3584 11 16760
11135 24 11869
3607 14 8571
23 83 8268
7454 20 9592
1927 90 4228
4408 15 17400
7043 27 12377
2560 2 5341
8718 28 17952
4452 35 6186
14308 88 19864
4292 21 10307
125 42 6874
7284 94 19851
622 9 19916
92 16 4820
5281 10 19488
11364 47 17697
6107 27 6669
1526 9 7136
2961 24 8265
5837 93 6018
4840 31 17632
6996 15 7692
3552 22 16113
10789 76 19408
4454 15 16841
2852 3 4788
2592 26 9828
1442 31 10171
5381 50 10925
1005 51 10953
1816 21 7750
496 23 3207
8021 20 17358
973 92 10258
2110 23 4617
1802 1 12962
822 63 8481
15619 100 19618
301 35 6882
4258 97 18714
2153 93 8076
11647 97 17905
10188 11 13167
1654 64 8675
1316 22 4090
9148 10 11846
4655 5 4742
5420 72 16054
1774 30 5018
17874 14 18056
3567 24 9964
6430 13 9021
2375 78 13685
480 17 11917
190 69 12704
3867 1 10740
15842 68 17139
153 62 7521
13020 56 17739
11359 35 16536
3517 54 5566
12005 97 17598
7020 76 19682
10573 13 16467
601 90 17210
13099 52 13911
15724 42 18524
6366 53 7132
6635 77 13926
3864 73 11458
2348 22 3046
7898 100 12448
287 69 2940
6506 17 9610
11489 70 12243
7052 3 14572
9809 79 10239
2619 49 8342
7035 23 18948
5125 96 9365
4101 72 9395
3482 49 8743
3943 39 12207
4846 60 19284
5003 14 11056
4193 68 19684
84 71 1880
761 59 17990
1709 32 3356
4360 96 5963
3646 59 16507
9339 21 9706
3094 82 7711
10892 71 12459
3735 25 14746
7953 8 15034
2960 87 6068
4092 68 18078
15539 64 16431
6213 29 18067
11812 61 18823
455 71 5563
8812 18 12434
7056 6 8598
810 12 13534
2821 24 3406
1728 81 15290
7509 15 8972
4747 58 15676
5820 44 17224
12115 13 16159
769 93 4194
12045 81 15309
9137 87 19745
3660 67 7313
205 94 12331
8197 18 9185
8059 99 19587
543 50 2966
1533 15 8160
538 82 18340
14414 36 16264
5240 2 18866
1746 21 3539
7039 50 11454
4090 38 15614
61 12 9017
12019 25 15586
2962 40 9916
5946 27 7677
634 34 3513
3417 1 4003
5466 60 16626
5070 96 13403
9401 100 9711
2949 24 9738
10765 96 15880
4956 8 11425
2529 27 12061
2408 59 3834
8660 31 12185
400 15 16903
18149 89 19942
9104 94 12152
11765 8 12005
15943 94 18520
1993 67 2536
2186 65 5765
3219 93 6837
2336 22 5918
10973 26 11032
13157 92 17243
4306 88 6137
11798 38 18147
1363 50 14551
8985 27 10461
11909 55 14987
2252 10 5936
3560 26 10545
5495 93 13862
1377 14 3100
9993 9 11089
4003 42 10277
2832 71 14701
3616 38 5028
326 3 3862
6853 84 8052
10250 31 10420
7690 3 13304
9596 1 14567
2504 29 15748
4674 10 6691
1935 60 8328
5805 68 10648
1508 71 7760
5375 41 6286
2729 74 5263
10094 22 16664
3981 62 5326
3828 72 17289
2706 42 4888
2870 14 9108
53 59 9760
6033 54 14987
2421 48 3232
9860 37 12782
6041 39 19803
5591 44 13599
7381 50 9560
18661 79 18927
4320 20 15573
12739 17 18787
3234 45 17438
11168 92 17098
1277 4 5843
8796 4 10667
8788 62 19120
1689 55 7339
5380 7 15629
3681 58 5735
8805 39 9894
11823 41 11867
9882 68 12598
3075 43 4634
11037 24 16227
4804 76 13413
6625 8 17400
5726 13 6276
5101 45 9050
15531 67 18812
8913 97 10966
3355 48 18578
6185 78 10241
3305 81 7840
3381 14 4451
5768 7 17629
2180 1 2848
8246 87 11716
1574 61 9724
7811 22 19642
16215 43 16627
2482 83 15134
10413 84 17951
6797 92 7408
4623 35 12718
1016 12 19375
2567 52 18992
3908 39 8533
114 85 6880
9765 72 19243
10078 76 16575
1278 82 19902
8836 92 16116
8955 81 9132
259 29 10268
18934 4 19127
13719 31 17411
1317 27 19837
10628 14 13413
10006 62 11034
10920 57 13702
1907 88 18737
5642 78 7633
3383 60 19734
4096 51 7182
228 4 10750
294 16 11593
7545 66 10510
3893 68 10023
10067 93 11934
3109 76 4269
1281 86 2574
6587 89 17812
11403 21 11433
68 76 10829
985 21 4112
10557 61 19210
1542 36 7553
2726 6 3120
304 97 1372
1996 65 7403
4696 18 11131
7710 60 10501
747 35 12433
5163 81 7385
4447 29 6451
14275 56 19415
6781 78 10561
11242 78 16707
4249 2 10741
3059 41 12483
12599 25 14070
12444 35 14033
177 100 17766
19096 73 19350
4491 69 6962
9061 8 11837
809 6 11475
3989 75 12208
6124 35 11785
4357 79 15452
5489 55 10960
2949 56 12328
10464 48 14982
573 98 12310
3073 62 16008
735 56 12629
7349 56 11916
1479 74 1850
10077 61 15123
6287 35 10546
7864 71 9193
5991 56 7080
9622 64 13154
6362 59 17287
2631 72 3425
9766 89 16298
1595 11 2887
1443 92 16343
2199 95 10684
11061 79 12613
7394 27 13043
8478 64 10592
11458 94 14833
6711 91 11122
2528 34 3816
12438 35 18346
6493 91 8025
6412 70 13584
8248 86 17756
14213 95 18755
10587 21 11590
17788 33 18060
12530 31 15434
5449 20 9244
5195 74 11989
7793 74 10134
6900 82 8044
3239 20 3956
7292 89 18436
9093 17 11331
7182 54 17673
8284 56 13593
4445 89 14469
4399 18 5689
8580 35 11880
8948 55 18114
1340 4 18381
2957 93 15142
13172 77 18016
