400
962 90 12616
5660 34 13242
2237 80 8271
1019 49 12131
8030 78 14337
4586 84 9231
3690 51 9292
4320 52 12623
970 99 18579
137 49 607
5834 46 10333
8282 24 11464
10351 33 11207
6380 70 14345
5548 48 12936
5466 11 10356
9305 80 9602
4848 72 7930
14484 80 19560
5777 84 12400
11237 24 16109
3467 20 18534
202 38 844
3743 59 9216
2884 46 12412
8344 55 17859
2394 83 5725
1938 61 7434
164 9 10919
1263 61 19104
3954 99 10818
8738 18 9766
595 91 6577
5359 29 16096
10169 96 11482
3959 70 12950
906 38 8541
2062 26 16420
7532 83 15408
1246 5 6714
219 81 5077
2589 53 3695
14942 15 17341
16770 47 18319
8328 3 10344
6985 93 13814
7251 75 16594
403 87 9961
1769 23 11787
3469 75 11904
8476 5 10058
7729 53 11013
5912 55 10770
6168 81 9080
6205 97 11580
8063 70 10414
8681 99 10134
2143 64 13064
6421 44 6650
8616 67 10248
3156 35 15129
1652 13 11434
8686 57 10823
1632 33 11224
5348 35 10812
10255 10 11207
2540 14 4083
2942 15 6981
11718 90 19775
15098 79 19889
588 46 19262
1777 75 19339
6045 39 8108
4562 80 10614
7597 95 9470
6619 98 9128
5899 94 15497
825 7 18458
1534 60 6260
6630 44 13215
5835 63 19621
12337 78 16172
5181 84 17015
394 81 8039
26 62 13110
3074 24 7162
2803 26 4848
3594 53 6990
9913 60 11300
11708 32 13447
2195 8 11628
5616 5 18260
5739 49 11068
6307 30 8521
7083 100 13449
4089 41 7326
1137 93 6270
8763 30 9667
5840 37 10347
15796 37 16314
137 61 6941
2398 87 18690
759 83 2000
12311 31 18452
50 48 3065
1001 81 14276
2880 58 4288
1879 44 13882
5226 27 13717
346 39 1677
7214 90 18129
9552 59 16794
3629 35 19844
4050 62 12524
611 32 5511
6610 14 6732
2530 33 18060
11171 50 19532
10983 70 19951
9385 97 14343
1842 41 10607
4382 38 17010
6274 62 6889
12591 18 16241
7975 19 9154
9943 56 17366
3964 14 17146
4865 74 10404
1415 31 18791
2909 80 7765
780 65 6117
7898 10 11341
1091 81 16545
3231 35 12654
4630 93 7554
8270 44 13410
3002 100 16136
12699 66 19847
1236 41 9041
2280 10 8722
5501 77 8341
1297 13 8681
5303 60 19350
7346 10 7444
2115 44 9446
12831 25 18151
9186 4 16417
6633 30 10582
955 84 4867
3949 41 5710
14881 57 18205
938 69 3151
5410 11 11062
506 19 14828
11846 23 13303
881 34 10620
12514 34 18461
10350 8 14933
598 86 6030
3601 49 9261
1161 26 10354
5779 58 5945
4123 12 5994
3884 72 7032
5709 15 11537
9230 48 12575
6423 60 11521
15898 65 18085
3041 21 18091
8271 67 8843
5718 10 16810
1612 5 17042
11029 70 11453
1980 78 3341
8173 5 18705
5168 87 17717
2325 99 19291
18187 40 18391
2768 19 18836
3796 56 10490
2315 24 7674
8698 82 12424
6188 100 8901
13600 55 15212
9620 27 12043
12230 65 12977
6598 11 10240
11903 13 12316
10896 35 11271
4859 51 5328
2916 37 19175
4922 50 19203
7903 4 13652
7654 100 16329
1089 81 6860
10511 66 15354
8199 28 9488
2265 32 3185
10748 91 11639
5470 12 16915
915 26 2311
4320 23 8341
334 44 11933
7953 86 12457
12719 39 15469
513 14 13810
10763 79 11681
738 20 2968
13259 100 14707
10775 11 12937
10776 100 12586
1889 40 2795
576 73 16509
683 49 14815
2559 27 11932
9142 28 9531
14645 11 15430
6743 77 17264
12514 11 18655
4199 31 8937
6191 10 12119
2188 87 9721
2595 94 11620
4608 47 19740
6123 6 11971
518 4 16374
4152 47 11683
2223 33 6288
7296 22 18260
2598 92 11371
508 36 18880
4244 69 4654
3224 35 13066
10997 100 19169
3169 11 7297
4148 63 4404
3069 72 13047
8367 73 15476
3402 36 6117
982 86 2875
2271 63 5432
5388 96 7159
994 73 15794
10267 66 10380
5414 22 8495
11878 38 15094
3196 5 4772
6637 71 11248
545 94 10737
4812 48 12108
1252 21 13029
237 79 1885
6907 60 8663
2977 25 15120
11430 45 16507
4320 42 12957
8295 31 11886
505 57 9681
3068 12 15085
11059 66 19948
1336 58 6486
5317 42 10027
6879 1 16251
1640 52 17358
7515 20 10731
2421 25 19775
8706 26 11298
12965 39 16035
2757 28 11750
7354 84 14656
6768 11 13244
6658 30 11658
4445 84 10499
8442 40 19188
3360 51 10179
3984 22 4812
1348 38 16916
11647 79 15966
5918 23 6519
3439 25 12158
8182 95 17089
4332 45 11030
11484 3 15131
513 56 1245
7023 84 7802
8812 26 18081
1105 9 7489
9201 60 12679
4485 12 16729
538 91 11413
11203 26 17495
8038 37 16010
634 31 3576
746 89 7913
5064 87 9886
14614 37 15221
4974 31 10538
2812 99 8975
8039 70 17949
6152 21 8743
6343 97 8560
2622 81 5899
2773 24 3957
2327 79 11523
11809 99 19919
1162 94 17749
4955 14 8487
11200 12 19280
6376 90 12946
1345 39 11493
11789 27 17059
2869 46 10615
4070 37 16341
6632 39 8236
8256 33 12636
294 36 7375
2081 19 9313
2170 6 3680
4779 61 7328
3137 78 19360
6378 81 8108
1188 98 8543
14756 66 17550
2327 28 8763
7676 31 7850
5539 53 16835
6597 77 17291
7804 40 15724
10103 56 11355
2871 1 16298
4951 78 14886
235 35 3108
6533 70 12423
5041 39 10463
2711 30 7128
8930 79 15755
10129 90 19020
1744 65 14417
4867 78 14640
8703 98 14437
4416 96 14893
3037 89 8790
3507 98 6636
9243 29 13664
5610 7 12898
12036 80 14668
5368 39 17353
7022 21 19359
19239 14 19266
6084 34 7093
17883 54 18102
882 98 15476
8685 48 10864
1485 74 15431
6678 74 7288
9191 78 15549
52 52 5512
950 82 12533
997 85 6343
3108 35 9114
6432 39 16421
873 55 2929
3879 21 8580
8353 22 14289
2697 100 9454
3447 25 15868
7693 94 8092
1460 11 15019
11225 29 13619
13681 31 13869
5914 6 18862
11225 1 17045
6081 84 6770
4948 80 9449
2380 62 17134
1556 80 11181
3816 1 7129
6836 76 8321
9983 74 15087
7969 31 8496
4638 29 10858
13401 4 16384
3694 97 16071
9248 29 16190
7203 27 8580
6481 17 8551
1810 12 10158
2240 3 11497
6296 23 12128
9194 20 18169
18289 42 19376
13143 16 17932
5550 68 7358
4650 7 8017
76 9 8530
5302 18 13767
424 61 15287
7135 19 13045
464 84 11318
5743 22 15919
