400
6645 75 9682
591 17 7152
16179 44 19790
133 47 255
3988 70 8252
8494 45 10876
258 6 11067
8741 33 17833
4853 86 19015
4135 44 8220
1330 90 10835
7495 93 17391
7746 29 15414
14402 81 18105
11006 25 11368
3606 9 7448
10260 72 13606
12016 64 14998
3396 46 3784
7331 79 13827
7159 32 15772
6144 9 16351
12447 77 14231
3641 47 14856
4319 89 19261
5544 98 13932
3070 18 6204
6935 79 13944
1462 51 6493
3162 1 7775
4095 95 15519
12169 19 14799
4214 31 11725
6897 30 7798
2442 7 4869
4043 47 5535
4560 49 6631
14950 20 17173
3233 63 11826
5923 7 10961
3592 88 4349
7306 13 9844
8984 81 12205
3285 58 18025
271 79 17654
520 23 9188
297 2 9396
6766 82 18682
6626 41 7659
9195 64 9301
446 9 621
5309 15 19995
3811 20 8824
1337 7 7363
5609 53 14883
7966 42 11550
1230 85 12964
5817 60 9889
2293 41 13773
3183 21 14092
4927 33 16754
8901 77 19483
13667 92 16925
11589 18 18017
1388 27 16095
8807 21 12320
9500 17 11068
9118 88 18040
3356 3 4717
2284 35 5490
7400 48 16824
5290 38 11762
9296 95 15447
10451 78 16612
7225 91 11323
6937 78 15889
964 89 7059
6606 87 10966
642 1 12130
7551 56 7829
2589 10 15992
5333 82 14309
7335 84 8986
3296 59 10092
12455 16 19310
10652 33 11568
10819 28 12130
3731 55 19313
1432 81 7776
9209 5 14646
1738 62 7736
6684 62 10270
3915 9 16433
5408 98 9473
1123 23 5324
603 23 3025
2764 50 19575
6230 10 6281
1002 73 7761
6272 21 16714
4758 3 10942
303 17 2848
8574 57 11476
4344 50 10702
653 39 11485
4924 52 6904
2289 11 8733
8924 23 9363
6485 18 14421
2623 69 5198
5294 13 6441
3552 98 4465
7996 51 9966
6891 43 19350
10400 33 12596
8239 32 10513
6174 100 12647
2691 64 6955
4880 65 5367
3533 16 8534
2096 69 2854
6162 68 18073
1233 45 7422
11785 34 17124
6356 51 17728
7210 17 19846
10933 3 13227
9456 60 12680
7984 85 11440
14530 76 16550
15839 10 16563
7298 28 18593
4120 66 10675
1099 36 4391
18091 36 18597
10755 68 18953
3192 32 8274
2688 50 19001
888 48 9710
9960 31 15762
8392 28 8443
10959 39 13536
1795 96 15471
1341 52 17623
2691 69 11220
7560 48 10112
8448 23 8623
2284 25 19320
7044 94 11322
1085 48 7856
17399 18 19516
8292 47 8465
298 77 14877
12315 64 14528
8676 16 10498
1732 98 5347
7619 11 17436
7951 37 10852
2959 5 16613
2626 85 3928
3967 12 6834
580 35 12576
7584 93 8793
4612 12 10275
3694 9 16522
5517 5 15499
7197 65 7529
6950 1 13631
183 4 2404
5882 55 10555
1248 86 12524
4666 30 17013
12728 56 14970
6099 17 11589
5564 5 11574
1100 14 7667
10061 46 16755
7410 91 8820
3918 36 7145
584 84 9362
12690 31 12840
8060 89 12679
4277 39 7056
9413 59 18048
10251 6 10424
6345 48 14884
2106 45 5504
5515 45 9719
6866 70 18256
9290 60 10450
7156 60 16296
2116 11 13891
2673 2 2829
18469 51 18666
12600 23 17859
1672 85 10251
12346 68 17904
228 9 7080
7552 13 8862
11154 11 17751
11446 11 13907
8215 28 8763
4816 40 10145
15332 39 17135
2349 10 13507
98 98 10202
5987 16 13726
10062 22 18067
453 60 18732
4830 49 14271
4462 42 15633
7784 17 12465
8188 52 10336
18448 94 18997
968 19 11503
11138 48 15138
1257 38 15504
6600 54 12252
5894 91 14101
1633 37 17319
8575 64 16020
6762 50 11069
10156 39 14767
2006 56 12956
5735 78 8267
4500 14 16070
9520 70 19390
12236 67 18876
421 9 10368
5813 93 17182
9831 16 10333
4273 8 11110
447 24 8392
4806 55 7888
8059 70 10901
370 73 5720
4774 70 19106
7075 76 19683
3495 20 8123
14024 1 19769
9776 57 13243
2504 1 10122
4988 72 19528
1906 17 2003
7099 70 9176
2981 5 6746
6918 23 13914
8681 54 14505
3726 35 10149
11139 20 12361
2168 13 12626
3502 72 7920
4077 95 4494
3293 34 11535
1825 97 16122
9676 73 10880
11 20 11796
14034 17 15924
3140 54 3645
3783 39 12416
7131 80 7631
2249 5 3112
2659 9 15027
3918 23 18166
12667 76 14625
11392 67 13485
1058 61 2166
6421 4 11730
4428 24 14796
8763 56 19970
7075 87 16021
12168 35 16605
234 98 8625
3246 63 17551
9368 86 19229
3318 79 11443
16303 10 18403
10865 1 13706
6579 79 16834
1313 23 4354
7382 72 9430
1911 7 3563
3079 51 8319
9451 88 9996
1138 31 13966
8971 37 12250
10176 5 12121
2539 60 9912
9787 47 10094
9326 79 10185
2613 94 18246
7709 99 12143
549 68 11465
5031 65 5821
7463 28 12525
7240 45 9474
4830 47 7510
2788 76 9453
366 14 384
8637 58 13312
12160 84 15710
1047 5 6712
16017 34 19039
3439 67 18726
1022 24 16078
1965 72 11052
7379 32 12087
2978 12 9240
7788 57 11816
776 77 9498
1144 12 6908
1134 25 5965
1548 10 12351
3220 1 16082
17792 20 19475
4747 14 6402
2079 35 2795
5375 76 9234
1536 51 4478
3951 66 7421
3672 28 10711
2726 23 12475
9851 27 18836
3283 1 10569
9259 4 11928
1822 27 15431
10744 87 11579
4843 67 17375
3456 97 12079
15703 84 19571
3940 30 9207
8478 93 13318
9885 19 18971
5649 77 19735
2056 3 17644
913 39 16398
489 1 4920
2109 57 6612
1453 34 8795
7844 46 17577
971 26 17448
6588 28 12655
5901 15 6687
8685 44 19061
10254 81 16386
52 51 9448
4436 89 7220
549 50 9918
12718 36 16021
583 27 4906
8146 11 10380
2237 53 3151
14147 32 18500
2661 44 10829
1777 85 9989
5079 2 7195
725 15 4177
7770 71 14884
8508 97 12232
5685 52 17035
5522 71 13452
1106 44 4756
9481 61 12143
1265 58 14725
7644 87 8789
10882 44 18355
9096 30 15459
3613 28 16463
1718 79 6197
2118 57 11829
7196 44 9377
967 95 12935
1513 2 6105
1008 15 15673
5777 92 16903
2102 26 12349
7231 19 13773
4380 41 11898
11880 72 19676
3196 96 13312
5219 37 9957
1346 11 8647
3296 34 11485
4311 70 11563
2827 53 17543
11279 99 15221
1996 89 5021
5583 77 11486
13314 94 16608
926 94 9967
9840 81 11930
8285 55 13193
744 61 13853
3481 87 10979
11352 84 19498
1003 78 16679
2759 36 10805
1418 9 14786
3567 49 14782
14339 25 16608
