400
1402 29 14041
5516 69 9413
1644 78 18197
12852 37 14968
10458 94 17162
2678 21 5924
3190 95 10826
8303 85 10408
6077 53 11473
8156 63 13070
8029 70 12842
973 28 4134
358 100 2698
4509 43 7018
9018 76 14698
2758 83 4226
412 68 10214
7017 36 8246
12007 75 19396
9957 40 16218
337 61 7746
4518 15 10466
3335 91 16345
6023 8 6146
15717 56 19674
6701 83 11730
3632 77 15451
12 49 10078
3479 24 17591
12020 21 14801
14395 37 19401
1441 81 13908
1013 99 14976
5422 92 18764
1027 22 10090
4078 76 8029
7629 48 16244
2377 6 15088
5545 81 19536
2242 69 6957
854 75 8608
10568 30 17206
8793 3 11848
4346 94 12754
9301 25 17515
4596 63 14710
1018 24 9733
7038 10 16542
6595 4 6717
1728 82 13376
8186 21 12230
16722 26 17262
4516 60 13479
7257 5 11406
5071 99 15249
13385 40 19074
5153 4 6459
11336 23 14572
550 30 3348
5131 12 8922
7008 37 16909
5650 3 14518
11434 39 13706
3889 23 10317
4268 56 13067
2009 32 10362
1524 40 5416
15042 95 18181
6046 32 11361
2010 29 10482
199 74 3264
6158 54 17038
4905 43 11005
16 58 11088
12921 73 15126
6292 15 15207
3542 55 6504
2397 90 12523
10562 35 18126
3564 12 7438
3759 56 8478
7451 12 11728
11668 45 17008
7381 38 10995
12717 93 13382
6438 69 7822
8949 58 10864
17065 90 17291
296 64 16310
4837 73 19562
8005 32 12079
373 50 8935
7098 50 8309
223 28 3341
9135 60 15161
3615 60 8295
1887 19 4501
1299 1 7856
3156 54 4002
3287 5 7646
3696 17 14318
3186 82 8311
627 17 9132
6318 37 13669
1802 20 9810
12277 64 13028
2764 28 8489
2041 10 4283
8111 82 19786
6181 46 7476
11506 74 14104
9691 68 19174
5230 3 9547
9348 41 16289
9617 49 14997
5000 22 17423
272 47 1971
1799 46 12117
1427 62 6210
9295 68 10470
8649 30 11198
6353 94 9094
3878 62 18422
7260 52 8800
2800 85 4853
8390 7 14611
3055 18 7164
5410 56 6209
11901 46 15129
5659 90 5864
619 47 968
15052 86 17686
5218 95 5760
3929 5 9996
1486 83 6303
4648 63 16196
11111 64 19869
708 97 2835
10820 95 14888
75 45 10667
7998 24 11649
10219 29 16938
1559 62 4744
12082 3 18482
2341 36 10368
9539 84 19279
458 95 4166
2568 74 16313
6460 32 10726
10737 77 13671
9334 77 12715
412 71 18997
10324 27 11208
5484 26 19636
137 42 9502
8485 87 15832
9764 4 12064
395 6 19705
15665 40 15787
6761 10 11642
9858 64 18405
12439 26 18731
3964 75 6850
9086 8 10484
5332 98 18747
2038 11 15751
7684 24 10154
349 29 3438
10190 10 13699
2545 25 7840
5798 71 12401
11009 96 16059
9123 82 15075
9220 88 18498
426 31 4777
1603 47 12861
551 8 15314
3183 34 7202
6755 98 14179
561 54 17780
957 55 9183
5721 23 5886
2215 40 4454
910 11 18128
2201 59 3821
167 88 10306
197 23 9530
11225 62 12107
1064 70 12238
3727 29 11378
1190 37 4517
3772 75 11192
11309 86 18914
638 86 11772
996 57 15863
4292 67 7728
3430 97 10203
18410 85 19012
1595 13 8836
2906 19 13662
10015 35 15161
2041 60 6851
10172 75 17905
112 47 11285
2785 24 6041
3473 53 8738
8273 70 10852
1512 56 10088
11444 87 13042
1502 27 8723
7726 13 16737
6423 20 11652
1982 8 5912
1639 1 18761
5700 17 11318
10562 30 17251
947 37 3957
9374 46 9693
8772 57 9414
8236 13 12734
3126 83 6426
764 67 4755
5576 16 8955
876 5 8971
3124 36 19760
32 52 5295
5324 55 19347
1515 21 18729
4493 52 17994
1616 33 10488
2333 15 2893
9830 89 18563
6491 72 14728
10139 88 12688
1519 47 15332
10484 19 10583
1093 63 18087
13488 38 15290
248 16 14614
5968 44 7187
7443 6 13898
10546 51 15629
13466 86 15550
8723 69 10985
12545 14 17884
9040 53 17938
3561 31 17115
10556 7 18102
8028 55 10059
1040 85 4565
954 34 5681
12716 32 15019
1828 24 2429
2437 84 2792
4049 98 10787
6000 54 16416
7560 14 15372
2618 18 7775
4026 52 11408
3311 30 12450
84 86 16861
3945 70 8184
4035 20 8014
4026 36 11835
7933 25 11458
13344 49 18238
3579 90 8362
1124 100 6097
1224 79 7880
10463 29 11418
777 38 11699
7156 27 13704
4282 66 18843
1697 46 5184
6544 98 7118
1227 78 9145
8966 50 18416
1467 28 7808
3081 2 8499
5657 10 17613
6824 49 14332
537 7 1770
8712 65 19077
10385 89 16962
707 26 6990
1603 46 11325
7878 84 12173
967 30 4859
2868 61 12700
3071 85 10614
4711 2 6382
1733 16 5098
578 65 14140
6124 59 6425
17240 33 17577
2362 79 12426
2382 71 9773
4842 37 7630
921 56 1877
14725 16 15465
4011 81 10800
3210 79 10916
4311 4 10345
2760 71 12921
52 44 9362
5483 27 6553
10194 4 12311
4624 74 19299
1227 11 9237
8937 22 13887
7729 97 17949
4522 25 19883
1208 22 17112
9617 44 16794
690 64 17554
4381 28 12209
3648 18 16388
5720 70 5903
6550 30 9155
8962 13 11915
1514 15 1778
10078 29 12688
5150 39 8645
1873 40 5097
3550 53 10854
4826 71 15474
3659 54 19655
5542 7 8642
9967 2 11449
7364 68 7533
5562 7 8544
1400 7 3453
10141 8 18724
3450 5 14476
5745 18 14166
6178 100 9595
1375 76 19459
9820 80 18525
12 36 13163
1661 16 12224
1913 31 5479
6828 49 11742
2605 6 5527
11927 54 19241
5396 16 9411
3528 8 19321
3269 18 3891
10951 40 11468
339 39 6185
272 75 17753
6945 15 13902
950 41 1009
4772 41 11468
3932 84 7837
9475 83 10876
605 6 6950
6777 97 12403
12446 8 13672
1994 22 6089
700 88 3684
5150 99 13031
9503 20 12370
8048 19 12988
7752 24 8913
7181 17 17410
2949 27 15557
5113 82 14839
3302 22 6855
3736 69 7536
10025 96 11544
1914 20 6358
6898 93 10280
1588 21 3014
4052 9 16592
2892 98 6909
4312 96 9236
2491 61 11340
15560 64 19746
5874 18 7157
8629 87 13416
9023 36 11864
3158 47 16343
8628 31 17339
9808 55 13327
1405 91 18971
586 52 17759
14855 2 16928
5808 79 11588
6251 14 18201
12529 75 15793
7369 69 15425
7660 91 16934
1638 9 11923
62 86 1877
5769 30 9416
5287 95 7214
1230 90 2306
7824 68 14156
960 29 4468
5525 68 5923
