400
1598 16 6215
2550 27 13412
7916 13 12295
4589 96 11997
3510 68 14001
5703 74 14307
7965 50 19013
9792 21 12033
6959 93 13869
12819 16 14383
2064 8 9538
2137 30 9696
9337 13 16766
4179 46 17201
1228 6 17854
5587 39 10358
2306 62 18796
8482 60 15374
6894 17 10792
8347 39 10797
7245 13 12110
4342 66 10569
8556 72 10225
527 50 6682
4408 86 8374
3274 10 3588
1541 34 17250
7292 71 12371
397 29 9239
8072 11 12587
799 73 12935
1053 23 8315
5582 19 12390
7614 55 10527
12691 36 15046
2030 30 18405
6377 49 12181
11739 72 11861
4437 95 6608
219 90 17548
1454 53 2131
5510 43 9801
2836 17 9843
1391 75 13615
916 19 7389
1562 24 16261
1575 71 2339
2573 12 8701
13232 45 13758
10027 58 19451
7099 20 12128
2104 9 18246
9862 15 9918
5398 88 9807
2812 79 16992
11132 11 13992
2436 74 3107
7490 48 13173
851 92 8304
4077 100 5281
818 51 3154
2877 49 15601
12380 27 13793
5258 45 17661
13836 68 18788
5422 35 7715
6535 22 8144
5857 26 7350
10553 13 12338
10915 11 13480
3894 15 12463
1232 58 10279
4904 96 7157
8021 32 9705
6038 82 9083
5795 39 11048
55 6 15340
13811 22 17621
82 10 1844
13905 39 16888
4383 46 11670
12450 5 15430
10022 68 16657
1728 67 7716
8481 38 10268
5296 96 6382
4313 44 6786
2585 22 6237
8935 75 17549
13573 83 17169
16323 38 19552
4659 57 11349
2402 87 9986
2695 3 10819
1397 19 9917
4180 11 17517
3027 1 4156
6365 49 18976
334 82 6757
6409 79 16547
5447 55 7751
1976 94 12697
5986 31 11821
4206 59 10504
4704 62 17330
3741 45 11261
6061 20 11414
3747 9 19063
10205 56 18559
10910 65 15771
12596 33 16841
8333 30 15529
5018 45 5225
13526 88 19338
22 50 6474
11078 16 12746
9572 45 18010
3166 69 10115
3215 85 6573
2756 27 5786
2418 47 9086
3753 11 17214
3314 52 4000
14843 85 17896
12395 3 13090
7902 18 10361
14186 12 15590
9012 11 18958
1216 38 19327
4279 35 9430
9082 99 18344
4041 78 5043
8567 42 11353
11133 91 15334
2706 62 3148
1060 77 10236
7075 12 18317
18043 75 18869
1162 84 19301
16096 33 19181
14714 51 17071
11686 62 11995
2310 68 9999
1578 60 10595
1720 2 18877
4027 93 5931
937 59 7774
558 7 1455
6727 60 13123
8032 19 12490
169 15 2653
6996 43 8378
5360 98 14128
5033 71 6794
187 69 11618
707 31 13017
6806 49 17787
17106 70 19742
3418 22 13824
3733 56 16541
4581 94 6946
779 33 6488
5336 3 19176
1445 63 11186
4745 88 7784
8331 57 10201
8469 4 9317
2934 54 3048
6734 43 11334
3005 74 10126
2727 38 8873
6645 18 9729
6920 5 9651
7771 58 10627
8711 80 11706
4004 44 7062
6239 31 7317
2581 10 9168
1877 56 12535
16788 50 18900
1231 30 1944
3333 83 7495
5975 51 6850
5995 88 7109
1904 84 19856
4548 31 6380
5659 84 11829
1107 93 4209
4197 63 5445
7552 44 12160
9933 34 13088
10727 64 11946
2544 51 11728
15590 95 16638
13715 8 18727
6452 54 19914
5737 11 8776
1537 81 1938
2589 51 11205
2004 41 6616
9268 6 18556
5336 90 7856
1546 65 1976
5701 5 16465
12173 14 19349
6971 5 15229
5776 3 8426
3698 50 8535
9067 18 18912
9919 4 18527
3177 53 8243
7872 55 8262
3076 57 3561
5135 83 12918
6087 8 8846
6593 50 7589
7533 5 14919
2402 2 11559
3596 3 10913
3889 76 19277
671 81 14645
11415 99 11920
3329 13 9368
1044 70 11935
5967 81 7291
3476 49 6694
8222 65 9325
501 83 9651
6491 15 12671
7287 70 9447
9633 92 15073
4922 100 8679
8431 28 16088
575 20 6631
2825 61 5625
1268 66 10331
9000 96 15618
2485 5 19855
3804 100 8559
2762 23 9729
5668 29 10877
7360 89 11680
4828 5 17041
128 28 18531
7493 6 11126
11938 41 13243
2603 87 9584
35 81 1567
6476 36 10883
1634 43 8416
4298 36 6715
355 73 3946
8266 72 17489
4954 9 11689
5014 88 19970
5384 50 5875
901 1 16747
2614 49 11647
3958 78 16843
11447 17 18325
1357 17 5315
6100 55 8594
4090 23 9067
2230 77 13648
3482 3 14940
876 54 6517
1169 80 11063
10324 14 14753
3694 18 5685
4632 5 18015
849 85 5518
221 27 13393
8812 93 18419
7608 100 11652
5569 34 14109
3271 77 8662
13738 48 17940
6728 99 17713
1579 73 7601
9254 43 19048
4112 1 12315
1815 17 2812
10697 57 18898
8468 21 10243
10413 18 10444
6804 48 17400
569 100 13563
2915 40 15155
9380 44 17921
2969 44 4109
9396 15 15163
5587 56 10086
7844 88 17558
3602 8 8991
10287 83 11838
6318 75 13993
1906 46 11894
2817 57 10619
1138 2 4060
3526 5 12929
14520 100 17544
1480 95 11423
10088 99 14057
2183 86 15678
9760 47 19962
2653 32 6497
4978 73 19411
154 62 8427
2692 39 5825
9133 6 17358
4211 56 18155
5597 82 10219
9201 41 11151
5564 57 9919
5398 83 15270
12090 85 12885
11418 6 11840
12867 34 18758
10556 34 13428
11022 2 14879
3751 36 5396
1071 81 11381
4248 17 6080
1192 43 2366
9420 3 19977
18690 95 19704
11646 99 13527
54 64 7963
129 56 606
72 53 17012
7451 100 18037
9014 65 12722
9294 15 11193
2587 82 4040
11301 95 13494
3142 72 7214
1008 81 2319
9219 19 18147
62 10 10473
1566 22 16378
5078 32 9416
5532 62 9462
2308 79 12911
2442 68 8797
7622 71 7785
496 35 1148
6462 90 14713
2223 95 2935
17583 53 18214
4623 32 8574
12403 64 13370
762 20 14677
1594 97 16180
2222 51 5832
5524 58 10980
265 54 3378
10980 84 16896
8082 77 19314
14620 31 16909
834 23 5161
2738 55 10548
4195 16 10904
5797 4 8684
1534 4 15864
2313 56 16029
10646 17 14893
6121 2 18360
2501 73 12232
2086 10 3729
4056 21 6488
11343 70 20000
3137 60 8983
3397 70 19916
4905 77 19361
1238 22 8187
9585 71 19826
8909 42 9309
3250 82 8072
4867 74 6313
3928 24 12755
4927 18 11665
2453 56 19391
1760 59 12418
5651 43 17890
7090 80 15952
4291 61 18633
2833 66 6947
2643 6 9708
8278 2 11563
3100 12 11408
5919 21 6685
15798 19 17874
427 11 7493
3281 78 18171
2701 31 9433
12289 46 15657
18566 61 19068
7277 59 12261
1299 65 13844
3697 65 15391
