400
17318 92 19635
1747 65 2444
3208 94 16676
5654 46 15691
3230 16 12321
7325 63 11597
9940 4 13352
16377 23 19192
1271 29 18104
1035 28 18178
2505 61 14989
7128 46 8644
6161 65 11270
1219 56 6122
3014 93 5296
5327 34 10423
228 93 11146
9767 81 17206
7322 38 9268
4865 86 16952
2267 74 10607
269 63 12634
2338 38 12569
11343 47 15542
5381 91 8368
50 4 2936
3711 11 13912
110 80 10476
9060 39 14750
13779 52 16068
4077 47 13591
6828 15 9121
6459 2 9614
2574 71 3275
9335 81 11817
1633 4 16330
6521 28 9080
1116 4 10632
11787 21 18426
557 68 7147
398 2 7809
4192 6 5878
3601 61 5029
8080 44 19434
2763 61 7993
862 47 13972
6408 28 11889
2965 63 16949
2235 58 3241
7257 21 14497
1368 4 1843
973 12 2784
12655 72 13139
7741 33 8860
9098 72 15763
9227 34 16255
10980 12 12609
2043 1 8843
8918 79 18680
4613 91 5301
2425 74 7314
213 18 9307
3451 66 11778
2328 52 4972
6765 98 6946
6174 19 14394
3582 93 12665
705 54 18797
8179 30 17947
5622 67 12612
3143 49 18236
2004 19 7820
13408 56 16327
3066 50 10288
10775 97 16987
2394 46 7376
9067 51 16132
8758 4 15038
14792 5 16971
4609 10 7004
1163 51 11324
6499 28 9635
4283 17 5128
4821 80 16049
7943 12 18841
6822 57 9235
11860 61 14419
2246 30 11076
6983 6 8351
10422 57 17657
405 91 11151
518 25 12600
11038 78 14727
2312 17 2339
3724 88 4936
8973 37 16658
1734 43 8582
12324 96 16136
2340 35 8155
4013 28 4606
8648 19 9231
8269 99 11878
7136 34 9068
5129 35 6081
2979 77 9793
9215 68 19438
3669 26 11854
4439 85 19008
7753 32 9926
6293 64 16092
6729 94 6968
5786 9 19528
15638 26 16588
4613 37 10993
5380 60 10314
4614 85 12616
5389 20 11562
6079 90 9319
4464 65 9467
4351 100 9562
8836 55 17476
8023 24 10919
195 32 3460
12415 86 14210
5850 74 18034
4428 90 9887
7786 21 10390
958 60 8482
15153 32 15659
1430 29 9807
206 34 9252
7310 4 10472
5102 94 16394
9198 23 9455
6364 38 15742
122 93 4185
531 3 10308
4641 21 7900
8727 17 11540
4288 31 4740
3177 86 4575
1312 65 15596
1918 56 2840
8017 40 10688
15393 81 19763
301 62 4200
2022 47 3854
6240 18 10973
4482 37 12715
2560 8 15295
4458 47 10077
8677 13 15542
7591 67 9953
3086 81 12095
2918 15 7333
7244 38 16602
10184 16 10493
3051 93 9226
33 1 2876
1685 60 19914
17176 55 19687
8579 76 10352
6355 77 17181
5321 34 10004
12250 86 17623
18839 93 19910
3971 7 18941
6208 22 13439
8548 38 18513
5139 58 9188
4317 72 17193
5132 19 6392
594 66 14261
11786 9 14140
847 81 19228
2372 25 11663
1309 42 19527
46 47 8700
5608 64 11982
7839 80 16069
2253 14 2321
925 16 2546
1370 18 11577
1292 20 15665
5153 92 14980
966 51 3197
6834 10 10015
32 40 5027
5831 57 18977
1233 22 15807
6635 29 11656
2957 66 8004
5168 6 8835
2040 74 14865
7931 88 10064
8506 9 19690
1171 66 5765
13266 3 19375
2054 89 18531
5237 62 15864
9308 80 11917
52 84 18916
4087 27 11327
6768 13 8575
7194 32 16463
3849 57 5673
1169 28 4196
6744 84 18000
4794 16 10487
1262 21 3380
5871 91 7838
2737 34 10659
3327 69 5419
7135 74 14005
11527 2 12603
5363 34 9532
4717 23 9019
3325 68 6507
11297 18 17983
4416 42 4817
3107 39 10319
2231 77 2347
4064 50 16583
3536 93 11223
685 7 10974
13104 41 19085
2244 11 7322
5242 24 12779
2720 84 11557
13739 19 16438
8634 68 10859
739 62 827
11579 3 16764
140 74 1656
2440 94 7354
5839 1 9058
1456 33 10563
1389 95 16651
2512 52 16954
12572 40 12635
1661 91 5216
1264 9 4705
4497 81 17535
4149 16 18771
1057 90 9333
10057 22 10447
917 39 3193
1374 29 6581
7175 83 10120
6391 93 18374
5930 81 8132
9220 85 15768
3998 97 7703
7980 64 15377
3077 93 5389
10455 60 18538
5365 3 15671
1433 20 6440
5460 19 11740
448 11 11017
2394 76 7847
4489 70 7474
10654 26 14247
10561 43 12544
504 98 1212
1683 19 10796
3269 83 7408
11479 22 13772
1367 34 9684
14456 91 18608
462 21 18601
12336 53 14592
10346 56 10638
2674 50 8633
680 51 11848
4798 72 10018
10961 79 13239
7835 90 9343
1857 41 5843
6036 2 12093
7920 35 19519
1772 18 18714
1162 99 7827
1650 7 10653
1599 27 3936
10177 76 16428
7600 26 10637
9239 38 10262
10673 97 12155
2294 55 6679
4688 98 19829
9431 35 10996
3678 38 17973
5648 71 5952
7127 69 16174
7392 22 13824
11560 49 13109
6623 29 11979
4123 49 10506
8614 41 11231
250 31 1183
8072 61 12018
8879 59 9758
15285 13 15812
8019 27 8989
902 33 3380
644 36 17091
11221 63 12729
2023 82 11400
6060 62 18955
4515 18 8827
5463 43 18932
2315 96 3634
8565 4 9899
10073 59 11198
1391 49 2583
2096 46 5803
10129 17 10414
1215 64 17703
4884 94 9335
7057 37 10576
7238 47 8649
5247 88 11964
5639 58 13945
6907 11 10164
2181 55 7596
4172 47 11093
3507 80 12394
7123 34 19866
12596 75 14131
3397 49 9676
2798 42 5288
799 8 6030
1388 13 8393
4271 14 13814
3705 91 10283
2356 42 15530
8420 23 11275
8453 22 14486
17920 48 19434
2252 61 17559
2213 92 9438
3751 31 10167
6878 42 14626
9669 67 16796
5098 70 9936
3402 2 19758
14631 51 18640
2581 76 12346
1938 30 19122
2159 65 8846
8844 66 11428
6755 55 8362
4477 70 8973
10965 67 12889
1863 66 4803
11079 13 11232
3791 61 8057
8268 56 14232
4369 12 8921
3012 48 9976
4359 85 4495
8127 67 19652
10545 79 15778
9174 9 18054
4140 86 7711
9479 89 11424
2834 16 4416
3887 32 5599
4331 75 11439
692 65 12366
4595 72 5808
3308 55 4270
1612 88 3941
162 58 7209
3625 45 5594
14044 33 14232
4266 17 13739
5646 79 15942
6724 42 17237
6768 63 10259
3149 95 12517
5026 96 10181
9456 75 10675
109 50 16118
4000 77 9231
3578 50 11789
2833 27 9713
2432 85 7707
2497 71 9289
8096 50 8172
4662 16 7302
5615 50 12731
8769 76 11002
834 16 6718
278 95 1046
2200 36 4871
1451 12 16759
9526 35 15550
6728 86 15254
