400
11178 39 13312
1727 83 8497
145 63 16361
6533 22 19695
927 73 3622
1268 33 5557
8591 93 15914
10356 14 12358
1319 50 3708
297 39 19807
3553 29 10412
15096 95 15585
3199 42 11339
34 87 11835
10398 53 15277
8426 58 11536
241 77 12089
4842 43 14194
3887 3 12998
360 69 16984
7774 22 19531
5497 7 10828
7729 26 9835
9377 91 14029
8182 23 9705
6773 60 12335
4604 98 8220
2963 52 15646
6726 34 12448
2116 63 5264
2404 83 7076
7053 6 9151
4016 29 6956
9631 8 19258
1340 49 6323
1377 62 14082
204 81 7831
9670 84 12400
7631 24 16205
9995 49 10618
7017 57 17329
16174 6 18245
1573 88 6056
6929 96 17757
74 87 7197
778 97 883
808 4 8311
16699 48 18462
636 36 9594
5369 68 8885
4 82 14981
4538 12 15688
5300 80 6229
10867 66 19118
2985 56 17864
4991 4 5051
1414 79 2863
496 10 14290
10547 47 17115
1293 3 18447
6335 91 15102
9162 62 19411
4015 2 16109
7516 35 19107
7098 46 12362
7053 86 8244
4305 77 5566
5594 83 13708
1463 97 10532
305 64 10748
41 73 13821
1298 19 14022
9230 66 17819
4337 85 19500
1645 35 14870
10094 22 13377
7519 93 11430
7266 23 13522
3579 80 17699
1585 73 10133
2973 29 15038
11525 91 15686
1291 77 8802
1892 15 12715
4454 8 10150
10910 17 14280
4529 56 19646
731 83 7592
71 73 4028
14497 79 15098
12145 13 15817
1009 58 5743
7395 14 10324
3342 18 12275
385 59 11170
55 75 1097
1067 21 7473
12686 74 17212
424 94 8363
4014 11 17099
843 87 7105
4795 50 8873
17901 66 19624
12521 27 19625
7493 25 11379
4294 96 5217
2438 56 7658
4719 70 7384
982 85 15445
13268 60 17545
358 82 5955
3171 52 6023
2947 46 6002
7502 24 17304
10785 26 16001
7272 37 11768
229 39 5594
11168 49 15851
6385 14 8593
2552 39 14418
8174 27 10321
3064 28 15219
3124 57 18650
1265 32 8700
2951 42 7073
13426 70 16297
5670 11 10719
413 1 17309
9941 12 12576
1699 92 5264
1071 78 11589
4117 21 7602
3420 10 4830
7501 8 9385
7021 6 19381
1857 89 4252
2833 86 10791
5048 90 8306
15305 55 16410
2791 23 4209
564 49 19127
4165 75 6931
3587 4 9573
541 59 7878
5352 66 11341
12070 69 12354
2230 52 13438
10347 90 10918
5465 47 18165
8164 58 9627
2393 33 12392
567 78 3814
14168 100 15586
5932 25 18258
1210 73 6463
12654 44 18222
1612 36 4634
2861 97 8630
10348 77 10444
2472 9 7948
936 2 18007
6181 79 7134
9509 63 9884
3946 81 9586
3324 60 12125
8227 33 19110
10016 22 14709
3434 4 6296
1923 10 12747
2357 43 6393
3394 15 8164
4391 36 14614
14483 52 15528
1657 52 9630
4358 10 18666
9603 76 17754
9524 21 13975
4431 13 9396
1319 78 14874
5413 83 8969
3055 52 9185
3630 38 12209
3533 44 15241
3544 13 12183
5219 90 6969
18630 84 19088
2928 3 14224
1787 22 4684
4727 34 7531
7365 27 9281
12769 59 14994
1679 91 15650
4348 77 6133
9614 19 11353
4594 89 17339
9256 28 18444
830 15 8240
2871 64 18226
5659 57 12285
914 76 6600
18464 36 18613
7589 57 15809
4496 46 16642
11626 46 19790
4566 33 4972
7467 3 19131
12252 43 17502
4372 85 7829
10520 81 17995
8234 68 13575
15155 78 15744
12041 51 14697
12797 63 16487
4122 25 14890
2239 41 6307
3384 25 8940
7305 70 10432
8147 35 11280
4038 13 9482
5164 14 18464
11921 88 12462
1938 56 16516
4847 5 6647
7271 95 19346
6464 43 17677
5036 35 8438
3699 71 14087
5141 89 15144
1811 36 14301
11632 27 14728
10817 44 16618
5708 12 14148
3374 16 12877
8033 38 11958
5739 38 11505
8589 36 11136
4823 9 12430
3418 21 17714
6857 73 7875
8864 21 10500
12458 63 14237
254 62 12539
5220 73 7525
3897 87 7348
5596 46 7057
9449 83 14272
4219 60 9498
8015 66 12009
3694 72 15102
9942 28 15273
5230 75 12213
10579 71 15726
13216 26 15594
2770 73 10094
3942 18 14615
1998 61 12276
5103 61 7595
477 22 18174
2928 7 7587
7035 53 10160
16412 89 17920
3572 63 7149
8245 81 12052
3028 23 7317
2452 95 10983
5942 94 12697
4929 10 12370
2708 74 6792
867 50 15112
1508 49 13849
11419 44 15162
7426 56 8624
9811 38 17166
2968 87 11205
218 10 2497
5788 29 9164
8759 17 18359
2022 30 8628
1066 45 10410
2507 75 7368
11746 21 15653
764 37 6471
459 64 18765
5611 73 19615
4148 38 7397
3636 51 9292
9993 73 16215
1710 66 17908
12750 86 19292
1068 76 1718
4266 3 12315
14248 88 15361
183 2 5931
2785 54 3089
9303 87 10414
11913 9 16509
309 69 18052
4432 9 17275
7144 11 16971
365 21 6546
10975 86 14888
569 14 9326
164 21 12086
7363 19 19760
14819 47 16792
395 12 4874
6499 55 7473
5617 94 10664
11500 38 14812
8849 86 11092
10226 38 12754
5962 15 11383
1741 29 1959
9716 67 12243
10113 21 13082
4093 51 18709
7805 23 11627
14490 100 14833
3525 30 9635
7403 15 11449
2791 50 10295
4877 26 5934
8413 24 10497
5689 25 11504
8197 90 12524
3543 27 13438
6811 75 8015
3458 92 3634
8670 29 13098
10656 56 14987
6196 46 19676
3453 40 6497
10954 4 19178
5538 65 14061
984 100 1705
8592 42 13260
3187 36 11476
2651 34 4405
18957 79 19102
572 29 5412
853 20 7090
4590 34 4871
10712 50 10809
17846 41 19250
3190 37 13269
11721 26 12192
4225 46 18412
1963 78 5450
336 9 10201
475 85 5709
5814 89 7124
2394 83 12039
6941 8 12336
1415 6 18324
635 36 5609
8022 85 9449
10317 4 16201
1334 26 19046
457 9 8024
597 29 11087
6145 39 11606
2991 87 6341
1325 69 3709
11860 84 19316
6774 57 7869
11340 92 19858
2104 30 5284
17725 45 18845
7983 83 13957
1324 90 3400
8344 67 10327
9049 8 11852
4091 45 10810
6488 14 8639
2390 6 5721
1305 21 19273
352 62 1550
4299 18 18485
1826 94 2792
1856 71 6863
2317 92 4894
5609 82 18493
5685 3 6532
7742 98 11616
5719 9 8054
7160 12 17242
759 88 15322
3206 93 9949
1186 85 8855
2940 22 15979
1727 72 11664
2180 85 7326
8124 21 9508
1938 55 11415
5665 7 17551
6196 89 6774
1383 48 6804
12342 21 17167
8162 43 8297
460 18 7843
