400
3653 79 5440
5646 98 11291
1183 98 17702
15577 1 17538
696 94 5081
7621 66 8558
2956 70 12048
521 97 8790
4852 58 15868
4554 40 14822
2185 100 12520
10013 51 10525
4813 7 8830
11625 6 12701
19350 37 19622
4250 84 15663
5618 46 11765
7852 75 10928
7821 58 13488
11415 71 16730
2549 24 10607
1400 4 3441
2379 72 12016
8116 8 9086
8848 4 12484
5343 37 8337
16870 33 19429
1147 85 7633
2807 59 11214
6837 81 11787
7128 33 11474
3870 9 17337
4263 31 15574
7193 85 7490
8774 6 11036
6560 5 11843
5540 87 6755
842 88 12657
1842 73 6456
6707 84 8318
3744 49 11298
2058 51 7482
6201 73 10375
12505 98 16674
9262 58 12146
2059 69 5586
11500 43 16108
1866 79 3271
4964 50 10867
7127 64 12731
8697 87 11207
1190 33 2526
5298 45 10010
7460 81 15874
11887 49 16499
17654 37 17739
673 49 11710
1996 72 14562
1292 71 7336
7230 13 7668
1543 81 14317
2024 28 3181
892 98 7492
8500 71 15886
151 13 12654
10844 55 12366
6686 8 8755
226 51 4710
3308 24 11098
4574 86 19262
8993 62 18391
11661 82 12859
7245 31 8376
2931 1 3619
6761 34 13090
4701 30 5723
12307 20 16556
4029 64 8016
525 13 7497
5335 73 6586
5110 9 5658
6208 27 19881
11031 47 11890
4543 18 19092
2194 59 10577
2216 39 4012
4095 88 12640
1189 63 6019
3947 60 13433
1497 92 9337
5190 39 12151
4349 46 10245
6394 22 10565
2274 52 19130
1505 17 15188
4655 18 14774
3145 13 7409
2741 97 13299
12503 66 13426
7325 74 12717
1413 50 19633
4435 15 10927
1045 69 14736
761 26 10649
3724 94 15217
12334 4 16438
7148 72 7544
1587 73 4553
5603 74 12139
641 99 17287
9003 19 19074
7520 14 14623
4964 48 18373
5418 79 8450
16582 10 18638
7655 83 11286
9725 19 13877
5454 7 7672
4012 60 8562
2394 73 11846
2433 93 5853
778 72 10763
474 52 10220
6196 74 9783
621 23 16665
1673 3 5006
10570 91 16465
794 17 15997
11838 21 15165
2145 98 18424
2551 38 19236
8243 100 19777
3774 27 15451
13782 47 19520
14912 37 16324
5474 93 6265
3441 91 7429
6072 40 8962
782 85 14716
1107 32 3841
3970 81 6619
12185 78 19237
2963 83 8565
5064 32 17665
4584 80 16629
8092 10 14147
715 50 1332
6087 83 9294
10569 41 17133
4588 52 12407
7353 98 12705
6130 68 12729
12120 29 16868
2483 70 5995
8993 85 12159
1513 33 8246
3328 39 12386
1983 5 9124
1205 6 8428
356 87 17709
1086 66 6115
2314 35 12023
12357 19 19820
4510 60 6551
4018 40 8449
1837 47 3940
189 9 6689
3901 98 9098
5066 38 12615
5052 40 16589
5111 47 7969
9349 60 17264
64 27 9105
5734 64 7711
6946 37 17642
5020 34 12191
2786 75 11920
4354 96 8915
6635 73 14399
12354 1 13785
8330 1 19886
1995 45 2636
6416 89 18870
11743 94 18248
2376 57 14163
7898 75 12237
2367 49 8154
2792 24 19669
5294 16 15188
6904 35 19349
1164 66 16841
9768 32 15848
10212 72 11966
3314 73 9097
6884 45 14422
11526 85 16286
2525 28 17441
4113 90 9464
8791 14 16802
1671 39 5328
5979 25 8266
6354 71 11694
2571 12 11815
1462 75 9162
7598 8 10661
3730 61 16397
2163 97 12141
3350 81 11465
9536 37 11809
4198 73 12931
2515 37 12939
828 22 18531
6667 48 10212
1578 61 4059
9982 46 19962
5368 17 9089
13919 22 14999
5989 23 18403
6603 31 8983
8558 78 18692
1863 60 3151
264 8 5211
5604 12 10536
15914 25 19297
2436 18 18707
2053 83 5610
6013 77 12520
2102 89 16673
9703 30 12210
10955 67 11913
1699 97 7637
122 38 8961
2379 57 5283
13275 5 16712
4945 30 8049
9895 5 11286
4321 91 10100
4093 89 11204
5183 52 9724
2677 9 11597
11393 66 13910
6280 15 10476
4496 42 7816
13823 38 17615
6907 78 11468
3694 13 8307
3556 43 19549
4954 97 8924
1991 1 9191
2804 45 6441
6071 90 11467
8986 8 9868
4082 76 4716
2165 87 9617
4875 54 6966
3953 65 6941
6436 9 9366
7676 31 17200
10612 9 12551
2971 73 7374
7089 54 10583
111 70 3060
5980 63 7908
13815 22 19946
814 73 7341
9452 84 11380
15444 34 16914
8710 3 12618
3285 98 11708
10363 57 19353
8718 23 17602
4178 68 17861
5051 35 19668
7630 75 10708
9041 27 13264
6120 94 11371
13733 63 19182
4173 25 7080
3211 5 5089
2923 97 14299
834 44 7198
240 32 14669
5921 22 19010
4274 96 5085
759 17 11718
7006 47 16568
1767 96 15544
2956 38 14727
7740 1 11802
7244 96 12039
11703 88 16288
9288 42 12696
2967 34 3072
7167 47 12846
685 74 11857
1812 26 6783
9828 10 14985
2471 45 4099
11113 1 17481
567 41 16903
12520 36 16254
8596 5 13350
6099 47 13112
4918 79 17304
1061 28 18853
9071 83 13169
11271 69 13710
11222 66 17469
2081 86 8745
6767 69 8818
3207 94 11216
12422 14 15546
8140 35 9725
3887 17 6597
4720 99 12624
11661 10 11924
4097 72 16627
8971 2 12037
4973 6 7650
4382 74 16491
7398 34 9578
1427 69 10758
9983 29 13162
5970 30 11706
10936 71 11347
2904 40 15707
3333 33 7389
6819 65 8084
7063 33 10540
3229 90 10575
2278 90 19700
3111 59 12665
11214 37 12778
4831 41 14406
122 6 1003
8900 95 9884
10804 6 14414
10542 2 16737
1570 12 14070
5112 9 19960
13316 13 19354
840 54 13469
189 69 11878
483 12 18039
4934 46 16305
765 63 9661
2317 21 18794
1101 5 8953
4608 58 10696
9922 86 16530
1650 38 1880
1879 49 5724
5042 51 6651
4175 6 19403
2037 44 8545
1407 64 6093
13407 18 14250
3435 38 10432
1916 13 16035
10007 65 18959
4716 16 18330
3822 41 4304
470 33 13730
7705 95 15250
4359 98 14452
2950 6 4539
2333 96 9969
1976 79 8089
4603 25 4874
8956 81 19474
3879 53 11160
4290 94 13829
2715 57 8629
1923 11 11358
4646 83 11611
6162 76 7353
7727 100 15568
9973 25 12281
8306 39 13013
5642 57 18630
1092 59 3333
2384 16 19624
11828 8 11837
3967 82 4458
2594 90 13049
5398 3 6688
3462 16 19914
1397 3 1896
1271 26 2306
888 44 12535
19320 53 19899
16536 58 16792
4576 42 9282
118 63 4186
5305 30 11640
7876 5 18092
6112 32 10571
4777 4 18003
5273 20 12012
4668 42 16231
