400
4386 56 11009
340 28 15279
5345 81 6393
1996 84 3434
4849 8 14807
464 2 644
14540 63 18447
11139 11 19851
7040 49 13703
9492 43 19162
7291 29 9314
8212 50 14195
8298 43 15120
2851 6 11931
1444 58 15564
10014 57 15194
5742 16 18425
3794 41 17112
394 56 11001
827 77 11230
10472 68 17292
4565 43 6048
9016 12 12024
9084 24 10084
1282 8 7012
514 97 8636
6769 8 8168
3714 6 15133
5712 89 8800
5380 72 18090
5334 91 5724
5404 55 10528
11921 43 12053
2428 32 7818
202 42 10271
1427 38 4783
7990 85 15292
8280 35 19842
913 40 10821
7077 6 12105
881 96 10306
3797 16 8636
1596 60 3106
7443 71 17304
2299 98 7767
1285 82 16849
1103 52 3254
727 13 3478
10820 50 18562
8387 94 18360
6655 52 17426
549 86 5964
4118 53 6149
3342 52 4042
6708 40 15024
5051 14 9303
681 13 5565
6797 83 12307
12 73 6123
20 60 12711
11520 85 12664
12315 98 16611
5273 61 6470
2257 72 10154
1597 2 2053
1024 7 7179
5718 87 19662
9282 86 18134
6776 4 10011
5860 30 17367
3988 2 8543
277 39 15192
5005 83 6831
14680 42 15841
2433 48 17660
7244 14 13912
9508 54 19773
3394 40 6077
3040 42 16119
10694 64 16444
10315 63 19417
78 73 4139
8399 23 12849
1852 25 12628
4201 82 7301
3161 74 4759
329 10 5724
2164 12 11749
6198 65 7049
10691 32 17085
3121 9 6351
3620 100 9675
5957 36 15085
2017 70 3886
9124 45 9255
11919 58 12680
9362 57 13194
2672 21 8496
1560 63 5803
8789 7 12942
4553 59 11352
9014 24 11207
13087 7 16412
1611 3 16019
6897 24 10018
3774 53 5835
5507 21 6587
11656 97 15306
9352 37 19004
6855 43 19666
12077 68 14881
942 66 6530
11045 29 11639
9027 12 19750
10615 10 16050
8900 14 10544
1163 8 2967
2308 42 4961
2020 32 7283
2847 13 4326
3383 81 7513
1582 16 6313
7132 58 11392
11055 45 12784
764 76 18194
13660 98 17507
16339 3 18549
3071 26 4146
13727 52 15346
734 70 6453
6787 79 13565
14042 96 16281
4367 78 17927
4014 20 15579
3554 1 19731
1378 41 3063
620 50 875
8435 30 17644
2555 43 3342
2315 10 15895
2052 43 14280
11330 64 14403
6239 29 8642
24 40 4523
2143 80 5869
606 82 10977
6076 59 13868
6988 38 8467
8274 71 14606
1350 76 14389
18087 17 19294
4202 63 9408
2899 99 15169
1341 6 16218
6674 45 13494
2512 25 6707
6322 60 11134
4988 51 7321
4164 75 5177
8431 9 15599
2646 62 10737
1244 59 6190
12616 71 19199
4307 73 10697
7271 9 9274
692 75 3735
186 2 2180
5348 3 9801
3059 14 12154
9465 51 11027
12330 30 15608
12219 71 14620
1549 63 9144
4303 22 8317
1288 52 9277
5830 34 18286
4167 76 7596
2923 7 5925
12765 57 17732
4043 30 19619
11618 40 19727
2405 5 9703
12157 46 14702
5108 8 7519
806 37 5310
6246 72 10273
3978 59 6737
11476 94 19444
8655 73 11050
3300 63 8615
4081 24 12725
15204 51 17402
6425 17 10928
10097 90 17729
2933 96 6123
3547 65 4770
12155 93 17318
7823 60 11695
4880 81 17833
11541 50 13678
223 4 7535
6528 82 19385
2892 10 18315
5589 43 10812
6485 82 14860
4926 50 15614
4680 91 11787
12715 44 17171
10759 85 17197
10275 82 14381
1801 41 11846
9518 79 17869
1975 3 16845
10901 27 11473
8950 67 12382
18386 73 19071
1332 97 8001
6976 7 7569
2065 92 3223
9883 51 15994
12567 71 13490
2497 44 11927
3650 53 14253
5765 9 11033
5467 56 7589
147 5 19316
7196 21 9384
3499 67 19411
2421 98 3071
12712 35 19747
2116 33 8959
8456 1 8987
2123 94 8103
2320 26 6438
9764 78 12957
2391 29 7569
1464 65 3889
7618 58 9510
1375 66 7546
2797 56 3473
2437 75 2598
2656 45 4369
660 13 17177
3263 92 9889
4415 50 12753
4238 13 12833
1843 52 18560
2002 77 11286
256 78 9993
12672 85 15613
403 72 2004
11058 72 19096
2879 31 3639
8198 72 18329
11020 66 11093
10967 10 11234
3207 46 3945
6214 88 9001
574 6 15956
2729 96 12599
1762 72 7724
2979 12 11543
5247 89 9863
6698 46 7258
12336 12 14343
6824 93 7183
2229 27 3372
5778 75 8826
7153 16 16469
297 19 14981
9884 12 17709
8059 75 8389
5906 70 13416
8352 48 11654
8080 30 10624
6869 71 16164
9098 4 13528
10729 31 12375
5642 59 11187
5827 12 13123
2003 8 6693
9689 99 17391
5528 24 7443
10502 8 14548
6007 78 6183
1265 9 5063
5174 60 9646
5816 79 7617
3599 100 6234
4112 9 14542
8491 32 12088
1311 39 5382
1480 60 2264
49 35 3959
4792 64 10521
2197 25 4728
5174 58 9067
800 19 6111
5289 69 6189
2814 88 3036
1479 91 16443
3994 5 18378
4490 31 9511
2820 40 11829
10137 12 19416
2431 27 3597
644 71 14719
149 68 7278
2621 61 12168
13333 81 18870
11908 5 12711
4406 3 13636
3116 29 3204
2244 75 16282
13986 63 14571
12 62 15479
3617 63 11139
1131 29 19288
9846 79 19285
8906 100 15238
606 57 14742
125 85 12309
5899 93 17429
11652 8 17909
9623 10 11759
7226 79 11492
2130 53 2190
7923 6 12211
2953 83 19567
5428 20 16247
92 88 7398
528 41 8608
10343 78 11132
8365 65 9162
7876 83 13442
4277 7 16891
4831 42 14957
2741 40 6294
8128 63 10744
12515 48 14686
5600 83 6082
10277 45 11035
6093 84 6641
5429 6 6133
2139 89 8237
5605 100 14255
4398 72 5042
4079 41 7901
5705 37 7430
8047 32 18027
16827 26 19601
8874 30 11379
5187 98 15006
10603 21 13259
1152 1 8956
124 65 6401
6764 28 9658
9236 11 11256
4450 30 6278
2115 100 11275
6143 59 9486
10114 95 15777
7675 71 10137
3786 7 12690
5539 97 6202
2796 94 19166
3278 29 7611
889 58 1138
526 87 9719
3596 86 12422
10467 12 10520
19220 41 19779
134 76 11637
1082 53 15072
6130 13 8412
7554 39 18829
2452 43 8476
7434 94 10656
87 26 9625
12836 43 14297
3760 94 11110
5600 45 18518
3566 24 19365
260 85 15229
9134 32 12499
8911 74 12754
3423 51 19745
1993 60 16436
4236 2 16168
85 82 5407
6079 98 11194
612 59 10723
11260 13 11953
7391 51 14002
3003 63 11249
2793 18 4816
5274 30 8457
10205 37 13963
9321 44 18076
9022 51 11117
