400
8668 19 12500
3990 24 12938
3095 93 7217
10792 34 18701
5780 69 7063
10323 88 13189
11269 54 17289
8323 54 17699
2275 28 6504
122 59 8690
3779 14 7925
12171 50 18716
6672 53 11640
10562 76 11955
10708 9 14181
9014 16 11400
6505 70 14938
1831 38 8858
5830 19 13365
9752 39 11522
3690 88 18096
1715 19 4268
3841 47 6492
79 4 3814
2459 33 13368
2037 67 15406
6399 72 19845
10551 69 14763
4126 100 9431
3597 4 12935
6875 97 11615
1984 47 4776
67 64 10157
14790 54 15361
1086 20 13106
8458 65 11850
2070 71 8092
3940 63 6591
7279 20 8842
1752 13 4018
8337 40 15271
3999 90 17539
544 73 2777
4628 38 9638
3255 53 5191
4432 37 4500
6843 86 12322
1407 65 4638
15141 49 19663
3952 4 10261
9679 24 18304
1200 90 15866
1968 99 11784
10548 38 19414
5375 91 10158
13124 66 16265
1525 73 17842
10108 5 18435
6581 40 7560
4265 61 16500
2504 100 15969
6335 52 11348
4008 89 4665
2062 20 16173
1477 7 11830
1408 89 3732
3509 47 4410
5421 39 14964
858 100 1602
6811 2 18909
347 34 4406
1593 76 4460
10805 33 15836
6905 18 9293
1876 89 7988
5818 22 12972
1943 65 11315
1814 57 16769
14689 87 18344
653 53 11079
6601 27 10628
8878 91 10699
7550 63 8601
9223 30 16884
8424 23 16913
6670 77 7019
3277 58 9851
3596 70 4635
1979 97 3389
3338 22 18707
5821 71 18917
7428 8 11307
5472 49 6993
5332 47 9435
1668 45 19961
6564 69 9511
8080 72 11903
6444 48 13871
7111 98 11329
9299 65 16830
4729 72 5817
13449 24 14699
10863 5 17901
10761 93 14131
2918 74 13442
5712 18 12706
7362 7 17771
5522 75 15465
1763 98 5512
705 66 13229
8589 7 12027
2316 84 8322
2914 39 19216
8701 63 17839
1735 34 9825
411 68 5359
8851 81 14900
6690 100 11061
4821 94 5478
7983 24 8382
756 17 4777
11865 40 14655
451 34 17207
4397 81 7891
6762 16 15679
3800 35 3899
11605 93 12908
2331 52 5043
4698 26 13889
10962 51 12087
5510 45 7638
8006 31 18203
1850 100 18153
7991 21 11875
3897 66 5966
2899 13 9961
13757 54 15996
5270 35 15809
212 4 7053
5175 31 13683
1705 42 10393
9797 41 14092
8447 84 17191
1421 84 5298
459 93 13297
183 82 4897
3241 11 6394
464 21 3834
9429 23 18856
9936 91 10381
16402 64 19508
515 62 8104
6935 91 7029
4764 1 18558
1749 8 5979
8001 69 16469
2477 14 11646
4372 62 16320
11119 51 12701
7803 69 12570
7870 22 16242
1145 86 7663
8198 48 19915
1737 94 2868
13872 2 15377
1093 6 9137
1179 49 11569
1204 41 4157
14839 79 15090
5999 100 16291
5770 2 11600
4017 98 7218
4144 85 19370
15142 4 18374
4274 19 13498
3949 66 11079
5515 91 6787
9724 90 19046
6606 36 8542
6031 3 10628
9909 10 18103
388 32 13176
7320 31 13414
1105 19 15784
11425 16 14943
4576 72 9047
8309 67 11058
3151 67 14118
7740 7 9884
2585 4 18865
6858 63 15961
2585 27 5028
5531 1 13371
2898 93 12354
5835 67 7058
2536 47 5969
786 92 3050
3782 44 4150
11379 1 12079
1145 52 4922
3517 77 3831
4707 29 15319
10442 61 11464
8663 2 15026
3576 44 17073
5099 60 8967
6866 15 16704
9104 97 12920
7205 98 8751
10745 14 19649
15147 93 18200
3221 68 12275
6601 83 11388
11920 70 16983
524 85 5459
2588 12 8161
4680 96 17416
1041 28 9140
3558 55 11160
9541 54 12017
9488 97 11978
97 62 3430
1227 72 9516
12593 38 18530
5847 53 15443
16744 76 18264
1127 9 6679
1333 93 8582
6532 70 19875
773 1 14962
1215 48 1477
1883 81 9713
11071 78 11616
3972 5 6513
3947 1 7836
1099 79 12186
8039 74 19117
6940 77 7769
6748 34 6942
10677 92 18833
5843 68 6645
6951 62 17958
3596 3 12242
10458 56 15779
7939 18 19076
2160 69 12269
7416 46 12144
330 7 10364
8460 83 17125
1065 23 19108
15926 40 16261
16 13 8276
7330 72 16204
5381 15 11552
6926 25 18033
200 23 3580
6338 59 17329
12046 16 13716
2389 92 4904
10782 61 12698
6753 13 16758
5699 69 18118
7771 35 19808
1533 13 6581
1828 22 2070
4645 66 10196
4858 8 9280
5850 74 17805
6857 18 10330
5421 53 17483
4226 63 4545
1206 58 3071
504 6 7130
7386 10 10812
7872 21 19297
952 79 11325
1172 64 16712
5044 7 11638
5950 24 8694
2622 22 9187
12571 41 16018
19 93 9265
7114 39 18499
3077 17 5543
2307 27 11350
342 14 15375
3296 68 10342
10580 34 14351
3727 6 9097
10660 21 11877
14798 83 15714
339 47 5279
2033 43 2658
15177 57 18376
2131 70 7396
3579 97 18456
1612 61 6504
103 82 510
103 91 8140
10106 97 18451
7186 34 14711
5785 78 17299
11903 54 16253
348 1 5387
9858 2 13276
2662 91 4066
3312 17 7424
9664 48 19201
9208 74 17410
837 4 6493
10321 22 13690
9084 61 19859
1055 82 8911
14134 13 16386
1460 77 15269
11229 9 17603
5288 50 10238
8200 79 17279
8594 83 17352
9651 79 11372
1096 2 1748
14870 62 15782
6138 80 15626
1559 13 16458
7348 62 12725
1966 47 6274
5868 43 6983
63 38 8077
8736 59 15630
3787 26 8437
6126 70 18881
9065 86 9343
1675 51 11138
2078 9 8745
6993 47 11429
10910 84 14471
10213 99 18971
6181 37 10445
2496 12 10499
2448 7 10094
4200 25 15808
2596 28 10183
5083 65 9331
5128 37 12321
10602 70 15006
4943 6 10930
4663 7 18947
3056 26 9966
322 94 6933
2090 20 11489
12341 40 18998
6097 23 12711
3527 14 7822
14254 25 17248
65 21 4444
5401 58 14521
1122 1 6453
2197 11 12048
1279 96 9791
14159 55 19565
7835 9 13034
9610 94 18243
6352 83 9455
4962 17 10418
3567 53 12850
2800 23 13857
5489 88 10456
7756 100 17246
184 42 1763
4831 22 5899
6192 9 10764
3602 69 11895
8645 65 11781
3910 55 11425
3512 76 5546
2485 43 12623
5830 90 17482
22 7 12455
670 31 10143
1928 20 6706
1468 16 6466
8731 95 14253
1210 28 7909
5393 21 17392
4918 77 19445
770 76 6659
5779 64 18019
250 56 16051
3358 81 15599
13090 35 15062
5675 6 18634
11326 61 16953
11716 30 19047
541 77 9392
3688 88 3945
6479 72 15273
10389 79 19521
5140 4 10342
2205 64 7020
8156 78 18769
