2000
34249 1 90992
68188 28 78029
11443 87 46806
22966 82 94620
7630 88 75944
2582 52 31013
52584 1 53145
65086 64 73570
66198 15 67707
35008 42 48621
23338 41 86373
15342 32 30796
47202 73 78023
35140 4 91342
50126 76 93315
87010 20 90603
26766 78 48577
7717 18 41382
24567 46 80813
73890 35 80219
35292 63 96358
18091 33 62858
37854 21 50200
24625 19 53379
39472 56 57723
30608 94 73513
29451 61 81815
14643 93 69344
66583 81 68268
66759 43 87436
179 47 45532
39527 63 51977
5857 15 30052
17968 32 47450
50927 89 85930
49312 55 69439
18969 76 42581
16503 50 24926
42132 38 92581
26341 57 85974
24011 1 87435
32404 42 65601
56094 45 81765
30144 20 88439
71374 66 88172
66332 1 86650
20016 85 85594
30144 89 37652
77200 35 83251
21039 33 84108
13167 50 41410
32680 78 89354
65955 12 98069
26617 5 96195
7174 61 98470
78214 96 84653
5775 38 21027
3984 59 20664
49104 28 95305
26876 15 44509
22408 49 43782
89081 58 94409
91662 91 92419
7870 71 74139
9183 56 95188
1271 97 6435
47700 11 68615
7397 71 52762
28550 31 90688
23468 39 85061
67249 8 95367
16282 48 34768
34095 21 57681
66813 15 94775
34186 38 71481
5863 18 86596
18026 52 70361
15785 90 59840
42364 4 71788
76894 56 87090
87825 70 94839
56495 45 74653
27656 61 61466
17497 20 50693
26263 52 37284
39124 74 68761
19570 39 63012
11149 94 16105
5466 34 83743
13081 84 74513
21853 62 97258
28096 4 87035
5844 76 42158
17455 14 87130
23111 62 30777
20071 16 90516
18435 67 44893
23964 24 70900
16634 44 95780
7371 85 47801
16455 31 82759
14707 16 73126
71788 42 87686
10047 53 81536
27958 95 72037
93253 46 95671
27034 28 65411
42406 71 52150
52038 25 53169
39310 18 77009
49068 4 72630
69423 82 91496
71256 91 93716
67058 44 69878
30414 41 81796
6001 25 68160
11405 24 31317
27939 71 57130
53826 68 55557
48006 57 69033
37822 33 92809
38089 26 47249
22037 81 77665
51810 72 86354
19242 27 96254
43881 82 96984
42282 52 44459
2285 100 74927
46133 75 92174
10839 65 40477
7420 22 34616
42362 63 43589
22404 11 82123
34419 8 94397
36249 42 71043
2069 50 4323
3754 83 78977
19571 91 58043
26322 4 79303
20648 51 30702
71801 94 74787
19062 13 25787
19798 4 72759
30208 28 63895
24820 76 50568
29545 90 46921
58066 40 82291
49503 80 74823
20176 65 42104
50061 92 95645
39226 49 69859
794 53 97559
2973 98 97320
28847 76 65117
33470 81 76902
63829 17 91365
16118 86 74598
21179 20 52125
60092 12 79619
2976 16 27805
462 59 55009
35209 89 37031
35019 27 56960
78751 48 98820
50010 19 56184
9526 17 47704
6095 4 92936
61205 49 70958
33296 77 35550
5996 39 69169
36787 81 79314
13672 49 51621
47675 61 57400
78126 74 82522
34689 86 91953
68157 61 68435
48352 94 59031
53661 66 88914
7053 84 42897
76530 13 86076
39784 92 66007
4689 12 68498
53061 79 80375
8163 56 75094
47129 70 84357
38789 34 88922
63293 27 73992
72621 14 79565
42974 16 75988
42198 91 71088
13562 54 71269
23167 71 57005
14822 53 71189
26826 90 64525
11629 46 84897
28033 52 29091
22254 84 77345
19250 72 67965
11156 1 76709
36658 19 79436
11573 10 68325
35986 88 59477
33677 30 57117
61469 54 71182
13912 89 40876
19047 86 60924
32592 47 71882
23669 83 56691
65635 37 79938
4508 64 73100
45401 16 82776
13140 11 34390
81250 85 84973
18647 15 21409
62284 50 92391
29655 83 58505
40994 55 91670
29350 97 88853
12954 1 57774
73106 88 98624
36054 61 71279
37518 78 74949
34566 82 85570
2308 70 97084
26004 55 33257
58763 86 92267
17218 80 67994
52169 44 74326
889 17 92126
58277 70 61540
53691 76 77895
9919 40 32095
22187 34 56649
41986 96 48065
38991 26 49021
25140 9 33804
6995 31 34800
29223 53 40578
31910 46 45097
30855 56 71134
38375 10 40615
1188 59 23077
35772 88 57260
18669 36 40349
23129 77 88335
41404 59 53660
12295 8 42231
26766 43 64661
86210 40 95409
21510 60 84714
54400 68 84440
2936 55 22388
23383 1 78319
51195 78 76790
50531 34 99419
40628 64 54910
76920 18 96161
43055 4 94119
31729 50 79110
38726 26 82165
60630 58 87736
9496 16 71439
3028 89 42249
27179 37 50100
27316 60 91438
47872 2 77354
61667 39 92841
48060 67 60104
86274 5 92294
2956 22 93820
76571 95 99471
72451 92 88176
26780 5 48956
41455 98 98366
25199 68 67029
32629 19 48719
13387 31 51050
41822 83 61713
25236 35 38185
31005 91 87023
2917 99 39690
33996 68 59015
33027 84 88985
334 7 6773
47390 15 55755
9305 97 52635
22763 41 70595
32408 86 32979
30621 30 97342
60009 94 68785
48840 89 66647
23560 44 87519
42160 64 97707
9417 29 26825
15601 41 49459
17209 63 89829
38152 78 52228
75356 22 83442
25997 5 90680
37126 14 99432
45603 43 79603
6593 21 8860
105 13 75370
21220 74 27403
28011 64 28659
61216 10 66315
44724 74 47019
11272 53 59912
68958 6 86825
755 28 54371
34123 37 54236
81427 58 86310
29813 25 74293
8066 5 41963
85789 6 91301
23622 22 71538
64118 17 79362
40610 82 59023
1430 48 20367
62536 69 68843
60836 4 83165
5554 61 81679
46465 35 92184
43405 75 78078
33994 91 54859
48459 92 67036
36151 17 88530
16660 8 40252
23397 29 87669
72093 98 96167
27331 2 52999
1377 26 16919
20140 74 36363
37179 14 42584
11348 55 12374
33291 46 72675
9725 37 10809
76373 44 91017
84953 40 86406
43943 26 54797
49992 47 67875
74206 25 97885
33783 41 87426
58633 91 68786
2240 2 79717
45685 6 52227
18594 54 92359
23759 63 73204
18148 1 40770
40719 9 61382
50396 73 60632
41821 10 71373
50336 47 83879
5176 93 35341
6296 45 60136
19381 71 36614
20027 99 63601
66951 8 92527
50399 94 85713
26823 75 93321
7546 93 37569
53135 64 58704
48582 4 78503
37666 55 83518
29188 32 84820
2081 6 72081
74385 65 95000
23412 71 83530
21944 46 36278
33661 24 55853
61595 6 61677
51135 76 63324
5893 18 23785
18630 38 19364
13538 25 71265
44883 29 82292
16674 23 26175
9642 42 55485
15020 25 76660
57331 11 59108
1136 2 13697
35659 28 90344
5568 22 95036
43912 64 58758
54412 53 60007
5821 68 21305
30445 71 53635
14285 9 48551
11834 64 68495
32921 5 56656
43991 63 86415
27485 69 91033
32537 66 42336
39833 34 53357
8845 45 47009
73366 87 74390
75410 98 94130
33366 45 87824
14249 31 95052
33611 36 49464
57078 36 72742
1378 96 97102
58296 81 77767
30501 81 56479
59330 63 78277
43494 70 51625
36029 50 81843
64263 30 87816
32839 21 49059
59430 19 79679
1905 28 43826
5878 31 71838
31415 13 75091
50580 87 67964
5361 91 58253
16583 74 29417
15456 67 21658
38306 32 46806
27774 38 76043
72279 87 79918
75115 59 98917
83314 74 92860
26913 71 76347
81953 39 88417
39380 92 94953
24889 80 63455
26024 98 44592
498 61 2820
64078 82 86692
23543 14 64876
9521 71 84044
13518 30 36256
4845 37 55452
13609 13 31163
2599 84 70941
9129 27 46110
3142 26 29440
42552 20 55597
410 11 30008
47211 18 76394
22794 61 78792
30227 43 45919
9847 48 21695
26155 18 96815
33224 37 87810
17533 42 35778
65884 7 97329
60566 18 74694
93761 44 99458
37544 73 98029
60402 84 65531
6358 70 36627
72819 47 76716
11389 1 51825
20205 1 37362
49104 62 88593
82035 70 94967
1583 4 47540
72030 33 83799
11357 85 73871
7412 12 62628
5577 27 95450
5691 59 13919
30584 95 90805
70190 48 79767
46845 27 98330
4708 52 76620
50875 58 75392
62893 63 78587
6803 22 49991
531 60 40490
39108 41 64176
24314 6 59993
17358 92 69848
37361 100 45848
4711 70 98291
44967 5 92945
21035 73 86968
17746 82 95667
10939 28 37272
44583 92 62018
10360 99 79613
32789 68 64072
83888 69 97400
3202 83 22677
78917 76 92254
5601 83 95508
54543 48 76010
14691 67 21483
18208 8 44483
69387 1 91251
45809 70 94014
22718 76 88540
69555 83 92170
66929 68 92234
67043 98 71254
65365 2 72887
12776 4 77805
20274 80 85599
17732 23 28148
717 26 7461
36596 5 73045
60636 61 96995
34884 77 58661
9003 47 73565
44007 4 48099
44196 17 45247
2688 83 98223
27454 3 56676
5736 74 54208
14591 99 97100
24386 62 40308
5212 70 39566
20681 45 97025
27117 51 93695
93887 11 97050
77787 8 78972
45222 53 48695
7762 60 34967
30785 92 63693
20977 61 22484
60105 81 80560
3526 73 12470
51656 44 91722
2447 33 27469
73314 2 94399
69383 50 72978
8190 4 56020
42485 2 61826
4176 54 39464
36294 54 95899
20693 56 67893
597 63 49236
19836 89 46417
15945 4 34000
24211 55 57968
4966 61 52898
47919 29 76512
13423 83 59539
39922 21 81948
29510 73 33802
10917 98 42467
19183 27 52926
52790 76 63349
64855 23 82174
59983 4 98970
51295 26 93325
912 55 14807
14885 93 70664
8880 40 68918
21680 59 42285
6014 4 39559
52714 55 55489
66111 89 86913
59750 88 60513
10473 61 97863
29314 90 34715
4038 67 15876
20771 42 49720
30713 4 52092
76805 60 77504
28664 69 31841
57907 72 93302
42872 35 89050
13527 3 81477
29543 34 83422
72285 59 75172
6450 51 56365
11623 64 70246
57933 69 71438
23790 92 84253
13778 23 21875
9628 54 73241
70463 36 94780
24941 66 93452
8634 24 49660
36504 44 78400
37791 80 68744
46288 45 99695
5987 71 76333
59271 97 96097
21658 15 42989
14773 67 81687
55934 84 66755
16745 68 89206
10946 17 21688
85393 9 90592
24782 60 92763
73709 100 94712
48019 6 96630
35589 21 90331
70049 19 74145
18018 59 40835
16113 35 85321
390 97 96531
20426 52 28621
26990 55 31603
34445 90 97961
47493 58 61752
58360 84 76311
39877 50 95028
24355 50 25626
19826 41 26159
1952 93 27116
62340 82 96897
1369 12 47490
69314 93 93628
34889 40 84527
6550 2 19638
42873 60 74883
9180 44 74213
18133 16 53196
45156 36 68198
34834 26 89538
73574 2 75453
1821 38 76248
83981 27 86518
51001 3 79831
6255 70 51844
10629 84 97752
78874 14 96355
82726 19 93256
38708 72 53472
16224 48 51760
16211 74 36198
42270 82 80407
86289 35 98542
22405 90 92037
47889 35 58589
1712 52 94664
5302 64 35839
57789 78 58038
43471 54 59926
32054 64 60009
32519 97 42277
29544 66 94479
11479 1 75085
79232 30 95195
40508 30 68074
33936 29 56149
30859 71 58652
87668 21 95400
11351 39 45884
31056 8 79060
1043 93 90657
69756 98 96255
46626 3 78737
69003 50 72882
20724 3 28332
38258 70 51535
76688 78 82012
55683 27 94544
60486 40 99318
33320 79 43879
27454 96 67568
24133 82 80813
88107 11 96569
10849 85 67628
20864 25 66818
8621 19 45655
68974 5 75207
22231 18 50304
9808 22 41017
11499 95 17533
58976 48 70538
18512 84 36392
22976 45 95250
38744 74 98989
73985 5 90858
43689 7 53121
8935 64 28838
21713 51 38878
27704 11 98306
582 25 84804
30239 14 34625
7553 25 48202
42234 34 70475
31387 73 34426
23815 26 46717
38009 45 86513
515 14 73433
7397 95 32699
312 92 24634
37263 24 80258
55045 32 73964
44696 29 92106
47873 91 48154
23069 1 90245
79902 87 81217
671 29 96741
38477 95 88963
38035 37 89153
55843 53 63339
67907 26 74702
15968 54 20615
28883 65 85864
78559 12 92863
1907 59 25287
83469 47 93484
16346 40 43795
19530 83 46222
20295 38 92674
58710 56 87699
68971 87 79703
6102 67 86962
35406 64 83291
83988 22 94595
961 13 2523
26561 25 93982
24521 43 73380
41964 81 80659
2363 31 71148
28331 48 86482
13578 32 93970
26119 90 36204
13118 94 44361
56496 82 90652
33791 12 67350
12522 42 31892
41489 31 95140
10554 87 51294
40102 45 41361
94920 61 95047
41106 42 43723
13622 42 61527
86880 3 92896
24249 58 64401
5147 93 7562
34788 95 56562
58025 74 64682
38866 22 89596
58963 8 81370
59709 8 94899
47481 37 71298
90212 56 99408
25972 6 76982
41044 87 93676
13717 34 47747
13741 31 26868
1297 97 46673
35774 26 42477
4389 8 65104
24154 26 63603
32066 47 65230
55 54 51434
7595 7 25508
7431 30 14093
35589 93 46937
31542 64 35143
91099 5 95398
13590 48 17738
40155 11 51260
85186 80 95836
33788 13 55050
12528 96 49172
29252 56 88925
13024 18 63310
57956 25 80671
3453 13 68132
7214 51 26640
15866 28 74511
4892 52 51250
36262 97 80940
48401 75 80692
81437 25 90423
3575 52 10354
37425 26 99116
55985 99 82778
85985 40 90234
73969 28 95791
1046 25 95229
1591 45 62568
5679 58 93315
47566 63 52585
20323 61 67642
44951 27 97816
44531 63 99935
54962 21 67560
21383 92 44945
9501 18 13289
59672 24 72490
56030 56 93059
6992 34 40427
35953 86 43775
70185 81 77870
50643 82 94761
34111 65 65199
55230 81 59024
42120 43 81233
12687 98 18294
21309 38 65492
43978 49 96631
13869 54 18583
71209 24 84601
75853 93 87543
6614 51 24544
71240 45 83550
35561 71 73589
15204 34 73297
14230 8 30774
56886 49 82283
21834 95 56330
52186 21 83537
39248 3 65137
23451 95 54921
18072 4 81631
10530 66 74940
35116 60 51854
37533 99 94344
64552 19 96704
41721 89 48892
33941 25 66674
26848 31 83442
8065 36 43310
5675 34 85295
74645 95 98765
2606 65 18190
21574 79 53981
5222 47 58846
40595 38 80220
15702 89 41301
9379 20 73869
58692 43 76032
12218 23 19570
22259 47 35055
37578 76 75560
7513 27 34726
25273 62 49907
42903 60 43319
33923 94 82918
4624 67 70651
26271 43 68465
22146 97 88849
35465 46 53074
6937 75 36879
6153 65 47602
57373 5 63932
40407 13 99409
31796 62 69421
39382 24 66307
45827 99 56702
12329 71 26274
32104 17 92962
55925 37 97311
9657 72 59547
55889 67 94557
61125 24 64638
66356 65 66745
53984 75 57605
14072 9 24854
21555 13 28875
14053 7 70787
15704 14 84506
5794 20 37096
80501 54 93836
28567 32 35919
22418 12 43203
4382 65 74804
29062 61 59987
25558 56 37308
72058 90 88090
93254 4 99600
35581 81 70800
11787 37 31389
17630 32 91993
37709 86 59288
16173 66 32220
21410 11 92318
11744 69 89668
32215 40 48228
15393 92 33544
25943 30 58020
9743 60 29434
21551 42 24165
48676 21 98160
44738 55 77806
55916 50 88857
15624 90 75115
50347 32 57198
23150 32 65228
5509 71 53240
3026 32 8054
49073 39 64574
15082 76 65717
22831 61 25144
12531 68 40512
6848 40 50004
10975 16 31621
30875 39 64346
43529 71 66268
56790 8 99843
61902 53 75076
15633 95 96247
25607 50 90840
9583 68 60512
34314 43 51715
67576 100 69634
391 61 75760
8214 83 84543
17280 50 67889
27354 68 83150
84629 70 96170
70762 78 91416
35244 77 61542
55721 64 63699
2368 3 51411
13718 61 96590
33241 49 46496
61317 17 85155
2782 93 72181
8867 76 91573
22415 42 53903
38566 17 68733
30189 25 47352
15911 61 65868
53368 12 83006
86334 35 91989
76504 21 79633
42338 18 58745
1599 15 64780
67176 94 68533
77703 52 81790
25907 1 35930
78784 18 81154
80634 24 88729
33706 60 97651
37334 72 46895
53573 17 86814
87067 26 88012
41185 77 57097
75214 41 81484
43293 58 49945
35295 50 95003
40533 10 84258
33528 16 87193
11394 76 72268
19737 20 30282
57803 61 60157
22399 88 73672
42868 57 51945
21397 15 21589
47236 96 69005
39364 84 49029
66393 80 86064
3196 78 18671
14859 30 63467
6465 55 36188
7919 37 33159
7967 50 91548
9851 100 27837
12412 8 95696
75620 14 77389
84876 59 95411
2137 36 25708
2966 13 68233
50726 19 69394
32750 8 50538
24107 14 73077
28301 10 94903
57860 10 85396
68423 75 69994
30836 69 95422
17956 53 79577
1734 6 74086
42185 31 69016
24410 82 42791
15182 27 22282
42145 60 67959
33756 62 76915
35091 9 85757
21117 8 60947
83203 82 93557
78228 41 80556
38361 8 95792
59026 81 89951
81432 73 90258
5259 92 43912
25185 27 59410
18396 89 60486
10887 2 11682
59480 61 91514
24096 93 50772
80726 65 87592
8062 74 63439
30740 89 73448
10113 12 86534
21364 95 44116
17448 89 27542
23227 24 63701
4248 47 41474
81760 11 83749
14323 44 72950
8903 32 81134
14637 40 94103
40671 55 41834
7514 94 79790
30861 45 32150
28259 81 93878
37826 12 91662
29270 92 37985
32232 45 56797
78608 10 98190
27324 46 32918
29912 70 89192
71613 99 73613
70089 95 71172
65536 55 93453
13169 86 21739
46284 41 69541
23971 61 96770
57262 94 89688
75006 42 88422
4833 17 98316
2249 98 89892
52743 48 93883
47351 86 91407
47338 4 76068
10939 43 18090
5078 23 38946
8639 81 70992
31072 26 59049
24024 60 70391
30476 83 90239
8907 86 56729
6837 28 57491
60467 57 64178
7499 78 94413
38152 69 46293
1661 35 83152
4129 80 42750
49657 95 88013
1855 49 90656
69625 90 78131
13404 82 53372
39143 50 93267
9447 80 35919
17444 20 18329
65499 26 69000
17198 84 50936
48050 100 64620
29585 24 49890
6099 44 56835
1032 74 97929
53251 27 72712
67048 27 71796
37659 26 53784
33845 17 99136
42416 79 92363
13248 57 44631
76979 53 79769
65273 47 91216
57941 22 80204
7570 48 81814
4550 59 64758
32840 27 93961
75283 88 98339
11950 69 35022
8135 41 16829
12906 84 64447
4959 46 30188
73935 73 97674
16720 29 53429
21222 43 97679
49787 17 78989
13344 26 18077
36484 34 66745
1543 25 13127
86926 84 87578
14926 5 91753
54363 34 92039
17809 36 39745
14760 76 88682
49937 9 88350
22007 39 34302
23827 14 58227
5056 62 5843
29827 94 78382
83484 63 87005
54199 23 64941
25493 30 84244
73980 98 85063
5575 56 30766
5519 35 44398
25918 42 80273
3217 41 47106
56069 19 70950
21541 66 65936
955 12 82422
31020 13 31057
34930 7 49287
64651 31 66574
29130 15 65885
36108 73 41752
710 65 24092
48712 74 55485
21400 43 52497
11734 63 70880
43677 86 99984
19642 72 44270
39575 55 92443
48956 2 51459
34005 37 96034
36097 9 97975
45551 4 79749
38873 39 47645
70470 13 97111
15347 6 15693
33978 90 55342
5858 21 87782
22767 99 64452
22462 4 96478
5089 23 61563
2955 49 91230
16270 28 21053
3562 98 65723
48099 2 63851
92803 16 93780
26839 74 30016
34794 94 70143
56258 77 61548
41691 87 90462
68413 3 71450
14151 39 41623
81312 52 99081
40328 42 93101
19404 26 98782
1331 27 34656
14174 38 16711
1071 79 59136
51575 92 89867
39034 8 82029
6945 59 83389
12501 44 67930
19508 11 95654
36758 25 40250
52190 92 64212
30820 68 74572
25302 18 55056
549 32 80171
10519 27 30824
60215 59 73536
9392 27 28626
18484 5 69325
44520 54 57651
65374 97 82773
77154 20 92491
38483 91 97976
465 73 24539
2758 11 40456
29559 54 97398
1224 50 42473
18099 100 64423
2751 18 47269
51884 74 72831
82 74 53020
11396 45 83760
4850 9 27329
17836 82 71835
43260 78 75062
7053 85 99934
22036 79 42138
65381 18 95446
30339 37 38579
8638 94 14625
29229 80 46462
11101 96 32465
20730 99 67341
24912 88 49381
43674 10 54201
38833 40 55094
34547 38 60803
61536 34 63771
6976 95 7881
15863 18 49164
15371 73 97624
300 81 20548
41508 82 62447
64969 53 87330
82444 53 89251
29796 67 81269
6265 52 59436
32536 5 89944
63658 44 72312
79077 95 91126
48825 27 52755
17462 24 66285
5633 92 91062
71056 48 79339
12241 61 82554
18426 71 93103
24977 2 76936
34259 14 59070
8326 93 18641
19053 31 44905
23618 93 32240
77730 25 93178
17061 92 49893
4115 25 50780
12942 44 85244
27822 53 37696
6977 56 25385
46639 93 89981
38443 24 66530
6086 81 11180
32088 26 55243
82476 99 94723
26640 79 40936
6534 41 49822
24723 80 30985
14932 9 59265
574 11 42354
42690 8 45936
87364 76 89105
79960 38 85893
3602 51 62750
56720 26 82388
13684 25 74223
8598 50 57478
15620 23 85507
46385 33 73518
9460 65 47921
45453 9 80452
55252 73 59475
10394 30 58737
25488 26 70039
11975 28 50194
60256 53 66402
27473 27 93151
28205 45 66248
14298 83 25784
13083 97 50847
22885 93 57176
22060 55 45683
82944 44 97893
85762 16 89396
64753 56 93850
84261 59 86189
33633 81 89614
60992 69 62837
68827 69 92901
51392 35 98245
43157 46 96437
3872 88 50068
30532 8 68082
24898 73 87801
9104 5 47376
64128 31 75862
53296 44 88547
5177 14 16606
40729 14 94464
15081 73 49861
24712 21 28427
77820 60 92326
17910 60 76824
1336 12 79912
14606 10 30770
12143 43 81706
3470 62 66248
92943 55 98667
4549 39 63230
21281 43 64145
10255 68 75241
90476 88 98593
32870 55 94053
1510 75 12316
20395 50 46791
29046 71 89647
7955 20 79407
22303 92 28125
26876 90 31550
6312 5 85046
29109 36 76691
55044 5 65316
1101 36 25237
36030 100 55872
55576 86 76440
54926 93 66130
89350 97 92292
67821 61 90097
22151 60 97581
6851 24 11663
9693 46 88522
14945 43 63666
19750 5 25023
7869 1 71926
56037 30 92030
88935 17 92186
21178 69 70999
52460 46 57762
1105 84 86888
57148 67 84266
81832 59 99561
15755 39 86500
52085 100 54894
39675 27 45390
1508 98 20899
12735 2 21193
39853 93 54005
10351 88 36036
61325 10 81190
97467 58 98062
5963 42 76548
32357 40 48531
58748 82 80054
38210 97 67310
23092 66 56685
24840 67 78803
47137 65 85803
48287 4 79065
39833 78 79201
43597 53 70661
46278 65 84371
679 89 45884
10680 51 60436
29677 29 65337
72483 52 99363
6808 65 35296
86501 3 90587
19658 89 89432
31741 33 87137
18476 21 37983
27412 32 48215
11562 81 46004
9654 34 44072
32853 44 88640
10452 89 87967
48265 75 81477
29558 39 40361
6497 63 73173
21868 61 95185
63958 77 73993
3852 89 88354
59109 33 83204
85190 42 93850
73486 16 99112
42149 93 75017
14649 37 38061
7392 70 54791
36780 41 46501
66485 33 99914
79244 27 81619
60639 52 70369
11697 34 57708
56447 1 92191
21454 19 31568
60154 81 60509
24135 94 48696
21389 27 67243
42189 85 50653
44061 40 62239
18910 60 26644
290 93 44227
23448 70 98700
13086 13 66457
67512 11 71479
32149 24 53195
19916 64 68705
7605 6 96268
19600 26 85603
22020 31 88078
57619 28 82598
74256 24 84862
30486 36 43022
40685 73 64789
4001 52 65606
30175 36 79129
3904 88 60894
28971 65 65242
25085 96 88490
69642 54 73591
65388 47 79400
70378 52 72443
25417 93 48901
6079 41 92723
43065 24 55677
2781 79 56467
66829 15 96836
12623 42 93025
5225 62 77658
13825 16 77185
40941 57 86051
54815 32 94799
12638 52 24925
40689 98 75226
26685 61 85609
23050 2 97506
60062 87 96819
79454 49 88236
16419 91 60438
6872 48 38932
48083 63 54736
62031 20 73395
20893 15 35932
28545 51 67693
47953 66 94715
15813 88 26772
64650 98 98949
32171 5 73928
11433 10 46896
41321 62 71033
56096 58 57276
29008 52 90557
3733 55 77637
4531 19 43085
8886 92 33309
2179 54 9095
64531 63 92242
28806 1 66605
25783 12 50357
19338 13 63830
24956 89 30559
17190 90 57518
26135 16 79984
62701 39 77298
4786 21 68026
37945 45 41585
47476 67 59626
39585 10 62695
74313 39 89934
30422 38 44586
73664 14 76183
60460 84 74151
60361 63 71687
34560 31 85648
8332 97 33766
10599 96 15976
10865 33 99000
68762 7 73883
43028 94 64796
61438 29 80535
12932 57 40143
66033 67 86535
2282 78 23463
67604 91 68110
58439 83 67886
18329 21 82198
62407 71 76378
31653 6 39722
29331 51 56758
36098 93 68763
50611 32 90394
49988 46 87050
83935 24 87321
26703 42 32922
1974 91 89600
47400 85 74789
54731 55 97613
45233 54 95370
38519 21 94599
584 19 99967
39143 87 39620
34366 89 69831
60810 86 75910
47071 11 90304
17860 99 87927
14385 53 60698
5464 34 45876
60362 94 64051
31479 1 40305
3519 61 5170
523 47 22991
12867 77 61466
27454 80 38495
17760 37 45525
72348 58 82306
8068 31 12220
37158 35 39762
28326 53 30927
3508 48 57306
41308 89 93361
20410 65 97807
261 84 67708
66013 56 78071
33724 85 54524
19526 64 70554
72675 53 80431
49805 58 66532
37970 77 91845
33622 61 91605
8303 93 59918
73043 98 77065
68195 53 91375
58519 23 63876
49285 69 62438
7602 75 79754
44896 25 94206
10890 20 37352
37825 78 73246
19824 6 93961
9477 62 61897
31398 12 41833
82109 32 90215
40885 36 51348
27851 55 32527
762 18 3779
63244 49 94174
46337 15 69953
20947 23 57323
87 14 19913
72219 47 78072
80742 92 82675
20477 34 89284
11730 53 64950
25249 38 53551
39215 27 54050
81265 24 84967
16920 7 17488
2270 78 56609
10299 59 20310
3266 12 4660
49023 18 93981
4031 4 31899
53604 34 54365
41794 32 49536
33952 20 87617
4322 51 50081
21318 21 72376
60272 46 99837
12571 71 59788
16845 71 79274
81823 24 88528
32648 81 73279
45051 15 53111
45645 75 98509
55745 1 89605
8831 20 73382
29031 96 86424
67288 30 86363
1228 20 66611
80181 89 82428
45256 2 80484
88558 48 98248
62939 72 84022
51820 17 76331
29877 24 59832
24693 32 90020
18247 61 49254
42868 73 46580
26436 28 72082
22002 80 46126
68146 74 89069
17680 90 40025
14131 12 65195
4636 74 7731
5704 64 11785
45359 18 60106
32057 87 82204
40480 77 50940
11491 45 74352
31816 43 52996
53104 28 93362
266 77 18548
43072 68 94952
44579 86 75689
81016 66 94428
38102 64 73449
42103 49 51585
22433 31 95612
44446 90 97657
43472 85 53133
65024 100 83947
30232 35 33606
24542 28 91335
16928 53 75121
64525 65 96184
66244 16 68801
72476 54 91155
55312 89 67333
16701 8 18247
4332 86 81215
20658 50 26960
55627 66 64244
2644 93 23507
19124 67 60963
59677 60 91236
49955 50 82921
38259 39 56454
9728 71 66414
890 35 95232
38285 38 77614
11291 17 74373
44420 74 95548
8294 51 13462
74428 29 80523
49367 47 88878
22761 81 34287
11708 48 62013
36943 60 72306
17736 60 56097
22250 77 70364
26546 9 64469
47984 15 54184
65578 94 74019
48387 36 64118
14412 86 87489
33642 55 89532
41337 73 80614
56807 71 82148
11743 90 41175
16260 27 38192
32505 33 85900
31415 87 35130
59722 63 83020
7369 33 80276
77850 5 79217
3957 71 65589
8902 45 65536
44702 18 69183
13849 30 97580
69853 31 80947
515 100 26225
37252 35 65242
2152 69 63338
31780 90 54464
69567 30 87188
16479 51 46220
34620 11 56782
14149 61 75034
13288 43 69561
59810 33 72262
3813 48 77387
24001 36 59064
3489 51 8992
16436 96 64192
18335 23 38534
41524 32 73898
39941 88 53107
22288 41 62161
4959 39 14482
20416 87 29088
35371 24 70226
2119 99 3269
21014 44 77380
53560 24 79869
15225 59 29989
27360 96 83311
38072 85 58582
5109 37 93354
37784 36 69326
18970 1 53626
37537 37 58289
34555 78 85279
70735 90 87159
4841 67 55941
46749 99 72704
21631 2 41326
70451 9 73064
18150 62 99589
6486 43 88369
60015 49 61934
57307 55 72232
44136 32 61012
29158 69 91432
11027 17 66798
1591 61 17731
49182 13 55075
53117 51 67959
43474 22 68985
5978 36 72997
29158 11 43620
23242 36 36473
33903 63 41652
33388 2 52055
26711 9 70692
6914 73 45045
17750 2 23454
10899 28 99869
46723 82 47029
22093 47 58683
56464 22 86531
3880 50 97660
5600 97 72401
5575 1 88184
5422 19 46213
28155 80 34750
6255 36 16213
70424 43 73206
35734 10 73784
58675 61 80118
28617 47 96278
12328 55 72019
59494 51 94930
22848 41 41891
13272 13 84519
41715 51 74864
31724 43 93559
23719 29 75958
81151 2 90968
20402 30 36645
18469 55 22185
19794 71 73056
31937 27 83464
6174 19 56335
7986 40 49252
14121 51 90109
10419 30 85913
48598 21 87580
41139 77 54806
49113 73 85162
4864 1 88813
84533 52 86212
18930 56 73449
47732 45 79429
28037 86 49307
68493 32 99469
16619 13 49664
49335 80 78892
17620 71 95004
74918 47 76319
77947 31 84734
16812 8 64161
16930 71 19130
6528 8 37195
10722 77 35594
13158 49 77843
3180 4 73744
16875 50 92863
56501 62 78690
8928 80 10569
62117 5 63719
33843 2 80982
21370 83 97100
56726 48 98505
63406 1 75219
27103 68 93774
23249 99 49296
40649 79 81590
56610 24 70996
18580 62 73449
34687 10 99304
1705 27 10991
77664 62 84982
12976 45 93452
50274 12 64267
48952 13 59961
55414 38 61942
5494 91 20582
64089 25 71288
16303 3 31039
22438 32 55897
92520 45 94371
33759 1 56513
17434 15 77677
8284 46 49575
36953 16 56710
4542 96 56842
5185 51 60918
48890 30 96675
51250 76 85657
55330 91 97616
39189 6 76345
8247 24 73685
24423 19 58838
58642 40 83652
6640 57 93874
58877 81 88025
21293 16 31233
76447 67 78313
28100 62 36771
46202 2 96078
47179 91 83234
25493 28 78598
16927 94 95419
29390 55 71790
36552 13 54712
6953 85 12888
35608 77 93769
5469 53 79936
55788 14 88683
3164 69 46540
36044 75 76291
54705 57 99083
1475 87 97892
73562 11 97781
7196 41 23102
10288 88 48988
54910 52 73791
34161 94 87260
91710 52 98955
32175 40 96758
12419 31 70540
50662 17 57661
7994 99 63095
47915 61 98350
32381 63 80768
85134 51 97533
41404 5 48360
5614 42 6929
46094 40 94523
33299 69 78593
21002 99 76389
67988 92 99699
54776 99 65720
44980 5 97627
25561 34 41518
9724 14 29556
41958 24 84062
65408 70 93325
9208 72 72504
52591 32 94790
12974 74 24546
46574 62 61429
64583 97 79234
34163 31 96747
32505 86 35686
74907 34 97392
24917 47 30753
71114 57 81151
48894 1 54670
41797 64 64853
4404 32 14919
8216 70 55589
78309 81 85475
17155 88 40331
14484 46 44062
16340 86 44920
10501 24 83442
4049 38 57086
2452 10 67094
41630 37 90667
15673 85 61557
79794 39 93052
46059 90 73661
25135 18 90884
47628 7 88515
32792 7 81460
42757 26 62957
33239 21 71412
46469 88 81338
10370 21 55450
9799 54 23280
53222 36 55921
74529 13 84515
27776 93 87843
11332 89 29807
73924 61 79675
11585 24 34955
5016 64 96589
24478 17 78605
45368 57 53308
26602 48 79925
53046 56 99463
10200 18 35346
40283 66 72255
57008 67 86807
4531 56 33663
6022 44 47590
67022 49 91297
38360 65 94129
38483 83 53212
10200 87 89643
25739 15 79906
39601 20 77506
45 59 4124
17519 25 45259
91682 73 99694
44597 65 97678
39946 7 77626
40708 29 88124
85023 28 95879
34120 96 68715
39865 49 87117
55640 30 65477
46323 21 87740
8539 57 55489
71926 65 72737
11716 80 67138
2294 55 77658
23185 98 66832
35615 74 81052
14389 51 76562
47492 90 92453
27787 74 58141
88347 64 92451
1417 34 17059
11043 1 57894
51915 94 58063
5600 48 80872
60666 51 86199
18310 63 83021
24576 81 86115
11368 96 37434
59204 7 97881
685 91 85628
33209 54 50045
33195 100 76410
9485 29 13530
57391 65 63564
3510 17 71480
53604 73 98702
33948 11 58514
12073 50 22219
60893 20 77857
80347 40 96406
82892 14 89318
30163 82 74466
52875 57 57887
39408 31 74497
19342 90 90759
16462 85 94981
39350 9 95215
20559 68 28286
42498 17 82938
4843 63 97891
15711 87 29519
46151 90 90836
25936 22 39409
42384 13 77085
27870 84 36627
20706 10 76597
26739 22 46664
75872 1 81840
57204 6 65846
49767 90 95564
6624 71 42766
7784 60 11703
61240 43 72323
86566 71 93087
7672 27 15964
20536 91 38735
27536 14 87573
75928 40 98774
21956 63 88006
67688 46 70557
38194 5 73455
20342 24 47195
5265 5 57897
45376 58 71653
26001 56 89452
51349 24 83861
50296 97 54673
6173 79 19396
38009 96 82845
58027 88 79314
12006 21 26647
81689 26 94628
26610 92 28009
58991 34 75616
42913 5 53667
3952 94 6740
15131 5 47102
43927 28 71291
22216 94 83293
63205 63 70795
75054 31 94681
52569 18 96144
2754 2 84716
4995 73 22270
12766 53 38604
13322 51 61343
57318 76 70021
6724 99 44191
25616 67 59899
67273 33 94236
34614 67 84605
11926 76 42234
47757 58 79991
23499 59 66329
10805 57 98139
15881 89 94464
40622 95 64975
2273 86 65099
61392 95 97152
20217 92 80831
28846 51 91481
69063 42 76926
47421 59 67146
85783 32 94654
8830 74 41011
104 61 47494
32748 61 38034
16729 30 92218
69190 70 96960
59053 32 73325
66605 14 84918
23150 52 83440
27553 91 30299
28355 18 70033
36103 55 66184
49383 42 54561
33628 38 73712
8840 33 13087
30718 26 59103
44658 58 51112
13329 4 19480
27190 18 73891
46297 82 92431
59386 56 96881
40290 98 99395
49404 64 76838
52440 44 69649
14698 95 97928
32676 40 34334
34336 11 69681
69002 82 80064
16663 21 93752
58483 48 75512
13342 97 31055
71892 97 74324
66042 98 80484
