2000
12813 35 20728
44954 74 79303
3028 75 94957
39858 66 63672
77344 92 93926
45225 75 67230
30100 85 72173
27784 5 38910
43098 54 98308
18547 63 53506
67359 10 97503
22215 3 50160
10215 31 83213
20326 61 83417
57753 67 75170
16652 29 92356
45611 47 77058
3832 39 56805
19601 95 99004
66837 33 75790
4032 41 48394
5659 99 42273
35433 36 62150
3005 85 4643
54191 78 97140
38489 69 64345
73668 100 91993
58311 99 87225
12628 2 35733
25129 39 45775
62570 70 94386
14363 81 99854
29434 24 51097
2536 1 57441
92010 34 94806
17894 70 52749
58767 92 92463
22107 100 79737
23330 87 58837
26026 49 52497
82384 85 86481
56174 55 73691
45386 43 70524
4090 85 6851
47648 45 64924
59580 24 74885
71848 9 77124
19470 84 40227
32962 52 61272
8519 93 31353
47747 52 90130
409 97 29981
74742 13 99479
6930 79 71664
89341 95 97651
35253 96 43071
13579 27 21303
960 39 48187
16397 47 87605
34485 97 72716
25092 40 91506
2598 75 10509
17447 46 98951
8751 72 47888
62515 89 65086
38927 89 66592
70445 90 84391
32544 45 90447
2827 71 33326
57631 6 76523
17931 10 37745
27389 41 29560
49961 5 97164
69975 61 88904
946 33 26302
18085 96 78958
1227 67 86559
591 70 90841
43217 21 65770
28701 14 33806
79471 52 89665
41821 36 51110
7039 4 44042
9561 5 50724
10452 69 51532
1023 42 78760
938 73 78287
36392 8 81930
1212 3 54752
19772 6 56914
18840 4 24976
57208 72 99614
1607 98 38577
67315 33 67370
36888 60 46955
7847 67 99909
33517 65 84123
86190 43 86425
20094 70 97498
39188 81 78104
23828 10 47262
82102 71 86144
15924 11 57018
17572 68 38855
50787 50 72699
22151 80 30075
79016 80 90188
27003 49 38652
1912 7 31617
11501 16 94071
21531 46 72307
33662 21 46955
25701 73 88925
88416 25 91429
24431 17 84365
42546 98 53127
11467 67 75552
40996 36 62720
55312 19 73872
59467 52 66646
726 63 7675
39471 47 41055
65604 43 91665
21684 14 38351
51795 1 67894
80466 69 82830
49751 14 50021
23931 96 65867
12482 51 18993
2315 70 4115
15842 63 56868
105 58 61557
27033 9 63587
53375 82 56299
17597 66 29969
70287 17 72406
19980 74 22846
42988 34 50704
30814 35 88878
30119 15 45407
11983 26 60869
35976 35 73253
48480 17 89402
47652 30 68618
48787 67 97167
17279 72 44589
9275 36 60733
1458 63 99442
69988 66 79188
35662 64 46711
19683 28 44711
6943 15 86591
11613 71 43399
35301 71 62985
53292 23 92777
51314 1 55597
88783 22 91873
48140 78 77462
31726 71 50827
43228 18 96515
54712 78 55392
40843 79 94605
43851 29 79103
33086 14 90266
29605 82 67118
75556 9 81281
33822 15 58582
1281 71 83780
17257 15 39258
17220 14 69487
18050 29 47100
23741 10 36683
52674 37 67888
35058 70 75782
4276 38 60371
78240 95 86978
14012 68 80403
76573 94 78692
55381 30 56516
40553 37 54794
57443 49 94269
33704 11 97794
60979 76 87039
6994 34 23058
65536 79 92152
4172 95 68172
11811 68 77943
15081 83 46455
63066 56 79813
65874 36 96453
65432 81 78293
63813 84 73775
27751 42 80230
23013 19 54876
60802 24 90182
20861 60 44411
26458 48 32164
34777 2 76049
48447 43 72199
18237 87 24493
12051 77 39299
29649 69 80043
33369 2 37229
7084 73 63383
13661 72 80934
17543 56 77758
52401 51 78530
62047 82 70214
4768 61 74787
17357 100 97343
11320 62 86696
41065 61 98934
6367 89 33516
35025 24 37631
34813 3 80212
5254 58 66177
76694 39 80918
16521 77 84585
29152 74 87796
65204 45 95498
27502 83 49388
70802 40 80926
14777 42 23672
17457 5 65289
6700 32 88512
23363 50 32530
8842 88 47494
5384 46 64488
59022 66 66171
28508 60 83389
1226 60 21001
67260 19 81233
18767 88 67957
38629 20 82533
24453 86 67497
55170 68 66965
10202 78 10618
7389 61 74581
1076 82 28623
60419 38 90098
32750 45 74080
90225 16 98552
8039 79 13044
27794 31 33855
22223 69 41257
56610 44 59935
22147 27 79127
572 15 39260
45492 39 95160
2214 24 31693
7675 38 52553
61909 93 94634
12130 33 20633
44361 17 71656
4253 44 33468
49497 16 71456
35490 73 71313
11504 31 95991
69212 55 88497
14898 9 63808
41678 91 59794
11752 41 97649
3574 35 75647
42142 98 67321
63136 96 95513
16950 100 65723
53310 72 98401
36352 70 77621
38123 29 78103
9158 80 97235
68852 5 72161
410 38 16503
59106 51 60890
26966 37 47998
60013 55 79122
62878 88 84458
48413 24 64745
19041 89 43175
68989 6 88533
26039 63 97713
76020 50 84813
23877 57 44222
83391 46 93349
38974 7 64553
51786 72 97380
33811 69 44047
72921 72 85153
6017 72 93378
20718 55 59372
2279 58 44273
39409 17 96673
29696 57 35923
34996 74 50609
88278 94 98561
45336 51 55887
75071 85 82486
1461 66 90936
37651 86 59323
63572 22 75280
37003 23 46642
9616 47 46883
75556 68 86831
31022 95 55165
26424 25 60207
26575 38 59762
10244 28 84891
13353 26 37531
41910 76 79212
58984 87 93071
469 11 34137
8377 88 81002
21890 76 36740
14563 54 63194
8243 13 10879
7696 72 33014
6039 57 48388
54891 10 67751
73408 13 96329
80876 84 98054
23160 2 50017
77732 81 81066
1757 44 88192
16504 80 64894
7528 3 84079
42760 35 64496
31214 30 60237
19633 72 69638
72064 25 94897
41808 11 61311
4049 81 91774
22819 83 56016
21695 38 43049
42598 98 61171
6144 53 22752
6431 64 82300
28128 79 88943
56554 23 80722
69079 55 69985
6525 49 74743
61394 27 95724
6622 78 37982
63536 55 91411
58405 54 65478
38702 66 57918
54448 43 58974
1315 75 86623
14349 39 50751
19739 72 44468
7222 23 12445
34634 13 55899
73361 89 82819
70789 63 92509
30265 75 47368
17102 28 29120
7071 19 25602
25998 31 55649
64591 33 67175
9642 88 49385
12722 31 21472
38347 73 72594
1677 83 53011
69198 5 87337
5233 79 50878
58123 75 62143
79384 86 92087
12296 47 47061
9291 18 96254
6718 3 12552
48583 52 74312
12345 60 63623
34800 72 79610
57159 22 78157
27897 10 59934
14143 11 25387
92099 59 96040
44962 37 96313
5705 76 76585
19675 18 92416
12255 85 93886
10486 73 94251
66736 79 84764
43682 67 68659
20432 28 51585
33526 78 78872
55803 41 76538
50059 91 71541
23818 4 25072
17680 61 46379
7870 3 20831
42984 95 63155
14253 88 42136
33384 24 60019
27869 69 32751
2387 23 34990
8435 1 66515
185 64 4350
58151 79 63382
31009 95 60316
37048 26 69524
10005 98 66059
75843 73 87771
54732 52 98348
84709 94 92391
45773 55 87099
66384 43 88340
56721 41 58526
43812 14 63433
8835 92 51879
2418 54 83733
5862 21 22419
15793 22 19947
12441 12 68547
11026 60 17012
26735 33 71508
58037 79 67105
4224 65 4938
73792 5 81930
4375 30 31784
10618 5 99901
1389 94 23741
26507 93 86851
36385 54 68822
14604 16 90498
30126 32 66693
27745 73 39277
23937 60 45414
17558 93 89594
24740 38 79191
25901 49 35119
5004 26 80919
17528 76 96880
4358 64 31748
12985 9 37233
7434 41 59388
38074 75 69635
93649 28 97808
67547 59 68022
6760 29 12869
3566 31 14331
35753 31 73562
34932 22 49833
72047 25 91455
64596 2 80067
22469 48 57282
27969 1 38714
35883 63 74725
75535 22 98961
24013 74 43025
92065 81 92169
7856 57 42755
52625 62 55856
42700 54 65409
16553 22 82918
14731 21 53336
13565 56 97447
46596 18 51804
68020 91 83395
17930 41 49126
23266 11 56756
66330 42 93105
1117 5 44951
52188 71 84291
53187 95 90714
65930 30 98069
45876 75 55806
14979 14 44141
32254 39 98871
46658 86 88793
40484 27 62759
61387 74 92519
22728 61 33083
17860 64 80091
4768 6 75922
39898 23 79219
56337 64 75307
8296 83 65253
6774 47 16935
84350 46 86107
87403 56 95069
7331 82 7630
39670 71 49382
20310 59 96909
30744 81 60516
65700 11 87441
27034 85 36850
41871 85 57230
11503 39 26723
70617 20 89574
15856 56 60946
79319 95 83837
66764 66 86935
73579 45 92841
37814 29 61748
36046 41 57625
28581 18 31237
56200 77 98611
4083 16 69701
51836 8 96557
13934 93 57003
5470 83 81114
73069 5 76853
25050 11 66765
7756 8 23164
17247 21 19535
12572 92 81317
20252 1 85918
22314 43 28316
41710 64 46030
37022 3 42756
21930 96 85216
866 46 56402
43993 74 93527
40451 47 75310
5363 41 52237
41042 77 82103
2470 35 74546
37924 94 83077
36481 55 54572
80640 50 91253
51152 65 98037
93258 18 99111
14019 35 74602
72273 78 96022
31290 58 97635
27338 77 71907
48039 99 79181
43416 26 61785
8237 39 35161
16417 92 76980
26728 75 83432
93555 12 99661
30765 7 99646
6078 22 99085
20466 28 44976
15337 58 99022
72842 47 77771
61009 34 84768
44307 65 66368
8625 41 83599
36871 90 67552
14825 82 79675
11339 7 50427
65933 53 68680
43459 87 89878
12093 72 40536
45799 19 84867
535 50 38249
27545 2 97255
64948 60 68498
28724 81 83447
25668 13 28213
37106 68 90137
5691 68 31692
12751 26 78794
89516 20 91214
61614 1 99445
10640 24 85381
29912 87 58318
68046 13 81971
12403 17 25297
22447 17 92978
40226 25 98342
38022 57 85926
78458 3 96295
43660 80 94706
9961 76 74448
55496 33 58501
31850 91 90177
37242 7 41089
18178 62 36105
72076 7 73416
62933 14 97640
16121 25 37358
34245 18 49462
82861 46 98944
58440 46 66308
93176 64 96467
5352 61 28773
11872 57 41268
29702 89 86655
13944 30 46995
1018 70 61280
24051 53 97228
48921 63 50209
15661 23 47996
71668 26 76303
3851 42 81742
40670 40 63017
22059 8 86329
23630 61 32461
49915 58 69233
55188 2 92175
86001 90 96393
11367 9 42853
7218 60 17468
59141 59 66350
48254 47 76618
13262 74 35562
1242 30 4815
83717 97 97528
15765 93 22222
33811 52 35195
17678 90 46256
9460 25 63320
1084 76 2201
44238 13 48170
80875 7 82167
2302 87 12880
23135 10 87322
53218 70 77851
32756 75 56814
15053 86 64732
59215 6 87557
30716 30 36196
1101 36 18521
60624 7 71049
35543 92 44846
97395 70 99881
29149 92 40550
29284 68 54690
13267 99 39040
27666 68 47132
32337 71 43527
28983 78 34324
61012 6 94936
14400 74 32974
50621 28 69105
1009 55 5614
20960 100 65257
14268 41 85874
65735 6 70240
42639 59 65314
23497 11 98127
9086 27 22227
9065 68 51030
22264 79 46620
62158 97 78103
386 59 69614
6963 68 25618
9466 19 93423
71046 27 97252
15823 56 70903
27672 77 47320
66181 72 85598
77958 17 99434
49637 94 91884
6609 41 62042
62009 49 85837
11495 51 94349
82386 98 83109
37507 96 39981
29906 11 41966
54195 96 62513
16158 31 55684
33523 24 86701
5468 94 34672
2566 27 92798
89216 9 96822
82844 95 95448
45674 13 54792
58561 28 92789
36160 5 53498
26928 42 58745
32665 25 90911
28739 21 68127
33609 17 68119
20259 12 61520
17455 53 80880
82247 18 95603
20553 60 58611
89156 24 95938
46106 20 65102
49760 38 53430
31273 21 58462
35812 71 52613
29451 32 77689
4672 20 98547
36346 10 41279
20529 83 47153
46837 86 61919
20441 31 37278
24110 15 69436
8224 84 87647
64597 41 97490
44366 90 48494
69959 20 81051
18281 62 67284
46754 27 51551
86138 5 99880
2045 94 73464
12127 44 88786
66927 40 87408
37430 30 83817
66086 29 89422
12684 2 42472
11945 51 24828
650 31 35885
47137 52 66371
3806 46 6449
11237 36 82609
18722 81 97941
66708 66 79646
46629 39 98688
19309 40 77001
24472 7 29231
60979 98 96988
8091 19 57708
14082 16 18914
69468 71 92617
3255 43 74611
28867 23 31635
8916 16 53707
45668 69 85971
34068 73 58262
964 48 36525
41192 50 85295
70903 20 77683
92767 83 99504
63594 86 81227
41409 50 59232
62854 60 96912
6339 16 24252
49544 66 64456
14283 66 87003
12448 39 13102
47323 94 63577
21767 30 61466
66998 31 89222
19863 34 35787
32511 94 39892
43431 33 69426
7225 25 72592
56316 32 61909
211 20 99370
90623 66 94827
5737 85 30689
13491 17 76267
35619 41 46144
14333 16 37664
49214 85 97498
51004 19 56885
88246 60 93990
44734 61 84854
64306 32 73924
53657 28 76214
2578 69 66418
30111 2 35463
8394 96 43540
33903 51 38511
51498 1 86310
95633 52 95692
36081 68 53094
26343 40 91400
3383 82 26665
7222 35 22159
46208 17 58183
33379 14 96016
60809 72 75379
82788 95 95302
38621 26 96074
55660 20 65047
6185 63 88778
10336 51 20174
31625 48 79414
10664 69 18072
2350 83 6865
9328 17 30171
54390 91 65160
49332 99 69390
4652 31 78348
71433 57 89811
42486 98 52789
10401 26 27385
42200 42 60858
27864 75 44202
56677 27 69847
36334 6 92491
49088 54 63398
44454 28 96151
86648 48 94607
20143 50 98057
36799 66 71807
5850 58 11256
3832 88 58660
467 13 60912
150 69 17010
11564 19 37829
25618 15 67011
35535 17 75706
23401 79 99203
3325 98 22305
72174 9 74934
24336 14 44903
44712 28 93266
39556 38 82489
14600 33 33950
69868 11 89662
86318 58 86826
24617 82 62232
15817 8 97537
45276 46 56346
32179 56 59360
25280 16 81673
78974 98 97268
9182 96 52310
8583 38 34788
74920 88 99950
82916 30 91454
52966 25 96022
45815 70 83094
17142 4 96046
36848 62 95589
66956 69 67225
39645 44 50817
16379 100 97291
61663 2 72755
32197 5 93845
13496 94 77644
30303 20 52551
71265 34 82869
53969 42 97895
8619 49 90912
41621 40 91927
22942 96 69361
6534 87 72460
82575 72 93254
51311 12 60797
32907 46 40782
19492 1 99709
17331 46 66338
8987 34 38402
23350 96 30569
41636 57 57406
18446 21 48748
54891 49 67428
629 72 1897
58169 49 63899
24406 6 41949
19744 52 68737
16032 74 64080
11989 80 94694
7303 59 53653
35388 22 64108
8036 33 58551
45357 37 82344
67728 3 72522
19470 98 71124
25844 31 77035
78028 61 86920
39700 77 92313
16003 92 61525
63522 74 78716
56151 25 93965
9089 7 14560
14311 94 70500
32160 63 96021
6655 84 51375
31080 51 45531
31548 69 79590
45554 1 83443
33699 93 71951
1922 27 71469
31685 8 97644
33871 24 93644
29699 8 89769
3354 22 45851
74796 88 75182
55075 64 55544
35522 43 38345
61874 61 68761
27872 81 47160
45496 23 89155
12519 56 30411
78248 56 96729
41292 100 42080
38669 51 69831
15438 5 51234
11114 42 93522
25894 88 80138
8763 87 52909
53661 21 67323
4547 56 22754
10911 92 70136
29500 74 47208
77106 46 79443
33720 78 37575
70938 83 92788
10365 8 94757
60783 17 61905
50691 60 66640
20866 75 27261
69501 34 81401
33505 90 87300
1167 66 16025
17197 17 75013
31080 38 90541
16233 58 64167
2759 46 5179
52314 83 88522
10530 57 82337
37651 31 47431
28085 14 95504
19780 30 33578
20174 41 64115
38670 76 82589
10240 75 68142
38441 12 44262
1632 48 96315
31664 75 98586
39810 41 51629
30578 94 32117
460 53 48909
3307 1 31987
70156 79 79810
30097 97 35423
56962 38 70272
28799 31 48394
60707 78 92913
74875 72 79454
9246 6 41971
20996 70 58328
11492 79 62013
26575 53 78470
36062 94 49756
31747 48 70637
20568 19 35944
33131 72 42224
49747 53 61691
46 27 57409
1536 43 39888
82222 50 93682
60198 91 83345
27478 44 95814
70053 94 83127
35168 28 62369
12680 32 18153
34981 48 41201
46034 5 96414
31329 81 56691
6331 79 38786
51618 96 89172
39677 54 71434
16209 92 95664
84227 13 94157
28632 51 52536
11003 5 27410
313 10 60738
19567 50 23941
7416 87 32592
24547 80 93805
47002 35 99462
24740 52 99716
20526 18 37778
33461 65 43870
25322 54 75728
13559 81 28072
58801 3 60622
20216 44 45897
19278 11 88066
23504 100 29493
19644 65 74559
60649 36 64841
37185 43 90653
9244 30 59829
5543 6 84744
48403 20 83813
22965 41 68372
26623 12 41439
16750 33 80696
47497 7 78135
15427 59 86358
4883 98 20766
31328 47 39492
21724 27 83829
11812 2 44660
11420 97 47248
16938 63 18159
58769 44 79820
60753 59 79959
47618 36 86600
72234 50 72762
52073 9 87117
10593 12 80269
33197 48 61223
45585 15 71042
54981 71 95926
1531 30 59163
38340 5 96291
20768 15 57302
18432 30 81002
26767 73 70218
37924 9 45379
1272 95 99476
36092 15 64946
12550 86 18483
26736 70 45899
4513 57 54572
83896 28 88116
34123 63 85464
41788 47 71778
32632 63 96173
30376 47 67392
6354 76 90894
4633 8 31905
45290 32 88346
81931 17 95209
86678 67 88884
54972 57 96039
529 59 78138
1108 24 62545
18655 70 71225
16362 26 69906
19649 61 38446
1956 37 14411
1427 19 87142
66502 41 95543
17985 46 77779
35991 7 80390
80570 72 81891
84808 8 96941
27728 57 85167
32857 99 41513
48827 73 81439
55016 64 82678
16605 23 16675
10433 87 79414
7770 50 56430
68312 100 80821
64756 21 76257
12694 38 29358
10420 12 65438
5441 47 14921
72643 39 80224
60469 58 69647
22449 63 71556
26210 37 31707
19313 92 42197
13543 23 73377
33350 15 79702
12514 34 53284
44824 31 91880
13390 77 36617
51928 84 91702
40826 57 57495
36643 55 63393
25529 31 78485
47467 86 59527
96478 12 99570
7725 71 33075
15915 68 53575
35611 88 56694
1515 98 59627
44690 8 48644
745 69 74343
24410 20 82040
39257 58 81816
84688 58 95969
932 20 56828
9415 80 62957
33377 71 68687
48100 30 99409
7748 29 16619
50110 3 51467
17747 29 26899
39814 99 92147
3170 14 10362
10341 33 48438
5173 77 24950
9388 6 59062
70925 97 85046
38094 81 66295
168 12 26679
27703 21 88754
58988 82 79246
71193 75 96819
50262 51 85425
16223 87 44517
2198 44 52948
41391 86 77712
39226 24 44846
26138 67 58666
58653 35 83096
86148 53 92477
57903 43 64857
32757 79 90047
24806 66 27736
35338 91 48855
63997 49 81446
4500 31 50117
12120 82 44027
7766 34 57316
53953 1 68771
37042 19 89272
49148 23 70902
38519 62 87452
40928 53 46569
27461 46 95216
7267 50 95104
69557 54 90022
51807 53 76406
22025 63 52427
68155 71 88679
61809 47 69617
19864 81 57016
49471 14 58732
55359 45 73565
36479 31 61850
58773 17 75297
15583 2 36469
18078 90 81703
36419 83 49131
33862 74 91552
1306 70 8489
62235 35 73597
47910 90 90784
91494 34 97843
79538 86 80107
666 16 36264
90500 65 94364
76457 62 99106
13470 17 53486
23066 54 78645
28116 59 87055
74070 14 74855
6517 99 96305
14435 19 75824
210 46 14484
18495 1 32719
59325 81 83031
48040 100 49119
22501 52 95572
70658 18 82336
4850 84 82315
26190 82 56018
40776 43 45098
21342 24 79912
23750 61 75961
13329 5 60191
45313 11 60351
30002 6 50381
51712 77 99069
21036 23 29965
23507 61 30154
5649 95 48340
3486 67 35237
34175 25 53721
10912 52 70952
37461 67 98280
63069 21 92232
40989 10 43139
55108 49 69764
75710 95 81917
69631 59 69852
33589 8 56341
25611 77 58210
49834 24 94569
4342 57 65280
16428 60 84406
28404 22 48377
6285 57 37642
33759 45 38478
8597 40 94071
5211 45 90022
1727 37 95085
3333 26 10308
69911 57 86284
24525 63 63465
43859 83 59593
65736 81 82606
31563 63 52147
67223 39 71124
11207 100 27720
14832 22 38412
40787 3 97969
92866 54 94383
22469 15 80663
55988 17 66220
72093 67 77239
6957 5 28409
44701 55 59315
16569 47 97787
11235 88 79850
49111 74 68371
38711 63 65918
11675 72 31494
46492 66 58327
30505 48 50105
35476 28 41261
13647 99 50605
63761 61 88346
27936 52 79499
37635 52 49015
2804 12 60578
34447 67 81569
17572 67 46614
2497 64 42556
9189 39 92743
56257 11 93892
7202 59 59240
75847 7 96534
80422 13 89964
20419 16 32613
72454 36 85039
76047 76 83466
38238 66 89544
21019 77 92901
24760 3 33789
50324 34 91093
18978 90 36660
6573 44 45775
69415 60 95515
40827 58 41257
21425 27 65579
45874 64 89078
6677 81 50475
61261 45 97398
30538 3 77441
20576 5 20752
10578 25 82403
2054 36 77673
20608 97 39021
3570 7 35694
15128 11 23787
391 20 5391
24049 8 90043
17901 55 41883
55079 1 93976
19071 49 89424
36176 56 36993
54053 12 71585
15810 69 93774
36769 96 84443
34564 7 71138
8277 57 20434
8212 63 69583
7853 6 69454
72729 78 78407
81412 20 81594
26428 8 34243
4044 37 75233
30465 76 90414
28586 71 99069
36319 48 92897
57798 40 71938
20401 50 83664
24688 84 97664
26252 86 71862
6526 89 50154
7405 39 29734
9123 49 57645
87650 40 99521
3554 20 15764
3344 91 32159
11325 61 79860
26037 56 81314
32676 93 36039
21192 33 95016
41351 93 97034
41904 61 45198
1399 42 77417
38684 10 58475
46440 65 74068
6953 53 64052
78721 66 93960
53469 13 92513
47364 8 99830
23241 37 31701
71882 36 85040
38068 95 48745
28455 9 33541
11711 12 26932
15081 32 89156
402 81 78010
13790 9 43264
76170 28 96884
6043 86 56731
790 100 90220
53608 5 93848
30888 48 70082
58230 92 97343
27766 96 61500
33739 61 81259
44548 56 88852
27732 15 42739
49997 99 71369
59793 54 64440
75795 36 96726
1174 3 90180
29159 13 82684
33342 96 75789
22914 100 40704
70929 39 80785
62436 32 98292
11841 88 15621
11655 67 56494
46779 65 93136
2788 29 13426
28076 43 81769
54140 92 95515
30878 52 32798
37742 49 91735
2640 15 54274
59850 81 93378
46814 10 60933
59524 33 72492
50153 100 63118
86305 72 89264
61130 89 62798
6461 34 99534
68720 18 76252
54922 2 66604
36239 22 50677
5258 82 94549
15729 32 27057
48132 4 80738
4478 24 20651
3480 70 7554
28635 91 80146
4659 39 8444
47535 95 92439
55407 98 70864
58069 1 86667
36470 3 44998
8347 38 22352
26453 35 89633
51248 1 99643
34009 36 52405
32357 30 89843
22919 77 52399
17856 14 31456
27751 40 50726
53245 59 72178
38597 58 40033
59314 13 85249
29683 43 92427
13235 7 18624
55504 40 65135
24737 11 43456
74441 84 76907
19055 73 31596
25672 80 41252
13154 17 21395
3801 99 91194
75913 41 91460
46917 23 59240
4222 26 46935
69113 85 76142
22994 12 54613
14390 73 25721
60239 19 79236
22316 50 42925
5884 63 36945
2880 45 89763
1031 12 23080
5969 4 17543
15140 55 59605
16778 69 86954
25349 31 79508
78372 85 90238
509 82 22308
40348 53 83238
16563 82 59732
35003 72 63243
26399 95 53598
11711 96 95769
13715 55 55160
49470 94 65906
5554 42 99152
14263 92 50086
304 54 41958
6189 73 78532
4767 75 84166
12947 63 22860
22006 4 99264
43653 60 50278
15912 70 28047
5512 73 26988
38873 26 64148
12881 8 85272
23473 59 45096
4402 12 57370
33518 80 59068
12849 37 40366
35401 42 75964
30279 27 94793
65677 55 69417
24472 83 44641
89874 81 98248
4271 5 45512
54254 37 97539
13175 66 66887
44543 61 98028
5325 9 86869
81194 59 87044
33126 21 68788
55521 36 67842
24963 15 55636
47190 37 81608
30040 1 79729
41339 45 45333
6913 36 71709
14412 70 87758
7876 31 87266
26343 32 79123
11648 58 92903
61110 73 81840
20450 38 98771
19476 40 23511
74329 65 93738
34269 88 72373
4315 37 29449
8192 15 10428
41490 12 87550
49591 67 98360
15395 70 39621
64368 53 98135
68329 24 83012
20644 54 21889
10565 68 70324
58072 57 78565
17570 5 94361
11874 11 63975
36335 76 52542
44271 57 89450
10794 27 90647
6408 26 17800
3649 28 11910
31025 10 52717
27782 63 53058
8170 26 9215
4663 75 16845
36560 100 72938
34469 57 90772
9850 47 37524
38936 79 40173
52108 54 61707
10758 3 11439
60146 100 82829
65659 15 80650
65927 76 99120
30163 95 41248
86846 88 92100
10693 31 67877
2386 68 28324
33960 51 58112
73821 67 90828
7370 100 12593
15456 75 82898
8760 65 34093
84122 68 89030
29284 25 99512
77887 8 81017
57346 39 66195
550 4 33398
15980 93 64769
6425 75 13175
69015 98 72565
19400 15 92898
67168 6 88205
8466 17 26765
18431 31 77092
28658 4 37957
3293 83 80894
5133 80 42075
8049 92 16945
72001 7 92743
94112 30 95494
27267 24 77451
43348 80 99608
10443 34 33606
32034 51 90120
56492 59 64924
44016 48 53259
78545 94 81454
37226 42 46922
14679 53 54810
12242 91 44290
37639 78 78064
59331 69 85836
44099 95 60952
17686 61 95595
60147 41 90326
49108 15 72539
23415 26 51674
37799 79 55338
78824 60 85451
25818 50 32860
28912 94 98272
7149 68 22620
70250 44 79635
50847 4 87462
11971 84 78105
20715 58 53996
34224 8 40921
1479 61 69065
40048 3 56544
3134 98 4486
29394 54 48474
26039 23 29946
53460 26 72875
24905 99 39014
39977 93 55065
36817 86 85983
33197 28 93852
62673 99 89849
57063 84 82381
15185 4 28755
7693 28 74757
51493 22 83990
60442 55 98893
1461 48 46861
16074 99 33154
40681 86 62769
28141 33 71711
27824 100 31665
27697 24 41974
22899 38 58475
12645 9 69118
1461 100 17045
3123 77 98634
28376 98 40584
11338 62 23098
5192 56 18605
31235 33 94306
8144 33 51770
58103 12 66391
27645 41 71578
44980 96 66795
21657 34 41084
26653 11 66832
10267 84 60814
18745 100 32583
22941 14 42936
26588 75 78395
52172 86 57472
96147 15 96384
73320 95 94048
35914 44 55042
17293 78 31948
38641 67 45134
2262 4 37186
19179 84 61101
80285 31 89302
64054 98 96910
49633 21 82232
38564 96 85552
40494 3 43356
67713 21 71989
40715 81 78659
81480 84 88396
93641 25 97555
55094 6 68611
78361 63 82273
30037 42 86607
3492 61 58609
16094 17 19650
35317 60 38759
67601 60 95386
40538 85 94764
10449 79 46421
14043 44 64827
4003 71 57377
8854 81 53046
2026 82 64303
4196 70 86088
4940 52 7584
54529 20 95244
83805 53 88198
5170 34 88242
23367 7 89763
28815 67 58406
22688 17 30672
54405 81 92787
26369 54 71803
44930 58 97157
54503 21 69219
34871 77 44931
41663 4 58345
4389 99 83670
18079 2 76442
8153 45 18701
763 73 59977
30296 24 88575
16319 95 74365
19942 11 25661
55193 32 83838
64147 49 66315
5171 76 30439
26925 46 44009
5910 43 67615
23604 85 25387
51560 33 90766
89692 32 90169
42177 31 69721
8373 18 94827
20704 58 41936
25226 88 72536
46201 41 67644
4652 45 23362
66076 68 97005
6895 38 19308
50401 55 93237
67897 58 89540
7618 93 34122
41597 38 73245
43083 85 83651
6300 92 9179
18608 83 73618
40501 64 64415
7765 12 97885
54793 35 56196
55292 32 90955
37192 36 55367
67219 17 90949
23778 86 50748
29074 83 30039
6651 26 98845
29031 76 70283
62078 13 93194
35355 6 58432
42821 96 55277
52209 14 73804
29579 22 81908
7093 56 21562
46286 11 55755
36369 7 63417
38251 76 99583
9719 3 10983
49749 95 87434
3532 16 8844
8168 49 27281
54765 50 92239
31732 9 76681
2334 11 56585
62360 88 75338
8923 33 45404
40483 63 48515
39870 98 74970
10896 91 30893
1238 19 85299
48452 61 55880
31994 83 75208
83821 66 84120
845 57 60385
38807 73 99892
35601 21 44688
32487 16 87696
16754 99 27511
13561 69 25362
31266 70 76544
7030 48 58387
20224 17 80353
30033 47 49845
35787 92 39138
31381 90 55248
34328 9 67750
45882 74 81672
42352 13 62761
48176 27 86112
16506 29 46355
19627 36 36402
61646 92 95892
6666 7 24171
39519 16 87136
9997 28 54233
4677 98 10612
14160 68 41052
10189 96 15038
60516 8 99879
15336 3 63749
44492 97 83534
24875 75 86280
63543 11 78155
63764 72 88157
26935 83 57474
41999 55 94944
5393 70 96604
11332 28 34722
43020 80 84676
38033 28 76495
14846 92 66163
26568 19 49075
3963 40 75791
29447 41 95182
22239 64 84891
54302 67 58083
26021 15 39243
4477 60 83311
16622 51 90829
27802 4 55949
71260 63 71447
73441 29 79925
48545 90 97459
12130 60 32179
62006 75 75631
1838 5 77943
41915 51 81859
22398 30 37121
41803 32 47872
24248 20 92766
20931 92 57910
36382 16 83363
16832 53 33438
68428 7 82051
40991 1 93541
23369 3 97195
19153 34 47746
40494 13 42321
36756 53 82024
45598 91 78861
34328 84 86659
6036 99 15763
8617 6 53757
15523 92 57980
29626 61 95483
73890 85 80873
68226 11 80964
30994 6 36734
30176 50 80660
10170 24 35250
32561 5 70520
9689 68 77712
54632 21 84884
87060 40 91377
48354 65 94854
5852 95 59114
4810 61 65852
2860 97 58353
7732 4 46779
883 58 9119
32021 19 94086
42659 83 93148
45020 98 93199
60196 81 83903
50816 93 75297
71377 18 81325
12442 8 43588
67487 52 77983
62918 50 67249
39531 30 85691
16027 72 65505
34563 53 83477
46922 78 47239
15735 30 94612
71203 82 78075
85993 52 90329
43765 8 86940
78839 35 96102
17459 69 29946
17756 42 59985
1991 24 53124
4016 16 36046
46882 43 85266
55041 1 89363
39987 53 46746
74794 28 89642
43717 46 54433
2066 75 22316
20333 64 28796
8257 31 71536
23880 20 33476
84529 49 96950
48669 35 72275
35174 83 99404
56681 56 84306
44875 1 78745
6448 85 7826
21361 30 58445
43428 91 91591
39029 58 49277
5802 41 58948
21540 34 25063
25244 93 65460
19816 47 53136
62099 96 82961
77019 54 78239
452 18 15573
56999 47 93967
19176 75 32618
46273 84 55041
26253 23 96624
35795 31 44021
71112 10 89118
16297 7 67772
17035 79 62324
74373 69 81616
4164 38 14888
11987 85 41525
4487 53 89106
71442 82 78433
7002 79 28787
15143 13 24578
36906 48 72600
37195 73 43359
25119 84 45099
8571 14 74562
11444 75 26466
94665 76 98640
25258 100 69649
59338 77 99182
13819 77 99628
6044 17 30887
45913 14 71072
2761 65 46367
17925 45 47141
6170 47 50170
25183 56 64568
43475 52 75524
50741 76 70685
56500 13 63122
1163 66 13824
13469 83 67122
13074 33 96005
25425 55 45686
12902 51 87328
19915 95 64217
50980 98 88982
4739 27 28711
24164 53 72053
53472 96 69625
36716 52 42446
12164 16 23353
51203 98 67244
21794 73 80078
86353 3 97582
39342 62 77478
55578 30 82828
65923 20 74466
13870 11 91773
22958 67 81074
76573 23 89722
67 51 84920
50799 94 69584
64544 43 76507
32146 24 77134
55546 11 99255
28218 9 75791
95630 93 95896
59385 65 86517
8809 55 43735
18461 80 57694
46271 62 81909
61186 22 68401
90820 15 95865
508 66 72533
53830 47 59255
60859 91 98718
8336 21 61422
19393 17 26217
21392 39 58606
7115 21 69821
41025 89 45697
20828 35 90823
44676 24 99876
60812 82 98286
32744 44 45574
62735 74 84671
29836 52 40583
7038 61 15458
3950 96 74092
87331 20 95922
33697 12 49640
51746 67 90616
44268 9 93765
9853 58 26166
14592 49 30784
46836 9 75316
13544 57 16482
42279 92 53927
13546 7 79985
46290 69 65030
51535 53 91316
75473 17 99424
65956 58 87501
8302 96 20477
85244 30 92876
2279 15 73361
19901 70 88227
40907 14 48920
18201 44 54425
6624 15 65631
58232 57 61050
30378 64 58432
3353 34 3758
33001 7 56121
15938 5 89984
22896 22 72150
8713 81 93223
10163 16 82913
92813 69 98355
23695 93 46084
40455 76 98879
62535 30 93332
50018 58 94185
21130 74 22697
2071 87 4038
23319 47 94935
24722 21 25743
1381 14 18492
67912 95 87998
20223 80 66513
22557 63 75924
18530 91 90275
75250 86 90308
14915 85 33720
6586 41 54487
49189 30 97425
81487 45 95292
34944 7 93433
8238 64 82265
27036 31 28048
38491 56 72604
36243 24 62119
1863 39 88777
1527 68 99605
46549 45 98091
61575 53 79622
78825 23 95954
51979 26 69931
29087 37 61831
35260 95 52122
75456 64 78151
69778 25 83305
13308 72 86200
42636 16 49758
86317 66 89105
29544 39 37961
37334 45 68521
5538 57 49880
63200 20 63437
2652 20 31442
1566 47 33626
65409 61 82014
10585 14 31904
44405 70 57891
31191 67 42779
14119 16 49941
42037 75 46849
47443 91 80652
10617 66 89718
5175 46 80544
24900 27 37098
16871 33 86136
71823 52 96879
21619 5 45257
31571 75 74241
77602 4 90891
66224 6 91573
84246 43 85533
863 82 28546
3308 60 97926
53195 52 67413
16030 71 58781
25226 6 53870
900 22 66500
35982 75 83682
57550 79 94827
19357 81 56246
95033 59 99815
16465 29 76380
41091 90 70127
48985 63 83260
66554 24 99350
34547 62 55915
26570 58 73906
1713 88 2015
56495 91 86738
5898 4 46503
51144 54 59636
9423 91 90997
29834 1 63109
21975 67 99900
33872 26 42507
7588 5 49490
7315 67 70362
55252 15 71968
10104 100 77937
57348 35 66572
4721 18 44070
31279 23 97583
15137 98 31441
9529 26 76919
66154 89 69037
28002 4 43351
64931 99 67596
48983 83 91943
45963 56 79709
51202 90 96536
18876 25 23224
3720 7 56598
16150 36 42842
61328 69 84553
18836 69 80613
40947 30 57870
13528 68 77270
61889 42 96142
59688 9 75728
12460 4 74125
18953 22 84037
19624 3 97342
