2000
48583 48 87274
84900 40 91336
70155 90 76358
71470 26 89875
35453 56 36384
69157 100 97149
65494 95 79011
3317 15 15675
4956 25 46141
58088 45 60670
62082 40 62762
43810 74 62995
2172 6 4797
77864 22 91839
24198 15 76524
23332 7 81898
33666 46 54602
19673 93 63455
26946 38 57511
27323 96 38964
2275 58 16132
11799 91 78049
74795 31 78946
8314 98 87511
39586 30 87515
67375 93 85704
40545 70 64690
27735 10 99564
16908 12 68104
19595 35 49407
3790 29 53228
13030 84 70048
80803 67 87954
52531 63 67808
38083 86 59608
2411 59 17167
1013 10 8265
56167 37 88667
30977 7 58200
62254 74 65050
27645 93 92634
41736 66 93681
35266 53 38416
14200 48 77786
7237 89 70885
57203 75 88642
183 81 5617
5233 56 68651
35337 36 59970
7743 34 8114
19837 26 68758
18324 81 87895
444 28 98567
8223 66 23698
42281 94 64657
807 77 16577
1436 56 54970
41171 80 68803
43199 55 93806
7865 9 47715
13203 17 38391
55347 70 87399
42485 11 42921
46636 6 54531
6351 97 72736
22791 94 75032
22656 67 28067
34701 97 61743
34951 30 63420
71986 68 86580
74057 56 83851
685 64 78562
8800 73 87026
36673 48 54683
36719 72 70560
18956 84 99335
13647 20 60581
39488 29 40348
37035 81 66705
1407 55 37651
54 79 14514
31335 86 93915
13149 16 68669
48610 32 55326
5565 44 23878
31902 18 58845
19762 71 77159
43489 26 46484
6957 53 20900
4174 37 70692
70851 96 85484
13432 13 57059
32245 17 51599
1849 28 76848
14078 89 82949
25953 5 35739
13005 69 93575
21326 50 81392
69193 55 98110
48286 75 66326
30211 59 52891
3022 32 13797
42481 1 81520
37631 16 39448
36909 8 55804
65700 83 93068
1039 39 49354
20376 22 49738
38551 7 74524
10911 26 81559
13532 11 95832
93793 12 94866
53747 83 63154
10497 22 23784
10794 38 62263
51482 19 58233
32204 63 63644
12774 42 78290
15089 55 66151
58773 10 89695
22900 60 91697
26506 68 90365
7890 21 20859
78782 81 83425
44543 15 58260
66720 29 70103
53985 18 87571
9841 41 74103
39177 61 64347
2795 51 41432
54795 85 92766
3087 44 33593
20690 33 89623
56395 30 81999
572 58 35365
57776 13 60942
14795 84 24177
20387 64 93573
32976 79 95808
55519 66 63936
19375 85 72477
2966 81 75322
9190 33 97427
6481 86 86484
34690 8 68680
6719 54 27912
30381 17 54125
74646 59 92788
17939 98 66174
57492 48 75646
61770 14 82508
88992 83 96300
38109 63 71747
34694 44 77139
16093 19 27521
17129 74 19987
40460 29 57020
2552 14 67168
55666 43 82354
15059 35 39388
42879 21 50189
18022 11 61475
12989 88 72171
40019 93 78786
79081 69 97045
73718 84 88445
12739 99 62323
79180 79 93840
25491 82 68838
61533 71 91936
7736 69 31138
63437 22 76377
33398 35 83986
21076 73 60618
45410 71 88240
68093 71 96836
11973 40 54143
72904 100 88438
32621 41 96109
40745 30 64326
75516 36 96181
52293 7 80054
44833 59 73317
30999 53 36702
17826 50 66271
4151 27 19889
46871 97 58023
13037 66 86308
20700 45 51843
68284 81 74563
3257 68 58531
62088 71 65274
89335 9 99149
15491 22 77728
45412 95 93624
40043 12 69068
21670 33 24875
14449 38 52064
45037 13 68642
68313 96 80640
82898 88 93204
81095 76 94721
82560 57 83550
62131 76 76964
40965 57 81425
16911 21 80388
72201 74 88462
67130 5 82068
39834 9 50109
58396 56 86874
59198 57 93552
47693 57 68508
40180 97 47723
4235 23 51225
45644 30 51294
51822 27 62260
6861 31 28665
49383 56 66985
56307 15 69165
67574 64 76689
76947 1 78723
27297 86 50483
18211 37 86437
13542 35 39882
14646 17 47560
67898 59 83967
7122 88 75651
7638 92 74311
3019 30 37844
34445 18 65740
30891 26 53317
43245 13 51826
65340 50 85849
34440 24 89025
31326 63 73676
9411 53 98515
60880 29 73006
44939 31 80668
26922 39 59462
53469 95 75729
21840 11 99638
71515 34 91901
55370 21 99981
5944 50 92719
6745 39 93432
38911 70 87192
78805 91 93859
38597 96 70376
86894 50 87425
27508 34 41828
8123 52 39538
49248 35 83865
83679 17 96660
19512 8 57636
37029 90 78629
54401 86 75569
26770 62 28394
56707 3 87801
30920 5 87320
16818 17 34429
8774 58 90586
33281 60 68158
8538 93 24553
78099 24 89307
52432 19 98188
37123 78 98355
13514 43 34529
35026 64 62220
34762 75 47448
86309 25 86439
20627 83 70604
9909 97 88195
17952 23 76325
23026 48 74575
43167 13 52776
68823 33 94218
69704 62 90220
36012 34 62806
52407 54 58331
52861 99 83575
547 10 62086
8083 31 40544
45812 8 97816
21358 35 73390
37460 57 80445
41027 52 70921
32778 62 67572
76446 100 89902
23661 31 56030
92965 63 97155
1183 48 58443
35761 87 61514
23933 81 70997
31346 57 40182
24019 9 95693
22943 8 91760
49677 26 93418
7609 49 74634
20634 41 21475
57005 85 85249
25575 80 93196
21614 55 82852
61660 5 85918
30389 27 45576
9630 18 44849
8603 87 72002
41930 1 43632
47868 30 60043
73749 34 79812
44067 78 84576
44486 59 64214
3887 62 61839
26715 52 94072
39567 28 42904
32974 54 54397
6007 2 25189
31653 78 45753
90984 21 93213
49908 93 89717
10182 35 16740
25084 3 81947
61396 56 69137
62428 30 74366
34892 60 85389
43042 14 86497
19356 57 90326
393 48 39840
40209 46 42804
52979 15 58692
14230 33 46650
38107 68 84521
72660 45 79621
31367 82 40098
23452 33 71628
52497 57 63029
15811 20 16327
33519 37 84327
25392 23 75830
1024 48 17897
61862 54 75598
52584 96 80551
50481 21 85890
51322 42 99475
11672 42 35916
4039 62 71547
1891 46 34807
47204 5 63344
13054 98 20963
11365 16 97785
76121 36 89552
38707 32 70980
11980 69 39925
26148 59 79178
43604 94 69775
18436 59 55735
33381 64 34618
757 96 4426
2755 76 66396
4759 46 60683
29390 37 73029
30652 13 86138
44365 16 90491
15393 59 27702
24299 74 28082
13812 46 57209
2229 39 75316
2853 4 53878
63324 73 75546
48991 18 91322
2156 44 40661
56784 3 95764
14919 95 33385
22821 85 82394
12720 12 30197
19547 39 83209
34441 2 58197
39361 86 68496
21010 34 73236
63351 64 74961
68227 45 70130
54610 2 58031
46258 41 56467
38139 87 78066
86187 31 88396
16827 43 38057
82738 82 90941
7417 68 97146
4735 79 73306
29419 16 55841
36984 16 91005
23680 55 35406
16238 29 93039
77924 85 98454
31693 49 36926
36800 52 51744
12046 29 54371
12751 100 84367
21983 71 84000
7989 56 27699
2752 30 83681
69275 61 92491
28982 75 35775
46767 36 81734
39626 100 65179
28911 57 82038
17370 1 83906
21840 64 68006
27402 38 49687
4316 10 54515
3175 53 22488
53057 77 77724
38247 42 69260
43032 72 45891
43858 13 85014
74432 62 93608
17215 27 92580
4710 37 92865
43623 95 68044
24792 68 68353
162 55 86303
19307 96 43795
24101 40 91771
13595 11 55065
10980 77 99857
30441 77 35535
18457 30 97944
52441 39 76196
10532 6 82090
14072 40 61174
16856 28 63520
14405 87 57093
32956 26 64325
4811 85 74700
47274 15 74788
53207 61 85296
18613 45 41150
83400 30 97828
20933 91 35849
5331 93 76165
27269 61 66875
19542 16 88544
34752 17 46518
10011 85 57872
5440 72 49982
7291 89 84190
93183 78 99387
16199 37 97078
47465 19 63834
3499 32 9068
63657 15 84570
12793 89 30314
18958 36 92684
16231 33 47495
32199 10 34452
50452 3 94696
30930 96 93480
61239 73 67574
25513 41 76209
64520 81 77584
74434 49 91456
39926 26 80377
10080 66 61349
110 36 80230
18210 43 52361
7875 23 33250
52717 14 81098
5592 64 89352
17470 83 59714
7876 87 14545
42795 2 87044
44048 89 71501
51211 81 93098
30058 4 74154
7045 56 41636
17980 21 50462
86447 81 90722
23803 45 53069
37692 86 46101
69339 54 81890
34033 67 85577
18253 41 38561
55504 62 97183
58026 4 62788
14568 85 63120
2104 63 64315
59792 83 73504
29387 44 81185
47939 82 92339
51973 16 65021
47923 26 68329
36755 55 88301
25572 66 41085
62673 7 97211
2659 77 95094
26189 50 70097
6741 8 32604
38343 63 63100
67350 5 79912
1498 37 7395
19601 18 62003
35436 66 38034
2123 4 4623
20103 73 98532
54761 21 55439
22555 34 99894
56234 46 61532
24628 79 56034
21846 95 87953
2846 42 42429
63350 88 83486
5193 91 40831
78181 36 93102
42083 24 66783
26332 32 63603
19747 96 82530
6323 34 70712
56860 65 97235
43094 4 86913
4564 50 18352
23630 19 30314
3 44 52604
18658 2 29509
38959 100 72872
51365 14 87615
84 56 39946
24612 20 78166
7594 13 78866
49389 32 96861
42008 3 60212
41699 62 62904
17653 56 79035
30224 29 90552
15144 51 37975
40407 73 63978
22930 42 23371
54767 10 58813
28880 72 73287
71424 59 76142
35892 71 43445
35306 83 79476
58932 98 97966
10712 83 43470
28186 13 61413
44271 28 86417
22870 17 91474
57216 65 95125
22174 4 23356
62349 26 71814
84869 59 89177
56682 5 99712
20420 62 51864
6906 4 14199
61656 21 88428
6437 92 53696
21003 55 60413
28615 5 66932
6085 85 86383
17741 100 84965
1459 22 31459
1475 57 44138
30926 62 78602
38374 38 92742
4946 28 61999
60136 60 87991
4179 65 43743
6485 20 99196
66712 20 90960
75413 41 92613
15458 13 63266
39829 71 50906
9233 10 91055
24115 74 72260
81187 63 83231
73982 14 99603
33799 48 88251
13629 50 55372
24554 47 24870
47866 12 68322
71113 87 78692
5085 74 64870
59435 93 91047
59786 84 61820
6010 44 58156
15327 96 63454
55580 27 70116
1484 80 71628
644 93 5920
1678 81 18315
22398 71 41963
54618 35 59331
70404 48 99176
23734 24 88125
59546 50 76834
5967 61 39966
22160 12 64150
21050 100 59213
38123 13 45231
66209 43 87915
88168 30 95506
67888 38 70263
53955 97 67308
28380 19 57194
70776 94 90825
25534 59 52306
22607 66 43542
16259 100 33570
26104 12 37626
4999 93 62950
22426 9 70497
24361 93 64524
29019 88 48482
7833 72 78320
55640 17 74991
19710 35 91626
21355 66 72967
2427 51 98156
11037 80 23045
45623 23 58867
7343 51 36582
32898 83 95065
4875 50 50710
22412 1 90662
6904 87 87170
4216 75 67715
19397 93 33329
10239 13 34047
74337 82 84519
77157 48 95061
26742 50 68813
48355 43 69853
93409 72 94294
62601 61 73691
35527 30 88931
3721 53 29838
20715 62 61774
20894 80 71070
27942 59 37217
12424 39 61029
43094 76 69544
13670 24 86294
22341 87 82155
9710 84 73352
16677 90 26348
3188 21 32035
39914 27 94761
11931 43 34890
39990 89 82839
70063 20 71168
29252 40 33115
14317 23 47619
76662 33 85907
14480 62 97940
10737 38 91467
70312 86 82247
25145 32 83990
22044 79 91804
30917 11 37676
62096 23 78501
26532 15 67819
11950 17 56155
46649 49 78830
31816 26 56175
78444 56 88180
61874 87 90040
71975 2 83618
30599 20 53147
23639 74 66902
13255 17 84033
85664 36 88390
21507 49 90830
36540 95 58770
13049 30 80071
24514 8 90615
40339 1 99942
2530 97 90914
24355 75 27516
15956 38 24777
38221 80 60296
9255 26 99492
68568 49 76362
40747 37 72597
16920 30 61898
40662 95 78636
18909 87 69234
53751 6 72614
46271 39 67515
32176 25 50166
47693 44 93725
21912 2 39350
19716 54 84736
56163 76 72084
68970 27 88986
13566 50 26932
19723 73 93722
33867 2 71415
28989 46 29662
31960 54 60688
31706 76 74826
17382 19 67751
6818 80 36619
4309 24 49190
75822 19 95641
14114 52 35532
13993 49 55532
46671 75 50508
62232 60 82588
64831 75 68603
40444 70 68580
90685 20 99233
45065 17 51215
29090 74 31595
47187 51 63404
25352 28 64455
60371 37 76215
12234 5 57088
42260 18 62335
9972 47 33854
3888 40 57586
7371 77 73606
38700 43 43055
19713 85 28138
23576 56 59968
34407 10 88895
10019 61 97389
51897 97 97603
16779 75 40131
13127 86 21595
53158 70 65132
29734 37 56292
62293 6 86216
23272 50 96674
1743 86 12602
35583 78 77612
38378 52 45741
45107 8 72519
9199 74 10184
16057 73 81596
36203 92 98552
29589 53 54373
4530 29 81733
5871 46 68198
60031 40 72800
1662 40 30895
5601 36 66043
65059 47 83034
6132 72 11227
37348 73 88116
58027 83 67114
24898 44 36386
55906 98 66328
59106 23 69176
8254 73 13964
6192 54 54366
50999 52 88706
18009 96 56781
35876 42 74726
21204 25 34240
6342 2 71529
4337 6 99022
5702 38 56045
11553 66 74655
69341 41 70182
19850 94 81457
79442 55 99526
78262 45 84427
40299 33 91685
18564 81 85509
42232 93 43161
23334 11 90653
16595 15 93011
11394 47 81209
9054 29 66072
34688 70 77147
40011 91 76832
36566 95 56881
49198 54 96238
1989 62 53894
40552 32 98003
74119 7 95238
1887 72 29350
14778 36 34467
69168 18 74598
3871 61 54352
8219 60 31615
32816 60 44155
3649 9 18241
14243 42 97208
56568 38 75782
40926 56 89721
7345 40 41081
10886 6 36860
18441 98 71656
15627 25 64061
58137 67 61560
5214 55 35690
10118 1 61282
23647 35 41199
7140 61 90785
55889 56 87202
34292 66 58361
14748 71 21698
85837 61 94392
65246 70 81818
37049 32 50900
50978 19 77090
87542 62 90642
31310 82 31624
720 4 9677
21739 78 75864
82995 66 91793
46619 99 99182
36476 67 63440
51948 26 87316
59754 73 85017
7106 86 39764
37347 16 82401
18216 9 98702
68335 31 83573
3545 38 96834
4299 92 91088
46294 64 91685
43341 14 77679
59248 1 94357
3180 69 95574
14696 66 81025
12708 38 23629
21046 59 86447
59201 85 90134
52908 59 91366
11089 37 34110
6064 24 16456
43714 7 64767
19165 84 54491
49681 89 84192
15330 15 36201
32386 66 57098
71461 59 96327
56412 54 91049
64296 20 89493
6472 61 19068
51367 99 66520
27200 55 69490
47779 22 71148
47001 20 93735
91378 1 97675
47505 10 74678
32167 73 69745
3800 97 96624
22660 66 41706
27157 43 30917
2073 62 26060
24019 24 85848
69478 85 91542
59457 38 69430
1636 97 82890
35271 81 55015
45872 74 68615
57327 32 90506
34453 71 67486
53017 14 82548
29809 35 65249
25854 33 27671
18023 82 31070
18492 3 82810
13894 15 31711
23883 85 92480
37122 99 59915
20975 42 31929
52237 6 90007
33760 56 76791
1056 18 98791
4884 22 7892
16787 67 31509
41251 21 95401
75443 99 87286
31555 24 92032
9131 93 31150
761 9 26544
14217 51 57297
5365 62 31050
58182 61 73242
42206 52 76483
16753 3 99966
8434 100 82275
15762 54 92911
22210 64 29547
21291 64 60845
4126 58 90166
7759 17 67443
21918 64 57511
8045 12 56483
23832 69 91594
11064 20 36215
66905 94 82589
8564 36 49547
53340 29 76779
24107 8 77157
15382 60 96348
74045 89 79569
64481 19 97926
33665 78 85203
67490 32 71675
66419 66 76770
61040 41 61818
9576 55 91002
45780 81 69856
47435 10 83832
687 3 83592
39077 95 73902
2008 38 63501
41826 77 43354
42735 45 45391
64953 59 73512
30402 39 52606
22310 3 55238
81938 43 92518
30437 17 51812
40924 87 79241
48429 57 84379
6201 88 67477
28968 60 50852
27133 57 47732
34059 97 63736
8959 60 20317
61077 37 76476
15584 33 47830
19607 65 44021
35228 9 95921
17617 35 91995
5934 70 53868
41238 97 48661
59837 50 91417
25126 36 81441
4193 73 36194
42166 39 87792
2282 16 95356
8644 65 11907
15304 63 99184
29733 16 37488
79756 17 90875
7869 29 45932
5242 38 63970
279 21 28056
72512 38 73373
35671 53 76460
38854 47 52620
57373 80 62662
45795 10 83351
17124 11 89121
6237 55 95421
2792 38 17875
48923 99 62898
49844 77 57170
27146 62 30426
51377 40 79300
64460 77 70696
1064 95 80836
11365 66 20142
35443 74 63823
5324 77 88374
23763 43 94063
69126 62 98662
81565 37 96147
36779 96 38673
29204 17 35612
50591 33 94488
7182 89 82277
14630 2 89640
48110 78 82908
14124 25 28430
34780 29 62282
49060 93 68863
61410 59 74712
41861 17 88290
63525 30 84608
16595 14 85475
21078 4 69281
60687 18 98188
58672 22 92692
12666 97 31175
63976 29 90286
23337 78 62030
42768 18 93302
3257 54 77801
41082 61 53725
88755 30 92227
85176 100 90869
60186 66 73567
30367 21 71123
31940 42 88929
16912 30 34489
4882 59 79905
7588 36 27514
32787 31 63903
53876 83 79042
10132 92 61757
39934 95 75434
15769 41 57502
34814 18 42360
36988 29 80882
36347 58 57651
42018 36 61342
30797 31 69876
36491 94 84394
11246 8 76719
62152 52 82122
48626 5 72570
25945 72 26465
16930 18 20081
15943 3 32295
58150 47 96904
21659 21 55712
21446 25 58910
32338 78 35645
66265 81 70738
18471 37 98300
5184 82 17636
36478 53 93544
84441 18 96447
42972 87 90163
16408 81 63934
18310 21 90968
3564 8 23799
8813 32 21947
88517 39 92962
51318 94 85120
32812 98 71481
2339 49 86119
38479 94 49833
17869 56 47803
50153 68 77701
28900 47 96426
15734 23 67398
14467 69 94732
33404 55 44633
9434 45 53163
33556 1 94386
3094 33 11258
14873 3 43837
58642 81 65094
27231 52 67692
52856 63 91385
676 46 63053
19236 12 33371
86635 69 93239
54873 68 58144
65005 96 97751
19743 19 27029
30919 36 93774
45494 41 64732
73297 77 74954
59458 85 85925
1672 29 49971
16781 49 73810
14691 8 81503
10388 22 97975
60371 67 72043
5228 97 79828
28257 25 49441
52405 97 53544
5915 75 35270
52186 71 78395
19631 75 73891
85575 77 91324
12954 3 50065
66160 91 95908
26980 16 93972
32865 36 86722
54247 19 96893
8901 12 59297
28584 10 36228
16925 71 54127
35501 65 56079
5640 64 70094
58604 38 83850
55454 93 80960
36290 79 53168
42535 56 86727
12273 59 69487
25008 32 34689
14364 96 20610
14548 56 39838
8250 28 59329
39071 40 46477
55062 52 57328
12385 86 15428
41013 65 71997
25823 74 62225
76743 69 89151
26999 79 41612
62039 54 68968
34027 21 40083
72003 9 97277
3450 48 51233
14428 26 38397
62811 78 66922
46528 41 87364
28173 32 74035
39806 3 62375
71202 96 75523
29306 38 29667
29598 66 30229
18189 11 59384
21105 90 80427
1648 42 26752
18037 10 24633
18829 64 61271
13892 3 74751
39792 28 61807
42492 6 64838
7828 40 69230
34867 81 48957
48372 18 88555
20093 28 57526
52704 7 91595
20443 91 80714
2 88 27965
62184 94 62289
3851 76 56379
18691 15 85252
23087 57 65368
7567 42 11599
50525 91 91372
12811 96 20874
2286 66 90429
38263 91 98546
6024 87 9969
41728 13 64944
36054 69 45377
27088 85 63129
81305 19 86435
29961 66 87580
71536 56 94842
4240 3 35283
74456 97 81677
66985 23 69238
55372 75 65285
48350 31 73129
7607 69 39785
50578 26 87185
81231 45 82012
7588 77 62522
74110 28 79379
48936 29 73353
25410 85 64008
31766 32 84674
47097 66 78100
25735 23 41131
18730 78 53503
53450 83 96449
20436 58 45319
79066 27 83577
31272 30 32060
1139 61 36893
17568 13 98052
23983 6 38388
72309 45 93892
14453 2 26362
68290 82 85123
67678 67 78768
26636 89 72954
42734 79 92152
73964 96 89191
13479 23 26929
70830 18 83759
22381 66 95916
74222 38 78855
22572 97 85663
37626 58 46026
29525 42 52658
25909 76 83530
43154 100 62981
9983 25 78613
11357 9 23807
54350 32 58688
18168 90 73373
46563 65 63386
15289 56 34937
5667 26 34224
25226 94 32033
6343 24 45585
29169 51 88163
50881 27 93407
43619 91 44306
55407 54 75798
21888 7 78791
64242 6 69326
24250 2 85099
73938 42 87413
33069 8 95745
40197 66 55938
26594 34 49756
4007 76 18255
12772 73 60544
66469 2 76374
68282 88 93145
8997 63 43250
31008 99 53412
18365 10 75766
18591 45 89069
57371 78 93121
13455 64 21159
1185 47 10361
46907 13 80929
30692 37 74944
11858 36 35228
59066 70 79989
78484 94 83329
81058 43 92559
55315 4 66667
40718 75 44186
57499 30 97059
73535 68 79677
14150 40 86741
13619 88 53973
37932 32 73381
63957 3 84519
26119 19 33379
29511 34 82291
43053 45 83139
28798 16 65401
9626 76 89852
27828 84 52274
10577 78 44217
15499 67 41746
33770 36 55391
52162 5 68223
16226 47 48073
35354 32 72010
82616 85 98594
8538 67 17418
55463 71 60807
63818 48 83800
69213 27 94012
57907 41 93306
11925 99 71646
3328 47 76325
85959 54 90318
27188 62 98965
6896 11 78766
65985 31 72806
42048 16 50358
47136 51 49726
9282 72 65331
4660 17 72170
31311 21 64822
4562 85 50139
20219 8 52674
29401 3 29411
3550 47 75419
59267 24 69719
41871 62 43536
10211 22 36364
55182 86 97887
11430 68 96079
35065 7 42621
33944 51 43035
13643 73 37647
26916 17 91122
17885 10 30397
16652 38 76211
31782 70 79630
16142 22 75753
32235 70 82856
44140 55 60654
10034 31 97622
27305 6 51075
67375 14 71418
82180 21 91075
54178 44 77267
32512 93 50891
50520 36 92912
37293 43 97850
21253 28 75241
40573 11 50469
22227 25 28409
59961 33 71794
13122 89 88855
5491 63 71285
20125 40 30927
36823 52 52468
9783 23 94144
20828 19 66765
74496 6 86748
23982 25 31730
53296 40 63869
78075 77 91624
29476 96 96105
16213 78 91753
79167 4 80033
2724 21 86410
37635 69 74647
39961 10 91260
42699 5 98065
62245 92 77036
57406 93 75531
26645 2 40816
48375 56 48590
28238 50 37448
14003 98 59914
37128 95 95968
16885 89 39219
36274 92 45242
60538 13 90497
51540 45 53167
82433 70 82537
14262 75 56621
34609 47 96829
16981 73 74859
51696 92 97732
37307 40 66312
12165 97 43501
32758 81 43378
5315 76 85123
5762 42 22060
3667 39 48985
19141 6 92104
20249 46 45315
47827 48 66303
53613 21 55130
55536 15 84370
32115 14 63864
63746 52 89468
12777 98 78159
4307 52 10045
10648 7 63908
31561 11 65279
27586 60 48629
10290 84 30591
31178 76 92409
89349 18 93497
63176 52 81098
71174 80 73584
29796 53 67129
85466 37 90562
17093 43 72461
16365 60 22336
42999 13 59905
35386 10 60956
77436 98 89745
8481 93 80398
52824 22 96716
12902 18 91461
25387 69 38329
18161 11 57791
21548 54 87845
48760 15 89346
39761 50 58236
362 37 10706
37017 36 45020
34091 95 35440
20189 59 33312
83683 45 86961
32464 2 75199
31564 31 68885
6275 32 72458
9616 74 68343
45328 76 68085
10301 88 79826
18774 92 29427
1560 80 75954
44064 90 85804
12705 68 21255
6357 70 71681
27426 21 77259
10087 40 72748
29672 84 29776
17695 11 84321
2332 65 58521
7250 43 34744
14662 25 96132
47801 8 86782
8294 15 48015
56851 27 77412
27003 41 89616
32461 23 44602
38823 22 77829
6415 43 12961
71759 15 90226
71657 57 96868
70259 10 99893
6727 89 72228
7506 2 28357
84568 92 98796
10004 42 86938
3918 93 77079
55958 29 82408
36198 35 99792
2590 24 62383
139 79 21572
12000 58 61440
16139 81 39861
41434 95 49191
22301 86 70684
43665 88 54691
53124 24 73219
29262 45 94839
74101 17 90992
30482 4 58063
11426 41 22508
36863 62 50665
52669 52 83087
25483 99 27620
13755 70 22090
53380 49 90971
27472 66 92986
15068 46 22310
1930 38 15739
36409 57 46200
58381 47 72686
9268 23 78496
38333 96 49269
73344 32 81217
10547 72 87711
81998 69 89842
18770 39 86480
13890 86 88518
32172 20 95831
18486 74 30838
14844 100 95286
7499 69 83883
72242 55 92062
6268 81 49248
12984 29 44742
31187 83 40674
532 97 19603
32834 8 41316
34606 32 51550
37480 82 95864
18659 20 90060
41655 70 89220
20464 70 52019
78577 9 92060
2134 64 24277
33869 49 40987
9579 58 69403
39707 99 44412
49192 53 86121
57942 46 66864
25161 30 98393
8009 94 88636
6733 43 87291
26860 97 57208
12148 57 15096
75050 11 81350
21860 90 24890
3770 40 27664
6456 86 83247
1941 40 38510
18623 80 39509
17261 92 73122
7219 16 93314
15097 43 45425
9090 36 42405
55180 31 76331
8973 43 9131
49115 46 51313
41706 96 80415
10351 16 63396
25691 71 58037
68844 11 77100
10537 10 49799
33438 99 43054
47408 33 52762
2657 68 72391
8413 73 41001
9314 77 98906
9913 63 76729
26480 28 87459
57208 92 64864
4665 93 27921
29349 15 49974
11210 92 36652
36151 12 46141
2464 17 2746
18260 26 63103
73057 57 96006
58168 39 86456
56090 10 79938
16184 95 37822
59421 50 64905
64398 30 79557
46220 8 93162
27639 59 30571
10350 46 27061
3208 100 42516
6032 44 47492
78871 100 83166
23273 17 24580
46877 50 73213
19873 62 38206
36987 22 94168
14555 87 58103
15827 59 30118
45136 54 47845
20351 91 56777
47243 34 80869
50582 67 65743
40339 14 64396
63866 86 71058
24145 51 63146
18273 75 54388
60965 42 92079
35103 91 54604
77256 47 78559
50445 91 90675
25807 58 85446
7991 23 8698
37173 21 52383
33041 84 66214
43962 73 65944
36750 80 87532
66162 93 75783
21916 73 93508
36777 37 72141
6363 77 91974
32786 93 64873
42533 26 48926
14666 47 50971
88256 37 97829
16145 89 19735
13673 8 33105
69684 4 75244
64692 1 67757
76226 32 87197
6194 81 91448
18613 84 45095
25886 84 48807
47185 33 95572
42500 98 96831
11265 71 40589
30573 49 51962
36069 10 87591
37042 83 45736
2252 71 25176
7270 7 32290
3465 39 49680
55684 11 61861
22193 52 87607
56187 42 62270
37464 38 94881
6718 74 54710
5444 2 37770
34265 23 90205
1287 74 18075
27865 35 81245
76110 34 95015
67373 94 77072
11007 91 89654
11727 2 80322
13394 84 95259
22352 5 30716
542 74 58623
38121 46 93236
13789 25 76771
50449 71 92695
27425 28 85403
27405 38 42801
36452 40 75001
14842 93 41374
502 89 8939
20590 51 65010
55827 56 62749
3824 53 64296
4793 99 60070
21407 91 99635
26725 67 71752
41126 66 59261
32657 30 72731
13214 39 44455
50906 81 65447
79808 88 86122
18944 91 76957
64997 77 69049
17651 43 40995
47372 95 70648
13104 65 30096
39747 83 67652
30652 43 54098
7776 28 40550
59712 6 95241
2468 44 52694
37134 5 75889
18758 7 76302
55118 52 74716
29619 11 94441
1528 59 79569
57261 81 97139
74352 43 77289
2580 66 71967
47900 39 84389
9256 96 50972
46308 79 52496
27506 38 35401
1845 79 31777
39455 25 82942
53826 22 57543
39892 12 74243
49502 71 77740
30070 34 95955
38493 90 98667
32644 52 84437
13170 24 29590
3879 87 85552
75405 84 85779
28438 49 34298
86993 32 91602
4963 50 14127
18155 59 65416
83025 60 90896
14755 67 43938
38456 62 85991
53846 7 82222
39454 70 60805
14590 14 61462
1953 87 48145
21983 1 77103
36881 98 99764
31458 72 58378
76266 8 99326
16250 69 36373
31276 69 74472
11029 59 90675
36973 77 61279
31991 17 96877
9473 90 50802
53215 76 72648
1209 55 11497
21039 90 56721
53470 58 75252
38312 21 42645
34266 80 93572
25070 56 39614
59058 23 95427
55249 86 67962
27271 35 90386
47969 61 76582
31109 44 91896
36257 16 93349
44257 56 91122
1764 67 48303
59662 4 92300
27769 79 99590
25199 45 52365
13483 15 32828
50904 64 94331
47870 82 60239
13605 92 90768
38324 66 73059
23204 46 81631
48107 58 74168
2744 16 78521
86372 18 88608
33277 87 48738
9155 83 44478
93958 13 99684
44117 16 56231
45026 77 49612
19998 50 88302
11673 81 67102
7579 92 83933
9182 18 72027
31153 17 85366
30342 8 65130
25209 68 54669
55163 98 78827
7909 79 62499
58253 12 83454
16990 54 68881
49691 45 75269
24516 7 60068
32680 2 80421
50019 73 64731
27388 79 42157
34832 58 71977
39993 87 83581
53500 9 85739
36731 42 67156
69710 67 80940
51252 42 77755
66303 81 74023
43507 17 57681
17454 18 68199
66643 62 85378
74226 86 92871
21625 23 44244
54201 68 95999
51126 90 97459
19342 86 69976
28283 65 81466
5244 61 67737
43106 93 77243
5103 18 53125
11817 34 79674
497 40 78839
60606 89 96703
45293 11 83400
37187 69 50880
53127 73 79419
6468 6 61689
31682 20 71647
52612 22 96723
31641 55 96253
1122 79 92497
24644 37 41880
6953 88 50062
74870 51 83400
29922 98 78934
44120 9 79188
70623 54 74894
15578 48 44952
1572 36 89723
7803 11 84844
11061 34 20967
21905 74 35102
5024 58 32569
60759 80 60988
30008 21 73653
24190 8 44674
30734 3 79680
70328 27 93048
22740 78 79966
36070 89 50505
25128 9 40110
13422 16 45761
48484 50 98072
32088 3 87676
25211 15 36488
7298 99 82896
28850 22 79457
61010 72 91499
21380 77 80680
13036 17 87928
27299 10 67498
5830 18 8122
37825 86 43361
61283 37 85329
9606 66 90786
20875 28 64134
15580 98 16052
5308 69 66289
1370 7 95725
26492 20 36258
10329 68 75588
43654 86 90993
30450 17 68621
43352 72 90628
7662 69 17193
46210 1 54950
71349 66 83138
76078 59 91475
1139 2 2097
30194 47 47309
53303 46 71319
38055 3 70361
8086 89 55415
51400 21 73127
17406 87 89943
32628 82 78358
7863 41 99503
5587 83 98081
60269 77 79451
18287 93 20275
55639 4 75022
57307 72 80191
13349 93 39417
21339 11 90596
49637 1 61318
55959 79 90517
72416 63 99061
76679 28 97716
8745 53 95770
4524 24 16926
24088 77 84218
22885 25 92861
36296 14 80304
63213 31 93424
3583 52 18562
5068 23 20135
3055 79 13434
46475 64 94199
28434 18 71804
58430 90 80642
31983 34 96674
67432 95 93905
8428 75 35965
42284 20 87691
9364 52 67013
1836 49 73282
1169 67 17345
50392 33 64735
53072 70 59233
35994 85 46941
12102 55 16415
53584 37 80131
64898 10 96789
22005 63 40707
52355 74 81669
33395 67 39542
21714 6 72065
102 63 68758
38949 59 75652
61626 32 80027
10377 16 28797
25679 29 26753
24244 89 64267
18701 74 93718
11650 41 79987
33528 3 37541
35538 8 48792
84050 78 96807
74025 9 76062
47503 54 72692
67603 91 88847
69830 61 79557
35975 72 41998
34201 32 42914
13075 48 87157
3298 4 10809
31503 26 63367
37673 66 61795
27318 14 99874
23965 82 87207
8672 60 89219
2228 41 26873
3577 80 16500
1049 86 37718
24656 15 69743
52184 71 94429
4296 87 98816
30368 12 61228
72463 47 91280
152 18 77888
36480 37 98343
42789 77 77693
9525 5 64858
33361 50 69170
5750 61 28851
21546 37 94415
19832 28 69998
58155 81 91338
34074 95 40877
66982 54 72063
83697 88 97720
64681 8 88241
80204 35 83495
28156 5 63338
57325 87 63127
3303 10 7745
44576 15 89002
16171 57 17853
37768 33 76914
80825 67 98762
60449 44 88535
17748 21 48817
58968 34 78552
31347 47 68539
46558 87 87133
12811 83 30846
35040 91 91710
52794 44 69060
47208 7 58960
7691 38 99227
34888 40 58768
1881 63 38946
81032 23 92101
20741 44 96151
43021 33 90460
78898 79 90863
12166 74 25916
49357 10 63667
57173 92 81911
14267 41 83869
16016 60 41972
10762 83 29912
19936 41 78789
35 7 51472
35446 28 90009
49985 26 67441
45626 15 82367
38143 6 44582
31241 72 80550
74847 29 90604
17256 47 34713
45642 64 76634
60775 26 66232
4095 65 26494
33990 39 85433
23769 51 71813
38014 59 92247
35725 46 81748
71845 96 85630
30869 67 60937
33979 63 65953
26842 77 34430
51700 17 90076
35528 20 66316
16368 10 32777
52489 61 87304
58174 18 87995
31839 1 68749
38192 15 57868
13740 48 23632
33881 47 58200
71622 42 85073
34601 54 69301
89000 37 91261
27569 88 82654
62441 42 79244
31363 75 60866
26162 11 59798
29401 61 99299
43477 21 49768
9161 36 66565
53822 99 65168
46117 96 66209
24108 91 71684
28489 22 97120
43949 56 71342
8631 96 37056
11804 31 30232
16595 33 37282
65961 55 97060
56970 47 74839
12716 67 43468
29616 42 75283
22550 87 42430
37190 15 67025
66288 41 93161
69498 50 90523
7869 16 75371
4055 40 6152
10370 49 60134
54461 35 56159
2483 57 92333
6948 32 65569
43900 68 83380
32873 37 74744
4614 69 47464
33657 8 38400
6894 33 23022
55590 45 67228
48925 29 72808
22363 54 39012
8587 89 79467
23280 70 47810
58708 62 63237
54491 17 89865
5762 75 12481
2929 15 67076
14389 29 43298
33117 88 37138
47647 22 68792
37340 32 50466
1643 1 62291
31482 8 43191
57822 16 73736
13121 23 67245
62808 88 64513
34719 14 65593
8551 48 55791
5224 60 72782
3931 88 80495
48607 71 90396
38164 55 66909
33791 92 92674
60372 8 71847
21836 87 71663
7499 71 30883
7176 47 28058
34685 70 82655
15157 9 94664
16746 43 28278
55796 43 87196
43533 26 60721
7433 40 49805
25603 78 60817
89522 72 93811
330 3 17511
13120 47 30948
37895 14 91833
82477 47 95331
8742 97 20614
57355 45 67487
55830 92 59377
18112 56 62886
52958 83 78793
85476 52 99701
731 3 69919
43340 46 74635
20546 14 50807
24838 75 25526
40507 81 60712
6875 6 11475
78099 74 83904
26718 68 40648
40530 79 50275
66322 48 86467
41067 3 92010
72016 21 74718
