2000
9459 79 75890
11107 75 17389
63355 3 74010
47873 23 55124
9726 69 22078
1822 98 67434
856 19 83768
30921 44 35728
11621 38 99034
41863 95 52855
13538 58 26189
14214 64 40198
3634 31 45811
53785 50 67232
69179 53 83787
66131 21 70703
10360 28 23407
24564 64 40506
24777 95 44028
52249 65 87792
54851 95 69127
65802 44 68491
13463 84 96881
45439 74 57835
71379 7 71472
17739 3 67546
26102 64 80789
6530 78 16697
53975 53 86718
69775 38 82432
53079 8 55383
14350 86 19553
40452 12 53642
33753 9 67321
3262 81 76319
63391 40 83650
18024 54 91910
1323 46 81076
36624 11 59986
65860 12 78886
20968 50 32015
51156 99 85020
11867 36 50213
8974 23 11648
37083 97 52535
4474 16 11407
88492 28 92246
44039 23 94952
63714 59 88822
27167 52 92148
19153 3 46615
29192 25 96500
29524 72 46693
85706 76 90320
1268 74 39622
35976 2 58247
14437 4 95371
78400 80 94464
40253 21 51019
38009 83 78939
16828 63 49788
11202 87 11687
11229 58 64475
20886 36 67819
33676 59 96605
58825 28 72034
66256 68 92480
24716 38 76581
59478 30 95502
29633 71 35643
59268 4 99119
28321 6 46180
45090 68 60783
14266 10 33213
17641 5 35920
56642 24 62613
48631 55 88260
45389 49 51565
15764 65 39210
2644 34 13285
22323 22 53685
6658 9 46225
24967 5 70449
37768 27 59137
8728 15 39559
35767 4 46977
69519 78 87514
52914 5 75297
59396 68 75077
18968 6 65542
35876 60 70912
50866 35 81059
42746 95 77110
28412 8 84119
5839 86 66555
25682 23 31348
2630 75 37807
3418 93 12420
75293 94 75700
6640 4 96118
87936 40 90559
2549 62 81778
50815 25 79992
12288 67 77594
17883 52 48059
39945 47 42022
47428 43 81543
13511 80 85401
34507 88 54204
40806 91 92313
34210 26 76846
74948 64 81141
64914 41 69165
196 9 12970
1386 71 79920
58119 50 84254
21217 85 28873
21998 63 76204
19737 38 57904
37408 37 69707
48234 82 72449
40921 29 50234
62132 12 95661
69367 1 96515
25017 79 44659
54352 28 62240
68640 27 83145
14084 74 59344
8668 98 75918
58803 10 75212
12797 23 91415
12434 70 31077
12159 20 12847
37742 48 60619
14130 2 30257
21576 86 47130
35933 5 46249
47216 20 89829
2692 35 36386
593 62 58204
16343 7 54291
15915 49 49657
4251 4 62418
1352 38 64180
7025 42 44144
54867 15 69052
33257 77 80412
8531 13 63037
35130 47 90508
41535 16 54942
20205 44 89977
45650 52 82229
32759 37 55782
51082 53 67642
12668 89 73679
61901 36 94516
30259 8 64222
1992 32 3476
57499 6 91852
34912 16 43401
10094 82 79528
14762 12 41647
5963 62 95083
10657 52 42123
14635 81 32132
53024 11 80904
17132 82 41674
43430 92 93119
27222 26 49374
21941 92 49891
47788 90 93207
6089 46 90897
77778 31 88241
26450 54 53718
56173 12 66902
3795 67 53562
61083 50 88233
20609 13 71219
2956 4 18363
2587 84 68618
942 34 78067
7907 66 77259
33718 31 38014
24087 30 99005
27223 28 66177
8333 73 79526
10032 2 17489
35603 27 86488
35980 27 56060
31694 41 46871
8044 87 56668
12261 91 22512
74741 92 90977
34622 23 91416
69623 34 86876
43187 19 46796
3649 88 67835
23488 68 77896
1044 10 27589
16069 20 32974
16092 66 21078
46859 28 80185
74673 47 75704
2693 84 71412
33445 2 88209
3305 48 58528
82822 20 99654
21861 81 51019
38823 25 49996
5649 21 92199
7052 58 7466
2078 1 39864
12997 60 18777
61079 28 95461
63242 32 80357
8066 89 82097
58838 11 96956
1241 84 20125
2751 63 66751
36223 48 55025
37247 4 50225
42071 21 99706
62026 49 75640
41554 46 97151
33301 18 64072
65154 72 90475
27239 27 97322
19773 78 19866
69882 67 85026
26384 38 81738
25295 6 97654
31973 99 74484
12001 36 21460
12143 74 77230
80912 77 99773
7482 88 32575
10833 92 89448
48646 56 90340
67502 34 82303
2484 17 73232
14406 87 93286
10853 98 95284
39615 33 74279
5137 78 99500
21336 41 71430
301 54 21164
65116 22 70656
22278 15 97647
41938 10 70179
53582 47 68493
92310 61 97957
12405 82 82330
4716 7 21529
28729 15 83069
40684 59 54032
28460 61 29018
31432 78 90826
75670 24 89170
21100 87 27739
83351 75 98974
68119 12 72616
62547 94 77166
30048 75 96235
11339 26 41429
28778 87 59335
69609 90 70044
34420 24 96021
38681 75 71865
18672 3 45918
617 82 24748
37845 49 86706
1819 43 7661
4559 24 74513
29637 20 40692
1553 47 33524
42918 27 91472
35925 38 44491
64252 52 97324
13862 31 36303
45852 66 68814
1845 80 93275
11351 58 24909
50279 57 90118
32020 22 36814
24036 17 27377
21345 99 23140
22728 62 24185
60185 50 71235
57019 3 76510
41255 45 48816
8208 8 24127
10880 79 36068
5130 100 77610
10242 19 86304
46558 88 85605
57377 94 68219
80179 28 87351
69598 8 89708
91575 96 98628
26114 98 68129
67273 57 89029
61934 59 67128
50220 22 79989
37992 7 76297
24511 20 81448
40995 17 54003
3887 91 46183
43608 2 68000
7864 48 84924
61383 9 78214
14280 83 27515
41989 92 64714
68825 38 87833
11541 23 15776
18695 1 65843
19984 74 30747
676 6 6905
49976 41 96300
2713 85 40566
14039 44 16365
49976 22 53591
71519 8 75324
25012 81 65624
15158 21 32577
4673 38 23721
34546 1 90284
641 53 4762
35816 59 40277
36956 45 87083
9497 50 10245
42679 10 85075
32053 81 62969
35721 58 73582
30596 77 39173
29138 47 42103
62219 7 67911
27596 2 32005
68424 71 75174
2824 7 55660
65863 51 66808
43427 7 85172
49020 44 92892
21397 46 55765
35351 46 53160
124 20 2689
25655 97 32152
9615 72 89669
34861 24 45398
2408 7 27759
28287 36 95775
42060 47 66663
39603 82 53240
17176 97 36595
65656 96 86651
4285 45 64996
76264 54 94862
16003 10 33730
14397 80 54200
78211 64 96827
18040 47 95548
21444 43 66246
32596 92 96513
51237 46 58676
40542 17 67665
31820 22 54073
45369 42 73598
19698 53 65118
31565 37 37476
7346 88 49090
37438 33 89239
46855 16 75875
14195 21 25137
14230 17 45114
4431 40 14877
10368 32 34925
52719 41 86905
44784 73 67135
9462 78 73819
4383 40 55537
48083 41 82700
6993 55 60394
74565 88 75858
6426 19 88459
20265 65 29425
72471 56 97506
39203 89 80488
39817 16 60064
6406 51 15591
953 88 6315
13060 14 39978
33795 67 35694
75398 25 83340
34218 79 51513
6756 28 43136
65516 8 88926
37809 73 62526
23492 13 70702
27362 12 71784
43796 71 85292
4885 20 28328
2315 76 31529
15535 48 59683
61716 65 77697
28321 89 90136
6075 39 45908
10726 49 47825
19781 21 80328
60335 28 96965
25475 14 89442
47850 47 95057
31848 75 44886
8457 47 46810
48300 56 49994
37840 79 98799
12572 7 73131
81001 92 99768
18342 18 52708
67675 25 83564
42322 18 93993
17061 84 42600
25627 48 68780
4863 87 5917
32628 16 96043
8249 49 43634
6683 77 76699
40241 85 97909
17288 99 21034
67604 57 69453
43591 2 58350
23181 97 69969
44189 75 54431
7102 39 15195
1781 9 17981
6264 60 20649
35314 47 56221
47571 24 76812
6472 31 23406
47349 34 49622
19164 17 57066
73458 96 84133
18680 20 79446
3624 38 79554
37226 68 88261
47983 3 59007
6790 3 71992
54118 21 69852
3827 66 96867
11534 41 38326
23664 64 99766
36743 30 85297
26094 10 99845
1174 45 91489
3880 27 12627
17693 46 19325
73419 39 96093
60022 81 86172
37530 23 91227
1702 60 24154
50471 66 55287
64577 90 88368
8905 69 13363
8083 87 87810
26762 64 76338
66548 68 84091
41423 89 73104
7353 10 71692
42020 38 68943
56957 32 71978
8989 43 88492
47667 93 63736
56579 92 66655
23633 94 34235
10075 45 81174
40234 12 67971
11578 61 73785
16985 10 88895
69650 35 83816
25726 54 38215
40684 32 93331
13956 72 80099
33463 65 75529
15750 25 78018
16213 25 61272
20835 56 92720
12504 75 94378
4980 70 97914
5884 70 17340
57008 73 91891
15155 29 56605
14733 33 29590
22945 26 94800
28249 40 82645
61436 63 98739
13432 7 63452
46713 23 85525
18436 8 82375
64895 85 85305
37023 15 82605
8224 26 95691
15920 92 78521
49345 94 63226
12213 27 52996
16154 36 29844
51077 68 91628
26888 34 64493
12511 68 87715
77791 33 93477
32060 40 33718
27749 25 60783
2100 83 55067
78514 63 98346
10891 90 61291
42866 19 63557
11831 82 68792
76149 34 96518
27617 28 63246
8995 7 16021
15635 31 95323
77786 73 82178
25735 51 63138
8883 47 62856
23655 94 98070
11665 87 34978
7826 19 61418
14052 75 41968
3023 46 67097
18939 75 93988
35334 46 46131
20658 49 34180
9080 12 82437
27850 78 30645
365 33 67643
54338 74 90630
69820 98 76414
42054 74 64670
44965 68 71789
39434 20 97543
43369 92 62977
37113 46 37682
37777 81 78037
41450 61 55743
10111 81 92981
16587 93 92331
62480 17 71033
63737 32 80941
62283 48 64469
49550 43 79542
16257 38 43546
60369 52 82789
627 80 32790
15862 14 59159
41174 36 65050
91756 96 96732
5164 32 43714
59287 86 75370
21837 70 78375
4147 83 81834
25058 92 71779
17747 16 18505
18394 18 57434
4758 45 27904
38935 26 74415
4159 12 37538
7264 1 12689
39835 91 61131
3009 73 40189
18728 70 57644
66037 7 96899
27252 69 43708
50420 2 63442
84678 20 91629
23273 19 58522
34256 29 63150
6490 36 59954
49746 15 94632
27910 74 58593
55541 20 58837
29919 72 69105
40885 48 58075
30108 62 64802
40924 44 58874
2752 18 82927
83609 89 92036
35563 63 53853
2539 83 32105
39746 42 45588
20029 87 46035
13217 92 94730
52508 24 66680
34461 72 44566
30920 87 64574
71809 6 75998
13324 80 35822
87014 57 93273
44107 57 44998
18046 13 42255
20420 29 88376
32292 5 35513
57559 17 61562
65734 59 95742
57259 62 88965
52750 93 85350
37644 84 66648
31843 92 56691
7893 28 84985
2027 90 59723
57954 3 58584
55830 79 58153
7415 50 14257
33514 82 55940
31516 17 85803
36868 68 49733
14450 69 70334
8719 50 28484
411 89 82542
51207 5 95308
32580 51 49800
71628 92 78911
64159 85 80476
3484 12 76768
25580 69 40907
28911 45 53616
36517 45 61452
7250 72 27559
12964 2 66024
32809 26 86649
77565 48 96523
24203 27 62499
14151 63 21533
12802 60 56503
22749 37 74157
60944 43 91955
49121 98 94833
86604 26 91800
45342 33 88835
38042 93 87201
17817 38 95542
7266 53 43990
9811 8 28593
76123 1 80034
15767 30 23030
66019 3 78574
49656 99 69332
35801 75 67355
27234 1 53952
26120 59 33679
13658 71 51704
8257 10 84267
15515 53 88239
49092 99 80820
21466 29 28060
16950 32 46826
20512 46 96149
24656 49 53998
48386 72 62613
6686 40 74855
26442 78 30635
16869 73 91767
71452 77 96159
278 8 17111
17330 39 96512
11419 59 78338
57864 74 92350
21793 94 42923
4238 86 7634
19622 16 44354
4092 37 26344
8134 41 64637
36375 37 85446
19665 55 58507
50873 12 78298
48351 36 99546
1021 64 74203
52075 100 73165
3747 85 41038
60850 23 75727
3799 94 13389
43422 73 79796
66575 69 73903
3363 52 18786
39994 3 89885
59967 44 67648
3632 36 38995
10053 92 80862
30697 89 83449
526 56 36734
65471 69 92693
7105 74 7524
43222 67 66431
13642 31 82688
27161 19 68888
36763 71 66328
18799 3 54147
76947 85 86724
18190 80 77396
23049 96 33699
74541 75 82793
41355 75 47690
32828 74 92966
8216 25 30411
432 16 8533
44290 68 85687
3735 38 20707
16 71 36538
55857 6 58530
5921 14 57534
35991 85 42365
42850 29 69929
42547 27 62121
21136 50 73464
64300 100 72470
42555 84 82175
552 61 45194
66176 23 94220
7467 85 92932
2429 82 46303
44538 36 48069
1460 59 86125
26422 28 79254
22841 65 69683
89311 37 91778
1443 81 11571
18976 45 39447
27238 12 99204
48008 41 97902
46961 52 89042
46595 56 75043
22553 57 40147
38626 3 57629
39260 80 58816
28731 68 80521
23291 61 56795
12570 68 52564
633 87 24303
35944 76 53733
11952 87 81629
46813 14 63935
44804 98 87122
12443 43 90630
33698 69 90663
22216 38 42443
16652 25 69930
18976 8 94006
39384 46 74970
67275 97 85599
3118 93 70189
13739 80 86427
61724 25 90974
16203 42 30665
36242 51 93855
4407 28 21092
25965 74 35102
42596 29 80584
48394 34 87717
24820 27 51538
44943 7 54396
10205 91 20362
19293 78 80405
2075 9 32937
42425 13 88794
62133 14 89957
9162 25 43596
13896 1 84757
53681 44 78974
3849 2 60263
65916 22 75741
11582 96 78130
4297 31 34524
43745 98 81085
79393 80 95757
65343 25 67160
21208 63 39447
21688 93 29741
5096 49 23341
12948 95 50447
26483 30 75008
80154 51 87485
29562 11 40487
52551 27 96578
70803 62 89582
14269 12 70829
65992 44 77131
7669 50 65462
17491 47 79493
57005 13 64920
13089 21 39593
15813 68 57638
51698 36 80601
1951 69 80509
1690 62 47767
34551 69 48021
58913 95 91934
16446 57 17845
21886 87 24475
33268 32 88631
96205 91 99066
72755 51 76725
1816 38 9324
19458 38 70995
49055 21 99230
40270 25 65641
29446 25 48809
54963 65 80946
21704 54 87311
39134 16 57656
10103 19 60072
3013 26 96791
10898 45 71250
43992 99 79745
11781 44 99073
20460 78 78364
49855 33 58462
33985 66 70840
77288 50 78393
48408 79 51649
13372 96 60262
40465 9 89887
2182 1 39626
28460 74 70276
14892 68 35194
43184 65 48363
19670 35 83184
45386 74 49368
309 30 83692
28893 89 42742
36405 86 62619
20698 50 65479
70481 83 98253
33844 29 77830
15863 63 87608
57592 89 78976
58981 89 98132
24328 41 78611
32364 32 78384
7867 34 33632
35092 6 83540
22705 15 46553
35384 64 63354
29150 27 63057
1051 70 60790
19251 51 94297
51589 61 94772
28080 17 55713
28358 51 77607
45353 89 56493
2513 5 20901
74614 43 94036
39242 17 95358
13481 93 70838
24823 27 93781
66815 45 93967
42357 77 79013
58306 7 68413
34738 100 65875
28331 22 46325
17147 19 44635
31606 85 76538
31463 40 34319
15486 13 63835
1503 47 88328
22100 16 43541
28584 46 58489
2236 14 82054
6 5 75834
11015 69 62243
26600 4 94962
4763 2 11400
65151 22 70289
21965 89 76898
78349 77 98662
27156 44 86246
13657 26 96133
23408 70 47938
74889 34 88023
22259 49 67592
33041 87 60807
13269 81 28991
19277 56 57204
67266 41 67743
51684 46 98757
4168 2 68788
31617 37 89452
12849 99 75393
56025 5 91870
16613 36 63085
32772 88 96692
36244 30 62180
76727 5 92321
41110 47 54922
52914 35 63766
25588 63 51001
46009 10 76166
55829 49 56098
90586 62 91892
93604 57 96194
27263 41 86527
39004 50 75117
1530 70 63885
4768 13 28803
2277 35 74362
70749 31 87600
20996 10 80762
51293 47 88645
20089 6 89863
13302 65 87159
41425 66 67331
18089 32 51913
4644 12 59010
15945 89 86442
29897 71 66260
80288 100 84133
19202 73 50895
26338 32 45244
664 3 34721
59319 80 62103
427 19 30829
1117 30 25962
47244 80 84414
27324 99 65905
5121 60 31866
29678 30 38893
19150 93 45303
606 5 45421
7225 89 87817
85846 19 95942
7028 19 54331
75795 22 85392
20702 95 36090
26941 64 93408
9610 70 57733
70539 68 81668
18709 42 79234
10892 77 14275
75651 79 95581
14858 34 95615
8376 51 16352
58023 37 71298
14824 53 20621
87770 99 99338
90587 10 90853
29790 88 91696
27014 3 54103
42541 62 94193
59155 30 74919
56464 25 97538
27472 72 71033
84184 52 92262
2063 27 18849
30861 26 36522
42116 41 58538
11535 78 40608
73528 81 75021
60727 34 97032
41442 40 67933
267 28 70147
31998 75 97892
2866 67 85901
19838 64 73215
22153 67 70782
69580 97 81005
36333 12 42012
27616 3 71763
66618 52 94853
3474 13 9995
8074 87 17546
11533 6 67607
1004 80 35419
15695 48 29879
11523 78 82137
25642 4 68913
6036 89 6161
33262 46 96768
16817 9 27783
60755 27 92140
69836 51 86014
12317 20 62626
4727 75 76725
34387 23 86104
50414 77 57716
82891 35 99259
8486 46 72334
35493 75 95421
45986 80 98449
56521 1 67653
14691 28 99726
38084 100 73209
75170 89 83688
71573 42 75674
22799 23 69851
1033 85 46068
47581 80 98894
67080 98 86274
14693 2 86856
83066 57 83666
59665 45 88409
34685 54 78822
50319 70 74875
41700 24 55276
74799 87 75074
28013 91 86408
17060 11 59034
18544 92 23183
60868 21 77476
22934 53 35936
21203 17 52860
29429 21 68559
26450 87 26562
3550 29 7363
55057 48 62228
8004 59 18372
6346 67 18617
45977 27 52547
26186 74 51427
21860 55 71671
2951 38 32908
6071 48 40871
14091 66 72298
58578 76 97405
48306 72 91959
15238 7 54495
443 95 6184
86290 91 92461
20203 87 88942
37714 29 66596
10801 11 20265
46968 86 54934
75558 21 90456
25151 4 97994
8361 53 40370
10445 36 77084
65642 7 94327
52893 26 88331
39410 71 92282
31718 55 96939
49671 80 62171
7940 1 12631
3284 88 86961
15064 55 76042
75577 22 89822
13171 90 47013
4483 90 48953
24488 59 46663
45861 100 60973
71584 38 73702
29297 27 85143
81375 44 98483
54330 79 60169
13364 2 24005
26985 18 30765
50249 57 57963
65619 50 84058
27014 58 55619
22510 61 33757
12103 48 95909
30475 42 74090
11081 82 51315
55987 13 94724
19426 10 43797
29723 71 72370
12800 95 13086
732 86 65762
43311 40 56481
35999 97 82548
10477 90 14508
75240 16 79152
7196 21 22983
31030 65 40693
29013 16 36059
8148 77 49922
48199 71 58368
1956 62 75274
62791 39 78055
88131 90 90177
45647 64 84069
14004 2 54441
50235 80 96740
9001 86 15670
61946 77 84503
5372 67 77810
17296 40 63299
26545 31 53289
37749 61 49295
47304 30 98222
21143 71 55386
11781 90 73795
7096 8 90287
2181 38 20987
59992 82 91941
12073 88 69092
21555 51 92613
5338 32 55670
4538 15 41044
44273 39 49662
1737 20 7188
14153 4 31928
6963 22 85869
22968 42 59716
12979 49 44154
41306 76 73556
68967 49 75851
84718 23 90919
58638 58 64259
50654 63 83306
45903 64 80757
6261 2 89048
8363 9 66810
23030 90 31100
35093 26 96379
3544 70 25222
12183 38 63969
31733 87 34923
22166 51 32944
14775 89 68567
13189 44 46591
46266 47 61581
41952 55 77716
24377 98 60057
71258 56 88562
6997 53 97583
46250 65 94039
58107 91 72910
15101 26 53503
72992 97 92621
39659 31 52424
74201 83 95773
26877 46 36199
36358 35 90421
48428 78 70254
48231 4 72438
9427 5 95692
40745 20 81341
8363 67 24798
16859 25 46408
10966 65 73265
38290 23 96506
20717 52 97986
31606 88 55978
8511 30 8920
13903 85 57696
25184 92 60415
50173 99 66806
33795 16 44954
37176 12 72885
8961 94 16326
75705 60 77846
52017 96 54015
14664 94 16641
5249 38 70292
56160 51 61246
23159 43 66632
51866 13 90880
3142 79 11501
25044 31 93749
1074 41 54756
79920 80 88739
23098 52 66933
62260 13 87995
21259 3 32427
14611 7 27379
69924 66 72916
47244 99 79414
26882 55 94852
70895 2 92197
61758 92 84380
63642 6 81651
49746 80 84675
9726 37 24368
60418 13 90218
19374 32 99922
39955 93 92242
70476 30 99531
45675 9 79169
19528 27 28076
32094 80 95465
21856 44 57062
16370 85 52848
34535 25 79759
36057 91 48579
38689 85 57027
4912 95 17833
47231 2 82803
33038 49 35456
74347 89 91611
65259 60 73472
68485 95 68615
26442 71 40884
47796 94 99945
1628 43 17468
44112 92 87383
6306 54 38732
6524 19 38031
25951 74 81030
17841 22 57621
8172 32 22643
16887 63 50276
56889 1 68154
26916 67 78194
56212 14 68386
46 62 77780
19238 18 78300
51822 51 62279
9711 87 56360
62299 100 79057
63438 16 81430
23355 10 49781
8854 66 80306
21978 77 61867
9061 79 62688
25576 38 93765
49290 69 62060
8705 80 80331
29345 2 96089
38761 60 68755
85372 52 93866
23449 52 49564
55197 99 77087
38623 5 83885
32406 73 94658
21117 61 70330
77963 14 94738
23469 30 35498
28056 28 56879
2852 38 78371
42992 4 57997
35567 47 55238
51749 55 68324
8476 11 18023
48508 37 74542
12974 76 89950
4041 46 98372
36476 23 58991
45962 20 70900
29747 36 78120
20421 87 40160
46965 19 85951
37381 47 82450
20590 52 90946
80559 96 90187
9714 15 34361
36117 32 95863
34877 1 68576
15268 94 21319
14139 39 70517
90614 89 97284
77748 71 94934
45503 32 48824
42256 5 67435
52911 84 85473
25834 37 68285
16582 80 43881
3507 42 33621
160 34 99797
30757 47 82290
38190 67 46057
79243 5 90079
62892 39 97661
64466 26 98190
51310 50 70754
42681 82 85652
81495 55 85238
17370 20 37133
4178 98 35542
17109 30 91625
15428 5 23806
14591 97 78792
8613 24 99769
1179 67 75974
3141 75 37511
28926 33 37511
20136 70 48175
32616 4 51469
25917 77 79873
13393 44 30247
31541 9 44468
5598 37 29970
32812 63 45306
18076 22 48909
13025 6 30608
93846 49 97191
60604 20 67426
56993 40 70537
48611 18 89729
36517 71 84356
56622 51 64305
37939 76 41228
85113 64 99734
16761 5 67667
29062 69 89387
40856 70 44128
40346 27 64072
14973 62 40670
77062 80 84237
14721 96 79197
8900 72 31483
61284 31 85129
41867 12 46793
15394 53 93256
11789 70 87337
28279 100 82906
28930 35 92812
44096 76 69462
10580 67 20416
21872 6 99726
63312 15 79458
6559 52 61195
2467 86 74239
82457 84 83865
21261 20 76521
19364 73 46042
27761 56 68825
55142 87 62747
75987 43 94971
25141 49 65467
2109 12 92598
27506 66 94432
80431 69 94046
21291 82 33400
4495 23 72405
6425 24 55603
7506 29 45226
14117 24 50326
31392 36 73193
76077 2 76827
37967 70 61391
4996 15 25626
28481 71 67248
65594 1 70630
34900 20 51650
24942 33 63213
72865 62 87039
68942 22 82828
9209 11 16521
32099 42 53017
86206 46 90583
18019 75 87288
38841 63 38967
37429 70 71509
24184 85 44074
24070 87 31005
6983 30 38269
1197 74 46029
14134 7 19996
23583 98 47185
4189 97 60849
41495 80 66382
35869 91 81285
42744 2 69744
1506 35 72610
14511 89 77757
58873 50 83877
47727 41 84233
38824 53 88563
20435 30 71332
13554 89 81889
35280 27 64639
59765 37 66711
40858 8 44443
31345 50 99675
75076 2 89990
87251 98 93959
18350 99 56894
43569 56 46792
61806 17 83426
31742 38 57775
10292 80 30695
26488 70 61375
8980 85 56915
69365 8 84369
34917 4 92840
67338 71 92776
40133 68 41187
37488 55 43398
15469 25 62802
12879 21 17855
67240 20 79104
65100 80 97318
12462 54 56278
38737 43 56566
29078 73 43547
4368 77 94376
12544 21 14978
63962 51 84584
12545 46 77842
31659 25 60058
47811 53 69985
9204 39 21206
68370 44 77949
29586 76 99969
41617 36 57224
54551 37 85673
46511 60 71664
20325 13 97065
92100 97 96444
5061 33 30393
3191 24 74593
37920 80 43494
47079 70 97038
18252 78 95441
65716 67 75435
84632 40 92471
37687 38 55200
49295 65 65400
50964 42 90724
27565 16 77728
60153 12 94366
52469 31 74641
69308 99 71322
15775 87 49665
74629 10 98244
22390 64 85793
23927 58 33123
48518 95 51756
13422 72 54270
13675 36 39971
12158 53 53231
34252 24 93001
76909 81 90971
27749 100 55764
27038 44 77280
17674 17 42816
20778 2 47787
11093 14 40483
55381 78 91993
42161 36 74219
26367 21 53210
13795 61 69481
28957 49 35236
25753 42 55088
50235 78 51445
4961 37 97509
76177 68 99720
29437 20 65629
39743 49 99258
25897 78 26860
30594 99 83914
37172 26 62263
28807 62 87880
7430 25 90932
10436 65 66636
26796 18 55974
50218 76 66677
32850 52 38681
37554 31 99975
18763 79 39816
17751 52 94862
26473 79 74867
36087 28 93989
75664 24 82832
4602 97 44999
15723 92 87174
22806 38 88589
2917 98 23699
3490 64 98955
13744 30 24424
8005 29 28417
44800 29 64866
36150 96 94234
31773 27 60365
877 32 88791
37055 70 62322
9353 33 48368
94560 18 97554
37429 68 84056
60936 11 96979
51551 64 66640
81418 86 86727
29457 96 68378
917 45 39253
28478 47 52431
2922 31 74624
9563 63 33051
88000 8 88937
40710 65 68538
16517 59 63930
66346 35 98117
10296 32 16808
24628 46 31437
45299 85 67835
43008 86 78181
71915 42 79874
1030 50 2097
663 43 68755
22789 1 98190
22914 20 86395
1852 26 66622
19869 36 95702
34621 44 99995
38753 50 99546
64861 57 93511
15882 54 45790
13514 11 95080
60248 5 77214
11337 25 70718
5462 17 53928
90451 24 97011
14933 12 78874
28169 32 50774
46434 48 79738
32832 16 56776
77369 44 87318
45910 88 61251
17863 13 35588
31710 35 65246
59715 12 94929
93310 7 93650
21831 100 62088
25009 22 89432
34862 15 46056
94199 37 95805
4917 8 43476
54864 86 94384
69884 90 92977
21812 60 40030
41844 43 79810
72817 20 85957
48569 65 98399
42015 81 42561
26196 19 37994
1217 35 10345
78461 57 80746
61282 22 69523
47886 75 57250
26106 78 81770
21407 39 33680
10969 91 22770
15156 1 83553
746 36 57886
72757 7 74550
18187 49 68267
30480 15 52706
57253 14 65412
3686 81 24386
15012 54 79032
45553 60 61183
1004 26 63464
62602 81 99111
29864 56 80305
4998 54 31853
4045 25 13169
13060 18 69251
44304 46 79870
30854 65 56994
6230 78 95657
64337 97 93829
37119 41 67620
13252 85 89987
24137 1 77160
35212 34 99537
10053 81 30306
17443 88 51478
257 75 8050
48921 67 90524
52421 84 88337
39922 50 68285
43843 58 62690
3796 85 73910
66022 51 87168
21836 9 49968
34911 34 96913
76889 75 93410
26118 63 48897
76830 40 97086
32759 88 94642
20011 80 51168
16017 3 34421
66259 6 91591
3169 77 93751
9901 26 13343
16187 36 77059
15119 44 92245
42839 32 64908
58774 28 61842
2767 22 29428
40033 92 54241
67960 100 98298
12618 98 34965
13543 13 75344
2088 88 60284
22967 83 93704
11247 2 74518
14455 86 95919
75588 97 89355
81557 87 94520
18982 13 41101
24465 38 57585
50123 55 84656
31716 40 46314
56369 16 59311
2649 17 8924
6756 93 75715
34710 30 90118
8593 96 25700
35782 58 78742
12797 35 26807
32904 8 93640
17899 100 22482
67483 41 99517
9608 30 37401
29905 38 35789
28345 59 43448
40542 22 60572
78372 45 93871
8657 65 64293
28379 13 50455
75341 25 90079
4250 7 14310
18039 60 33931
14108 99 74805
24165 77 99983
10289 76 53791
9363 43 95786
14844 10 95994
14560 37 87275
73411 54 99007
11592 27 40650
36732 88 57746
4032 51 13202
50363 80 79922
3101 19 84655
79657 87 88230
1797 35 69820
67693 41 86001
75392 3 82571
80427 67 88235
53860 64 61668
76319 64 83181
5745 29 8885
49339 13 70532
6628 77 79374
19205 18 99773
36559 45 56258
57407 59 58216
83381 53 85349
56772 90 85209
15705 65 56468
49171 7 56439
62792 22 91271
28601 76 36584
77588 83 90662
48042 98 81775
2994 87 77300
81633 66 91307
20292 10 74470
52984 24 82472
33131 82 76816
18048 89 38906
23747 68 30424
61840 6 82713
51003 25 80177
57347 16 73989
27739 40 41191
1285 65 74077
11247 91 70361
3576 27 9892
44805 42 99199
83436 24 84560
71949 32 91981
13061 52 33458
15071 63 29149
30635 22 86583
20129 86 47903
4471 2 14228
86516 74 97628
30225 68 67541
10097 18 71738
975 94 24154
45591 59 99664
11695 31 30871
57594 63 69035
4973 7 78841
69323 79 70058
13801 92 68849
15736 13 62441
10403 14 75516
20828 28 26431
49052 49 94735
44756 45 99953
30813 3 62900
15412 32 53820
2892 52 63248
26950 88 57803
89926 13 92175
53482 8 80850
7518 42 97216
18083 58 48600
44841 41 92717
29077 100 40426
13073 23 61194
23517 32 48315
22443 95 44697
42978 15 87607
16923 84 73894
5499 42 54107
48694 65 74438
2216 84 37189
65678 91 73993
846 97 48396
15619 13 28570
19434 66 65864
75491 85 86621
46460 78 53952
67039 64 96440
19577 28 39565
53345 100 64520
24575 12 39531
52658 92 70045
39422 94 82774
51132 32 75671
41154 73 56247
848 69 56305
50080 46 66639
9944 17 16543
2149 87 11593
23900 34 60803
78293 5 83218
50684 81 85280
11588 24 31337
38330 49 66215
39567 52 86471
10008 59 80999
15136 22 19860
22013 3 88691
35042 80 64654
63235 9 73269
30152 86 90593
19786 74 33031
89342 94 90288
12554 64 54964
44958 57 45954
24260 40 44329
73668 60 74828
35244 28 63024
67576 56 70604
11359 74 20382
34112 12 49939
6608 2 32315
21627 69 58696
36453 45 40906
10257 78 64168
41868 6 49614
3822 34 20383
8660 96 92634
8283 67 86034
20481 86 55319
7543 19 21278
13119 65 40974
62805 17 84865
9041 95 27676
3887 12 84342
24578 61 52720
38504 76 95313
46379 24 95441
53299 99 68360
35833 60 46294
89486 5 92315
64296 92 90213
52590 96 80912
37478 51 88829
30440 44 63319
1343 41 15865
77839 25 80781
9299 76 81643
32625 9 72312
7035 24 47953
11145 10 11364
33455 95 59189
28703 64 95246
2073 43 27199
12449 94 31206
66427 28 95812
73462 76 99712
2964 38 75499
29078 8 88338
44675 78 84570
19044 29 88777
51671 23 95068
6095 86 38831
38918 29 98256
8952 31 36244
2849 43 69154
12833 84 93973
60075 28 69280
74740 47 83384
26641 64 90145
1531 7 6086
69468 54 94734
71657 38 82463
72364 12 83578
80799 51 81497
43926 9 81386
2673 35 67763
35150 52 74179
13738 44 39069
45284 56 90802
13310 55 45923
88885 19 91608
23310 30 77517
54618 53 92691
14834 68 48499
32145 65 36246
14029 80 72141
13764 92 19622
6541 12 23896
67631 33 84644
3069 54 50060
58791 64 74960
3819 6 24363
13471 9 33384
66275 88 96149
64403 62 66559
52433 75 54367
70754 33 97779
35870 91 41709
85724 9 95944
46423 73 55212
26713 100 42823
10476 2 82137
78365 78 96166
63410 82 88789
39742 36 61464
5975 35 70034
76953 36 98127
7574 14 41414
69006 49 84039
58095 47 67181
89446 76 94657
86616 43 90463
90753 55 98838
19576 65 20437
20256 97 52869
42948 66 84659
35640 89 73193
50852 70 68318
6872 89 38012
5898 22 50694
54493 10 93860
35805 41 76514
2019 100 81569
13488 13 78038
46104 52 65033
52152 6 58991
42864 89 48263
75697 69 79879
49882 28 90225
20715 15 20932
62169 68 98065
7498 96 44080
26654 42 98876
68522 44 91867
3232 39 36886
44246 83 67947
37383 19 59412
44393 40 57077
33103 89 90417
62053 55 67792
24749 26 29642
1254 83 1946
29226 83 83263
26770 41 73531
84340 49 97339
15118 31 64958
16593 60 54128
78379 49 82582
54189 81 99361
40977 57 58682
292 88 25233
27071 30 46382
35278 33 46558
15782 52 57142
19005 93 40778
76899 86 79311
47695 50 58409
20392 80 51210
50424 50 97952
42818 74 79640
51915 39 57197
7255 59 43830
2787 23 78550
17357 51 74925
9818 74 59043
2642 62 45895
29024 87 58503
46306 49 84979
650 32 61733
28650 90 67008
26847 94 86294
34615 26 55124
44229 49 68719
16155 9 39770
1282 45 45909
51349 98 54653
5152 19 39301
83857 97 97254
13490 22 17506
37483 46 70905
7171 1 96523
10723 94 53367
65859 26 85629
76918 41 80994
84259 35 91216
15629 4 30612
95288 3 98108
12862 69 74252
49897 83 83761
17930 67 57701
1310 27 18914
32135 56 64435
42839 67 88989
7025 63 56144
32227 98 69244
78113 90 83178
22718 43 56107
32543 9 56737
63850 5 70206
22185 49 72771
17511 17 89639
2555 81 23778
55205 70 77813
82460 18 86651
66726 85 95846
2227 4 62573
23994 46 64934
155 76 22724
64128 86 71444
50522 95 69131
24041 19 91653
18276 88 19426
50005 80 90673
71655 96 99001
8311 76 89467
47685 59 70411
63409 68 96817
44177 38 84010
12615 25 83786
28317 57 79479
40647 87 84388
70345 8 85764
15066 67 83185
51775 4 53711
11065 68 83457
47534 59 93767
27868 91 74271
68399 22 78384
23941 53 87884
25547 59 54844
64140 57 98133
59811 31 86025
8332 47 47856
26269 74 77902
27599 53 83454
72055 59 97958
27886 31 81812
1052 56 45992
35922 42 65155
45842 11 96757
33471 61 44989
47932 18 93502
49498 10 65394
57836 28 72314
74706 80 99946
54471 46 54845
66565 95 88857
34108 64 44043
33476 40 73649
63500 70 64160
25855 89 50747
2632 50 16989
371 99 53317
64378 48 90340
35069 33 62098
1921 50 63968
83918 5 95814
2409 18 21320
2027 27 35507
2077 16 70261
58996 75 62403
3139 77 42318
75170 71 90000
8995 51 31512
14214 11 58344
19426 57 30715
47354 3 71686
37988 100 88756
21888 27 72764
45969 53 93956
36552 33 90505
23338 52 90233
81651 26 87752
59969 56 72805
50359 1 82163
40217 15 61065
18209 12 68649
77212 8 78777
22464 23 59138
52357 99 72036
44168 11 72346
45159 77 60304
89149 87 93237
19269 4 30022
25830 61 61446
