2000
84166 53 88100
39897 55 49134
38277 3 83669
38412 33 43042
75601 14 98020
30023 17 96104
20352 27 37014
58202 100 61685
45365 48 52677
30128 71 49058
22229 67 88602
48460 52 76019
9518 97 13325
43650 18 97667
31723 3 58998
974 64 19074
86655 8 90900
15786 42 21865
23015 69 46755
3809 32 82933
28960 94 54325
45364 63 66344
2674 81 12111
29311 77 55714
14404 65 98609
8482 63 52641
17904 94 35990
5233 51 27778
14151 10 27864
7143 70 74351
53981 63 90500
41312 62 49324
30658 34 58046
28986 26 43714
29698 75 46560
45521 27 62534
66973 69 75455
56158 89 65507
3813 13 32388
46817 1 62603
48647 4 71624
75667 61 92307
6764 98 35614
57170 28 82962
85971 70 95489
40665 56 49255
58371 55 77591
23202 97 78803
62535 47 62851
8069 10 28554
11741 100 75563
38970 37 42289
3512 14 74501
44108 5 95939
1098 60 36660
97 56 568
21115 93 25724
38246 95 76538
37214 72 85903
74689 42 91908
1775 31 46951
12023 22 74164
31968 77 79488
7278 49 8446
14679 45 53698
76743 99 96675
3320 97 26597
3841 91 36337
6119 91 82237
2135 73 68082
52889 2 77367
20017 13 25485
59887 57 75330
49716 90 71286
343 60 4262
7655 87 41348
10940 95 68096
63525 5 84912
54547 16 74536
29217 72 33155
40296 9 78088
25897 51 36636
25042 49 50429
16894 4 38525
68889 28 90518
15313 76 72989
74652 10 95081
34531 92 69376
289 93 56358
92708 89 98920
36896 94 63026
51766 18 67175
82292 89 98379
25790 97 73652
76068 17 97907
51295 84 96061
38833 13 78490
62269 86 91473
340 23 21593
19696 95 21124
17402 43 43321
13457 96 47707
49382 40 78662
28041 84 75297
10085 56 32364
1185 27 77705
55680 44 75809
59092 72 60003
8870 39 23097
8345 17 24458
54492 90 64760
65670 45 80333
7567 57 56086
43566 79 86568
6835 19 29354
54100 68 79753
13298 45 29499
21589 11 37549
48100 17 96911
25856 63 88968
44062 69 54226
12395 73 76851
9402 54 11533
86324 51 91613
45769 90 51915
33956 32 50427
36308 97 92922
19237 92 55874
8630 88 72502
31616 29 67084
45396 32 61648
7403 35 15044
549 68 67266
49596 100 71315
37286 22 65264
1270 46 17069
57901 17 81303
21947 15 68137
3649 31 98120
23119 60 85881
39808 38 92379
36329 76 75531
41193 84 55195
35936 72 71511
8962 59 36308
23277 49 89788
32656 90 52468
75807 85 78686
32679 91 89893
37956 40 87290
15741 77 48023
10734 51 79775
13818 35 48910
66919 2 74181
11493 89 69275
20174 66 70796
1799 83 93528
26867 38 39926
65911 80 92118
10412 43 82092
16885 35 23393
851 40 21220
53023 2 85507
19255 22 93296
68185 89 69932
28659 23 48564
10513 90 86057
36128 75 84396
30137 97 68635
15221 80 72136
54224 84 98686
55202 90 90980
67542 31 98200
41655 12 52211
26073 59 38747
46108 37 82810
95793 53 99883
2884 12 8417
32332 13 74121
38701 11 79236
36772 68 95823
72052 23 92236
8559 11 57676
12895 68 70695
69342 66 82286
40927 18 97245
24037 75 97315
15743 33 92652
46188 67 54761
13001 45 52922
45457 86 74278
91 60 80987
19010 78 25610
25585 35 35757
11255 76 59526
15482 99 28609
49229 86 96942
11342 94 30718
18205 98 48444
19411 52 92381
80997 46 99461
18548 10 65271
53977 77 71900
8269 81 71807
41543 33 83967
9718 60 89531
34813 35 83041
53750 69 56569
53152 67 72919
8118 65 82882
6388 3 68624
52236 75 85708
48569 4 67694
18555 32 66017
3696 37 13127
9229 90 94993
44844 96 73950
34900 53 68642
65818 51 70517
73181 30 73339
55389 50 60329
40410 12 57647
30969 61 54191
7521 65 58844
80013 16 88918
545 79 85148
5956 81 33667
17870 42 64156
78939 12 90707
51837 56 57955
30745 88 31416
76840 7 86574
56995 81 97000
46491 100 84614
69729 50 75195
32002 46 53712
3189 42 43977
32832 66 98700
7260 36 18047
10669 74 98566
6152 3 17640
29026 85 76903
15340 20 51594
53713 30 68636
38640 30 49356
428 18 90953
67839 73 94859
19028 3 31854
9860 5 80666
38726 19 44183
1841 65 70684
31819 25 99130
43223 54 61743
38352 82 60855
29450 82 42951
35865 30 69135
12111 93 14320
26920 79 70712
68765 36 95027
10892 77 76385
39583 45 90952
21644 9 25637
2793 22 48310
2338 77 36698
39304 69 79396
4424 37 44416
66200 27 75858
33195 47 56424
3590 10 89796
99452 3 99760
89128 38 97612
17532 51 53855
83900 50 89347
25330 44 53197
64349 18 77528
36339 29 73382
6766 35 32589
15942 16 27731
47245 28 95140
6954 85 25869
9747 82 56890
63755 39 73310
23082 11 84112
85691 42 94667
36557 58 80767
49374 43 99346
8338 69 91541
29118 46 48610
68373 73 94683
18224 39 23213
25791 20 80491
85554 21 95972
12543 5 84058
2044 17 64420
62608 58 87672
61522 75 91468
7888 40 17815
43999 56 52815
62934 77 89896
18870 34 41198
15148 35 74040
32108 6 54917
64657 56 68547
47701 19 54048
67206 44 70434
48469 1 87587
68521 80 91371
6124 45 48926
40121 20 79179
26168 55 26333
52684 91 93072
36175 58 79113
56824 78 70461
2401 99 85656
15101 50 28802
64079 91 76920
14223 9 88151
67654 74 99096
64218 78 65639
41179 25 62363
52176 7 54943
6025 46 6189
52677 90 84856
10874 31 65157
38171 64 89249
38677 66 65069
47729 37 71578
29755 31 37265
71692 15 91398
6219 10 69530
28378 67 89512
24768 10 31571
16292 78 50492
43664 42 73696
68027 48 98496
39234 91 83182
66269 83 72404
5094 85 20424
23291 82 90594
83362 32 92822
11710 74 35907
68340 100 99579
53323 2 59443
18549 72 56604
23484 31 30223
36769 16 81891
7743 28 17578
48064 57 94980
17761 52 31096
15255 55 20428
6935 88 17320
72344 43 90439
35988 1 42658
55389 32 86731
36923 52 51842
18766 45 44469
3631 69 90371
54002 27 82904
17619 61 27445
2615 75 79271
17935 34 51923
10346 40 19849
84686 2 88145
42861 81 60914
1358 7 66265
59774 35 86307
21695 45 76259
8602 94 37495
20389 47 60520
35575 59 68357
6264 45 42286
9127 64 23942
15413 72 72282
40196 1 56831
23333 82 25407
55326 92 61150
4170 53 17366
39945 11 66646
24027 47 48919
4135 49 69759
11734 85 94546
42922 36 76731
78665 81 90889
50024 59 76334
13610 72 89786
37521 100 78743
25989 58 77211
68244 25 76755
6526 97 94629
20383 72 46146
45587 58 58368
57332 55 87519
6381 62 33945
211 13 78453
50320 38 82746
36046 41 78292
7407 86 59580
46859 25 56443
7024 63 43721
53190 39 84794
53907 31 66141
42560 62 59456
12778 14 89551
52807 36 92115
7607 16 59902
5663 76 29660
9395 70 9663
16370 13 53402
28023 11 62568
16620 5 40523
49414 28 58298
17635 24 76028
59819 66 82656
24859 50 47345
33905 1 73453
51628 34 77540
76967 68 94238
39156 19 83655
52400 54 80008
22029 91 52130
7426 26 45915
37393 19 95653
38893 84 41730
28904 24 36190
47503 42 65453
17046 59 44534
40149 68 95686
74028 35 82947
48015 44 54526
5540 8 14895
50777 80 92356
48945 23 89239
25093 21 64265
23340 2 94686
26680 74 49055
32740 25 58279
35061 1 72275
12376 62 36289
26897 63 64311
58929 44 70691
68578 80 75683
8345 72 58892
33726 88 86514
11264 29 18344
22822 74 75039
52017 13 74174
24610 12 86164
45936 35 69214
36751 25 50889
6271 94 56910
18211 50 61852
10718 16 49943
35180 25 43878
45266 23 87487
33024 21 66867
36114 8 88974
32948 23 80502
4262 86 65619
38829 46 58581
34184 100 84124
37981 83 97674
59095 63 86662
26280 44 93761
55286 90 67248
48336 63 59183
36624 59 49683
48516 70 74552
33255 51 67438
48839 74 87141
17157 74 85514
14414 11 17797
19060 51 59113
77498 58 90009
10575 72 94450
2540 46 76280
61703 67 91192
47850 63 74351
1559 58 33142
76904 72 82570
10817 24 52134
15014 14 33144
25207 1 38863
3368 98 63634
39767 91 51916
23389 19 89121
18600 99 38419
61530 24 82207
37963 51 46020
16922 53 54928
12175 26 60795
23018 23 46358
9128 21 80332
24901 41 58843
4860 37 17621
63260 82 87829
22387 64 60854
51130 61 62436
33192 9 43601
6746 30 10189
30197 17 47093
8562 71 76091
10874 8 61859
64314 26 86208
34504 84 96798
290 69 18021
16865 80 31274
2911 11 93026
42352 82 47524
65577 21 85619
64346 55 84637
82635 74 98707
14766 21 24143
12952 75 60988
3664 1 50633
41778 93 44400
19763 8 62426
36424 86 39763
25830 79 46063
23603 30 56296
71568 36 80909
24240 96 49774
17797 58 71479
6061 70 62525
3902 94 35874
15849 32 84181
11471 63 25261
30423 82 94911
379 27 65886
90936 97 91072
55272 85 59599
12153 33 25691
24550 21 33003
73070 53 76626
1177 98 94706
37987 88 89853
22324 37 49967
11041 10 40421
19433 56 33120
86770 45 92346
5268 86 78614
45051 9 69144
23060 71 37315
75771 55 77910
15032 76 46254
30212 88 53622
40746 54 58896
24272 78 56724
60488 89 76064
48301 49 77069
25684 63 88889
19430 45 91131
59184 100 74480
17624 35 69152
95926 20 99872
10645 11 11713
35818 62 69750
21948 53 90713
66790 46 74754
36336 93 36554
11780 100 38114
68813 72 80422
10066 2 49636
4007 43 24736
6700 40 79248
30563 93 99848
30 47 29123
5635 71 52475
57803 65 96442
39521 72 61642
23068 94 47290
6468 38 98767
40639 71 86098
45392 49 47574
63522 67 82426
69264 44 73880
1237 35 51123
73713 22 92760
72095 20 85537
87573 48 91519
49795 56 51654
58691 58 71772
5642 64 88883
63463 20 86807
3756 61 84011
47696 81 49030
19101 47 41923
33842 99 53195
79209 50 93817
32818 73 40483
9160 20 34598
15562 20 35140
56908 94 99907
8416 5 61418
35074 96 88103
48636 6 79019
37199 86 83735
26576 22 53438
6365 15 63755
56296 44 60846
29047 19 66578
490 52 73363
4329 79 59667
57146 34 69561
908 48 81513
57012 95 73956
58730 17 65901
27904 29 41679
15764 69 76284
29874 84 53701
91128 83 97603
57643 14 65818
5226 88 45356
21920 72 37671
43710 83 69956
24391 61 54444
38371 37 90968
51992 98 74359
40272 82 74943
41747 37 82637
51856 90 86894
11629 82 23703
70297 64 83812
10281 87 59019
41174 56 69095
81717 78 91172
38178 46 87901
35976 33 62723
5956 44 46337
70842 94 97678
502 27 99217
31603 8 56652
6656 42 41795
5299 29 59101
4457 8 31461
10288 72 56189
9901 60 79810
17348 36 27083
55594 38 87252
12208 75 95702
64935 16 65305
17302 58 79574
59569 60 64130
55210 33 94827
29258 17 71582
62661 46 95816
69862 21 91583
65486 36 71569
5702 22 40839
11762 45 31497
25638 81 41957
8786 50 11852
60182 75 88966
10897 57 94908
41645 54 42287
71630 27 86577
56862 50 82321
13956 48 63200
77073 36 94565
3931 39 7066
54922 11 58949
3873 57 46123
10618 88 76351
13169 25 23767
19644 43 60577
14076 1 99025
7422 26 28408
25813 51 27727
70953 59 90488
36206 29 97986
6 47 89393
81725 61 93249
21211 71 64413
74467 51 79486
11699 35 83528
67193 35 89548
30255 94 39649
84961 38 93598
4517 15 57681
17804 75 52092
70236 29 79522
34991 78 81064
4635 82 75999
52163 60 79580
50902 53 57450
8712 76 33996
57125 77 82753
51867 65 92123
80480 62 94047
62465 38 74472
45055 65 76545
79173 40 87033
60579 47 74442
15138 16 41355
7887 94 18893
64574 74 74290
61557 7 90963
25474 22 70157
53747 52 73988
48168 10 51664
7041 100 97881
18855 25 23096
34585 33 35677
29170 42 97550
43695 24 95105
64000 27 89959
9093 96 65801
16840 51 79132
43437 38 97563
48643 44 85033
8305 90 89448
92024 38 93876
7097 97 93666
15547 59 45684
7107 67 39972
15305 36 72363
65739 89 70694
13694 79 92895
30595 46 47490
57926 14 78220
7140 75 10263
28536 89 47427
50873 68 79938
89669 33 95114
40033 36 66387
29640 25 45722
17684 18 22798
38579 91 64748
12860 45 18797
37471 71 85516
45437 18 79473
35894 60 56873
13973 2 68670
53928 25 95288
49682 27 59518
25154 35 39667
30132 98 77203
69072 92 73346
89476 81 91651
42657 59 46160
34748 17 74960
55944 54 77653
28937 11 53089
43917 97 88719
37827 67 97442
32509 53 63735
62421 36 84866
77265 11 95115
23400 9 52446
55154 76 94666
84039 5 99526
13531 46 39549
4035 2 34681
42936 9 75347
8053 47 90566
3818 72 92373
16114 47 99923
80326 28 81580
73221 88 74884
56619 25 88071
21142 13 95470
75709 23 82383
26202 74 93287
77396 72 91417
8212 10 37212
11339 73 39085
14793 86 78359
52483 2 77837
34509 33 52087
16946 9 97006
1927 59 64502
25011 14 93846
19559 38 39052
43932 20 47005
48207 40 99447
35657 38 50518
77708 74 92862
8752 99 18615
68048 28 69667
48906 59 87120
41757 3 79376
70347 39 83955
4006 16 8587
5715 56 87194
83678 90 98546
39304 25 86566
29592 80 95238
3719 26 57195
21553 30 66446
13185 15 19335
74711 97 78639
22244 14 61340
17296 97 83874
43890 79 88473
85767 100 88329
15327 98 81589
5492 61 12335
12015 41 28897
42114 39 83766
38013 48 43611
60063 97 89668
25442 3 36520
25513 3 52051
4947 56 84841
1878 62 9396
53732 20 80487
4687 84 60085
74682 60 96728
10672 7 86281
6079 19 92746
17513 59 29700
11742 42 42811
45724 42 87360
16716 21 52517
31544 43 46477
6821 70 82760
67151 64 93380
3604 73 35997
26912 9 96534
36794 12 50721
35834 86 37488
75230 25 76925
42114 8 59812
46699 20 66734
6591 82 52169
8071 24 44418
5776 51 89860
41440 9 53789
44489 74 58237
1309 54 77903
53989 31 57289
9901 68 70315
71518 59 75736
22059 68 54681
43627 45 80217
32197 74 89989
41326 22 90545
73671 21 86635
32599 100 86225
42231 75 63425
24828 98 94134
60664 3 84452
10035 43 89601
74739 38 87125
43598 25 78381
11231 55 83872
4196 15 55275
39470 77 46770
58320 25 65563
91929 1 93189
15889 90 41286
70353 67 82207
90982 93 97897
58313 40 60430
18234 61 93758
19029 20 22940
57757 51 63142
17369 14 27700
1632 29 55858
38105 32 61487
4530 62 21259
51213 50 56416
23269 34 99884
75605 75 76852
22854 70 68061
35758 53 82359
59367 48 81874
39146 78 47971
23739 50 95260
6656 77 9959
6165 72 14948
81878 30 98092
41584 29 57217
54410 18 61901
77051 33 96389
4634 62 86148
43169 40 90820
13153 1 14356
26503 16 78015
57843 1 60082
18017 69 20002
13052 29 96755
40227 30 95902
81295 26 92106
12769 50 54864
25435 43 87166
4026 70 22755
32930 75 98324
34994 18 85355
74583 99 89645
14187 49 17094
27974 78 95554
26627 32 67009
10361 34 89023
15642 17 99051
45886 100 77161
2854 9 59451
63450 51 72107
36013 26 38409
7326 54 97074
29351 85 74940
75478 99 92361
5659 48 95023
52504 31 88302
45575 56 72468
32387 59 81225
43715 14 96026
15052 48 93728
198 27 55270
13981 82 31868
17315 86 84941
29132 82 45752
11202 69 24049
7866 44 92459
20431 12 42252
41846 40 72270
55824 11 74399
61657 32 68680
69792 42 77234
1181 93 31060
44010 8 88125
8563 87 47603
11657 10 43835
49313 93 88990
4 55 3599
42860 54 59717
29290 61 38475
6842 34 54223
16621 47 43236
42770 64 58941
79195 91 87757
65110 63 69787
12858 67 39957
9153 75 73474
56913 97 69421
91343 18 93997
9227 12 85760
23338 93 68026
27922 57 39937
27314 91 97800
950 83 95570
46439 75 90929
29102 95 89162
20456 24 74177
77353 41 97192
29567 86 40113
67672 10 91812
62386 4 75650
12161 77 27264
34350 27 85228
11714 39 97943
55747 24 67190
27585 88 59975
9047 89 50782
7896 41 48461
47204 8 79043
31256 66 55185
34137 77 83453
27470 81 84327
90750 96 99035
38333 86 91624
90408 46 91529
76474 60 87577
30515 62 49880
48047 23 99647
91611 46 94705
32035 82 57822
35684 99 47539
28250 14 66269
30383 75 86727
30469 75 63053
27779 17 31952
16010 40 56894
29836 88 50678
57104 61 88933
64485 15 75384
18815 51 48095
31969 71 40089
4934 100 65569
50999 7 93617
29529 83 72413
3043 82 32071
34787 67 71764
33889 64 83296
55381 91 84985
8691 65 85752
56972 89 77160
14569 49 70051
2751 99 31170
7801 30 77197
23374 5 63953
25495 88 77932
8967 8 41530
62907 67 79928
6096 50 37276
14033 47 79711
10556 76 69182
7699 80 96228
31852 75 76787
3335 22 54910
13336 65 97607
66860 94 74005
53427 88 92227
42076 56 79319
54002 3 84243
13579 52 98650
34768 44 68792
70057 11 73790
10268 80 91157
27676 30 51156
90655 77 98202
17862 81 65527
27306 46 36904
43812 26 82896
17517 77 39898
41588 55 76602
73338 27 89935
834 51 48140
37365 92 63998
23899 20 27150
19846 46 37252
8583 81 54401
60640 100 66028
86826 60 92796
30722 58 65330
46040 30 50779
53665 92 86177
23590 43 32713
71507 43 86071
7387 7 41560
59876 57 94979
51091 48 76362
47803 31 89641
7095 59 55199
8050 2 63991
58209 50 60395
63461 59 71016
28090 49 45878
26255 35 69587
27966 25 45965
1858 62 45657
70220 49 71288
1676 65 86860
70619 82 75291
4946 93 7933
15372 74 53252
45651 22 56173
5481 95 30383
49257 66 68785
32461 12 40965
5895 97 38325
33437 71 73335
2334 73 65914
27964 12 96641
16346 66 56461
23428 33 58515
35793 30 41054
32515 57 38506
26588 23 93886
51659 60 98064
83948 44 85580
25869 85 38880
10377 39 70890
47827 52 79508
32184 43 71009
41269 39 51997
117 40 69383
25556 33 63306
58328 18 75176
1391 99 81186
50932 2 87588
49654 85 73585
37931 8 95522
32959 77 80135
14733 62 42706
30520 80 81304
57828 86 95430
16250 96 21040
2144 97 90742
5821 66 25150
7416 87 61619
6840 49 47923
19776 12 48954
8173 4 35894
1365 53 41013
35786 8 97192
31555 9 35926
10061 3 44325
22406 11 43440
20548 85 66174
81340 46 99947
21654 8 74075
23767 1 41486
34024 61 90351
73759 14 84340
5425 12 97192
18698 5 30839
1602 53 78696
40317 84 49493
14604 77 46785
23351 15 83954
60702 35 77338
18787 50 78126
64944 64 89547
3579 71 93523
70708 63 77761
13269 90 35037
9022 96 21528
22944 16 61840
5047 19 75998
70496 30 90253
21638 18 36930
4829 46 65780
24215 31 34529
44542 84 58772
1911 37 3980
73214 63 85650
84381 57 99700
21604 48 87318
45872 27 51677
30119 96 95236
5906 54 11344
77483 11 99348
13971 20 59503
2930 2 25949
18561 90 23396
15793 68 89312
9609 22 22603
43123 46 54980
36314 68 91863
16152 11 93013
30204 59 35677
75345 38 93165
53302 40 98614
15736 59 95362
96607 54 98635
27695 38 55572
13386 22 62477
19254 96 94632
32611 87 86893
8492 39 16247
46464 62 47501
28176 14 43022
25034 84 72140
60544 53 92182
62844 51 69276
47223 12 57984
41570 68 65763
22451 8 84337
11922 76 92533
29831 24 54200
26835 99 65859
20355 2 25071
41061 99 83186
35787 9 64505
40716 80 66674
8223 97 79627
62803 19 72519
18648 29 48858
35646 67 47125
7692 27 75188
16145 61 49909
27042 82 54507
10613 42 51651
21599 60 37832
24472 10 60078
45537 44 65611
74901 2 81048
24255 77 39592
6108 46 60721
36954 48 97629
12578 6 15550
64611 91 74881
48517 34 80298
41686 9 69287
47571 77 94508
25444 76 47550
26255 95 92760
16709 18 78081
16447 75 22767
29683 83 32403
35947 76 61168
69828 82 92981
25995 26 92501
19713 12 66278
8253 87 60475
44095 87 44888
5172 64 80252
40325 60 98216
12349 9 14525
62564 62 95064
17720 86 34816
65271 12 97309
49331 79 83345
4942 83 88952
25510 81 87798
61632 80 96025
12434 34 60362
63543 17 97075
23296 100 83496
11714 17 60392
44816 40 78592
23317 29 57888
12829 98 75858
16719 4 80947
9471 20 87434
6233 76 11848
50062 43 78680
22208 22 92254
27011 87 87506
41222 88 62957
22052 66 25144
7978 47 77368
738 7 6811
55476 87 93900
79193 45 79598
3933 7 86468
44524 75 81963
84236 12 99101
36033 99 70774
43913 52 81146
6244 56 75530
40743 39 76165
52275 75 84933
50435 66 55927
59091 64 96504
60114 28 74720
13360 36 35902
5530 66 48511
20285 51 87333
22711 11 96496
16386 73 26948
1417 72 68778
36644 74 54703
15072 14 88172
42863 18 84467
65450 56 99812
41147 19 57137
43663 87 91900
55546 5 87101
3548 23 52851
72073 24 83623
70528 55 74211
1876 27 65352
43037 87 55308
78202 21 86887
92660 70 93108
63197 22 92464
86851 94 89744
753 92 25194
79744 4 82056
38920 13 52726
37118 84 70711
29098 74 76119
9957 72 86787
77914 87 90677
56018 72 92668
18382 32 68955
90739 72 92821
34276 70 70363
14188 1 91266
20221 72 51727
18133 64 73505
47530 79 61373
15668 2 61196
13964 16 59731
6489 71 28834
59083 96 64519
57257 67 71804
17584 79 24575
69843 52 77673
90196 77 96897
44435 76 84104
40651 12 58505
53352 38 79483
10104 61 30633
8949 19 11440
14782 49 77545
17315 58 19579
75838 98 90135
7717 80 33600
13754 27 22533
82405 66 99275
74602 99 77473
18857 65 64538
22052 55 26429
19808 73 33482
42377 34 57704
5847 36 58745
12192 51 54019
87562 40 97332
83513 38 94794
29326 60 89703
2760 11 43708
12523 56 57705
9734 32 61499
32950 94 45733
77629 79 92627
10435 82 59416
29308 5 58928
26761 36 79375
8725 26 50105
19688 31 26987
51209 17 68417
20971 31 29655
27744 71 30302
29913 11 96135
4703 97 97992
60093 31 91973
18444 62 30806
19511 48 89830
12359 97 83172
11963 100 50161
62886 1 88398
11306 100 69129
18141 68 81567
25504 25 96254
28025 34 76046
1232 62 97011
1668 2 84129
40783 1 61015
85956 19 99821
48863 1 85964
79491 36 90459
824 17 9589
29102 85 69934
6236 91 97176
16258 23 43850
26011 97 39960
22917 81 39949
47356 17 82781
36334 80 94812
19360 72 90887
7879 52 45092
54226 37 60438
6414 38 58587
55058 46 64198
7232 84 22943
23650 96 37173
16632 40 64772
50639 27 58469
42985 12 89068
20832 64 36541
72656 62 94674
62946 72 77444
7898 69 75455
162 39 76424
5441 94 28210
64943 4 98907
15198 99 35100
12449 55 78256
47111 13 85926
34567 26 72708
65567 22 85505
7914 4 87326
47356 21 49929
8222 99 73315
45083 77 69613
16004 51 59978
12953 8 67488
30933 33 60262
73755 46 73938
47683 92 85005
18011 95 72803
26983 70 44813
29383 62 64902
10615 33 23240
44516 73 47657
80231 4 98947
14590 97 95034
5326 27 85341
80347 5 94035
22796 30 77187
41432 72 46016
15605 78 57318
59322 18 91144
20028 47 89937
88879 76 98348
31550 32 33183
7998 1 63683
14909 83 84504
19393 9 75896
48353 57 65312
41120 87 50167
4751 30 57378
33535 82 71878
50060 16 85712
29279 70 43849
86739 10 94213
63012 42 81106
69149 86 91466
64882 11 93058
16996 16 90856
5036 46 28349
44713 68 50719
37422 30 88810
35482 95 85670
61499 3 79660
27092 52 69325
34716 37 79995
13048 79 55009
68072 41 83526
20877 39 79905
34848 59 35732
60214 79 89897
23914 52 26517
29868 18 72849
51788 60 96418
17648 26 61582
49947 78 82822
43488 71 81938
18338 75 35482
49250 52 78092
27885 86 63273
11331 27 86637
36998 31 90268
18389 89 36352
41418 87 47850
45875 56 85152
133 41 68315
24681 16 26857
28193 81 35095
37107 24 49102
35108 3 57959
33219 2 56078
44812 83 89900
62063 96 72205
22473 17 63847
62563 17 96727
56456 56 72519
56273 6 90538
8437 23 35517
10662 25 90712
18384 62 64048
57042 3 75641
69990 46 95075
53642 73 97707
6741 91 85854
54787 96 60750
39054 48 97632
36860 87 74200
807 16 4565
552 98 86979
10224 97 49055
70186 74 90494
64658 57 85458
26005 28 62083
14746 23 48608
30441 53 82235
25168 98 46839
3513 52 73527
44397 36 59601
56505 85 77746
40904 14 80233
2310 28 79030
20387 26 21137
53737 100 95935
42287 2 46844
25702 45 48664
47694 67 83637
25604 34 35054
13738 65 73607
42619 76 58285
39519 45 61419
18801 33 20202
54920 78 72050
67289 20 97586
29621 90 87275
52763 77 58615
18511 2 51575
16079 48 91457
2566 12 2643
1700 86 10326
16858 75 59786
28003 33 66008
6771 5 92993
43274 36 49093
3573 96 47848
21961 50 68535
13215 38 36061
50641 74 89793
18731 91 84111
470 44 19300
28713 24 76409
19229 72 79437
69799 25 85700
23324 84 79255
5637 17 32354
66224 37 80777
56649 57 67700
61188 72 79104
12948 10 58560
42687 48 91266
1151 27 4893
16192 89 92622
9738 58 72074
28937 78 43286
16538 37 41882
23105 30 29896
41971 56 77021
6203 85 66007
59510 10 60836
21024 64 40732
22501 11 87890
4232 91 37655
23495 31 87016
38660 86 52463
30137 27 31141
6832 97 87381
17523 61 92039
35392 52 50652
704 25 50533
39949 12 42530
1501 69 52301
19744 66 76827
81438 3 95068
38176 34 98493
17608 83 63947
34896 39 84457
17016 47 48649
59604 15 83318
24109 78 67889
59625 96 62259
9260 77 86579
3877 63 30932
37632 77 58410
58002 70 85868
71981 19 85803
22227 24 88595
65096 14 99543
24036 82 26068
52799 51 64075
7344 53 87631
9015 82 88327
19060 35 59925
38789 25 46637
58038 3 92621
33782 79 59065
49127 21 49968
29228 42 45184
44005 75 91947
56355 36 64363
38055 9 68845
20986 65 50220
18114 19 73092
18033 74 66988
36635 55 79247
42705 40 90240
47651 90 82735
60648 44 94942
3365 2 29635
85331 92 97536
5218 27 16592
700 65 38426
28419 70 48906
80454 59 82193
29567 56 87887
25487 1 75035
72727 55 86274
1222 44 83569
58824 23 85808
90163 79 98395
38502 31 80215
57179 59 61231
84718 37 92882
18485 79 82815
37927 21 51136
68559 52 91023
32618 90 51230
30701 98 94679
38972 82 59804
41986 23 77119
10442 77 34872
1756 81 74414
74632 25 96473
6294 19 21091
2393 57 6236
35043 96 36308
37089 16 73536
9381 14 72264
10775 42 42895
60200 72 61761
86211 48 94897
83639 37 94276
30508 20 52098
37575 66 75587
83844 87 90548
45802 40 68048
20236 30 38832
57907 23 60796
34614 80 72928
13397 32 49736
6941 41 56260
61386 71 98850
27918 80 63245
14352 21 19757
49684 87 98274
44173 75 62712
50714 57 74330
38237 39 52870
12112 59 12492
4846 20 56433
36466 13 71274
55958 57 65459
145 39 65088
1661 88 91596
33086 65 66019
13473 49 81750
56099 47 77073
47899 95 60227
21182 44 88983
71693 61 79475
37230 47 81371
53393 95 73323
2542 48 51671
8954 89 17054
56410 3 82871
2265 60 4903
38117 94 73512
75974 3 87918
38262 33 96333
34071 25 99154
83184 87 93825
19035 99 30898
54546 9 80740
4585 3 83569
59789 22 78800
23849 97 60044
35616 44 74474
61877 18 99092
69153 23 88629
26480 54 39839
20262 65 30134
24314 61 68021
12190 50 32255
55231 57 57769
30327 23 82975
10690 28 66446
52450 53 60973
64269 22 86376
27206 43 87070
19459 11 93186
33264 88 38106
62749 43 96346
18885 18 46561
30095 55 69334
36343 32 98024
22206 69 88867
17643 50 41639
31831 9 96934
8974 22 51805
5113 25 54305
14831 54 53491
78901 37 94242
27581 38 43276
70708 86 90500
62289 2 89596
30455 72 80247
16283 76 96708
1206 84 20580
23924 40 78665
3162 45 82587
25353 51 74900
54361 3 99194
37316 23 85196
85143 42 96570
81429 45 90732
70138 87 93772
62871 35 78913
57623 34 78479
37012 28 49874
27123 82 45851
68814 34 73483
5944 14 21665
20377 69 71945
930 26 16852
17050 45 63550
54550 35 64794
32275 22 79621
24634 60 52854
28652 79 54061
18812 89 98694
63887 46 95267
33119 18 82371
1262 24 56465
113 65 81538
37693 89 47679
57869 12 69742
23712 57 65652
9251 9 27611
95021 84 97854
6546 65 71473
38365 100 44296
35437 9 59413
68170 72 97406
55717 37 60232
26276 89 52946
2959 6 3353
39776 5 79552
8485 34 83199
10261 2 81059
45967 44 76853
20756 49 64651
732 90 76042
73514 49 98142
20807 88 96803
19702 1 75898
52656 65 77920
2362 58 17759
23096 50 59113
13747 14 61540
24597 4 51089
6179 48 60345
39237 96 88196
74060 76 86999
3096 52 96779
10899 2 16880
7087 46 73293
36726 94 85473
26384 41 96921
63756 33 81042
14803 20 95565
44934 1 47897
70992 58 95401
3911 78 17649
50309 36 99408
23352 58 90839
65981 44 91977
14799 51 47981
45283 47 83871
14739 56 52346
3248 38 23286
17866 51 83423
96108 84 97679
10056 89 98785
2711 71 46586
72808 78 84172
61609 18 81488
20243 75 68966
47417 2 90343
2861 36 60739
19841 80 79834
35758 6 64848
36580 32 97790
9910 97 98940
20961 16 48092
55554 28 58639
11500 30 45532
23187 73 87599
293 8 22458
32225 18 49624
26035 3 28449
8483 34 47014
41041 5 60320
21260 12 63821
48973 94 79844
2565 36 20309
26435 64 32733
51279 77 60848
51558 90 65696
12812 11 91028
29711 63 99978
28103 65 47081
53750 36 71040
97576 78 99205
72701 70 77491
28385 52 73150
70911 2 87465
72164 92 92289
71773 49 85729
41860 95 94883
65260 10 90614
33134 1 78066
21901 85 59892
3554 72 4584
63775 11 92566
4611 3 63910
1168 33 68232
17722 69 21511
4296 17 75051
29019 32 67706
38407 77 68390
25285 19 49174
68324 41 91322
71970 42 83788
59170 70 80540
19751 51 55154
456 35 7902
69547 86 83169
43207 14 78518
25983 63 90624
27451 12 71937
4861 5 43122
12164 48 41061
4165 82 81570
27559 15 51666
72762 34 88724
45912 36 84158
36135 31 54156
36401 2 52163
43749 30 91345
21595 96 55918
81067 22 97877
53624 42 84682
54555 6 56153
9263 82 34733
24582 17 86495
4447 44 85840
48194 2 85536
90571 17 95304
15087 53 65143
15885 67 48926
3524 43 59863
88065 18 97853
10005 42 70004
39205 92 67999
29178 23 98734
55187 5 55551
1551 19 26581
15844 34 79521
31116 87 48139
25499 49 92468
5697 24 85434
3529 16 19382
3943 27 21632
38813 15 55797
68503 41 99202
26155 17 48245
9150 52 12304
37812 36 73556
9624 43 58420
40906 13 47654
69073 45 94579
29811 79 62847
56550 34 94562
23417 6 92739
75291 52 88008
6586 17 49930
89567 46 90968
3576 64 84637
45940 93 88068
50498 10 82451
33674 24 79294
36286 37 78381
35130 45 54450
7825 69 92057
27350 70 93134
75213 84 95655
57003 72 61091
17457 82 27137
168 81 78705
23339 22 90487
32598 33 39895
92324 19 95742
27582 2 88032
55243 20 72666
73614 99 76979
55626 97 97050
63404 23 88378
51901 58 92403
42672 12 49079
20887 93 93555
36004 38 59578
24522 49 57531
8544 31 38646
22399 71 86084
37421 68 78030
48475 99 88213
5338 23 91682
40344 10 96135
1293 13 17389
66330 7 95718
10478 35 33274
12488 93 60023
16418 14 70210
928 83 16575
80103 17 89763
21714 85 44239
1697 36 45184
21852 64 88406
7218 56 66997
3280 69 25310
49321 26 66701
31114 40 76912
53183 15 79946
10129 63 97989
11844 25 25812
26915 49 87512
4286 59 4806
7684 65 69039
9824 94 98949
25720 45 52360
20136 7 79538
56321 55 66615
62856 22 87887
19365 10 82831
44614 24 99119
81606 58 93739
14076 11 25050
46044 4 84385
92716 75 97033
55151 70 95394
26815 12 50987
3700 100 7711
28143 26 90292
39120 82 98585
34114 18 98112
5434 23 90979
61248 79 86824
7279 9 21916
7028 79 45429
65746 37 79060
27648 14 77874
7852 59 89363
88692 19 97482
20830 73 44316
9749 93 31623
58662 24 91897
13598 3 85654
52849 2 89823
42881 37 92389
29370 21 53269
25467 4 36232
31123 38 93087
47718 93 78192
13002 69 37993
25941 27 54580
17509 90 68818
32952 47 39771
2942 67 29068
33586 30 54367
7083 13 48943
3163 21 86320
52777 8 65883
48075 62 72614
29080 68 83823
21833 4 48098
574 7 23157
28249 80 76591
23299 76 27594
8933 61 63588
45394 44 62214
26515 40 70458
21174 5 56890
4097 35 69106
38201 9 75917
50844 62 57358
11330 100 97971
30510 2 40448
7494 5 98047
66195 27 70259
64859 75 86607
82147 28 93962
80825 79 82840
43849 16 44508
23296 91 80629
21835 70 26768
45194 62 80208
18567 18 48477
53005 20 61825
62906 58 94353
47472 59 66623
67162 87 91192
2474 30 30201
55348 70 80036
51014 29 89955
84296 91 93227
1602 90 18661
7152 81 28608
40701 77 75113
1433 44 76334
68889 66 69831
40618 20 66184
15974 75 77990
33708 19 39786
48476 25 88163
32189 85 91079
5472 29 25373
3593 15 84473
33405 81 42427
11201 32 47326
29716 96 54509
60457 32 90793
71009 64 76086
75923 42 85739
42216 49 89702
9788 59 80515
56213 2 78273
58620 62 61618
31800 35 72380
3191 99 72307
34613 26 99126
37862 77 46304
15807 68 18244
13409 80 16709
63108 78 64697
22239 75 24921
89541 40 93250
86419 18 99755
27088 10 43320
11785 50 38059
