2000
49804 93 64896
26444 59 31031
11342 96 99005
53458 83 89840
23943 34 81864
46915 89 71791
49326 79 66924
28027 52 93199
19651 96 89860
86600 28 90311
1917 8 76130
75167 12 91832
13199 58 74862
62424 23 66138
94872 16 99161
28369 31 59274
23919 80 62351
44195 16 49177
32126 58 88163
23185 41 70400
43192 31 46380
15650 37 60113
63543 84 73810
26864 24 54290
4996 39 50573
23239 90 63699
72968 69 87036
213 72 88401
80555 31 85346
59353 56 65608
37236 73 87066
66448 38 71066
88728 30 90788
49692 1 84433
8391 31 31652
31697 4 78364
1289 62 82763
41386 79 55294
29184 78 43305
44317 16 44941
90289 77 91138
20674 11 84006
12928 32 14165
40551 9 76227
29667 74 99049
36626 76 55929
7716 35 27869
6035 30 12711
53569 33 95212
4654 58 34762
5635 87 42846
83946 45 90853
130 20 18629
4040 67 10549
48993 4 86992
68186 89 92539
27237 47 32915
75043 27 78641
73481 80 78780
41267 85 80004
50161 57 57225
11658 54 74640
13468 11 72264
9159 43 44820
26973 16 95409
79907 49 87555
19717 7 51079
63286 1 99698
737 32 54435
35168 71 49553
42798 28 70029
69062 12 85174
23541 66 61108
1838 4 7412
40794 64 53951
2483 46 15548
42455 26 92304
40347 17 51059
22245 49 89185
221 41 37867
49934 41 66540
4803 42 67881
12663 64 33292
53417 16 81660
73853 96 85166
22181 70 81166
41099 83 81668
39091 40 44365
10092 2 70815
22902 43 53883
43336 36 89453
52975 1 70935
67450 86 70349
26321 18 54795
71058 3 96704
18727 51 72943
85091 76 95392
75838 43 79905
38935 26 67133
26550 54 57325
85819 98 91635
758 46 70762
30812 26 83152
64819 76 83118
28005 76 72150
65185 88 78451
23760 24 98255
7432 70 21775
39437 66 66234
47408 48 58735
18709 55 19218
13122 9 14422
29191 26 75013
54227 98 81617
2882 2 22353
20756 38 50688
56703 68 76086
96975 74 98348
70076 30 99977
13563 72 94484
69612 26 73461
51438 47 90302
73236 28 82806
79093 69 82214
46329 45 96649
47021 10 92670
7731 30 55393
19401 61 27586
49210 4 75103
50172 100 75139
24168 62 67442
7817 45 81109
31035 92 52284
1094 25 10859
48964 11 71051
20870 100 59670
26387 66 70261
84829 4 99536
37053 97 49660
26030 84 27180
62935 95 91212
86549 96 93636
55665 21 89709
51328 70 75770
59003 49 63245
25340 68 66012
58470 12 76845
15750 1 64167
955 55 74432
1730 38 67328
16593 43 73537
17309 33 74493
23168 70 64479
8648 67 74990
1868 86 69067
45069 76 60201
65348 27 71612
29648 33 29791
79807 45 89371
1370 69 30340
63179 21 70144
3435 26 62974
48086 43 52846
19805 76 84708
45487 37 91458
7926 75 55165
70302 6 84562
73116 69 82535
35681 65 74007
31622 3 88116
35940 71 62678
43637 58 81266
38398 59 45615
8936 62 16399
39705 70 83480
70943 61 82303
16970 96 80076
3166 71 13218
40787 95 63970
12376 85 39618
30454 24 63490
11446 89 89149
82053 67 90843
37606 43 89303
34556 69 47431
5392 73 21478
58340 46 80124
26175 100 31708
6458 59 62237
1104 60 66844
34390 42 51912
23552 90 91850
86050 55 96286
25444 84 66062
68273 80 75327
10922 93 49321
91294 55 94762
73248 47 89355
13471 49 92754
48315 25 80246
3476 62 40780
65626 71 72638
21871 88 88611
28414 12 49565
72289 95 86975
21515 9 92726
11999 7 85810
71774 92 79113
49920 46 93610
34591 46 57194
2629 63 60033
28263 29 68087
53689 29 88483
53175 22 92051
23510 40 66597
80866 6 95381
18206 68 44045
39146 51 63285
31301 62 43494
28275 79 83303
11239 59 87046
76416 75 93655
83952 41 96036
35518 79 81339
9480 14 64098
37241 49 79884
31651 80 53705
9082 69 58890
63519 11 72447
28446 46 83175
6038 83 20181
91275 37 96635
39666 7 40919
24060 6 42949
56189 62 72588
29235 12 67013
10782 92 90637
87085 1 94687
48015 97 87259
38129 47 56557
11049 80 53240
2206 65 15684
81026 94 93915
17298 56 88311
64869 81 92494
9619 74 27208
16385 28 74279
15645 70 50804
3617 69 65580
39442 47 68881
6495 70 42107
53577 68 67004
2708 5 79835
42032 28 57234
31329 69 39934
38 19 19743
13401 16 60377
4392 77 99892
19429 26 47834
34970 23 71388
28439 62 73527
2828 50 6828
14289 80 88307
10935 40 94795
2765 8 97619
12402 10 40034
21120 13 30700
5831 15 28539
47078 13 54864
12592 35 34715
48392 38 84469
89612 9 99182
24934 6 95493
33174 91 74050
9076 73 51567
7595 99 70137
80836 88 84197
23034 82 96277
56432 10 61030
4840 99 92954
44607 1 59405
57584 68 78088
55152 86 99835
6948 9 11222
10202 46 36273
19208 72 36508
66807 4 89303
21132 29 22535
2406 94 25527
30881 2 80044
52663 44 90781
39673 52 60916
87165 41 94002
36402 29 99663
19816 56 78414
20408 71 62688
6080 46 41358
4996 97 48460
13944 65 71961
63013 57 67570
39958 44 76616
67717 94 79867
22969 23 58819
29804 51 61012
27095 100 99752
35621 98 96211
19972 85 72649
19180 8 90613
4119 100 18878
40354 4 77545
13402 40 37593
45318 4 72181
31875 27 40295
22098 50 37299
8762 76 51585
17734 9 76233
1186 12 23989
40645 68 84958
58756 31 67075
23572 30 25904
19489 68 28432
30127 30 45787
31724 80 55503
19534 70 58984
35179 96 97594
34379 8 53499
67045 27 82276
4089 54 70258
31799 6 44820
68069 92 87183
9972 22 29567
37897 67 92914
82122 21 85037
22470 31 83399
64223 71 79074
5386 95 88477
5141 60 11627
54975 37 79143
25112 99 96699
42970 2 54128
24571 48 72195
1216 41 62479
28588 98 30882
8035 85 65329
17162 26 39310
21457 90 68792
4369 50 94861
39114 71 40109
75128 73 90325
13470 75 71051
2322 94 92618
45044 67 95913
76237 24 87357
13218 17 41491
80951 45 94591
3373 98 23807
59672 47 97460
27397 66 84868
36148 40 60901
16254 53 59330
24608 46 51526
54392 99 61476
74764 88 81637
35604 13 50391
77790 11 95894
16984 94 36357
31676 24 71151
13676 32 70414
53137 21 96394
4666 82 92336
29902 27 42486
766 5 64310
54601 64 84623
61079 43 93933
50544 28 88198
75396 4 80592
23065 29 43257
2003 87 72281
45664 45 53435
18581 59 69238
62184 3 74728
61348 41 98894
8394 82 44664
6362 100 60111
26982 64 59838
8228 73 81870
7344 16 61121
21584 73 54788
44853 99 86438
27097 37 99763
29510 68 78154
14077 49 27636
39801 4 71143
18563 38 35688
44567 29 48215
89830 26 95183
57875 41 87649
42176 22 84635
33655 83 59884
61945 86 91369
23512 41 90720
53696 50 79653
51437 27 65286
478 82 73969
67574 48 87392
4508 47 20889
42033 42 93134
47283 77 47846
12450 55 44734
12624 34 37558
49332 100 65314
39536 10 46395
56840 23 90984
23483 57 60139
10190 55 47074
57917 85 95879
48068 65 87209
47625 37 54409
42482 47 85034
62022 3 81275
62610 69 80790
20407 66 93897
7004 68 64518
1866 98 74933
26898 67 88942
36060 71 46042
45389 79 98727
9955 46 67159
57228 28 97417
1775 23 3357
64501 46 91719
49002 17 76942
66282 32 85110
71490 1 76194
17429 32 69696
15911 50 37430
45884 14 51475
19012 23 25036
34492 28 53860
14949 26 92200
39404 68 42192
38665 35 67060
3955 93 46077
60638 8 87704
22908 82 87358
10635 83 48950
2700 89 43385
626 63 90732
13900 50 27515
14105 86 82968
48060 38 50286
16212 43 82709
43525 34 46621
7164 68 84993
4081 17 50958
17785 24 98017
69572 34 83223
41016 82 69637
37063 44 64830
45969 35 91362
70966 44 77458
23874 23 48429
11866 44 71577
52927 49 68783
45385 6 58197
57339 2 95265
70370 35 86061
43269 92 82527
7199 90 15593
36625 90 39003
7619 1 75083
15597 82 40462
12791 42 97450
19159 80 93079
16417 13 91959
6994 15 90833
27393 64 67919
19232 94 98168
10326 57 86242
28093 6 49276
19768 85 44387
7903 11 57173
6536 71 47428
68658 54 89435
93 89 13804
13420 2 17793
16690 48 46209
85552 24 98936
2859 96 88792
5958 45 20085
81658 63 99790
44877 57 98092
45854 79 67047
4136 92 52667
84759 44 91633
70082 79 74179
16305 90 83658
664 29 7511
54789 99 55939
4358 43 19009
38372 6 47455
26324 64 59209
74357 89 91409
325 3 51257
19197 42 50615
30192 52 57331
21391 29 63556
15115 74 49698
48497 6 53776
22566 39 32483
7186 5 43732
60642 56 88404
52667 98 69147
40906 39 97425
177 41 64987
42691 3 86162
22649 53 24331
12979 7 13149
47383 100 66763
46520 72 69346
29793 87 57681
10112 89 43475
30789 80 77309
84513 6 96960
53863 99 65978
537 69 57046
7111 61 90481
6428 82 24051
55054 52 95950
3471 4 39238
48089 32 76888
4810 65 66672
4221 45 93720
13001 87 42569
8560 95 79078
53825 80 93971
44219 6 64822
26660 51 68840
26783 70 54983
3200 78 33996
29092 82 70520
74535 28 81493
16170 10 89689
9821 100 84967
21314 76 94441
55492 15 81590
3512 34 96365
33327 40 37743
36268 97 39162
48350 17 68241
5156 64 72253
6074 72 88336
22090 47 37743
70013 89 73700
41908 22 64152
5612 77 67019
16860 19 73218
16933 18 17894
43277 17 76449
37157 59 62246
5347 41 64617
6324 51 58261
40848 94 66586
36250 90 56968
71222 64 91469
57192 94 82736
32534 42 85742
12456 62 78032
39042 49 40566
13200 25 49091
32458 20 78182
10840 93 70535
2447 75 53228
5210 11 49661
65027 38 88342
30808 5 52278
15713 39 38490
2772 59 35689
35504 84 40014
27684 54 97897
19396 54 88750
59576 62 78192
6295 9 78825
12384 84 47530
86576 96 96488
13685 86 65517
19469 74 60752
77053 40 92301
48241 28 89382
13908 75 34026
45936 79 68352
971 68 50926
55413 5 97265
40838 41 95995
11735 87 31008
1459 67 29423
15365 1 31485
30783 92 50034
64149 81 73773
34763 63 79034
71581 35 92030
67105 41 85366
25156 4 30665
50209 8 67136
39916 34 99764
17069 90 73950
8413 59 60818
43380 88 57395
54230 11 72922
10623 4 46658
35868 54 70832
54088 80 89765
38282 26 46244
53847 65 94784
4925 98 73410
72743 85 94169
17770 69 99035
72258 50 88927
4126 4 98852
9433 17 11413
13667 4 93388
1113 94 67486
22541 16 86733
22929 27 24202
60906 77 76635
41389 90 65327
70218 5 71265
67832 34 81871
33620 35 58738
36119 50 92541
13424 45 61336
73109 76 94771
19754 97 88079
70659 64 95214
56942 73 90361
3890 4 99752
29876 69 58631
54777 8 74472
37427 28 49472
49764 52 72965
25777 100 39447
6935 16 13441
47186 6 83625
20691 10 36627
51534 68 99006
76843 15 99832
28459 29 79001
58031 78 76589
48135 87 86472
22420 11 47952
2528 100 67780
6735 8 66242
2550 13 54749
45240 64 82930
38108 41 55621
21903 37 58614
26803 100 70105
16488 72 39287
11776 97 81666
53081 5 97872
10563 68 40355
66857 95 67647
8647 6 20250
1186 49 48536
50543 21 59510
54828 47 63854
30233 42 51533
22756 92 98549
73237 90 75998
4438 44 38395
16817 74 62190
29790 54 49245
57983 82 95554
13237 2 21179
14216 17 36422
13606 5 47863
14610 19 35030
64695 50 84533
69855 72 77729
72448 94 95077
86769 1 93158
32677 52 92060
63385 58 87626
40328 19 60422
31448 41 99525
24785 3 83168
3607 18 26025
14626 75 93820
40188 33 79385
27730 59 86614
57680 23 71266
16641 75 29925
257 12 18014
24086 35 40182
10291 60 82675
3262 16 80148
29371 96 57002
35490 87 77610
12585 77 74942
37237 48 96965
62594 14 89044
38853 5 76728
21418 12 58633
42840 52 93430
42126 27 83653
36072 62 80036
76091 46 99282
74526 91 95453
8709 45 89933
18545 74 95372
64101 38 98577
36201 40 39814
2523 94 95352
5357 99 14444
47358 70 92118
36764 40 68325
23442 33 46378
75012 81 76275
38793 40 41048
4283 28 64638
6664 62 49919
75485 89 92314
24974 67 74054
19394 7 19809
13524 36 32476
63846 84 78693
15493 84 37598
10535 68 91650
26813 16 30097
73609 29 77915
17298 24 29538
13092 54 55126
55902 40 74769
64973 88 75018
15981 62 57064
16991 76 31237
3222 66 4158
1025 31 65786
67386 33 70797
38985 84 70109
51895 72 70624
15993 28 82425
24424 44 39406
61458 40 62339
4307 30 13297
63510 51 98019
17416 34 98809
17964 21 35797
56017 46 93965
21305 74 70480
29408 65 55092
93166 39 94898
57584 94 72619
71958 85 92168
4686 37 32621
42664 30 85404
2602 8 27493
28454 89 86949
68276 3 89720
46527 28 99734
37167 17 55132
65296 86 75387
37042 60 99498
20082 61 33258
58301 27 90440
39769 59 92438
36159 26 95868
38557 31 71921
37565 72 64766
3075 88 11253
84562 99 85392
77651 75 81882
29550 66 83798
73528 55 80090
21786 20 31590
24763 50 30425
14161 34 35464
9180 78 11626
25728 44 62000
47375 24 82671
48115 36 91748
15022 50 42992
80731 82 87568
7603 98 41190
29061 49 53444
13373 49 93753
28467 70 63324
62480 39 63336
60915 25 85490
35053 87 89041
51419 91 97529
13922 83 22374
3780 78 53849
88845 42 94281
81137 19 81460
26770 9 51009
14726 87 33805
39904 88 56580
47608 30 82626
13080 49 97644
6600 17 70491
17164 89 18092
7699 88 91498
62242 55 62523
44537 28 94061
35893 33 69231
8046 99 84963
23379 62 39171
16813 43 92156
56182 63 74394
66203 27 85241
16923 23 99022
39625 16 76437
22483 21 53447
7209 64 42844
16127 95 21508
11551 65 40052
60391 62 78083
35182 53 38771
18577 6 94917
33652 52 88672
24750 5 77011
5475 77 60176
63169 27 69599
2361 78 37676
735 22 54689
27455 80 93023
369 26 11436
4945 55 25930
36285 28 62775
38584 49 83094
740 16 90231
6645 14 70970
15058 64 94151
37734 100 40341
28949 17 34494
2865 54 32193
37659 96 70414
74279 28 85001
7713 74 37380
58889 41 78898
28892 31 87937
26324 41 39323
9286 58 52703
41809 4 65363
55158 58 67990
20847 3 50725
34565 76 96308
9548 7 18713
14776 16 17137
21559 57 40744
41723 17 64148
296 16 49683
51493 63 66964
23599 49 96935
25202 42 90324
84384 17 94015
64634 41 67065
30669 28 69525
30268 69 81128
47212 45 51320
30569 31 90984
4517 8 38126
1891 9 69591
18186 4 32698
27851 16 66072
20032 64 27877
25757 7 75674
38036 82 90527
20659 5 20948
2352 95 61466
59586 43 89717
9076 37 68332
21095 67 46283
6454 31 32830
32522 26 95777
66360 4 73122
48277 85 65969
20481 90 30083
6745 23 37876
97393 16 99335
24975 67 81497
23501 5 58924
4208 26 94122
82816 35 92354
12195 50 40514
10205 39 55912
39452 41 88019
28206 46 43079
69672 16 91241
67180 32 82707
25461 66 98100
10191 29 49468
39942 60 80167
2601 85 6079
16924 35 99811
31324 32 85218
13940 30 86675
38759 100 50432
33197 14 38458
26374 48 82748
72562 76 76618
42378 65 88905
26459 21 43406
82944 4 83703
24162 72 57736
67903 95 71708
79823 94 93529
2523 35 8515
78192 9 78202
32317 31 88717
12400 13 49363
57624 50 58843
450 78 86828
19467 13 33388
11806 2 61437
57433 14 65906
18871 90 22905
28959 99 90275
9094 64 48774
11745 11 46363
28478 54 39007
28427 100 82204
25401 12 63286
49428 26 95066
38874 54 92170
1006 49 70357
35187 82 76356
44050 56 89778
43192 57 52407
39798 52 92811
53911 78 57500
72874 96 79329
44179 93 76701
71801 2 94254
44642 55 52442
14687 27 57630
36428 61 45624
39193 45 46433
45535 95 48912
513 8 48748
26041 29 37512
15966 48 85115
50101 31 56868
36074 72 41849
53402 4 98946
10085 3 34835
52105 55 53825
56922 98 76282
31595 32 61060
26743 54 32897
3713 75 11585
4894 65 20222
12786 68 57548
23772 29 28138
89696 49 94848
93424 37 96639
14999 58 95129
14153 55 34245
67011 5 75523
29829 97 44725
5938 30 56450
123 13 81186
43428 26 45946
6968 28 62922
69090 53 82384
11210 9 14653
16350 69 61337
30267 78 51582
985 9 70968
50995 13 60904
14872 54 54367
29713 94 94978
35492 83 95452
2775 82 73009
88054 95 90561
25175 31 95012
61053 84 64110
5888 72 71748
68756 19 79830
65421 42 69596
12458 44 76800
2309 67 30471
59344 23 80538
38194 87 99564
64817 92 69848
54279 20 82202
7028 77 91336
4297 93 85985
32079 49 84352
81885 54 95235
17690 70 85249
45664 36 79729
64050 49 77405
13088 81 67792
93686 37 98245
73327 59 76593
13915 97 74367
70467 17 95699
27169 50 95804
32322 42 49714
6221 93 87907
43836 67 84667
3377 81 91112
13067 43 14337
13305 43 98643
68523 81 93599
4941 41 22374
25864 51 38769
26416 55 34591
22543 3 66308
48072 9 59190
91662 16 97596
36688 9 55447
42656 26 47130
5011 48 31270
5146 88 52707
37059 24 95851
3897 73 24105
1531 22 21411
65295 72 87834
83604 88 97525
2062 94 65718
45274 85 51655
67284 19 71412
1822 34 51158
93745 15 95096
46348 73 86928
40040 45 83601
28673 29 47234
24076 23 32909
6290 49 46343
70776 44 90802
48159 72 69519
26801 93 62289
21540 46 77220
33620 87 70838
8882 95 85209
70201 25 97835
11145 76 83981
1513 10 85248
5557 14 68320
50612 81 82569
57093 26 60578
19297 36 64864
27410 30 84597
28873 3 72634
51188 35 64629
45648 22 99856
15235 33 82764
72433 34 83175
74829 12 74877
89888 26 95598
36223 52 61987
39337 38 40458
62897 81 82866
25965 82 79612
60954 65 98439
13738 1 85322
73774 34 87798
45199 62 84483
20843 22 72567
48291 85 74800
4837 75 73788
13351 48 77084
32029 74 82739
61386 14 67164
79850 17 86955
44777 95 58615
46403 83 77060
45554 75 56041
26864 41 71247
56551 64 97360
34316 7 78213
32931 32 90030
25985 52 28841
16977 86 91109
8916 61 68982
50300 71 81798
6421 7 21743
45837 20 96908
25544 40 97511
41575 32 74137
2971 61 92898
29105 3 75364
11142 59 92329
25942 49 64790
18650 13 34063
648 4 14806
34623 12 54834
46388 88 60313
62500 86 94011
17288 71 49645
24970 48 74963
41317 22 51490
69228 30 92409
22559 1 68492
6820 58 24734
19691 41 22541
76105 84 82869
56642 33 64799
28843 41 83099
38016 43 56962
34179 49 77116
49472 10 81066
6953 43 79762
59367 3 99628
3691 4 84632
16818 80 81995
12849 49 24102
32378 62 57161
98 44 70352
65589 60 66493
3927 84 36798
50045 100 89736
3190 97 43427
78025 47 96342
43949 30 86652
79470 84 90073
43068 30 62966
19855 3 86429
31882 27 53922
23444 16 83737
18343 8 99450
45628 54 71517
35787 77 84876
20262 41 95011
90869 38 94392
29426 16 65546
4555 65 6865
39328 66 40760
73769 19 91028
65273 88 87298
26581 3 85928
10963 45 12352
45269 99 61462
35848 90 70204
43541 93 56806
64641 37 99785
4310 59 78393
39467 79 71094
8943 98 75475
11863 69 17823
6875 51 62408
18989 77 51684
50514 86 75875
36310 78 86025
65581 7 72706
12636 65 57558
17562 70 70835
87934 47 97252
50727 24 58483
408 74 59724
42731 80 65612
25475 15 47865
15359 27 30624
24502 41 44564
59069 33 96030
19264 5 85717
11527 51 95045
30299 55 44169
33301 99 99356
28685 46 33208
11066 64 99618
37580 35 61435
16062 66 30019
44247 7 83180
7931 93 83290
14456 84 65984
31250 71 94431
53875 87 84804
37190 78 50214
45063 17 52597
15229 97 16010
21706 93 30693
3936 83 27402
1630 80 52379
59894 48 73428
19759 75 86435
59424 73 78883
1382 2 75256
60206 76 78167
57088 89 97699
33490 60 36996
1379 65 42543
31540 25 49010
71523 43 82051
75314 92 99716
42389 29 61466
90160 27 94924
18408 15 65430
24939 77 93133
43373 59 93181
9736 26 49918
49524 97 60576
34903 62 99273
18602 19 94621
54263 19 60998
47635 25 56351
50462 30 92162
73089 59 79868
26548 67 92464
20173 7 50048
4257 39 17507
96144 69 99864
6717 2 9658
78355 73 91568
91459 56 94869
31217 45 48217
19536 43 77261
19090 84 65767
15801 23 27928
599 85 62448
3290 64 63060
358 68 5661
39883 76 69068
4967 82 49973
25103 7 34290
26171 17 74021
9462 58 79746
4075 52 20751
29751 3 82765
49456 62 67444
47550 97 89431
41623 9 57327
63410 13 85248
20128 58 33705
20166 19 92854
9895 88 30151
9748 17 39771
76736 12 94498
511 77 11666
30329 25 81420
83807 1 86635
26372 84 65845
52594 74 65913
31020 45 42819
28568 62 39440
28678 7 65091
25711 64 73452
38112 58 99391
11068 58 65172
6584 60 26538
40574 18 98604
6368 4 23136
10964 30 34732
71096 97 97314
54427 26 54848
32831 84 87362
37283 73 71919
54484 20 83878
4915 61 58240
28177 27 36702
29732 85 92081
34591 42 94761
1147 57 51778
1659 14 46255
22638 29 65475
26014 94 83388
21318 25 32219
64309 85 64675
14097 80 26263
78662 90 83311
32095 15 80016
21343 66 80039
61740 90 82212
15975 9 24509
51852 82 85925
41237 92 53641
60811 24 89723
22786 78 50648
74389 46 85266
40450 37 84828
94820 89 94927
28930 29 35640
24472 25 30605
45308 2 53066
20943 58 40836
264 79 8896
35949 40 75643
70966 5 93796
44960 10 60055
6076 39 36921
19282 2 80257
14388 64 29720
17065 69 33582
28054 72 71000
34748 86 68687
29049 91 51718
45614 78 73282
12246 11 63868
20505 31 99633
59469 36 64552
65163 9 74575
6719 11 99874
1489 63 48627
15417 14 46049
37190 31 97622
7777 99 32887
3154 29 78520
30251 43 54571
33205 70 49899
7695 12 12016
18482 63 25497
10887 57 48302
24069 38 79745
40155 92 97105
8840 37 80620
25832 2 61831
13381 62 22444
55115 52 85254
25394 14 72439
22273 56 25235
25349 51 71229
10427 20 71610
17508 82 95513
7386 51 21924
59846 57 87194
70440 50 90415
6989 85 50596
8927 76 43310
74245 50 81230
44617 56 49247
15668 6 16782
35030 30 83079
44358 55 94941
1573 32 60569
72873 34 84063
8386 78 53290
42822 4 54292
5539 93 27115
71973 4 87867
11294 6 93096
13201 27 45704
73527 28 75302
13918 55 41676
78478 63 88695
6880 46 50927
4382 19 33192
4428 66 96234
22102 19 42648
8066 95 47655
87145 30 98181
88857 60 94391
4768 90 54285
14068 96 81084
35807 55 69555
84792 23 92229
82339 37 94762
8508 72 77600
23572 9 94129
29756 52 47545
79502 4 90257
3185 7 98760
96122 93 97427
40091 93 92069
30430 58 49061
7164 6 67470
27818 65 52633
30009 50 61495
58976 23 66447
22770 26 60495
53933 3 66753
35564 22 96400
6941 3 24220
3276 52 6802
4958 100 28229
17555 23 52547
53985 74 60045
40611 26 49355
61331 86 68819
62313 10 86633
2272 99 48215
15172 57 84540
1104 43 4161
19676 76 72045
19728 48 47198
66905 11 69180
90819 28 94726
27788 45 94965
14827 98 84412
12358 48 41957
21261 100 96153
38789 23 72546
49774 17 50372
54943 57 59196
336 99 60554
14291 9 59130
8799 91 85417
34167 57 48195
5688 27 32093
44963 45 66128
9660 89 54174
56885 31 58048
41959 27 82276
28955 48 31776
26859 35 44800
674 70 14433
29571 76 79150
66577 19 97064
75311 49 95379
32048 90 48868
79682 74 95146
18503 31 55040
10772 96 96985
74916 58 85029
28888 51 59300
37815 53 68117
6866 10 62979
36911 25 67900
13024 14 26636
15178 30 44336
19255 53 95617
8304 4 13079
15649 60 32976
21190 87 63665
89685 76 98783
36287 70 59045
1810 95 85167
28550 80 39589
16688 11 90796
50685 59 67295
6456 40 20375
8943 97 49169
1542 22 71535
19843 61 44830
46512 56 75178
28753 13 43174
13661 9 99058
34354 1 92890
35963 37 94565
13514 31 14643
3596 40 79269
424 27 56727
2107 93 53288
18945 29 95111
38160 40 43798
59017 3 86612
3679 91 34247
14912 52 76310
35628 85 98873
19608 69 80691
7337 95 48033
40455 55 48134
6956 69 99140
71124 53 82308
8264 74 52076
31761 3 83805
39501 92 95090
19543 34 95356
45291 81 85282
15172 34 53831
74137 12 96744
27440 89 37200
48858 36 61622
27436 10 64207
23459 51 35499
6027 28 26429
39192 18 70256
30716 54 34734
60633 63 93901
5935 20 47637
10008 99 39576
15941 6 18529
20995 45 25480
79485 6 81265
37062 84 78678
9653 12 69554
30003 35 73700
23035 51 71945
56311 26 85987
13938 70 37551
18542 8 47645
41544 48 64978
81929 29 92473
37493 77 65908
3345 88 57502
25856 14 56270
49965 53 67163
10468 2 53392
16163 68 27611
33527 3 88979
45659 87 79079
76536 67 87718
95943 91 96602
5121 40 15294
11161 64 24817
48633 80 82895
62523 59 83316
15999 73 21438
19855 40 93349
29759 82 46001
10109 73 72206
71452 83 89312
812 68 18343
41529 21 96289
41197 15 90479
3461 48 85454
32233 57 74073
9881 44 74471
88743 16 99168
63074 42 68335
7014 66 30329
2591 21 20605
28068 85 57412
48128 59 59005
59173 27 98940
10544 65 99700
25133 15 28132
42746 66 90307
17091 97 18976
51215 92 93536
29941 36 38805
2506 97 58377
2791 28 10801
302 65 3710
75777 38 96752
47987 97 54534
46333 99 60024
64646 38 77166
15275 4 30155
45705 22 77887
13711 58 18594
33667 71 34304
48564 5 52019
52325 54 54013
47992 65 53956
61404 21 87910
22669 87 56807
60222 83 98636
26263 42 41910
77545 3 82782
39229 27 69123
17652 83 77319
49184 55 99531
26254 54 79401
47990 85 84515
13548 90 87058
22569 19 69749
36282 92 41373
16611 54 40967
64233 73 64509
51934 13 67674
49307 87 97504
67652 6 93762
38965 82 70535
1547 19 30861
9480 49 78242
48240 86 90629
59725 58 69819
24988 53 30731
81959 62 87527
20428 55 76733
45170 41 55476
36736 66 68387
5684 50 73855
24264 39 52622
41874 59 64511
8583 46 38294
7490 2 41807
28139 86 60600
29394 27 46550
3678 10 21662
58637 37 63355
56853 40 74121
5429 16 81982
38307 59 52317
77091 78 97965
59111 4 84674
23628 37 75917
3771 62 68052
76559 25 85221
20659 63 97444
29796 50 30428
35865 97 45189
35418 42 59558
31953 82 44729
449 62 82148
1971 89 69091
15558 41 99991
67495 78 94766
2755 74 91051
42047 49 99032
1190 64 77893
51856 70 93695
19677 33 89610
22989 26 52847
721 98 56523
29150 43 66740
4790 89 55275
50947 1 72642
39683 40 64536
64312 9 70232
69141 97 84778
46593 51 48229
68805 64 83737
28738 64 34778
24367 91 77439
69132 40 78017
5705 15 12820
2166 95 92540
7133 21 72978
56076 80 89015
1346 79 52335
28622 4 65026
6257 100 81682
18660 25 33157
3589 88 4467
7523 33 83487
79282 91 99560
45072 88 77058
67065 42 92857
12613 34 46854
15359 50 62233
72817 71 88235
39989 78 40765
13625 14 80120
56381 75 80185
30405 20 53575
11043 41 56258
30999 50 33285
16289 79 53914
37304 82 53088
21773 73 79046
38071 22 63724
30659 36 87534
34449 100 73356
49526 88 80654
50780 86 52672
24317 85 54589
19082 43 30445
12870 62 27193
46502 59 91586
1875 94 96684
78935 16 88433
8537 28 53272
31459 34 92515
39575 51 55896
52 95 84087
31485 80 71802
57142 8 69469
1542 81 66678
502 95 57859
46963 88 60346
46549 20 51661
10034 63 76804
60974 60 91189
19553 34 23993
22134 70 27949
16872 14 67878
48935 99 89325
62588 44 98220
20850 74 43670
85771 32 94998
8476 39 76196
3124 59 81361
26744 93 36680
95501 61 97254
18568 55 86744
66316 53 73340
5772 58 29437
46340 26 58103
16860 19 83190
313 78 99321
40054 66 69613
2345 40 63168
22018 77 47675
12485 58 20436
27842 91 68005
11265 30 27007
21952 92 75291
14537 17 21832
5642 43 21704
75950 29 89057
25693 39 40210
70014 81 99205
20062 21 81342
25 19 44253
20677 24 21134
68063 48 76019
2042 13 22912
15988 96 48238
57939 61 87867
42183 26 61361
16142 91 72370
88480 53 95546
10002 26 66714
67098 8 91744
87008 63 89910
13226 5 19356
27042 95 53356
28990 14 93808
18568 43 24561
49293 54 78517
23546 40 90873
23508 77 52311
44302 12 45544
63912 12 82940
11822 78 21004
10866 45 52931
52518 63 90471
30289 60 53538
39900 90 96803
74093 9 96304
15464 12 25186
57767 42 91956
56321 84 73770
66567 54 91316
7010 47 79446
5398 24 31484
15681 41 19582
24793 49 31348
24991 71 94977
62398 22 96981
52663 30 65557
5745 56 80274
16929 55 73766
5784 53 11766
81179 82 88116
36952 93 78355
76484 70 97917
78854 4 95723
41424 92 87117
54941 69 87411
3763 80 16562
8396 69 72990
50844 56 86192
60800 22 68118
6788 6 88984
22426 1 79068
22420 57 28270
65046 11 65324
71765 64 90410
26808 27 53336
50058 38 87082
7419 5 67245
93136 16 93786
55938 93 77835
37157 93 73946
59319 57 74996
8600 54 17478
2171 37 40440
16716 67 22305
38036 23 82730
89570 36 90421
32292 28 87262
9610 51 32944
4572 21 50268
50987 21 66382
37619 39 95521
13020 75 24820
70320 1 72413
3411 89 33612
29986 31 70977
84485 34 99739
15895 17 72663
16506 25 34339
11681 92 31112
16370 5 83672
6533 37 81427
64915 32 87392
87415 48 90291
2975 15 39101
11754 99 23258
41682 71 52785
71794 29 89059
35635 4 85390
18172 39 28874
4684 98 37571
1793 100 15866
55799 27 78013
47204 62 77892
19288 89 74914
12405 14 90863
40734 63 41278
2325 86 96216
2925 26 70598
14173 57 47782
16750 41 86696
2904 9 26595
48263 47 63158
64146 8 88672
44820 63 99189
43730 44 62217
18086 20 56239
58784 33 61933
56379 82 78838
69073 40 83914
49699 89 72451
23118 43 97419
37393 5 60315
921 44 60705
47372 16 99132
8854 4 58338
46083 59 91946
29251 78 84349
2052 7 96809
15140 12 95032
4611 28 89115
42034 48 74668
87374 68 93418
11149 88 40910
13766 21 82528
8036 61 22443
61364 19 79922
5161 100 50642
15440 71 95747
10409 99 98149
44367 36 47455
41460 6 84726
10600 8 55817
44234 77 72875
36239 91 71314
3925 61 35120
65262 36 73760
50364 44 67995
46455 62 49504
12817 12 52648
22223 28 90774
10404 9 57000
77044 48 84682
39825 53 41281
39217 72 42211
30424 56 61062
21550 49 98960
17034 20 63221
45372 78 97344
75449 19 92958
17096 26 24533
45051 33 96847
5055 14 92273
18276 93 99571
38446 28 83314
79359 96 96967
676 32 49263
71551 10 74788
877 46 2046
21780 72 68773
27279 96 65157
27980 19 76710
56323 37 82433
14824 58 47812
30151 98 33202
68662 36 96662
33325 90 60362
65436 99 87240
43966 80 69434
14413 93 78048
17 88 62955
42052 44 42910
130 79 49472
44861 45 99884
387 87 32517
9665 82 43408
66012 58 66525
64513 63 99519
29327 23 47568
52847 22 72924
22020 76 32526
26889 21 72029
23571 62 66546
27023 60 69396
86581 95 87851
10884 19 20157
70551 60 87832
18904 94 74484
6632 53 70294
41227 85 76042
21326 8 80118
23717 51 73826
65614 87 95936
53386 31 78404
34216 64 37085
69896 40 88434
30401 10 86736
49478 99 82597
76548 40 80762
11416 7 60765
69743 44 75844
12041 14 72526
2209 53 37933
5462 22 19032
14864 7 57593
32380 94 64746
8044 52 76531
41050 54 50193
48076 76 99905
61777 31 71511
80617 36 93165
36466 53 54813
44782 49 55882
39229 6 51354
32682 67 85917
29108 42 77072
81698 46 86102
3818 64 10835
9256 38 66509
80017 82 99559
32179 16 77391
385 31 2917
18099 37 63615
1587 76 44222
1647 22 69957
51066 30 68468
37728 97 98638
59337 65 88683
63973 23 69022
18981 22 68946
51334 57 99273
1391 15 8500
10700 21 97738
29909 72 74764
30569 37 47440
51433 10 97323
30322 46 37053
33315 33 98011
76871 92 84191
10981 48 80598
21048 22 21670
4158 21 7153
4172 2 96656
7561 17 22538
10888 38 23486
94638 97 98505
22080 14 75769
14611 17 76896
51841 31 93724
16765 9 51198
36840 76 54790
84412 71 97810
11225 76 41095
77426 18 80694
22215 2 71285
20932 43 57879
348 23 10104
41544 5 77586
5449 85 85797
15677 5 79799
7367 96 30979
17477 63 54190
7364 13 72537
37007 42 48166
56017 28 71527
37268 12 82697
69336 89 76976
30893 58 84291
42460 8 49271
60308 81 96345
24528 64 44683
75330 24 93768
22060 52 64249
45001 18 71903
42757 47 93935
3924 77 81812
30026 39 94718
40060 85 97769
23830 48 57699
6055 92 93881
22 99 51081
12418 65 75543
46360 79 94539
13265 80 90878
63266 98 86631
50080 99 86121
10692 56 33878
44180 43 55833
46942 17 89168
68156 48 78172
75414 29 97254
49557 93 54629
59317 78 74342
25245 42 30764
11868 95 36142
40269 96 66773
19736 81 88205
85236 62 95098
51591 70 71903
37449 8 56554
47643 19 48310
19850 42 44879
38911 44 56553
72560 41 91455
3101 50 40830
60972 34 90716
64767 93 95526
20966 89 21743
24175 64 92638
50987 69 63561
83664 11 93164
29032 88 73458
29248 47 48041
25346 2 92486
27476 86 76444
28286 45 67172
50243 7 78558
32318 61 43122
76025 55 93099
1454 1 3372
26359 93 79448
55016 63 79968
