2000
45488 4 95899
21534 9 65194
36904 48 84508
36718 2 74890
13212 63 41804
33651 46 79043
11427 48 43714
60099 37 96887
53916 94 59589
34522 90 69701
38452 42 40931
30300 87 77910
8132 68 29715
59216 39 90001
42489 61 67525
9540 68 64509
28238 14 72990
11056 65 13717
31020 86 94668
11544 74 98495
5966 96 96757
90266 24 96333
77226 15 84760
19601 29 30113
40578 6 87577
18609 91 99158
27928 92 39301
91095 85 91781
76032 64 84800
2702 6 92209
21606 10 74463
7648 47 54758
54456 87 98734
41188 71 92612
39699 41 57760
23274 43 47445
25993 34 95149
10462 21 83236
22923 30 58953
39296 21 76557
5063 3 17261
14176 97 67548
36054 8 62608
67042 18 74479
1581 70 99640
6453 94 41097
56067 41 80326
59096 90 75255
995 50 13229
36444 32 62144
27757 46 66089
25056 93 72780
43396 15 98454
22414 43 63848
22632 50 46221
97601 67 98054
14404 88 61465
6551 84 96569
15120 100 89535
57941 19 95256
24751 34 76468
60014 57 75081
41431 49 59425
43645 32 47801
36900 68 46022
27852 64 58667
81555 3 96660
36996 88 92027
32239 100 67503
19473 71 38402
35577 48 70924
67242 98 83880
16343 94 40055
52140 75 83513
72653 43 86623
20193 77 91307
69986 23 96923
15963 19 59595
11060 48 22826
20376 41 53379
25351 40 63666
58506 79 92431
45907 46 46511
59733 33 97232
71559 43 77439
6623 56 50929
65732 85 97886
41374 99 66457
68564 3 92000
20008 48 79810
22861 47 71016
1686 73 55958
40893 34 90915
18114 25 40086
45770 63 55463
1226 21 50443
5778 85 41790
66509 64 70557
72383 52 72483
24087 8 79650
39838 92 82541
43815 19 54596
10172 68 67078
45423 91 98145
9195 59 68700
24543 73 83899
8420 39 41862
19278 16 91099
2437 16 61346
21943 37 41832
40893 2 41317
26958 37 76291
34729 87 83984
44586 22 58608
12676 76 87137
1770 76 37699
17936 91 50830
24711 67 62326
19699 95 69086
14176 12 83651
39261 91 48328
15633 21 50059
20333 68 53693
23798 19 25121
30451 100 95785
47618 40 64459
56973 17 97042
37106 89 61753
58 82 91887
29069 45 85260
39439 65 51628
55683 25 68508
6352 20 62910
16879 84 51112
60006 56 88980
10615 53 92162
22878 98 95356
73321 86 91173
35503 30 78955
57906 38 96427
48105 89 56911
10815 12 94177
20223 18 30055
8422 67 35531
34803 4 54589
14956 98 54447
32711 87 52310
9856 87 47553
41452 14 57463
84256 48 87618
16970 65 26179
25260 78 67089
24448 45 87865
36807 4 52401
19426 43 81164
25835 68 74989
11182 82 91769
33970 3 35904
41446 62 93064
64963 64 97426
85417 7 95141
13288 79 76681
65579 97 70405
5441 99 94577
15714 38 55093
65167 46 75298
66146 45 99289
20054 22 73638
30149 45 40696
48256 42 59014
71175 16 74977
18363 37 22531
3030 55 14623
44041 36 97026
56369 69 86537
39079 32 64130
51697 16 97547
1271 65 82450
11065 21 56686
60921 96 95153
22071 78 40636
10449 15 63367
14350 74 80362
16365 37 60338
35801 43 79955
71411 52 71760
70181 10 92346
45793 56 67341
32833 94 75046
12948 64 54115
22136 3 56714
27372 25 89275
64866 12 96686
9681 33 18855
49063 13 66234
21327 34 95370
5694 58 93255
35158 93 96758
68259 88 91570
14882 8 64191
43332 100 62120
50169 29 62966
53333 2 55797
26786 42 48967
9621 60 15858
14161 24 80659
51813 94 62015
18972 19 50501
57773 44 80513
64344 2 88401
37054 44 80480
29295 53 77203
32918 25 59454
75896 55 81352
24339 17 41493
39474 36 39923
25222 65 88755
5927 47 60743
7497 4 29956
3869 94 82032
10874 48 47992
26038 70 40822
11034 23 55297
27413 54 43562
24401 59 63856
64209 30 72410
9827 53 79709
42454 23 63612
30922 62 97530
55217 41 94826
15714 79 80367
43980 37 78042
9627 40 39407
8870 17 51058
7025 66 65108
13774 75 28403
9860 74 25557
11012 57 78585
2281 42 77833
46991 63 50220
51986 85 58869
17222 43 23210
11627 73 35415
50168 42 57428
66973 49 85827
45308 2 61183
18642 3 44852
34645 19 36619
496 67 99518
22242 66 73991
35879 35 80094
8770 54 32845
57219 11 92488
11208 33 35309
56314 93 64238
78703 39 84937
29494 20 55545
65033 81 73158
27669 51 28500
33095 28 55099
10319 19 60603
13917 51 63344
8492 87 55946
22894 73 41684
60672 39 95735
46460 79 79927
59639 6 85122
69690 58 98185
21959 38 37234
12868 66 40075
68271 59 86384
976 61 64203
3350 41 68863
21900 49 32124
26062 87 88927
28357 83 60003
37263 2 64301
24662 1 85760
8370 100 30670
60068 68 97492
24167 22 57909
28494 58 58417
23239 37 66239
17145 57 48946
67307 60 90921
49364 51 72476
31539 25 88863
24144 67 25776
77526 92 81438
7992 3 30497
27888 6 38783
978 55 72585
38247 67 97994
10183 70 91031
5580 22 13735
35182 64 67316
23594 92 78412
1247 19 21067
14454 17 78196
48640 39 57612
12599 24 38843
21886 68 45142
16624 68 45822
33603 16 58702
16519 86 74537
8454 10 28291
15636 85 64514
13913 99 45356
7197 74 47537
19972 70 58394
71795 73 87000
70645 22 96332
79558 22 88906
78599 87 80026
35208 3 82334
59818 15 68874
29399 42 42908
82791 23 92673
13219 83 51405
4773 74 60188
70018 3 93743
59050 77 89205
80594 91 84932
15947 52 22827
51297 36 70398
72086 71 91973
19831 23 95384
31206 96 79978
32039 47 71934
15424 1 59649
31697 64 95356
51246 73 87024
56938 70 76395
10869 75 28796
28862 11 38659
28401 66 61756
10307 43 20490
22908 18 90722
42387 54 61420
47997 19 82836
3751 66 72831
47038 71 78058
6917 11 12212
15758 63 77559
6366 2 77837
92331 89 92443
62419 50 84551
32657 21 76045
36709 98 76061
44965 46 84944
26722 96 57674
1259 47 35032
21396 76 37819
83111 16 91303
14058 25 83795
46376 17 74878
5733 51 72401
7969 12 85255
24219 24 36068
4887 62 35852
60893 62 83730
58730 3 79868
1185 72 55633
5433 33 98142
10150 54 64930
7868 61 42130
57234 86 72242
70275 52 72419
67017 72 76403
7250 21 89815
9232 37 79990
24188 23 30453
65299 99 84181
35905 87 93380
5247 9 49544
35241 84 75190
11638 50 97504
2041 82 9519
11828 75 30510
5787 37 87900
16138 43 81388
36121 10 88407
22108 92 87669
7054 7 58988
33437 21 37477
65787 11 68443
46930 50 70530
61803 35 73682
5030 59 20795
42096 59 57998
9175 90 20167
42791 87 97717
39737 5 52428
81467 43 85192
82117 79 89937
78132 51 78353
12722 100 51107
46180 51 99237
66777 58 88580
6377 35 88720
15649 69 23393
578 81 47480
18813 13 25415
59466 3 89338
3114 8 17540
33756 76 73505
83667 5 89307
5527 96 69594
72252 4 76924
1157 5 37887
51646 48 84161
11339 36 55373
49424 80 62264
69363 19 92455
38586 55 72456
7409 68 82241
9633 13 77481
79116 73 82292
50726 82 75614
70728 98 88923
47499 92 61316
75602 7 95449
51335 51 75492
9940 32 31788
12126 47 36829
49750 79 76800
47291 22 69967
16180 10 53833
68430 95 73626
30239 37 71230
82497 74 84571
75334 86 96596
37389 58 88980
36725 38 81674
37564 29 81862
73366 18 90462
62050 1 83118
7533 90 69977
14763 4 28404
5334 43 78393
900 84 6973
6481 45 8556
18208 16 53824
4247 61 7537
28929 48 38099
7967 21 19162
26466 2 61871
37595 23 48324
40846 76 47189
8478 19 21248
1776 38 54663
15548 48 52723
72195 22 79434
41151 24 69683
45644 3 66558
40780 72 43723
12166 97 56871
68662 2 93814
3288 44 13493
71229 3 90795
19367 60 71073
41381 42 93712
22651 76 23068
30027 29 61696
1750 61 38029
91644 79 96763
33459 72 92387
32950 26 98156
16105 27 62515
35936 58 96712
5949 37 25478
20659 67 37597
3585 51 66655
55249 21 95980
21644 51 44915
16176 100 49589
34292 27 88615
43366 38 47671
13557 89 89043
1696 96 40246
38446 10 41698
35233 49 44479
14714 90 77878
69680 96 86625
10132 50 68319
32019 64 74943
29077 25 61890
10387 84 46261
3494 20 34789
14554 38 57395
21694 12 24044
37725 58 82801
27432 38 66959
47939 29 78245
3738 13 50903
43134 48 84067
37150 90 41814
10034 7 29385
25462 38 45527
70573 61 99325
11307 64 88672
52644 34 93709
36328 56 88478
87597 92 97539
21757 10 88539
8380 3 82664
17742 64 91461
22937 9 51057
86308 66 96526
55053 98 72924
21322 13 42009
20423 9 27355
24653 29 35548
65408 10 76272
38193 13 87364
12999 11 87014
71663 70 79452
36202 36 49528
35586 31 83623
34724 9 57606
32725 44 91060
84073 100 89076
51096 16 94304
60236 20 87742
30532 12 39259
37052 82 60679
891 89 77151
68201 27 91490
48165 79 86714
60774 53 68895
13632 14 74950
68009 11 99996
14752 87 86174
12676 79 34229
47223 99 50610
16876 82 30168
53544 58 57264
71615 20 85948
6532 64 73626
13925 33 42483
28227 81 65656
54834 20 71377
6299 50 77774
58568 11 80176
97535 49 99026
60643 44 90863
71470 55 72094
50561 42 74171
11899 32 93783
28255 85 94575
75253 65 91277
15606 43 20863
73642 71 80293
52789 1 68156
2177 82 27523
46929 33 68806
19491 18 60468
22275 14 28695
7555 38 11220
29038 71 33677
22797 80 50696
65621 85 82118
7478 57 79160
13209 81 41558
37993 58 78564
15846 22 53504
11540 92 96336
35483 81 89580
88812 27 93462
35263 50 65157
5142 38 86037
14819 69 41993
63701 13 87219
6006 11 87445
1690 57 99624
61114 41 90214
21110 19 32160
48759 49 77562
2212 86 78220
29473 88 41489
20299 25 46397
48265 3 68996
2310 30 47990
71845 5 75131
50101 12 64750
30003 82 45381
47452 83 66072
95270 18 96040
27824 87 86339
17731 34 35715
3972 13 20958
26991 87 92566
23522 61 37053
83708 79 95132
32961 53 42333
85276 23 92017
58188 59 69431
44864 69 62209
15097 16 42165
14364 5 70581
24915 17 87275
2925 85 77972
22514 42 99730
85657 98 97416
74846 87 79493
24858 81 62925
3483 9 43069
57601 50 95201
3301 59 11767
38028 13 99361
15542 58 31514
15288 60 40325
16459 13 47520
44902 55 98985
19524 63 70512
32898 76 53257
8192 72 68497
84054 79 92931
46839 89 48698
73439 1 87469
10281 24 92864
9174 40 13559
38117 87 39917
8561 29 42273
75261 2 85522
90650 52 90744
23001 43 44109
1572 89 9713
17407 46 72516
15569 68 30571
68175 45 89011
41408 18 53059
57454 76 75690
8276 85 31045
22610 49 41944
23959 27 79907
70751 42 93061
1544 43 43855
4296 3 81066
39747 9 57526
39307 29 93663
3710 23 87785
50131 56 77042
40762 34 81089
23534 37 86083
58938 14 88605
18835 90 86467
11005 91 90270
1251 57 78250
62138 8 72895
15592 39 44361
54403 48 93007
59436 35 84697
39546 31 84973
25744 98 54081
12518 93 18815
21417 93 47599
39132 82 63268
78680 59 83274
1637 55 79184
29494 86 87443
22881 46 99131
45193 64 93567
13556 15 61702
66172 58 81081
59391 61 78611
13835 61 28175
41552 54 99068
90401 91 93512
19228 63 35920
62126 3 94892
15576 17 33237
30051 29 73000
52967 9 75035
15070 71 58853
18033 38 74978
73137 36 97907
60655 95 69355
67631 70 83770
36809 26 62877
1384 18 93083
8954 66 68888
49741 84 90064
78654 56 99604
10427 57 26550
5457 98 71771
41993 66 68597
23220 3 31427
30050 78 38262
69274 11 96147
27962 94 75362
8388 88 42371
49009 98 99252
23529 34 95267
44604 17 46332
60921 60 83530
87606 91 99704
7217 25 71731
37867 93 82361
22546 3 47996
12059 70 64399
48833 7 77917
11286 5 63282
39087 13 68593
63931 86 89769
18279 21 35771
19470 87 23504
66525 69 88882
76899 97 95021
66128 80 93080
47718 32 60565
7058 65 17849
25603 4 40973
20138 87 51350
23213 9 96686
18479 1 30308
62749 76 64806
10149 22 47796
9767 36 15206
57617 43 96580
14759 64 99066
32445 39 66176
17588 5 57946
33562 15 53000
12478 65 83313
18465 25 49442
68705 79 89097
44736 34 53152
48122 85 71799
6353 50 86764
28434 49 84050
34618 82 43820
37542 20 60355
45182 88 49070
13689 45 50934
48418 28 49904
15451 87 38231
15373 64 15835
7068 37 49815
59957 48 60468
4293 50 98251
23759 80 28221
52021 96 85077
48129 67 56230
61473 14 78632
8501 95 88766
22376 74 42078
63650 14 90032
24997 29 30457
5292 77 48687
13472 11 77721
45629 44 91684
39721 85 59643
4937 98 80193
18671 61 49524
39692 66 97972
3020 86 28807
633 34 80994
57607 90 98864
1668 82 8433
28618 49 49728
33483 74 85810
52030 26 63723
10017 79 25654
64666 100 80111
31580 39 73351
44619 2 65234
35352 100 37388
19250 52 87566
66737 48 86773
23186 69 98437
32052 20 75627
26281 47 44124
23120 1 45647
25854 55 67043
35931 99 51241
24730 61 91142
63613 5 83087
44772 70 46939
31750 99 43199
15378 52 40243
48257 40 50951
57170 29 83343
36638 39 47757
27245 76 88242
12798 4 43333
18865 87 30349
37797 22 57886
4416 42 81126
16719 77 83456
42584 10 75817
7413 4 54992
20102 40 30149
15485 72 88490
8553 59 42821
25735 69 81858
79186 59 90995
50260 51 62395
83542 7 96168
39012 79 39208
29739 100 33207
6783 29 41527
29832 97 71600
27836 92 64030
3371 82 47396
43377 13 93269
78877 69 84616
64100 4 80754
4827 36 9794
4978 88 24070
35908 79 81614
766 49 13723
18369 6 54059
47483 19 50365
22846 9 63405
2814 33 66361
75612 88 82705
71810 62 99544
4983 80 9113
41686 32 55867
3662 60 59620
15947 47 87485
70116 68 81698
38390 35 95999
60320 13 78728
25106 29 45016
17327 88 69864
36920 21 94439
6734 9 36069
34867 84 39293
63469 97 73917
27905 61 44419
9161 74 26862
11945 44 60116
24264 14 67655
63543 50 85383
24528 70 83847
4245 87 73257
50991 93 95997
24504 13 35858
3935 46 28195
44810 94 83188
39624 3 82237
30029 8 88148
53601 14 75610
49304 43 83903
86918 95 94834
43830 75 51034
69627 98 94030
58002 58 78952
14043 28 73117
2042 13 63577
61547 88 63589
33165 31 35842
18559 64 39187
2297 54 72643
34782 88 50297
45205 78 77774
14450 19 72570
24202 65 86988
95971 88 99873
67613 55 72250
23582 57 79114
99249 40 99689
77273 47 93174
71301 58 74297
31390 42 82361
77926 13 99358
2325 59 83954
31076 67 91358
2069 37 28454
20417 63 89054
368 57 54788
58002 70 83605
39129 58 49521
3812 44 93020
86917 73 87868
65864 3 75067
51047 18 55543
1811 47 95535
22373 66 85995
4642 94 27578
60923 77 75501
34239 4 75064
62728 31 85130
320 74 46651
40615 84 72993
49011 71 64190
41277 80 71755
9040 97 17885
11274 12 38490
6061 87 71138
59044 29 64151
4326 61 92735
72651 77 85707
22508 14 38260
26353 5 36186
67335 61 86099
39165 56 95446
10377 67 97215
44150 46 70378
32126 28 73400
19103 39 46449
3848 50 94493
20548 75 43159
46346 57 88741
37532 2 86681
62331 73 81423
3243 66 14693
82434 92 98797
63167 21 72109
1245 94 24327
17371 4 22369
15669 27 72018
84678 38 91506
41168 26 60517
7392 51 25314
1142 30 78939
25767 80 78555
13552 93 99127
13669 23 80117
37473 15 38635
11499 6 83095
19711 23 46666
35518 94 81262
11759 34 33375
45259 74 64635
6536 20 44576
15269 41 31953
57156 13 97108
6717 81 49742
68092 77 71011
44265 48 70246
12165 45 69772
38564 63 60809
31417 10 75999
19934 15 68452
33062 16 94999
39406 12 76549
31957 82 88607
3864 21 68901
7788 26 44939
20798 97 89223
55755 24 63098
46834 37 67442
18316 91 48274
16333 72 93976
23755 36 61247
8207 78 54863
55407 37 66754
46323 29 93328
12987 14 57088
50656 56 94109
51002 51 57909
86613 80 96521
18 36 97185
16417 50 54900
25838 85 35047
3775 87 90986
38673 93 48605
2322 35 4645
11113 63 18689
4800 8 9047
68000 78 68134
36860 93 91719
26761 87 73132
45716 73 82989
16599 63 56094
42563 73 59321
32633 42 73185
45927 15 76982
48698 6 64485
31736 70 55744
22079 32 79468
31508 32 63520
13850 85 30617
2184 19 34103
83077 1 94268
50740 31 53597
39306 89 79569
13541 7 54700
84640 10 93844
29429 21 94157
16705 59 27291
20948 64 77782
24572 40 88829
41446 73 55020
1293 88 96764
15285 97 83696
75609 23 81543
24453 99 50101
40641 100 83396
39969 6 62913
23779 26 72389
24750 8 85451
14517 60 37799
28089 41 99987
62891 10 86246
3841 6 89668
15962 75 74328
18708 13 40078
63901 96 85774
5116 52 24404
86355 89 96870
59 4 2140
51559 56 75017
25201 73 39499
7633 8 43303
891 50 57488
71740 29 92823
20557 60 67770
56579 40 90875
43342 49 61549
31496 3 74906
15893 68 89748
2207 51 93708
72121 62 83974
10950 30 76577
69716 41 98809
30653 9 36363
43782 76 93407
35702 17 75078
2706 18 78003
9165 42 87620
25835 96 84811
61040 32 75288
14615 30 77538
6722 58 69612
21038 27 30304
26113 68 57834
85750 12 97530
24528 79 91856
41389 64 54020
67173 85 74668
13098 70 73233
16879 88 65510
70511 95 94973
70825 92 93281
61256 83 87346
8597 7 55230
57143 72 98430
1461 44 56044
61170 4 85353
13447 81 50545
47983 8 82934
31955 9 54327
28383 14 32335
28653 80 41383
28727 31 53927
70785 11 85447
67877 35 98464
49222 48 49454
11592 76 53655
23887 54 66266
67655 17 96583
44593 5 47265
18256 41 41482
29432 66 46829
3575 93 21234
18422 27 91025
49449 66 81485
11964 25 16362
54469 59 63986
32317 1 72241
10038 40 77246
63017 44 86705
7319 57 93461
27397 56 30879
47534 54 65683
74194 35 83481
10131 9 32350
40000 89 75371
53780 48 59797
11590 1 92365
23039 54 97188
6498 100 63336
20281 42 58877
1113 63 21656
446 15 68316
43966 81 69138
47181 41 51994
55907 81 81765
159 79 83548
12462 85 28537
4726 47 16801
24986 72 57010
5442 54 64207
59040 61 63921
8652 85 86162
16433 27 92838
19369 39 47311
15790 40 72713
91510 99 99257
58866 19 75857
2868 41 42141
27514 21 48855
52176 49 91782
66901 19 73541
274 18 44633
43999 74 80071
81981 98 85003
59420 5 70659
54676 13 77346
7854 61 98796
48451 19 68265
59556 56 73122
20786 42 26460
19469 3 67714
67213 81 85439
51425 60 64018
83398 85 94976
3423 75 30227
27568 74 47762
12663 4 22366
18972 85 69040
48034 21 99853
14689 69 80987
33223 6 60465
51808 40 98374
11591 95 97699
33736 42 69205
24895 93 36972
20818 53 46203
35432 98 54395
45121 48 68549
9167 29 59255
42303 81 63372
916 68 17466
33383 26 97047
50003 1 89476
33481 29 81011
10035 5 82477
3331 8 37730
9423 50 84735
6781 60 22207
6562 77 86669
15174 17 70673
40534 72 58287
8488 1 75817
7770 6 34920
28128 4 57053
69156 49 92600
44596 73 57344
92884 49 99407
29047 92 77947
14064 31 53636
44296 96 89485
44476 94 57138
22735 73 24492
3663 47 61794
33398 52 78987
4443 33 92095
22496 89 34040
54333 25 92832
35018 75 37224
30535 17 73327
17873 91 97866
12753 88 43182
17878 64 22797
15477 24 63613
33605 86 51801
13781 92 54573
17650 84 66004
31796 63 61951
61101 20 92552
32580 72 37346
52819 13 89739
1487 51 98460
44897 56 92439
7163 23 78116
54303 21 77815
66004 87 68193
8610 7 17092
58086 40 75503
9999 69 33854
27188 8 86384
15309 66 42162
6563 47 11897
5187 53 82386
18467 16 88209
24565 30 46652
170 87 28495
18189 26 92009
16132 13 18013
59363 51 93971
79981 47 94761
7251 7 44562
46926 23 87688
76131 39 97937
41124 48 72608
6454 81 76389
39204 92 97830
6353 40 41773
91251 73 99329
83732 10 91984
12775 43 75754
46559 80 69121
26785 59 95132
7421 34 85480
26468 5 69522
71730 19 80020
27059 92 63645
9857 51 58564
16839 44 93769
23568 20 37993
80981 47 83353
157 78 8861
45067 49 81396
28089 78 94406
8006 76 12298
8840 84 91700
17215 56 67363
34099 37 84602
39604 91 93593
47630 79 77150
4506 73 55362
1911 15 43283
15358 21 90213
9126 19 47892
85691 74 90926
41572 60 61849
44995 35 90124
60572 68 64252
653 27 33772
35482 98 97874
16094 17 23845
36514 33 60741
6967 86 59674
77747 87 78370
32447 29 40767
31498 70 49728
43474 5 45612
45133 24 47326
79937 16 92058
61931 17 88127
48358 53 59030
6746 2 63928
48173 42 84777
21631 59 41992
82366 10 88693
23499 43 63920
85117 33 96516
26497 22 36523
41559 14 97832
71304 62 85565
47668 11 53937
28393 32 73876
28010 34 29560
6923 25 44436
33850 52 56315
33379 69 46507
37862 30 60567
13712 4 99524
18855 1 96967
83720 91 85651
2378 75 2655
19792 78 71251
6499 94 17367
8688 55 24782
3166 57 67704
46239 5 69844
67583 48 84054
64401 41 93885
1193 64 45845
61070 37 63653
90174 55 98336
6817 9 19119
81431 31 97644
16703 37 31890
22227 10 25842
15372 28 22632
92763 79 95891
24846 26 45600
43488 43 65173
69543 99 89431
82892 23 90965
76241 86 95177
30393 3 63222
4589 43 86193
18961 63 50191
9442 9 28869
3385 28 62596
66602 18 91603
30310 68 86653
39852 85 53751
47839 94 90598
37451 62 62404
12242 45 43963
37121 54 50647
23772 47 38526
23713 90 97053
2520 88 15008
47645 53 53548
48841 55 58707
16549 33 24157
47359 20 57503
17472 39 63624
32302 93 45610
55736 19 83225
37344 90 55907
47249 48 65901
15377 19 54818
45975 55 56200
61705 59 98893
45035 85 99528
33023 5 35381
20188 8 46147
1341 12 48714
84434 76 98307
70639 23 83859
18789 74 34351
31346 58 92747
14859 98 77676
52463 66 87196
18079 70 47596
91387 77 96881
2209 25 98218
10570 58 57411
8017 60 49748
11010 89 34849
3168 29 55411
74539 100 95771
6841 15 96474
24170 14 58378
42075 82 97069
10890 60 95563
25533 15 80744
84954 85 93768
71004 54 99471
82164 46 92024
7285 2 75562
80803 26 81381
5587 77 69936
15302 55 50953
8580 94 72640
40861 3 91031
45094 14 54171
8181 19 14221
2112 72 49743
5262 58 46463
47159 73 72418
50968 33 79201
22910 61 52235
23822 30 85788
24950 50 37156
6496 66 78111
34522 67 80096
66358 78 75347
39622 76 97097
34531 30 53458
20637 83 38089
81201 41 84322
52193 30 85514
75136 47 92999
4811 11 95229
62590 72 98990
22579 4 30541
23686 56 24086
78538 82 94032
7021 7 97037
67773 84 83627
73768 72 85324
55602 30 58055
428 54 14549
28623 100 49589
27060 12 90755
73588 72 91423
18767 31 94297
64024 97 78136
63341 8 88745
23615 39 94377
36035 6 92041
31286 2 64737
19719 3 73786
78627 36 92530
36108 15 44065
48234 87 58286
23479 37 26583
28393 93 93805
852 46 96157
16692 7 63932
11480 34 65498
58684 62 83215
24533 33 35919
60625 65 70252
14346 23 63552
16067 37 46229
35191 56 96784
27073 39 66980
7698 46 14740
79610 90 84888
41178 21 64280
81910 97 95809
23092 23 44977
27039 15 83411
54612 87 80688
82832 20 89796
24561 88 69949
81899 24 93474
39079 44 94015
38913 26 99704
70289 55 86453
66313 43 95343
56631 80 75365
55176 37 69585
27450 63 69316
32199 22 93791
19256 11 32745
42945 34 46531
41825 46 96335
45920 45 65991
12716 5 46920
23801 8 71289
73163 96 87762
32996 10 97395
67429 13 87086
56835 100 86647
92891 89 98159
10267 96 38696
41443 46 76973
71848 76 76655
17944 25 84139
38115 22 57983
226 50 34649
8028 17 29056
17470 85 47425
54253 51 66892
59220 71 73455
42337 90 85501
2311 45 22885
44445 26 86558
41868 9 53809
48026 94 56922
51762 90 56122
65497 44 85307
11289 34 22012
17714 86 93536
15940 63 30502
28935 80 71170
1268 10 81188
52580 51 54373
52342 29 56493
42754 73 97930
48929 65 73281
26867 70 27376
25672 32 92874
48683 34 98463
197 81 34322
18753 96 25000
15638 74 99321
11857 95 17120
58467 78 59996
69661 88 85758
10666 89 31719
80605 66 91477
67087 47 98600
95113 80 98503
87789 1 95918
43517 55 64657
35152 56 70715
44646 43 76515
14050 99 16152
60090 42 89599
28620 93 29442
14417 69 84517
29612 66 34588
65704 13 94834
8214 37 76033
42738 71 50898
11004 67 35977
2083 2 49462
19517 48 85969
8948 3 99771
1215 22 46234
18307 18 42229
25425 73 40406
9551 77 52773
70171 72 91866
3968 86 74790
44667 33 60428
7154 3 38957
18869 64 43057
16014 63 96631
51907 23 83481
82029 46 88810
43041 46 87544
36001 1 72310
43752 13 68503
5538 96 83579
16183 2 49830
19975 54 72818
69338 28 95226
17776 65 72140
32738 29 36461
47246 50 85791
1477 26 55260
59070 76 88421
63291 39 93921
38592 69 45072
22211 50 22400
32541 94 39364
51381 40 90010
32096 82 33170
50718 13 88831
10559 63 74855
40269 49 73081
52724 44 98358
2262 74 41312
34699 81 39521
13537 16 91567
86812 62 93514
27573 87 93703
41893 15 86854
40557 1 89481
28243 39 41311
70792 4 85392
16840 26 52946
43852 96 82917
42477 47 49923
67639 100 81960
36745 44 76522
58057 56 94154
59110 71 64330
184 36 64740
5702 87 62457
24530 28 39422
26272 10 28800
38617 25 76258
5475 64 96939
12206 16 71336
26137 65 72737
7421 73 34108
68224 76 99419
36242 77 88136
6829 2 87589
76190 46 97370
44995 49 81322
54936 88 75669
46564 100 84230
12633 65 69270
21522 34 31258
20497 66 86179
23189 85 39929
27561 83 56761
46743 90 69976
34782 96 85747
58651 45 66728
13298 23 35145
25754 44 40686
42579 15 79647
25904 60 53138
3641 90 24973
49153 80 66375
65344 75 66994
31496 96 59523
12137 9 52657
9710 49 83509
8025 79 9178
78503 40 78585
52499 51 86556
6468 59 74867
11865 100 20448
57275 62 58258
83518 62 96602
41256 43 65408
4104 70 78546
32718 74 91346
49305 8 54484
868 75 15564
13418 5 70362
29050 64 98818
24733 89 97323
12881 43 99889
77775 39 93445
70174 34 87001
50674 60 58110
5662 43 43835
49286 79 71213
36331 71 75330
62913 36 98274
29009 86 79038
6946 48 39660
53617 24 64774
35805 37 50651
38684 75 90092
55545 68 80697
28246 74 91459
24550 31 28369
55306 25 87089
59479 2 60871
67477 74 93564
57814 76 77047
54515 81 73124
73925 38 95947
10938 57 36556
7184 95 41362
82782 24 86170
30230 17 80252
30484 90 77218
53340 42 55215
61288 8 77870
72545 55 81735
50506 21 77639
22007 71 45783
45826 46 47735
35985 17 41369
2641 69 20552
46984 85 75649
5121 46 28383
77426 59 85736
42550 5 43770
38536 61 94150
37828 72 64147
36168 6 46754
83817 45 92780
60117 26 85038
14274 47 73588
33235 46 96945
47915 37 69804
21734 79 30385
19802 25 23576
12091 95 36064
9939 48 67716
58292 7 92323
20235 71 73443
4695 29 28706
81983 35 82801
50875 93 67002
1036 42 9817
26234 42 45640
17730 84 80140
28637 38 29551
52493 53 94015
83981 9 91098
23972 80 32324
30064 30 42305
50268 80 93868
39864 7 88988
71138 14 85947
27378 90 37178
5801 41 92112
9512 1 58536
27742 44 78526
41164 7 64401
4878 19 13081
26039 67 38713
24818 97 62253
24753 11 52860
58159 23 99720
30526 54 64846
3167 71 7911
19896 80 51435
63394 22 71476
53035 15 82615
76222 39 90534
84646 2 99212
14073 96 72585
39560 50 56406
235 35 58028
10138 96 64789
69656 59 76133
30416 4 47416
39093 44 89856
35568 49 98870
66868 43 87278
62846 86 70061
45193 17 63682
37785 77 38090
73647 98 90618
34800 84 56360
22061 71 51829
59549 58 71199
64028 1 68880
23814 10 77199
14441 34 71259
18664 34 67845
15672 19 25272
40416 11 52581
32659 14 59749
72887 71 90257
71753 58 75256
52840 54 76385
14927 28 28288
52708 97 76442
62284 42 97086
12237 76 81046
26098 64 61362
50522 25 53544
27125 97 84430
10117 88 47854
29729 67 65499
2395 77 51823
8694 58 28984
86349 34 89404
1087 54 76426
8723 8 62548
71865 57 85616
30763 18 59559
56121 19 70762
37404 91 42151
17922 75 48292
71344 96 88731
8015 82 29008
20011 73 43586
5678 69 33322
12312 99 38415
60911 9 88346
13870 20 73238
44658 53 87482
34849 31 46108
18783 25 75837
55424 93 56687
19324 91 93475
2490 45 10090
53858 70 74742
22510 25 72509
11185 84 39935
44731 41 78150
28637 92 74388
46408 99 96087
29780 42 87229
11512 19 31752
1764 21 77557
59800 53 90302
42516 37 56849
10634 67 83065
35196 36 87354
27689 43 36499
41044 42 79116
6000 31 48967
2075 67 46165
93020 4 96462
10018 58 15370
38358 81 97701
7315 31 52185
30283 19 47204
2811 63 17152
17197 3 65103
8598 37 34301
76490 81 95715
59618 56 81969
24200 23 60629
14388 8 57650
71295 89 72885
26174 41 37474
5521 83 40203
69461 59 84005
58631 72 82849
62441 67 78636
57764 86 77116
53212 18 55680
17771 90 32153
57516 9 81839
14641 32 31073
33528 73 71271
15455 14 49850
7280 64 39628
51170 84 64035
27166 67 63272
79558 84 80008
65919 80 95280
75442 49 79219
42370 73 94664
12262 81 15707
5176 20 50809
7839 9 33586
13521 95 42025
35836 9 79296
27969 33 71443
27324 97 99935
19416 26 94520
29099 33 52538
39766 64 74315
21391 89 29922
1075 42 14245
88352 6 92239
10 34 87576
29363 45 58770
8099 78 61036
74672 37 83051
406 7 51919
46637 83 59896
36195 39 82662
12531 23 17543
3344 25 74456
66952 7 99878
69382 61 71054
19076 9 35961
22060 99 78462
95371 62 98531
18504 45 73675
41732 16 54198
8561 34 80983
20231 79 93191
24333 92 27954
63028 69 86950
40879 84 53581
43766 30 69305
59003 43 88846
20687 83 89943
52258 95 65592
24345 25 79663
38346 29 63992
55172 44 61642
9378 89 31218
14774 58 56925
2125 42 48467
30392 97 30531
22826 8 42679
68156 92 75944
39954 81 60306
991 1 23359
36156 88 77599
36226 66 59681
4404 45 56204
39018 7 97249
10575 37 24808
53064 86 80590
39995 2 97209
5465 66 27537
11512 96 88331
21765 91 90739
21994 12 33246
26183 47 41002
29675 23 53680
43200 47 78030
38134 27 95801
48001 48 66609
21776 29 82082
14588 12 79647
56657 76 99154
35002 31 74793
23880 16 41497
48243 36 71016
72040 73 78405
42144 14 46676
14969 97 40363
44656 59 97119
12933 99 50095
7198 66 75798
46882 12 95234
5566 92 16581
47868 66 74676
34879 40 76204
25634 84 88692
22077 74 28450
9729 48 41140
7467 30 39497
34724 25 79813
51210 2 91555
70 33 91947
29927 30 53971
44997 28 87549
9049 96 51879
26159 56 56519
38457 27 66967
2643 66 99030
48070 40 58086
13016 22 40662
91631 21 93609
37355 89 76596
27232 100 29748
26690 36 31927
15919 41 94216
4312 29 70107
60527 24 79149
25604 28 88015
15860 48 80277
27898 38 62459
64629 87 75394
33350 93 67667
46298 67 53983
7480 28 16107
42290 74 58540
20464 47 40096
25836 82 91103
52662 5 90312
69157 39 69816
7573 26 93121
36919 75 77459
54226 33 68008
28359 99 87898
27505 98 46851
23234 79 45769
68314 50 79485
14695 88 27990
64185 69 82601
18140 11 81929
7984 15 80619
15540 9 84791
815 57 73486
21334 49 60816
73821 67 97713
28255 69 36687
7944 90 46703
48914 41 54505
18020 39 63003
1604 20 47787
4280 18 20067
11492 97 39652
28825 5 38703
22895 66 55058
20451 54 20874
64188 57 96821
67969 32 83514
9183 32 58714
57432 51 90668
21461 69 83917
32297 50 43910
68665 53 99879
6703 85 52303
47951 14 58796
918 56 20602
52411 7 53435
74379 11 75484
16445 26 59911
68265 39 84026
26676 68 98403
31692 12 71722
13662 91 80145
37868 40 70211
50037 70 78110
38600 59 89573
49744 99 76043
49912 45 99496
21033 59 26021
1965 18 60598
4638 71 26012
7100 96 83859
1329 69 48931
22294 91 57030
20118 30 57988
74348 31 81785
10305 95 98237
22487 34 27899
11733 65 65950
66619 53 90015
16948 84 76973
1310 73 16243
17075 51 60479
16934 47 70194
66962 31 98949
31795 25 98113
25149 74 93711
90502 78 99382
33967 4 38533
7845 37 17852
11297 61 59489
56623 62 86901
2337 23 56103
11349 34 36540
28766 23 80858
53538 44 65393
21692 15 93644
383 42 61271
21081 82 76266
55667 82 77735
259 44 28617
52746 68 76610
7068 40 91203
20292 15 86401
67645 45 79658
5629 61 33325
8374 43 41026
28492 67 59553
37300 47 71932
41312 57 52757
63896 48 79044
46494 97 83705
91609 88 93443
14317 62 46687
36513 21 80931
64292 38 75677
36931 56 42554
16990 73 95221
16187 62 96645
46685 87 65812
79728 13 95871
74052 75 91830
1197 80 31550
17592 90 68595
22715 38 54934
23700 96 50509
38011 49 53118
77488 46 90226
65763 38 69913
1641 66 16392
44093 24 77710
21653 14 34753
7608 32 65051
4404 30 30683
11642 77 36113
55642 26 97271
41781 32 53910
17884 46 86603
40861 52 61154
55151 48 97464
79826 86 92285
52254 97 86106
16726 1 50957
