2000
36142 58 70327
16345 72 79838
67440 10 75273
385 95 1162
11881 32 57951
23096 23 39758
64797 2 82263
78551 57 89693
33159 40 92318
9752 99 92805
72418 28 77801
49520 92 64433
5138 35 57461
30752 65 81563
53496 1 64106
48927 72 63548
51968 8 83495
2317 46 78644
13413 24 95075
28120 57 93632
39965 91 68768
20853 42 41965
12233 87 18902
27515 63 84174
51706 67 93131
11932 58 17933
9561 95 17529
1387 75 10717
59827 80 79622
46242 38 84257
15328 46 17751
49209 5 68014
2462 25 19446
60682 96 83410
22185 97 61722
34391 58 37968
9803 24 42276
22934 56 65163
44944 98 63637
36470 38 43763
12095 37 62331
54255 67 77818
68461 33 95852
28668 35 34142
61464 73 80993
13205 68 61787
76765 88 81297
47049 51 92943
57078 34 67746
13042 74 78571
34627 76 53448
81971 20 98190
6795 53 34648
14088 41 40266
4455 8 67204
63297 22 96133
19394 86 97202
32984 1 83953
12620 93 73505
8581 59 60948
9431 97 94248
7749 48 34288
25151 14 36585
29266 70 32328
22665 86 35717
54982 83 96480
10242 14 61584
11732 35 25093
48089 25 98475
25778 10 41695
82356 11 97219
79824 8 88529
20559 68 70341
1282 6 53645
44399 98 76092
4354 89 30036
18424 77 97275
24845 39 91915
35792 69 78063
67159 16 84665
1372 84 93131
52187 46 66441
34131 16 76446
13621 1 52560
20936 7 29518
47748 24 53791
59722 19 66675
71988 1 74079
36311 23 42069
11429 83 68072
43269 85 46619
3086 41 92701
30018 15 50613
2271 70 68317
9843 12 62711
29531 38 87376
75752 2 94804
64190 55 74037
29395 95 55494
16397 26 63478
90559 58 91623
75075 50 88570
39306 65 88136
15324 22 72745
17017 37 80223
7699 58 33949
32912 51 38849
20084 44 72849
11925 28 32578
3544 9 91569
48288 62 98466
43431 28 93642
20308 14 48901
42245 99 58462
80508 97 92303
1902 66 9262
48666 24 86712
39061 92 90615
76477 37 87846
15813 27 18674
12671 36 56760
6067 13 61954
53728 11 67175
28291 84 64473
2280 95 29209
57266 43 92909
60775 49 89470
19496 45 81777
26455 15 71348
6960 93 91315
28666 58 82470
42902 94 91143
48271 48 71643
10745 40 95869
52232 7 67866
14533 79 96901
34151 11 73364
28812 49 30715
60085 33 79674
54013 27 73323
21858 43 94128
30688 19 63549
11642 74 45046
17061 22 49208
28750 65 36058
73929 38 98610
34330 45 56631
24578 54 44649
45493 8 91496
65568 65 90208
28905 26 73326
3045 15 24585
11686 35 61912
26624 33 81896
756 5 27830
59331 98 77607
60020 75 81207
15255 95 28468
70271 15 76330
67677 54 74034
8845 31 59798
40032 69 92966
7947 12 70214
73911 9 98243
55425 30 85544
96298 1 99919
45123 37 95374
12455 10 73121
39432 7 84312
16902 36 38089
12715 79 26157
15473 50 93460
30368 15 94523
7628 1 19057
41063 12 74926
83598 42 89055
5017 64 29745
16603 64 22633
52814 32 80657
75394 35 93451
27001 66 72151
37149 86 61404
65091 93 70109
51006 70 53055
17992 34 65778
44263 80 99265
11402 100 50534
5546 21 32248
62021 70 87298
8154 4 11442
23183 95 81338
63450 2 79404
6629 54 43123
25126 9 99006
4387 11 54286
49545 56 72577
87858 94 93106
3421 44 11400
35359 6 64231
14777 98 80821
10474 1 17595
64634 82 81963
5292 97 33073
5589 93 78399
26889 83 78679
27818 13 85782
18939 2 75649
31843 79 67517
82074 85 90189
21046 85 81663
46554 56 73055
58187 65 90406
23762 26 74143
37102 63 47656
5197 16 15271
16974 4 45256
18191 61 57236
1032 94 92941
30215 47 99321
10571 76 31094
13285 42 95852
36298 67 50130
2207 61 21584
19825 34 83974
86926 20 88148
3040 91 97938
57826 35 87348
43262 10 95371
28667 1 82716
14406 98 24968
80360 91 93248
34905 91 71324
34144 18 46805
9317 76 93106
42588 12 74631
64233 3 73230
42450 88 87151
49173 35 96034
42730 28 87234
38513 23 55744
88983 34 98110
72357 29 90822
24360 89 51473
48644 98 60028
21729 100 85903
46255 67 59208
59120 63 84342
17101 41 21796
5937 13 60168
68081 92 84949
41627 10 71112
21909 66 54195
69641 65 95606
66325 19 81394
52862 43 73757
17574 60 29687
45501 1 97668
64739 8 84931
46775 25 83199
19340 17 19374
28121 8 88440
41671 13 75959
35755 73 88656
73060 8 75569
32667 5 91207
16781 69 80438
75221 93 92490
37843 97 72766
89452 36 91835
20022 99 29937
21070 35 88845
3268 83 57971
12390 33 50912
45929 24 74037
5807 7 66691
9578 58 61294
62598 65 88720
83222 85 97376
27428 59 36309
20336 62 72355
19695 65 80575
10441 71 85321
24246 44 55923
71908 57 83543
9447 36 97171
24687 96 94651
76766 100 80823
11390 25 32712
2736 36 87971
13933 12 54128
6382 38 54343
1582 58 70259
35520 92 82228
42849 1 85951
49121 45 78853
91082 36 95939
25483 22 71414
284 1 74047
72321 85 80143
75979 84 94810
1778 54 35847
5681 72 62625
22275 39 63083
14441 30 96025
19141 28 98935
43289 98 79184
36495 5 60936
62718 17 95904
49319 83 93038
62118 86 69823
4655 61 89224
49969 56 62471
39649 100 78627
14244 56 15720
49118 44 70421
73499 12 97467
42241 61 63435
41978 61 71297
28789 79 82337
58536 51 96460
49905 39 81835
24461 5 46798
75379 51 84797
35075 65 44613
78444 36 82315
14196 26 83140
22077 89 54925
56335 99 79241
9580 7 98256
35812 94 73234
62382 7 76978
26823 6 71357
79550 10 94149
15182 90 97751
32997 78 76277
30084 69 77225
29886 92 62663
42569 42 49706
41264 40 71049
63703 55 83051
11348 8 92904
48505 74 57793
20436 72 89494
20802 50 84119
2427 46 92179
32536 63 40304
60722 51 98757
48730 66 69118
1261 31 46528
46058 64 62257
36920 88 40358
23871 66 71302
41860 43 44419
13487 89 68155
20222 28 52631
10737 10 22557
8208 49 59989
70178 34 93855
29395 41 87157
4468 45 79710
12366 77 78191
58531 50 89064
59406 53 60674
25912 81 93948
57839 61 95544
78671 64 95718
91426 54 93554
19139 53 43565
43993 20 50722
34680 31 82086
13680 8 66738
13968 43 96462
14839 62 61411
40637 15 84701
20115 31 93893
4847 23 45799
42474 50 81259
8110 68 37908
82971 5 95318
85130 55 93516
26675 2 30128
37648 46 57946
70266 7 71239
41107 6 53906
18945 86 54107
68328 25 92919
19030 68 99771
21678 72 34022
15156 82 34421
9670 14 51490
51162 20 77187
60846 64 68877
30122 64 73698
18640 15 24916
19562 15 26978
70342 88 80584
38778 27 62241
29151 56 41112
20176 32 71554
30891 52 96953
45478 94 60562
16816 79 70045
12995 94 60058
8670 65 46214
63899 65 97913
438 49 83177
9644 57 56993
48335 54 68851
23192 39 86648
45929 88 82851
3361 23 79553
36888 41 74327
10571 23 57784
6220 98 21733
38417 21 80932
24252 55 99008
69873 79 95642
65436 22 76268
49035 58 75413
13819 47 96033
31287 68 48738
32198 28 36596
33788 64 78392
24862 99 83249
60898 16 74770
9404 54 41860
28105 5 84740
29596 48 38743
10929 29 83935
5837 30 98546
43272 81 71985
36400 58 87205
27761 18 51294
29559 56 54747
51815 67 85961
66320 20 81179
420 19 63867
77429 55 92517
14433 15 98770
74518 21 85390
1473 53 48576
39281 36 66510
42165 27 47801
2773 66 42305
28274 66 80875
8061 24 86993
37401 18 39700
60508 3 88677
44234 40 97695
8840 10 54641
59774 10 60610
27718 74 39874
7783 23 87229
88596 8 95756
4857 3 13215
63525 53 72373
55648 70 93502
40626 96 73276
42132 70 77606
8072 10 72567
22101 26 44288
21153 62 49473
19052 39 50116
53352 81 98738
33090 100 41164
75874 33 94814
22856 88 42421
10490 84 43290
15274 13 93173
11716 39 98759
21831 74 36887
52890 61 56580
2054 25 67909
11514 81 22565
29168 47 40532
27356 41 69383
55309 9 81912
17231 75 83868
3570 47 16813
50783 64 71322
51691 12 61193
22735 78 84127
9639 6 84254
19251 85 72918
22392 25 99836
493 72 17992
4249 42 67037
41397 13 48407
66586 99 69949
11580 28 75902
5480 10 61076
1758 23 73286
11768 46 15220
15407 28 63685
35 17 78224
22492 60 30819
26125 92 29587
58353 51 84475
9852 97 60758
13022 40 79367
52396 21 64668
78934 61 94826
3678 5 66191
64605 40 78915
73711 34 91902
58551 94 67562
51486 20 85011
33590 14 52242
19980 56 80534
2387 79 22913
61964 62 81025
83494 39 99623
17655 27 85878
42522 44 76322
7790 92 57043
31112 27 98307
20889 71 92870
35447 10 94885
35094 76 75111
14105 93 36484
63084 49 97056
20851 89 65850
8641 65 62302
432 31 96548
3732 55 14788
5880 47 69694
33469 81 54757
37447 13 47314
28035 89 81436
34852 51 86087
41114 14 88747
23922 22 75763
61984 21 95120
31966 54 75266
20954 36 95004
17558 72 18848
42448 42 49319
3541 10 93898
8918 32 14712
18566 90 88103
48969 22 59789
17718 13 26180
61600 6 67195
10122 100 14555
12200 67 39870
34248 69 67708
23195 7 49365
28239 36 40742
27094 20 67958
5711 54 28695
31275 15 71874
48008 68 93210
44586 5 54636
29409 29 62589
36528 2 69525
51205 78 74533
92878 43 93200
93 27 75437
12965 21 32094
57665 27 93144
1361 99 22382
32003 80 49702
4729 48 54518
22991 58 44607
45088 46 50369
4686 66 66085
24188 29 33055
7008 75 40348
22398 8 50611
1940 90 69215
35023 10 45567
79835 46 84017
245 52 51607
36562 78 59795
47048 23 78634
8836 85 55423
6743 34 75774
1323 59 72555
40418 82 95143
5621 55 12840
30064 99 47524
8861 30 81652
9839 30 37826
84761 85 85063
82657 12 93527
53246 36 83181
64256 85 80470
56341 27 73798
83126 13 90724
34223 19 84842
74864 25 83047
13669 64 76088
5171 6 15094
59042 20 71756
32127 24 57416
12096 14 81643
59196 84 71265
26555 86 63236
28474 26 28843
79119 80 93206
29097 18 82897
50330 16 52440
57018 22 94122
51662 39 67328
17400 56 23566
5418 21 42935
87087 84 94960
38972 34 86348
43992 33 91826
55537 8 80425
8057 20 75082
18662 8 79341
31284 26 75029
2105 83 81961
32137 25 33353
68275 68 71963
66301 14 71795
44690 69 84233
30295 31 43577
80932 50 91061
6472 56 24857
10048 39 91489
2131 55 11534
14564 4 20454
61246 5 64367
50620 95 98032
9431 93 58513
47324 86 83063
26914 59 41709
10026 86 56338
66782 86 71330
11094 90 26547
75753 61 95262
13572 70 95541
10130 2 87863
43846 43 79262
5971 84 36463
22093 77 89757
90615 33 95067
70749 29 96425
5708 21 54220
36804 70 44173
25562 61 68197
53104 66 73449
23450 33 81215
69160 41 75469
17299 37 62240
15358 36 96090
9847 54 21999
61841 14 75389
5925 55 27048
57603 90 92287
44764 71 81840
22789 48 60885
37128 100 88829
51983 26 61644
35139 99 42837
89928 1 92190
21778 12 88147
69592 43 82300
32404 88 72848
27749 90 30140
17253 16 17556
21430 38 31379
17807 83 21260
36930 8 50786
62104 24 91285
84456 16 84691
25371 71 38978
64048 61 65663
42602 36 54843
66369 53 90513
66786 4 71160
4306 98 99300
28123 83 89783
46613 14 91774
15634 84 43358
3895 57 39754
47022 48 60803
27183 88 46643
10081 2 76482
62587 56 88864
34670 28 93899
15207 71 98948
18533 49 42439
82698 88 87271
15990 16 55654
6654 63 24130
33725 37 47412
581 75 67108
25284 52 89489
21826 46 58856
28605 83 66041
16234 41 25757
20222 9 67641
15753 27 50284
59878 46 65875
91684 4 95114
34073 3 52219
56868 11 96957
52155 13 58290
44401 73 63826
23760 89 77095
43779 76 95605
17947 27 34572
9699 86 19234
36026 62 89391
58668 65 68950
72613 47 87002
21437 23 94350
62950 33 97068
4889 97 62927
58092 78 68902
26139 75 65878
5674 81 62476
77084 27 98905
41960 96 43316
13583 92 77551
19867 20 65244
71157 22 74987
17276 29 76399
78849 67 79490
16580 1 20812
24978 36 84333
2160 17 38648
83948 68 92992
36323 75 60772
63115 58 68872
1331 94 73016
47837 30 83020
17372 7 33280
42772 68 73750
61301 91 96307
24622 93 31561
21643 5 52351
32014 25 70083
80063 49 89003
32087 66 93892
16285 93 29760
19826 22 32779
1376 66 84667
4685 5 86945
39263 29 43956
57832 21 97704
3948 87 10031
73287 9 93398
225 74 48358
17656 35 24376
68463 63 96952
13965 70 89346
27251 58 56909
41233 31 69533
11651 85 56875
87215 13 87575
2999 24 39921
24593 1 75848
70663 42 96206
63616 98 71448
612 31 14688
65106 33 98418
9701 60 43157
17893 57 45198
58768 70 73058
15737 50 42143
10201 22 65719
89182 38 97000
70257 74 75270
850 90 99425
10975 39 11508
8091 81 94363
14170 57 50026
77492 72 94082
35669 58 60107
38886 29 89528
36360 43 52365
357 2 46742
25208 39 51529
34689 55 38568
30895 94 62734
16727 66 83882
9880 92 43462
42897 11 59977
13419 66 37048
19255 55 56349
74362 89 95869
6679 8 15275
61596 5 89587
52836 87 69966
23258 92 53786
7043 91 67957
50725 68 73801
43449 72 56646
20423 79 46995
77164 34 90588
26041 30 90608
31631 9 80402
22334 39 69090
13966 59 88099
61143 82 79907
22370 5 98685
38057 79 44282
50450 41 51761
888 53 26972
65851 19 71871
22557 76 72291
64213 91 64354
85481 26 98219
25707 19 81000
18353 32 52402
24002 6 50916
111 7 16226
31477 82 72165
34457 95 46903
4712 63 6631
46487 55 98385
48660 48 90996
41189 96 81451
49298 10 72116
25698 12 28671
70517 48 78866
64393 18 85923
41494 59 46292
30561 50 57444
25539 74 63162
48236 44 73122
53919 1 96913
42393 7 82710
4442 20 40523
31329 37 88362
39349 19 55632
29378 79 98078
29296 17 41430
18147 41 66837
16097 3 19061
57951 58 70296
15325 42 16450
10132 54 66110
17569 34 83204
21102 30 42387
55969 92 85932
45970 39 52425
79046 44 90811
18820 61 83290
31554 84 85763
62782 95 94471
56436 70 69566
31105 88 99378
5124 49 22902
38274 9 97317
16703 19 52011
57964 23 90977
76549 89 83710
4892 47 16616
57890 37 76690
7667 92 75346
44572 50 71149
266 17 77852
22330 55 97763
26875 42 59122
43754 81 52107
95810 58 99427
46013 93 55471
26055 33 29924
3974 32 33493
54510 98 95020
19768 12 20406
39774 34 45095
12982 11 54922
44634 90 89167
29177 2 73387
8613 37 73763
6358 1 8478
65473 15 76628
76288 95 94874
9103 14 77911
20054 88 28151
94563 4 98739
21068 44 60877
65209 54 77243
10786 37 39207
54467 41 75290
15097 92 82453
74621 79 78944
14381 2 21165
16213 2 38807
57699 11 74258
51674 17 71637
18795 77 58424
2792 74 31187
47279 28 80941
24011 37 95194
6935 33 96503
9869 43 43606
6013 57 99721
4336 7 19724
44674 98 74879
30823 18 39672
31379 16 80026
6997 87 74926
24493 43 47648
297 34 43248
23984 23 64016
770 99 54480
65897 92 79500
33305 62 90600
15617 27 83187
67250 72 72671
10912 65 95429
43833 24 60355
14743 63 81807
45303 6 52347
8230 93 85368
61261 71 93919
71945 28 94087
17525 45 86204
47676 70 79483
74446 2 99298
11320 89 18001
14072 100 91671
1905 34 99936
37006 6 86614
63860 77 89471
18850 99 73907
46656 44 74264
1121 46 56539
25515 65 55276
48872 69 58795
39309 74 48352
12082 24 26182
9512 24 53221
37047 24 84380
22827 40 32218
9754 39 98828
1404 11 28199
7480 71 89782
29059 15 97939
5892 7 31221
18250 81 70498
48087 49 84347
86046 76 91110
3350 66 40610
7070 32 60479
44730 94 70749
35063 30 74238
7880 82 18332
525 43 37462
9837 93 82336
4603 53 8933
25917 80 63370
25957 33 40060
7510 31 69853
13399 85 81684
7610 29 37052
4383 22 64154
45131 33 71823
19486 93 72230
45006 1 67738
5582 36 86836
20299 82 49818
13303 40 77687
23796 61 91249
16467 53 23911
18531 64 80064
22514 69 38979
40969 24 67350
11710 92 37477
57460 40 76932
14075 18 86040
4204 64 58988
2938 46 82315
54252 81 88368
7762 2 78592
56680 12 93828
3224 94 43818
51813 8 56203
79049 60 95622
28492 24 72192
1618 57 37752
6432 46 37282
26257 62 45602
33989 52 59605
52598 57 66648
9364 84 74637
28378 78 80937
963 34 71379
20747 93 38462
52060 78 69842
75757 97 92306
58655 67 94981
53987 90 61430
36032 82 40635
21264 63 91438
6507 63 27076
24990 65 91332
8189 61 91293
18497 68 59090
36586 65 73866
44067 56 75166
27005 84 73151
4837 47 26892
77143 44 78483
10006 46 13544
22611 24 85415
2409 1 6607
22005 78 59450
1693 90 89090
1977 27 71996
26498 95 69660
63159 6 99720
57467 47 71520
64921 5 95731
25886 19 78519
36247 17 72875
17631 96 86320
11990 54 72922
64955 62 68370
34290 61 74718
59587 75 93681
54925 9 96700
35034 61 86200
92 93 30192
30883 100 75829
7409 53 74994
22296 57 25086
36771 50 38597
46344 55 49793
41552 88 52769
76888 35 89311
53627 30 57714
56652 82 59013
31919 70 78925
28172 65 43338
72103 16 90612
13256 92 19929
3698 10 31750
23571 7 38997
68261 79 95072
29375 79 79628
6986 80 8303
13531 14 54328
6696 22 41166
5943 69 34127
65512 40 99799
96816 90 99575
31101 40 50254
17675 59 35896
28177 42 65140
52918 4 81920
41597 37 92292
66688 97 86457
31343 31 83068
6782 76 66270
8577 41 29497
88674 26 95437
19078 40 73366
45317 17 89073
43820 26 58348
34736 70 84784
88894 2 97057
18640 1 86464
19600 80 50696
59238 35 83948
32341 82 92231
3211 50 62155
50097 18 91880
15030 49 37710
4375 41 33020
26603 82 72720
94084 42 94840
14621 34 83229
14567 36 46917
5193 94 31690
8616 74 63225
41652 69 84968
13460 42 51863
29498 99 57908
39962 39 84359
12027 93 84347
7999 27 21994
8218 27 24915
423 7 35325
31324 53 82497
62800 68 91424
46870 79 68557
23709 81 92616
9132 10 82329
20711 93 28530
2356 2 83399
27168 65 63487
60972 75 95650
2356 21 85924
92251 90 93817
41023 86 90777
651 38 41050
29968 65 98271
11352 59 92426
72797 91 85471
28817 94 37103
14157 20 65611
22831 66 29697
69275 30 81060
15810 32 44107
41084 33 86300
36224 23 86926
1930 24 62762
32383 27 44602
91804 79 91991
31889 90 40951
15965 9 33293
23227 83 98620
29763 17 70936
76070 54 91149
68404 14 75947
7144 51 92647
50216 64 65030
58037 73 81256
16820 65 37916
66758 98 84315
46879 69 93949
13764 21 38419
52407 29 57146
3306 75 17035
32154 54 35136
37805 34 74111
80887 8 82508
380 66 64154
18425 79 43359
20399 92 25565
24356 11 66491
50711 2 64224
29880 38 59962
46185 38 89053
767 31 81194
3324 96 80320
10778 22 17055
63037 81 76103
72606 74 83293
20606 72 39960
43601 31 96135
26213 25 30814
27691 91 52963
31992 63 86308
20190 36 93620
39574 10 86443
2204 82 23909
26483 31 46170
38234 5 56034
54126 72 84568
70489 19 80294
44694 33 91264
15853 65 55947
8412 20 90953
37639 77 71506
75851 1 86727
23330 31 31950
40592 90 90696
3617 23 40133
13980 39 92912
74058 15 83924
3927 22 42240
13987 32 95709
52108 15 90564
2968 68 81010
32038 60 89392
86239 97 90794
7750 18 67344
13306 74 29509
57810 44 83271
55823 64 73114
9603 76 19136
6537 72 15491
4662 66 96274
18450 41 76427
48077 5 63958
9397 3 62732
5755 55 36952
7120 28 19018
18373 51 61363
89136 71 94401
1468 71 32266
13648 19 78650
26782 80 75993
10583 11 55666
1554 24 78907
59045 23 95652
9318 49 98956
13499 63 26922
32805 79 87708
27358 80 27833
26325 98 95967
57551 10 77616
80481 99 95509
25045 88 97001
22121 9 82156
14738 55 86603
22832 29 43875
20777 67 69605
18626 30 77576
53043 95 63051
39812 70 66053
3401 70 40945
80107 60 85514
13428 18 32948
8236 79 65308
17918 66 90235
24078 16 45148
31238 84 94029
72816 32 74492
31447 76 59307
80755 83 96559
3823 47 40007
50763 98 95002
57799 29 86436
66111 99 89014
56651 34 62492
17546 47 83134
39389 39 89575
15009 50 84740
22452 19 92461
51147 87 75673
26132 11 76875
21411 37 98291
1673 80 87900
7787 3 93583
96805 60 97637
6770 16 19291
10008 93 69145
71125 50 99046
10685 1 63564
23586 2 84213
20157 49 40375
30222 66 59944
3290 77 71939
55166 25 86601
25201 93 75896
45301 59 83133
76003 62 84069
17399 91 97022
31490 89 42509
47436 47 68210
28486 42 71350
33771 52 55549
65945 97 84635
20897 91 41481
41079 20 47987
42180 43 86228
5255 24 66662
88172 80 94982
19616 16 43185
85572 89 96462
26861 44 56861
52776 14 72665
63845 54 97463
78180 71 93922
990 26 63374
22666 63 60579
20395 4 93814
54652 5 97509
34210 32 49659
8316 92 38852
29490 41 76506
35231 92 93149
71666 3 80591
22292 8 50480
37047 89 58836
16410 57 64838
48776 46 95802
27881 28 38249
48896 26 61909
29631 14 73780
75435 57 98733
86396 66 90960
2231 71 4885
34345 6 54601
17148 23 31907
63786 90 83855
64836 52 93811
32408 67 62233
22772 36 83706
13475 35 45538
2925 54 75397
46766 67 80518
3709 94 36263
6018 26 14080
8195 45 67134
16170 85 37720
10323 98 75127
9846 32 94539
43576 37 58679
29935 47 71689
21772 53 94056
34624 75 69428
26083 48 95613
685 100 72947
11986 93 37796
51464 11 98442
89743 52 99229
86872 92 91269
35500 66 67248
556 17 5194
87042 79 89736
89878 73 94341
52714 5 70049
22139 23 78566
6190 51 94439
1304 47 12934
26730 9 79491
10942 10 89221
2467 48 32735
14936 9 68813
30505 97 62332
75831 85 85060
51071 50 52199
27972 95 37609
35779 60 62770
17749 67 34227
24186 61 92348
20188 5 62781
46697 52 60915
26501 55 61781
41084 76 67422
27348 25 82077
78026 34 93078
45771 63 79825
50967 87 80282
27231 38 97108
39321 74 96751
39868 52 58394
45901 43 72121
2590 7 75287
31930 85 98575
52801 78 98020
63233 90 78461
61853 69 75930
83133 40 91912
58781 67 74861
66771 12 88435
3900 90 11970
89447 20 97405
11926 5 47780
61037 3 68211
14995 20 30722
19105 21 51094
1527 89 90884
32956 77 90554
13938 79 21171
52233 57 80613
18879 56 52685
1833 58 64200
22136 88 99573
4707 17 45165
46205 42 82261
29197 68 35825
33117 5 58937
2153 97 99893
3461 18 42630
31589 43 70467
32219 80 39695
6110 37 12570
70337 78 80931
13007 45 19130
70460 44 71592
31015 99 76749
36195 87 51311
67702 2 70636
12155 61 35593
47460 46 75065
61304 23 86046
2130 100 7120
35411 97 73942
6205 29 76852
68249 80 83351
5236 26 42491
19321 5 98790
66693 31 75988
34135 92 74394
33212 75 37690
15635 46 43558
47912 76 75285
8199 98 43791
10086 9 31248
24070 92 80187
36240 44 80462
43774 3 77548
10554 7 92109
26216 26 83340
52172 10 81353
51722 33 76068
49664 74 58066
63891 8 77786
15913 38 90484
49475 46 72633
3648 35 5344
27157 80 80346
40089 31 69535
16354 71 49752
69215 49 80484
57249 21 59212
15725 20 40878
13168 86 38019
4590 19 14573
14653 97 90314
14565 7 82679
21953 26 76191
9293 69 66773
45641 5 85890
33722 40 35023
655 90 43112
50309 11 88763
16667 73 97196
53148 72 91647
43690 21 68177
59461 58 77358
52920 23 88716
35138 50 47710
2563 39 98341
6931 43 16016
42653 42 83693
65945 94 77484
36318 47 77976
29541 49 49804
1194 43 78739
59916 41 62833
18045 33 86026
9498 13 61344
3272 78 67196
20700 76 61526
5419 76 74663
5417 6 12607
54742 59 93393
65976 23 97828
17146 67 44585
30869 14 50149
9561 87 38081
17771 52 28762
15347 10 27839
39044 26 43175
83272 25 87597
3562 20 12080
13297 62 97674
41580 78 66027
73766 64 92837
3512 73 51840
62 87 49178
30833 52 79458
15303 1 96271
4718 31 31477
68197 48 93965
14709 89 47274
27749 46 47967
42933 22 67138
68392 59 72227
47218 46 86838
5225 94 13208
30905 50 73963
12403 22 18720
77655 5 90995
31771 13 73012
28353 24 76403
8907 99 45291
32387 91 95954
16727 4 62634
19008 43 23039
36083 44 37499
37339 83 98678
58921 3 78147
50326 37 81852
52462 40 78098
46949 36 85911
81154 98 84606
36077 48 81286
58022 35 70790
53768 84 79131
7656 23 18456
53750 94 59682
49081 54 51010
52906 66 65965
43977 28 50536
38366 96 65252
40682 62 94905
62601 95 93989
26674 17 27307
25804 34 99267
21290 32 68466
15918 51 88917
68931 78 78050
26754 83 27973
8324 33 89465
41894 59 67941
23303 61 49704
64476 37 71167
17048 62 52643
30914 93 36491
28057 88 50263
12246 99 36273
23616 74 75522
16340 13 81236
61009 58 64755
11750 97 90464
20136 91 26642
78754 30 98639
93168 28 97453
3352 88 77141
86050 96 89124
27541 21 89751
42149 10 69290
31008 24 82081
6118 6 38555
25595 32 57581
61149 87 63215
7433 98 36746
33819 57 72996
13635 59 67510
7765 19 33693
2670 26 4541
23600 78 82175
9835 75 36945
10708 61 36755
20884 14 70552
2646 32 88172
970 63 36605
24726 13 41857
41001 57 51593
19826 52 69680
50851 27 70754
6007 84 85509
52827 7 65949
4871 58 21295
14612 51 99849
26690 81 62493
14542 70 76944
39128 19 83093
21795 36 83207
2643 18 41034
13094 39 14187
18981 71 60156
27341 49 82517
65029 89 89931
72219 40 91673
32459 22 37371
8501 10 69592
39507 14 75176
70597 16 96920
3766 38 69034
27148 44 72465
78768 91 92017
1109 43 18951
22255 8 65641
19498 50 49937
13278 6 42183
28216 82 46634
59464 81 94122
38756 17 40268
79666 41 89064
19455 14 72569
86966 90 98791
4781 31 79696
28670 12 69765
43192 84 58669
18808 65 28556
38426 95 74630
19002 59 63124
41083 14 71964
5603 27 47773
15586 91 51432
46695 94 71765
3403 85 91035
32447 62 80501
12859 9 45980
15402 31 19622
5867 52 28561
26443 62 67424
73859 13 74531
7559 35 84521
7193 19 74047
51966 26 95719
60012 67 65294
23646 96 86933
13093 70 63858
24521 93 87824
67337 44 73675
18378 31 66131
18603 64 59987
27873 22 64806
52005 58 87446
2502 35 7032
66436 38 71129
21025 27 21069
44397 86 93627
36758 70 88670
5698 97 70297
39375 70 54112
21856 47 32977
51764 34 54313
22690 2 99301
11789 59 15236
17689 4 29902
38795 7 89037
16935 44 95164
47221 59 95736
2459 19 49947
17749 15 50199
32030 68 91856
78645 32 91242
14255 93 36478
53618 29 68930
20062 70 92199
64667 96 69908
225 80 37493
9842 40 24478
19951 79 80211
18253 31 87951
22012 67 96273
19197 94 47151
10944 51 41455
40593 47 80959
27164 99 45549
27211 38 98735
10848 65 96693
5419 67 96258
45743 71 85483
1560 17 11974
24989 27 74048
7102 72 14945
53252 85 71015
50679 100 79985
22290 6 81747
86452 83 87007
22909 25 53101
93288 42 94507
30329 9 99389
4928 52 28919
18500 12 22454
35290 91 56409
7632 51 75909
85233 13 85346
68734 49 78848
523 59 4521
69280 61 78577
45060 37 75509
67134 35 70109
49397 15 51234
20887 16 56839
44792 56 74077
37290 18 56877
56148 35 86303
5535 59 13795
33061 54 64364
845 50 7054
71332 98 90649
55363 94 64632
47379 42 51188
20985 56 64072
15604 74 52180
10621 49 74380
40769 38 56329
27009 16 71357
46840 32 49141
54891 28 97482
17032 66 53130
67172 47 92457
80382 83 86217
8070 4 88816
3704 63 94648
38810 20 55228
14091 61 32614
45350 3 89061
7284 74 42298
1656 46 80201
35424 76 78716
33800 34 40516
58653 36 59027
73020 8 87925
4628 12 20210
47160 80 83779
12016 81 40389
26668 69 56046
45048 76 88434
24933 13 45264
38486 41 97275
9513 96 58305
33841 58 54519
37298 4 61933
19682 9 26060
3744 27 62456
11232 93 46813
18447 87 45219
5994 67 33850
8640 93 56344
32955 43 66038
41932 38 99037
16950 91 35611
88106 33 90034
32661 69 67546
20410 68 45384
78453 45 98940
31527 85 81298
11975 39 50902
5389 80 23318
45529 7 78705
44303 58 83884
27162 68 50564
1531 98 61749
37770 12 42599
45680 87 63474
38191 10 48131
13117 62 61049
27974 51 62933
50051 96 87653
5539 50 24871
19806 40 73335
28953 34 56131
21124 41 29768
80313 87 92235
3491 11 86862
20320 21 55111
68174 90 86475
47651 2 51534
995 30 39111
41392 32 55039
18471 13 29755
53168 36 77631
43840 55 46622
4747 6 13315
2663 29 47374
42970 26 96229
88633 75 91725
37451 61 59856
21890 85 38306
27107 79 76935
26914 22 39288
51045 45 84620
10933 55 58629
24037 52 88451
44855 17 79448
1607 90 40209
59571 81 80094
79835 14 80157
18640 16 75361
25009 29 86588
1725 68 83428
82273 9 90792
53018 85 99036
36790 52 87938
14116 41 40774
70403 8 92091
66510 28 71157
68636 52 74243
36509 30 82198
50430 25 64368
77852 3 97798
34592 95 75275
16280 68 60142
44415 2 58097
27024 53 49071
45940 31 86471
9515 29 12525
6080 99 85229
77318 56 98733
60722 91 81557
14868 94 53255
58371 85 58717
34074 38 94308
11137 30 85533
83249 72 94732
39774 47 85945
25194 79 83952
19871 28 47574
33568 87 96932
22227 94 94356
4334 90 14594
41408 55 67299
28466 57 60438
64592 38 82154
84713 35 93710
6746 82 55915
60762 27 95884
11061 28 25824
21454 38 49934
54600 67 79524
27490 4 37774
2419 90 20784
54997 54 95735
76838 63 84057
59601 8 89342
32566 91 59520
25442 5 41004
36854 6 45790
5262 11 59437
23606 86 66414
3193 11 27481
60363 77 72114
24333 28 30236
67428 94 83857
54814 56 94838
50753 92 57575
9275 94 51165
20770 65 55724
29027 76 92128
88123 26 99276
41011 97 70735
15670 59 25730
48352 65 98418
8406 24 74016
4593 60 90503
37395 78 82706
21027 5 64893
30858 2 54130
30204 18 63091
38956 89 76263
35735 13 82301
31130 74 59656
49553 64 77475
881 96 78838
16388 100 20924
40015 44 63492
11134 79 94601
7949 4 10975
21443 62 78670
40613 46 67370
9436 12 78106
22651 13 98275
14788 68 66583
6993 42 61645
20512 13 35944
34691 98 96898
8750 100 57175
40096 67 47866
10176 1 40360
32114 31 67709
10384 22 15876
52102 34 80339
1830 21 99196
16011 76 33144
65623 74 72396
30242 87 39593
961 48 27266
42055 58 62580
2067 64 54506
29751 97 98829
18221 37 91208
16658 52 88722
23411 6 39651
69430 63 73279
54732 65 79582
17002 48 76234
46602 37 93215
38450 7 83679
39665 44 69103
1705 65 93141
57151 19 91590
61825 31 62637
24113 22 78295
7853 88 29524
52008 85 81584
32872 28 60454
36416 94 55936
61305 69 67295
43129 55 95163
18435 18 19754
5163 13 95448
8547 47 60903
29737 90 92227
11134 30 48563
209 26 27054
45422 37 97860
54796 64 65013
51358 39 70959
10560 69 20134
56238 18 69841
9253 81 97129
84000 32 95506
46905 7 91609
19489 22 91188
34236 26 55313
85164 76 95470
21832 82 49241
21103 90 86377
36654 59 42093
46622 75 83252
4097 98 77300
17059 29 52133
53525 10 66973
26810 77 32114
27564 11 67429
97135 56 98756
62217 9 84372
37813 82 62895
59148 66 72534
21513 51 94058
27352 15 33595
30038 88 81850
12418 13 94348
26047 45 85015
62853 41 77565
20631 85 23800
78440 23 87076
77950 1 89190
69537 97 87504
7547 45 96904
34033 63 46063
1532 33 14595
44096 84 70097
20262 73 77719
22725 61 61529
44275 38 96181
44939 96 61563
75606 29 94040
81268 86 84012
21668 16 63562
14384 42 96383
55004 14 65164
54218 25 88080
1287 19 9142
13723 52 67586
48742 61 76910
17499 65 48672
5423 52 13003
47924 88 76007
12268 74 39091
82398 25 93603
2257 88 59994
58404 10 78229
67441 17 72444
6949 6 74109
39379 40 64849
24917 78 52448
64541 86 65508
1724 72 18624
72143 81 95825
26492 89 29377
41262 3 85466
8314 65 65747
4126 35 43258
57339 89 94715
21182 91 85727
34711 50 84818
52865 27 97745
30330 85 58193
21079 86 83644
31711 5 40218
20504 42 64006
30395 46 86102
24116 60 29109
19113 23 77914
5793 58 88103
49319 60 50079
51321 4 61585
1245 66 81037
6081 67 66478
34610 57 39457
415 66 39448
74692 44 86354
43674 32 57849
84697 44 95017
16401 37 46951
197 10 78759
54602 65 78215
26950 62 42331
49590 62 53835
38241 77 98126
34799 6 41208
13835 38 40679
50115 71 68639
14456 94 48126
3525 76 41297
72168 25 99343
3119 6 81577
59621 69 85921
11926 32 28383
28472 89 88463
16866 18 80980
6780 19 91010
1919 69 4329
19652 10 31364
66335 63 94978
16253 23 83084
60131 59 93788
8660 75 43194
3032 26 22116
3649 85 67523
28915 91 58068
3197 73 29640
7131 99 46611
40495 15 65971
27475 70 81355
30274 39 41763
31863 69 41674
39608 41 50680
61988 70 72258
25259 38 31312
66519 17 74508
36144 53 93230
843 30 38313
4173 84 58096
19261 29 22957
26030 56 75146
11671 41 46643
20596 50 69073
23417 19 67234
