2000
52053 2 62065
34642 99 79948
59208 32 68446
11555 9 61369
41400 42 56789
38445 17 46744
7154 94 53274
30705 52 55876
60131 48 65785
11279 15 24565
37704 13 95801
32134 31 87458
9422 47 40272
133 82 38422
47649 94 93785
35028 78 79223
71839 55 94148
43678 60 67320
54405 26 61994
1080 87 66132
2071 79 13552
5697 34 49788
2898 64 20923
64543 4 67405
4882 38 39586
55436 36 87363
68819 1 86779
11354 46 17384
19308 75 20102
15679 37 49460
4006 37 25887
76589 11 90062
41601 95 81877
12324 97 87345
53727 18 76131
11946 71 25805
50422 74 51984
10386 24 67648
20887 69 74273
59615 24 98773
22891 90 85463
12985 9 46085
46324 38 98285
72182 93 87799
41529 54 75714
7499 37 71648
65979 79 96565
20688 43 89115
5893 37 83270
26059 66 43159
75161 100 89882
83068 92 99503
9336 53 73575
28024 21 78155
52556 62 82437
62302 50 91549
19270 60 37746
52632 62 54008
70508 20 96779
12040 15 15812
51753 14 65533
20855 87 92174
17248 38 33248
31228 2 73536
97138 14 98567
30130 25 74401
82297 78 85785
25337 46 35854
20309 76 29369
59621 24 66147
32164 71 37979
21005 80 47462
15622 38 59105
61724 44 70599
85177 74 96153
49804 26 84278
59441 59 91254
26916 94 61510
79974 31 90536
20462 46 42082
58547 12 75699
53539 91 70527
14990 66 65138
32580 8 56089
21117 77 55640
55498 37 91280
16686 74 86767
43303 36 49551
46921 31 63446
9328 82 73984
45277 42 54310
22805 93 73102
855 21 96249
394 18 36380
34299 64 71576
29043 69 76300
30020 8 65746
4666 39 13400
3413 85 45904
3095 31 86045
67306 58 94720
26770 64 71257
813 81 49736
4401 15 45801
27360 23 40406
8781 34 10944
43868 85 50655
28714 46 66087
34682 26 75420
83279 24 88816
51107 12 54026
28488 1 40306
27349 89 97187
50136 39 67635
23754 67 75560
49525 78 94552
41228 72 79721
22165 56 63545
6448 81 89098
5146 15 62444
43844 22 83542
2291 72 79306
41920 49 78841
57658 78 60905
63683 54 73005
41729 77 92054
32218 84 89805
11557 80 95545
1924 30 69602
9060 2 68546
4681 86 7209
31856 60 37276
11180 23 44142
36632 6 52738
32459 34 83678
11771 93 98451
15256 31 44244
17693 33 56753
3671 82 48169
20378 44 52778
44616 75 59489
32001 76 49914
58453 13 75543
27398 87 44157
89056 97 96768
14234 77 90274
10257 86 22225
59572 77 87021
62833 73 77714
3490 21 60591
26592 50 98854
44564 99 90024
36931 88 41403
19480 45 72019
5022 82 14950
38292 62 40935
71087 23 93444
62341 81 63217
65741 52 88586
84693 33 89776
45567 15 72334
24536 3 57429
3827 97 89058
50137 13 82345
24877 47 43567
15456 32 41594
21785 33 72178
71554 87 74757
3484 59 65984
14491 98 92331
44569 93 76980
63262 28 72503
3998 74 30649
55970 54 59107
12486 63 92225
34361 55 87909
41139 11 82967
2462 57 47295
56065 84 78152
17115 9 20851
21848 68 65576
67423 11 76399
10210 82 42580
16463 53 18608
71489 90 80947
36423 29 85905
14061 59 60206
44834 80 66381
6275 66 81337
13634 5 89024
35063 67 47243
37514 94 99681
65329 33 79993
44565 28 60697
30666 14 47484
42702 75 85672
10859 9 38107
14264 80 79470
64465 71 89042
557 49 87405
88779 94 96269
47063 2 76977
29857 65 47854
15597 54 16681
76870 80 99713
56148 49 83151
46369 61 49254
26061 81 49359
16129 12 61022
25284 7 48574
56074 37 76399
29645 14 74794
5661 20 99098
8970 37 48284
63424 33 86943
11037 3 90847
18216 19 39679
45650 53 90996
69411 15 80656
1696 85 31244
90906 22 98412
48115 76 82865
21580 21 97828
22453 36 81281
46839 37 63662
16401 96 69831
65586 73 70908
43810 76 57345
73053 59 93551
20291 53 42969
17624 100 36673
26273 23 27811
8113 90 43261
50030 71 78985
32220 45 58892
86819 12 96080
30058 22 39843
54464 81 95450
78123 87 94380
44641 73 80514
1239 21 84217
41101 67 90785
66751 20 92679
5282 18 70703
61643 82 86255
5736 17 97598
43857 63 72113
63181 41 70910
12022 16 80711
50911 89 99049
34036 94 67696
52906 7 77403
31521 10 47777
31938 23 61838
16659 22 56459
23643 69 64765
74305 48 86964
23723 81 56167
2792 16 85846
24245 42 92270
57274 99 84256
32800 2 93170
39334 68 70721
67101 46 99972
12544 42 91470
45678 29 95114
51041 86 88115
636 18 23352
30158 72 37192
7586 12 45584
85481 94 98919
43931 91 54568
58099 14 66684
58951 51 82715
13827 59 42747
37030 7 60898
4166 60 96968
35195 17 41613
75421 59 97684
4004 27 31422
4163 19 78772
32157 55 77621
2819 24 19518
57415 25 85583
30702 14 94344
15796 69 29476
60568 100 80648
32298 37 75330
9359 86 94216
72164 95 83914
58644 13 85511
59112 14 95770
36244 44 37056
974 20 89770
34810 85 55608
41887 1 45793
3884 17 60835
37231 1 47687
3756 63 83630
6056 76 27445
11071 33 78057
7471 86 91003
3890 11 81636
85834 7 89455
3900 62 49579
3438 82 53525
22336 38 73065
89615 46 94598
4367 75 77296
57944 56 59571
50875 4 86765
27221 98 99626
78544 98 92011
1933 48 66187
50986 58 99827
40624 4 58032
85406 77 91648
22426 37 26341
40910 29 57021
8958 35 16280
21261 27 76444
23813 44 39359
14415 77 31621
42 38 69317
7029 19 74448
6429 32 35489
21347 4 29586
94854 4 99864
73671 32 92308
10719 60 59564
37721 42 90761
48563 15 66425
73136 95 88513
50177 12 58631
27948 18 53107
25074 40 38940
19677 29 66318
15633 94 63995
17553 43 67892
84749 43 89264
19665 40 46064
11881 100 48025
13390 93 18786
22265 65 40604
35697 32 65280
51678 4 98446
17222 91 40556
58011 42 95023
57579 6 88611
4267 49 38781
2455 32 53423
46579 53 51945
35282 60 50691
20943 91 52066
1254 71 40036
25664 85 92125
20016 84 88619
72049 95 98925
46404 92 56123
68868 81 74314
11367 8 60445
8680 97 97927
68773 82 96846
79273 64 84675
68380 24 73383
34379 31 45940
31154 28 38847
49438 64 58972
94439 1 97410
48826 8 92162
45820 73 88351
5296 80 72991
2109 92 54204
13915 92 34533
25428 23 79793
4005 40 72637
50688 85 93685
52700 85 85126
5550 18 52499
32498 10 43400
59651 33 88784
29532 89 49336
93574 79 93654
36604 81 82792
18478 14 57099
14309 42 46288
81876 65 97738
14638 75 26324
18948 4 64598
31176 31 94888
22256 75 91473
31695 81 48880
91931 64 93870
59281 40 76552
91328 86 92725
72576 24 98792
40817 83 74380
65127 91 76081
61821 6 99396
43069 99 73800
17194 62 47434
70139 44 87845
39136 26 62240
20873 39 68433
36396 64 92771
11092 83 32570
26444 35 31462
65426 35 70350
5938 5 39273
1673 91 89778
17705 71 59973
1705 38 3490
18183 56 42166
2252 62 89133
71856 27 72528
28315 50 63858
2613 100 46600
45904 25 66844
29524 77 55406
10340 11 14185
5024 8 69158
17085 54 95358
1999 30 94519
35330 2 73557
5803 61 10932
15795 87 70957
21115 52 98722
64373 3 73110
9418 68 13578
4600 65 16500
59110 54 91948
5656 97 19212
38302 15 78735
53325 95 88889
53255 92 64456
11994 72 43579
17694 81 50961
22021 69 97707
25433 3 58836
20487 64 62265
15393 79 85813
63337 24 95977
9390 13 37975
1639 97 56530
48916 28 58981
17614 44 78140
14091 84 70381
33567 27 64592
6272 34 44017
39892 95 79635
37377 93 80503
72277 80 93054
15535 20 17448
313 52 40236
46491 45 90387
66046 35 68918
36854 47 53172
23737 3 39793
42383 92 83054
15257 91 64045
5137 33 39434
21224 8 58911
67295 2 96215
77778 9 92817
36813 36 40296
35185 32 94141
69327 89 96120
13552 44 50680
1107 42 48497
16417 26 35291
21613 75 56727
19845 35 66875
69768 28 93155
25572 81 33623
74269 14 88216
62200 9 88281
17350 62 91275
51524 86 98761
69958 5 99840
43117 10 95908
45804 80 48146
65280 75 88406
67272 91 93647
27549 10 84227
24673 93 74736
8148 77 68661
14106 44 47445
58282 83 69529
37603 64 70549
18951 71 82617
51598 83 57789
13410 95 76825
32210 86 60275
11864 59 87596
43773 70 89752
27608 4 43234
19406 9 96419
64913 7 67872
68799 65 87910
4537 24 6541
46271 2 95641
44121 42 85792
39913 60 91244
18527 60 81920
61908 73 78089
33426 34 46404
3190 14 31165
33188 2 96505
18324 1 29407
49280 9 83272
10053 84 95756
54836 37 75857
37019 11 42691
72662 82 78451
27513 48 54078
61846 54 87866
52231 12 99626
22977 22 66685
5957 90 56624
28457 47 68929
32205 64 56035
57689 5 98756
20438 6 97645
36877 53 52699
11959 74 90076
54577 42 74343
52897 17 85021
17882 81 79360
28972 67 83053
32019 51 41987
20044 12 63102
2371 86 5881
7522 21 45570
18529 55 57176
24584 64 59889
35654 55 81200
27472 84 90800
42890 31 69465
46031 5 85276
7439 42 34467
2533 25 50437
40951 82 88089
20405 9 55318
7801 17 41947
16696 54 44103
95782 70 98411
28445 89 75208
17832 68 96698
11450 8 30198
51696 33 68917
40054 58 69163
22467 64 56243
16961 15 24083
20719 72 27478
3954 13 20387
14521 61 79487
44845 56 75393
36124 58 99668
81798 56 99304
48225 51 57610
54753 48 63149
24061 48 40166
24429 87 31477
8080 63 29449
15976 100 32075
25703 62 88413
9137 62 40332
29505 2 88477
6888 79 47493
8629 34 74065
59130 53 82166
14668 46 33413
44385 92 59460
26240 54 52994
28558 45 84175
43558 4 73715
43720 17 69843
67118 53 70108
3885 52 48365
51128 91 67574
38818 59 66411
30406 68 59048
1803 31 67052
18983 68 86746
39078 13 58942
59505 15 91876
55711 54 98766
64435 54 79563
5601 28 70865
4829 8 39205
29043 49 29185
34437 45 85908
3778 97 18565
68392 13 80594
82261 99 98449
18393 25 55329
12122 12 88629
7120 45 34274
63528 33 98290
22775 74 63396
30222 98 50453
66185 56 95431
48078 51 71667
44801 95 78702
69511 3 97283
40480 22 75764
49005 61 60504
42092 45 55239
55359 25 85157
10912 8 59167
35118 49 45238
36900 12 77462
7672 53 26051
30356 77 81581
8247 25 41152
66208 31 99365
27366 9 44704
46831 45 67308
67483 96 67881
30208 86 48354
36209 42 46167
17274 93 49951
1853 17 80977
32141 78 87245
14862 69 53102
59167 56 71642
39731 2 86628
18069 38 98396
919 86 49109
39541 30 97224
50123 6 76131
37682 14 66458
48592 54 90194
30062 61 80184
48837 89 67906
67561 83 88495
1374 18 32533
2555 29 61953
2818 78 52109
32910 30 57119
25967 23 57024
30264 18 36396
37775 70 63693
10443 47 67717
53293 60 87031
33473 56 58293
36075 5 66538
45 80 66888
8732 56 58702
24212 74 25504
73741 94 89454
54808 82 62833
16816 83 91163
79785 63 85506
8840 18 51605
9111 3 21862
53404 87 73964
21466 26 72997
3158 26 11799
49919 40 53992
2799 21 64400
35997 76 80312
41579 25 81264
65910 20 84001
18332 39 63747
27044 15 50712
63858 57 94486
40008 45 51631
12370 23 50122
39250 80 71306
72695 42 96604
59799 15 79107
87970 6 88006
55422 70 98030
23279 94 44531
40173 98 59563
41262 86 49785
44960 70 88589
76928 91 81177
30668 37 97543
26849 70 84997
35742 86 77389
24500 26 81796
15334 74 94431
73742 89 95088
35777 21 43689
8338 8 50368
4264 75 89588
4159 38 88248
49498 13 58678
10399 48 72091
40169 75 70586
54047 44 81219
35161 29 65187
75753 28 95131
49967 36 85221
2594 28 33394
3542 20 56839
5790 56 73255
16464 26 78047
27521 71 30992
2182 28 19444
65297 97 66616
60781 61 74132
17008 42 96200
25442 48 66809
32512 57 37821
26922 54 29481
57560 44 62589
13811 80 62416
508 51 59082
17448 24 33527
1445 86 93136
87960 34 88419
4360 50 35643
64766 100 82868
5913 83 33381
38236 12 69700
67587 59 93991
71884 53 97844
30429 70 41052
71641 62 98610
42026 99 65548
35032 58 91169
2918 86 19223
30660 80 81022
9760 7 61791
15394 80 91474
27096 70 97939
60394 12 97295
55355 52 75848
42724 6 74046
31146 31 47015
12752 25 86545
70094 64 93609
37201 18 76503
69549 88 93079
12955 47 65321
80352 97 96197
49168 90 61539
73454 89 87832
38243 30 91521
66607 14 69904
23121 75 79519
4383 87 6332
33182 9 39457
26936 75 75351
731 75 48370
21754 81 99069
16491 27 61228
62026 30 68962
30972 70 93035
41952 20 55236
20271 11 72803
13417 93 60787
4191 25 6617
7053 28 14086
53737 26 68709
19139 28 22328
56148 93 56645
23957 69 69346
43364 36 76575
54112 23 83084
44034 91 89992
55207 95 78779
81251 57 95149
13550 92 55580
13295 68 99106
43614 14 45061
15562 58 28817
44042 94 79965
28466 37 85562
38834 46 50271
26789 40 79132
1156 48 47243
60510 3 95985
16280 59 76749
19897 18 54275
53426 17 57666
21808 83 44526
24344 3 99857
8666 81 39872
6054 82 60609
24740 86 38287
38580 37 98212
49062 79 88533
4050 86 26327
9596 53 75493
14839 42 20226
8290 94 64534
72964 16 80409
33140 5 35684
2433 13 70603
75859 80 83616
26115 43 74210
3977 23 29655
57211 86 67331
20545 30 50988
70303 33 96866
36200 77 82192
16327 8 69203
8238 74 94931
8708 85 19576
13371 11 27179
46043 96 48431
1515 43 12542
39603 90 90122
43554 89 53883
2091 70 20446
12721 61 32872
20289 95 76995
12042 96 58871
51021 12 82064
46320 51 66634
73116 23 80972
40591 90 80551
8981 95 58316
16330 36 45768
19449 4 97856
43743 45 53856
41494 3 44510
51876 39 61236
31749 76 49619
50320 54 86375
80211 9 94805
914 7 29982
6741 59 54961
43862 45 84786
27907 82 46582
50562 95 63687
5572 34 59604
8858 16 47715
88472 21 92768
47163 77 52285
80186 48 98669
29476 35 77493
3866 90 23436
30311 9 77635
67095 72 75903
22593 83 40788
64414 76 80686
29868 18 53044
76045 8 91002
76777 55 85548
27332 18 90158
87023 5 99126
31499 30 90543
17880 74 35559
79381 75 96313
39613 97 75357
16941 39 42417
49742 8 51966
42067 22 58241
3107 93 6422
40074 64 54608
15327 88 82855
40641 7 79074
34432 55 77900
39583 67 77320
51602 5 57419
12243 87 96682
53545 61 85559
38965 79 48921
2049 91 81315
28640 83 96021
14341 22 83131
17622 89 62617
2972 77 83138
26936 73 69886
6041 37 59995
55448 80 72875
7659 88 32588
51021 93 78508
43338 40 65910
65154 25 82066
14984 70 66905
37332 18 93899
34261 52 96752
1420 24 56958
29234 83 41962
33602 57 80466
46364 34 77893
77090 36 85838
64911 67 67999
54991 40 75769
81368 63 90402
33630 87 77091
7431 53 32444
70031 20 88222
36286 34 41457
35748 22 51198
60444 83 94917
19115 16 44115
26247 45 89971
9603 70 67375
56217 27 87967
5520 80 8101
70442 74 85889
21917 83 93188
8777 94 49932
26982 34 31454
7042 27 58774
12063 98 62597
11493 51 24650
52186 3 77818
32160 72 99531
15039 99 42712
1392 80 5867
47747 86 53006
19092 7 20114
30613 22 77284
68522 6 76076
25270 50 82059
1318 26 74130
305 16 48889
50003 61 96173
2859 6 64773
1675 85 15706
19127 23 23257
5122 2 56455
52414 10 75888
6479 24 93916
55215 86 65792
59985 1 92262
41150 7 94565
30885 57 45055
46769 1 99168
30209 21 93379
45566 52 95434
1020 37 76801
29581 48 74865
75022 57 98226
55384 14 74874
40801 28 58826
57686 14 87838
64273 81 73544
11755 8 48547
54155 87 69858
18077 5 65412
7411 9 77992
76518 32 94945
22635 62 99563
30440 35 53659
50296 86 80609
12121 10 38096
84115 49 90986
9401 14 32050
74397 80 95029
26987 55 75594
29661 70 80942
204 50 30807
87390 55 92080
51271 15 55353
55104 63 58384
51372 16 82272
67138 53 80804
4744 30 35261
76429 50 84666
3161 82 56374
13613 69 76677
16621 1 38710
78831 27 81613
38612 44 54225
22059 64 83446
21611 86 44177
25437 67 97757
32358 99 47257
55521 61 71625
11017 92 25199
61650 10 65891
6403 14 45884
74599 54 87060
24588 37 77619
14350 31 32250
58385 20 92479
54862 80 57422
78831 14 86574
23025 56 28503
14128 9 53153
23829 16 73779
46477 92 50605
53643 91 60113
29183 22 60447
38403 1 89936
95534 59 95633
35664 71 68071
35748 61 74721
14534 75 63402
22862 65 53069
46269 64 48199
2286 33 73118
25638 31 95415
11517 33 92002
53654 88 58576
70753 63 71889
52768 67 98891
5217 28 24413
80462 27 96574
26396 79 62093
75796 17 76505
24875 12 97468
60481 41 61667
14405 91 32789
65111 2 89850
8766 59 12374
85803 44 86623
16529 38 84511
8718 95 66020
75226 83 98905
32178 15 65383
13301 6 95580
8186 69 46645
54799 23 61133
39789 71 79681
35422 82 68471
76711 63 96441
69286 99 74939
71521 39 83475
6846 95 73427
23450 92 28692
14564 2 20831
33920 79 64518
6469 85 77072
31331 76 73448
54800 62 85772
20130 66 33424
41243 71 89695
43207 2 82925
44322 39 94969
31823 26 72731
42221 86 55263
69942 59 92965
34368 54 80503
5767 24 67297
54330 8 80382
36916 66 38611
4689 52 4795
68501 25 97216
16851 9 55215
2200 44 47248
21784 67 38341
48956 8 85285
61942 96 82591
18911 31 61571
37108 95 56522
23611 26 25744
30971 99 49788
17206 5 71009
12829 36 92838
49188 53 92764
47629 69 51210
50883 81 88565
48353 91 92414
34474 45 46754
5019 17 37442
24931 56 27372
14889 50 96692
3145 23 19806
38522 25 93044
18765 73 29682
59952 7 94041
62852 62 62998
49722 45 52669
77482 12 99352
63924 67 79890
5281 55 94492
38841 43 79705
40370 7 64992
28392 73 44942
45868 8 55330
11989 5 29209
80152 50 87655
50265 89 87399
59757 36 68798
19084 71 93875
50791 58 67626
23647 33 46626
19358 17 27184
12606 29 21562
39868 49 87521
5008 22 42085
4704 98 25256
74219 82 79752
48362 66 83022
290 83 22597
1227 39 2781
46399 72 76210
32799 39 59167
497 77 62836
20784 15 77948
41115 31 80411
57275 17 83544
72040 75 87280
37982 8 94572
32991 45 70651
27289 62 76363
43995 80 91860
17700 12 98541
17243 45 19255
63631 4 86906
47543 10 75704
39936 12 56995
2200 20 32061
70183 7 92711
18184 70 75126
26930 100 67216
73176 29 81876
17366 90 20661
44563 42 81341
17154 37 36144
65133 81 95612
4816 91 90417
90092 93 95450
6356 89 77927
64876 55 71006
31978 33 40638
67964 55 70437
1215 18 1559
43519 95 70249
9643 14 73970
17289 27 58420
53699 68 54186
49869 12 91697
11955 42 19831
20539 78 45897
45358 63 74496
29966 1 69764
14924 63 95690
34525 75 83086
52031 11 95448
39056 96 77584
79486 10 89663
7284 26 45504
26204 58 83669
39207 42 61972
25257 100 74922
46503 95 69687
8288 31 43917
21539 13 52808
11289 38 22120
21528 68 70433
60720 88 62599
47013 26 56817
13698 38 73174
65229 33 88263
62390 35 98518
45177 94 97102
21171 37 35011
16129 17 28624
14307 6 75727
13604 73 61014
4607 3 56390
85733 65 95115
38998 57 57741
24804 46 85886
26291 57 41317
34184 65 83662
41270 95 68827
28001 87 46834
6395 1 78680
55248 87 89241
50465 5 86820
42930 64 77807
24046 42 70142
39259 6 68107
5925 15 67174
5875 100 92271
75421 89 98935
13493 11 94744
72904 78 73105
44127 69 98049
18408 30 56401
37757 54 96082
72471 20 84278
43152 40 56881
35276 2 94767
42984 86 96396
63758 58 77428
34475 100 89116
67482 51 93717
17222 39 36723
5086 14 70727
14815 24 35089
33869 58 37377
29493 15 37380
73 40 50658
25356 58 55368
94159 21 96969
66105 94 82153
67943 58 89772
32993 63 81558
40440 37 64982
73600 52 76485
12779 70 74591
17666 48 69523
2816 81 86516
35688 69 70623
19577 68 94316
90174 2 98613
57039 88 70892
71965 23 73555
33727 65 68306
34888 88 92948
16451 47 73700
25132 68 96754
5592 42 77929
52496 30 67544
59936 27 66887
93692 11 99903
1694 7 91041
48545 97 77150
34353 6 70772
27234 55 34905
15568 20 35320
24979 81 47397
90361 48 90539
3192 95 36287
34772 20 37005
42701 87 98030
37534 95 98689
38660 29 60557
12682 42 98755
35224 13 93239
63503 97 71872
39023 63 62556
3967 69 22352
19313 87 78355
52162 1 71190
30447 36 42135
63123 80 95927
15276 35 66359
15423 5 29087
9300 37 48306
654 63 95843
5612 91 64194
66212 99 86937
12781 63 32948
51026 86 79227
4157 80 97043
50090 92 82340
14005 4 66614
15082 70 22662
61696 36 86956
7046 63 54159
24398 52 33487
10889 57 26776
13961 25 17250
2304 52 42757
34324 100 95146
28613 1 34808
26401 67 89194
18843 11 25557
66878 30 72532
23218 34 66446
6833 66 53851
39520 24 72168
13102 45 99434
19383 24 23986
14312 32 17107
12308 80 73169
58196 35 97171
58772 25 74951
10602 22 56914
78850 6 80933
27492 27 42885
5112 48 86480
57126 51 60161
796 40 38793
15126 72 47507
34913 89 75745
13664 96 53062
25923 9 98361
19977 76 37433
5916 47 41551
15133 68 58101
36406 18 41786
15384 61 41216
14436 85 90830
47278 62 83366
20508 77 56793
2104 25 2290
9108 41 25838
60300 24 89711
19067 31 36613
7834 32 82288
22116 26 61612
31705 2 99200
30202 70 72070
26538 90 45531
17682 94 51009
42309 11 51148
208 84 52925
22276 3 75175
18390 3 69366
61065 96 95290
15654 52 26983
20478 17 85593
56257 42 96548
91458 10 99380
27885 32 42413
52168 20 97264
30643 9 55296
5264 19 43488
59548 98 72769
30431 97 58294
12536 71 48143
5763 43 37951
43570 44 50094
37827 86 49680
26269 41 80273
48119 82 84296
96243 91 96463
67328 25 75073
59659 5 76825
58609 72 62993
34509 78 70122
16470 12 49131
22801 10 59613
772 4 25080
18826 31 36655
40153 37 48905
10674 11 51346
25877 50 41180
3844 38 71967
68367 44 95403
37575 23 38559
25675 59 86689
36652 54 69423
12325 64 95558
88783 13 91746
28304 70 80447
18819 68 54414
23187 58 44217
73917 33 88305
48028 45 91664
59612 40 93751
3118 29 63793
76528 81 88312
6573 65 44886
17022 63 61252
8118 33 59309
14342 1 18669
4564 54 40555
20013 33 62610
25323 100 83699
34731 15 52575
29773 45 55009
65896 6 69351
60640 10 94820
39999 11 85466
39009 71 66103
13412 76 73111
27411 31 85151
37584 42 75055
8227 70 93431
22581 28 43457
68621 6 75000
14398 53 39352
1413 69 50686
71186 41 98067
13844 58 72999
48114 5 59161
1528 26 71598
30959 3 62683
35231 39 59385
29721 79 60116
5856 43 76540
27288 72 36733
58727 34 68472
19904 58 68318
17721 90 32703
13318 37 20386
30885 100 57328
13244 83 68836
8299 49 22459
16427 25 53024
6924 93 22206
43980 15 65699
41550 61 61779
36786 40 59905
54574 58 79189
27076 17 82551
58336 10 67593
23791 32 83768
74321 80 97299
39848 99 61772
6431 1 37090
23857 49 43467
14566 24 94410
7540 32 81075
81075 30 98807
47125 16 53495
57446 89 89681
38941 40 89647
7354 29 63163
24390 91 63650
6361 54 45648
1449 99 74723
48579 94 67477
31400 27 81624
32085 29 86872
8384 83 92839
64140 70 72893
22102 22 80627
3447 43 69249
8728 62 24268
1573 13 79620
20874 26 43532
54231 41 97627
72480 82 74744
18106 14 94561
11486 16 98980
23779 70 43051
31171 85 78120
37614 19 70097
89271 26 92869
62639 72 82445
45657 73 89298
3949 78 5397
8653 46 62369
38426 92 52423
19623 5 34459
13515 56 91516
21860 1 34077
40815 24 53817
28849 39 59186
71528 51 86168
26115 96 90113
32755 68 76042
14947 14 57897
27641 62 78248
24553 29 48763
67122 57 84409
6100 91 14996
40717 23 50352
51204 18 90132
6686 35 24853
2532 77 22238
101 88 22559
70354 52 90135
49552 95 80631
63476 71 85054
58013 88 91940
6308 80 86532
32498 85 51286
17097 26 31576
35246 63 88540
35830 38 63175
6383 51 61651
41725 1 66984
33653 5 94949
40983 24 62387
28361 44 56604
35693 10 42558
32050 1 68392
2424 28 95786
28903 75 47109
38026 79 42520
98518 69 99990
26450 98 99875
30431 70 86397
16130 23 92246
9769 80 47973
6021 51 12898
25780 88 79819
4471 37 91679
27186 49 36990
8181 51 56117
23262 69 26402
21781 95 81346
9478 71 35403
20981 88 39791
55576 57 80473
84049 56 97296
8499 97 17862
3448 95 61144
42533 34 48822
17602 63 33736
27863 69 78909
53803 16 67707
28527 67 54167
53463 95 57872
49666 6 66702
36837 82 67368
91290 37 98896
5537 69 90106
53485 100 93531
8783 4 47814
7582 26 12794
37975 39 64888
39510 16 43166
30151 96 74098
4295 72 75247
59288 84 69481
4098 72 39140
51994 93 54576
30341 94 47026
22458 100 38787
13762 81 43476
17328 86 87087
1445 47 68362
20361 62 76723
73056 54 80723
17208 69 20064
485 65 97164
67089 61 99762
89306 85 94900
31901 52 92729
11332 29 31100
27293 13 90406
54930 9 85977
4271 9 77198
9718 44 82634
37203 19 59730
2851 6 97326
34283 40 40608
9583 3 80752
25057 79 76028
62659 23 99234
69619 24 71759
5359 96 32344
20619 60 32280
6145 61 28271
28232 67 47051
771 52 20481
76714 9 92773
31432 92 52547
64192 72 76192
30536 80 90896
6007 92 27367
30087 65 86227
10317 61 30961
24649 57 56593
10767 83 89496
90737 4 92663
14310 97 67071
21887 9 92823
3199 49 63327
49289 37 70027
51730 5 59440
7173 8 25326
1175 20 21743
22590 55 28792
48114 65 53165
21549 11 89196
29912 81 48789
21367 11 42576
25446 17 63880
32294 85 62299
8261 74 37644
56485 79 67215
17898 34 89961
9126 45 64734
15259 8 38355
65910 33 76423
78024 21 95961
9019 45 71927
19476 83 81403
977 93 14794
12000 64 72416
10132 44 85827
42352 67 70439
44439 83 84773
4838 55 22058
4014 5 40653
71314 3 99157
49231 32 79811
34208 100 42878
47683 56 62071
13083 36 50532
63522 46 89839
57750 88 62262
61920 71 68281
27151 17 69909
6867 69 48781
18216 86 65419
2999 54 86390
1849 41 47675
8695 27 23057
4452 32 98721
23324 62 57791
54370 53 63342
14317 42 89142
56614 20 81306
20246 67 55272
20714 70 79736
76334 9 79996
35738 93 77990
20928 58 60928
32357 34 37932
52669 24 79365
12268 46 45603
42784 19 99781
41859 10 49034
64233 3 68396
5068 60 18403
1123 42 39539
13004 20 21774
43538 31 94362
33594 82 37220
11388 3 95115
37639 68 45420
68495 9 77231
22003 60 27387
27947 59 33629
31269 98 97180
22932 15 74177
54571 91 78296
33597 37 70622
13781 83 92613
46661 33 54231
7144 71 55519
36499 91 94430
9318 6 98186
52610 5 99791
34431 35 39171
2360 70 16493
22772 69 86812
23668 73 25174
3933 51 38194
3972 39 28590
46126 11 48408
19015 28 83720
1068 99 35529
11888 55 29708
61839 38 89110
61576 34 71205
10279 83 18639
40601 87 52643
31503 84 56932
32136 24 60871
47533 55 94398
61350 93 73004
1591 96 72567
78453 87 81217
1042 73 70598
79139 42 88300
10331 34 91194
27054 48 90348
61967 68 97074
3035 100 93909
3705 26 5001
12010 91 46879
17399 43 20795
12296 23 72597
37250 100 88719
42573 67 44883
44791 26 91119
17271 82 38344
48756 8 77789
27043 39 90053
34199 94 68900
17026 29 19713
45118 36 51962
66985 76 89370
14499 26 80114
71233 80 84648
16616 1 57435
9530 25 74094
55454 40 85994
59586 56 60602
6833 62 42255
23525 8 46955
42589 26 55830
85921 35 97659
34365 7 63962
20234 80 64537
19517 98 45208
4060 40 87150
9834 14 39947
83174 75 98064
38026 67 74980
5593 64 24613
1335 74 74324
43644 90 76362
47363 42 88642
14496 83 49560
43476 67 85927
23906 30 72602
60417 3 74900
73932 44 93845
34269 45 38486
52449 4 72450
12950 18 74497
33182 83 45107
34301 35 84515
37725 100 88940
45982 70 73306
57171 7 77520
69753 16 98815
20839 2 58166
23046 45 41320
40875 62 90113
13831 66 22356
58077 73 77402
36226 23 86549
33187 12 39064
39196 12 89626
60049 28 88077
4313 41 54704
47528 70 74474
35326 29 85781
20693 94 58083
52105 47 77256
6711 66 46956
6493 75 31870
42385 99 65816
17302 62 74086
5003 83 15064
63658 35 85655
47431 98 57685
79514 86 90094
62189 76 64317
4904 39 40930
15900 33 43524
16074 55 65421
22485 15 76927
50311 6 64824
69225 45 81310
18590 27 47673
48633 61 99109
50446 12 68911
13376 43 15544
61429 100 61870
21257 8 28864
75096 94 78557
29195 88 49049
47780 94 56538
10456 58 53910
91588 31 95613
47013 72 68706
22007 96 99002
6961 71 82967
54146 34 70910
19775 60 67624
22152 90 38627
22594 18 41835
26180 32 99929
41723 33 48884
76917 19 92028
16059 61 93049
20170 65 90398
513 45 36201
60784 26 81810
48577 28 59295
47989 6 98805
58861 13 79576
13385 35 28151
3019 60 29958
8675 71 67354
58315 69 59529
91348 64 92326
2199 12 5444
35930 70 94943
14792 16 80476
24013 82 80180
17844 81 93094
12412 55 61793
52557 25 77422
82045 3 89412
1932 76 16316
77937 11 81641
4582 62 27837
20682 71 87207
44144 66 61296
57236 76 93737
6566 47 96017
5706 19 74033
14286 43 35361
2995 63 87795
28415 8 82098
69117 1 76653
13041 25 50180
362 19 70526
4304 23 84660
65130 53 85398
12774 20 25375
1884 95 30590
43835 5 71135
40551 16 77051
19885 57 54854
5142 31 37555
26235 68 59345
12449 5 97330
13829 29 65962
32356 25 34603
5986 21 36996
20774 93 49219
24342 35 38063
31446 31 42985
10990 9 52444
74417 37 78854
34161 83 66485
9070 81 10068
39448 72 93954
28569 49 40210
26737 71 70430
94627 57 95170
10082 57 83513
44142 74 73096
60462 99 69983
4321 41 8742
3391 57 79849
26662 66 85008
14963 30 62024
29314 11 54782
14835 24 42926
44336 22 73969
18960 31 67402
8158 34 34714
39369 99 43467
57309 56 88588
27370 11 43618
4203 78 18131
30165 12 91588
19134 88 66919
66888 60 80882
72960 9 92421
432 86 86107
68760 87 96602
1349 55 4684
17096 19 75855
25452 36 90142
8282 47 29959
23164 46 98475
38013 25 59764
39607 49 87385
65504 92 67083
20388 7 21995
62015 75 93672
66961 88 68833
36267 19 78611
11617 41 72521
6577 56 29976
2730 88 91455
10603 67 59442
22852 30 66014
30355 31 84822
20678 3 37687
2423 21 77497
10434 84 47647
55083 93 76907
53770 60 86093
74793 98 88314
4895 64 6628
30346 57 66546
72307 10 78621
48941 44 76235
85706 14 94330
20448 100 51548
42646 54 68634
69689 62 78965
33849 88 52324
944 33 68010
17888 31 63838
6651 33 19439
13931 95 33184
64309 76 71930
65805 2 75684
54118 65 98428
15905 83 79851
31223 30 53200
17210 99 89263
635 78 87960
50580 33 56380
74820 36 91270
12757 28 42577
10535 92 61607
27889 89 54332
45035 31 92920
61563 20 64672
8683 47 66487
42488 92 68707
2191 73 72808
94213 41 98416
84747 47 91015
46087 65 59586
49368 44 59513
14480 9 54950
668 36 80335
6803 63 65867
12024 2 51892
56577 65 92707
49769 81 70486
75029 94 83658
29406 99 68066
54150 93 73580
21847 71 27405
72740 75 75022
77251 47 95017
31006 81 84036
14213 4 52937
23886 59 58819
48521 43 90435
55413 48 90353
16522 27 97309
4866 88 80542
50159 41 79201
27119 34 56963
9036 10 23789
20659 16 77962
83743 86 91825
67884 56 98413
24212 49 83681
60419 59 63781
46432 56 55992
13747 7 29519
76636 15 84021
22894 96 73532
47691 66 79893
52757 67 74584
26542 51 52816
35956 26 58569
3937 73 11884
93552 6 94019
21479 20 43684
39959 18 49868
10417 19 66612
14967 68 45128
63468 32 89119
29089 19 32815
35814 30 72637
35007 21 67703
76767 65 88532
19219 60 24356
1850 67 92939
48745 30 87220
5752 29 48271
58140 83 73964
16028 55 97834
26198 96 62841
13193 75 39497
79526 57 93167
70513 10 87691
57041 8 85074
14298 99 27062
9513 7 26069
15456 49 35398
67520 80 68753
52147 69 82161
14064 31 80338
64596 42 72897
84171 63 85063
48121 55 86355
7142 75 9397
3305 27 53282
8335 42 20322
53871 8 74713
51521 53 58966
9673 63 84526
60771 52 72394
1816 46 30180
13058 72 75259
60006 51 75702
20586 14 87475
13679 11 99028
27212 70 49418
39735 6 71991
81100 55 84771
9924 29 21349
5036 34 92768
49533 37 58323
19692 7 67478
8674 71 70641
53212 50 62607
15379 92 99054
28036 25 53722
31579 78 88911
6722 43 96060
42885 5 53771
26656 37 76211
12500 18 15654
14908 37 43493
10347 60 32996
43625 90 48381
9620 80 25484
13139 51 48226
29045 50 63996
53043 38 58117
45107 71 96685
14178 7 22041
50743 39 82377
1126 65 50804
61551 75 70200
10786 78 21237
45422 60 56779
56143 75 95621
8340 7 34981
38651 85 39325
81585 59 95882
91170 87 95746
12040 67 69474
67569 85 77529
95643 24 97588
87266 85 89254
48187 47 95063
16564 68 45030
8109 9 40883
59465 11 62132
11820 14 14050
