2000
48540 51 53258
56333 82 58566
65998 9 88395
30250 10 92319
73595 43 78433
29305 3 36202
23504 97 69492
15843 62 68818
62699 100 65683
81451 51 85364
68832 2 99351
27723 41 39003
30880 42 97771
5050 38 97977
775 96 72949
72299 89 77841
10853 80 76837
30360 65 40423
5803 93 14823
91575 84 91916
59731 71 90466
17500 10 41960
17068 43 49669
41191 47 84399
33108 20 83108
44169 12 84446
33051 94 70092
48014 38 93198
75631 25 77310
37779 8 89155
3184 21 20093
12912 67 80541
20113 93 61560
923 4 91517
1047 90 51777
12826 98 47582
15170 75 55290
24666 77 80233
11016 26 76837
16848 60 38485
4945 73 83113
48390 2 55596
8698 100 98702
38600 50 41876
10112 16 19259
14579 12 77878
11230 2 77249
15199 91 63507
63499 68 84381
21692 19 62870
22519 49 62540
17556 70 39223
31080 35 36756
87304 70 89579
20032 59 32753
27207 79 80000
10430 79 71883
30943 100 94775
21235 30 81732
67812 7 87547
27929 25 40132
19346 25 97532
47323 17 54760
708 74 39506
43544 15 92710
7581 20 15950
18697 18 34953
38734 46 40941
20895 83 59786
20301 87 35647
10809 25 99339
66821 80 84279
62029 74 76413
83493 58 95844
12892 93 86656
41507 76 96346
29380 56 38108
31336 87 57071
55970 97 81810
611 6 15177
39217 5 69506
28141 93 98190
44654 7 91708
6853 37 46374
46113 72 49807
73935 15 88256
27637 54 64536
32794 80 40417
4311 46 98052
82695 49 98729
11267 55 83540
25445 52 46022
75213 13 82812
37445 63 52167
22084 32 41569
8622 82 59537
38739 76 67146
21115 25 79063
3717 12 11465
55959 95 89894
17030 49 78297
47058 1 93242
35102 69 39644
78697 43 94629
57022 71 81971
56637 96 60516
33805 54 67744
35334 8 38133
2217 77 38459
60793 7 71675
3412 17 52543
59124 86 80285
29366 14 86072
16381 77 57095
7691 55 67795
9446 87 76623
76723 9 84647
11316 8 70074
16373 49 91388
55038 61 72795
29470 61 59740
14542 89 83441
40760 79 63181
21188 54 81335
45566 70 72515
28397 76 93927
88 37 74864
37355 71 49090
33920 100 46699
14573 9 62388
4455 24 69867
41592 47 72214
30060 55 98635
33437 6 84743
70452 1 95998
46801 49 85978
26343 33 81721
35246 65 69174
5333 25 47931
10336 23 77631
23300 74 57648
80573 37 93629
5103 47 76825
14040 62 77293
45747 30 81607
74538 59 87088
18966 32 65173
41140 94 88709
52258 60 94665
15989 35 77272
71914 21 96158
66300 38 88129
16249 9 86306
19611 41 89208
89364 68 93572
3099 3 77431
83688 3 94650
2895 40 63736
25824 31 50940
9286 47 50617
21209 9 34401
6877 88 51147
32464 95 72266
26838 26 63573
59095 48 73273
8333 18 40724
11697 97 87350
2947 88 89761
4520 75 62672
9763 54 18139
5322 63 75008
1904 100 16208
3708 8 93728
19894 35 64474
56146 6 78252
64119 94 98009
5977 80 31728
73333 15 89739
56577 92 92811
13003 92 52664
2816 41 14850
33961 63 78075
2219 29 39090
25771 52 60412
84038 5 89531
20155 39 30761
17089 27 56066
2487 44 47599
85579 80 86520
4944 1 18806
15137 69 48325
2144 82 19403
7465 9 37619
86353 99 98471
728 82 28750
639 62 97331
14519 4 82813
33579 47 51058
56574 89 74611
54251 37 79839
29948 77 49665
20061 96 30867
15148 23 93422
36908 99 48045
13141 12 47837
12108 66 60589
22051 10 50876
32245 93 33541
31597 71 92003
81864 15 94426
78338 41 89423
58102 98 79434
35798 72 84705
21895 57 87076
51380 26 89429
23829 43 86391
26915 88 52516
31163 1 85284
22963 56 40023
12761 43 60219
15460 71 52362
58750 27 59059
5433 2 67433
66999 43 76902
18762 2 41048
10128 55 40717
47777 91 79573
26665 64 90900
23060 16 98274
20790 40 35250
16219 76 54955
24760 30 35902
19567 16 74497
37023 96 80916
24816 80 38842
18034 51 34417
30521 19 38510
9587 41 64572
17041 33 71660
24971 85 47202
20301 5 76478
41054 22 79469
76214 79 88211
3492 90 68573
74260 66 84307
54147 96 83699
2923 37 26681
2038 55 28328
16928 81 42900
32290 95 65240
49489 59 87079
50732 39 85631
48838 59 49459
70765 23 73592
26896 70 70211
17904 1 57847
47987 73 93625
33404 24 87407
18310 29 88944
84802 6 91577
87115 32 97973
48846 28 75702
32082 58 54655
55546 98 61881
76642 3 80379
82516 50 89264
26159 73 87759
18629 13 83152
29041 89 93185
42496 20 85297
75201 93 85200
84638 67 95703
21110 29 43887
28844 86 71464
17575 2 96758
33159 7 72413
35083 65 47021
42014 2 46291
941 98 65713
56519 15 92034
82594 96 95830
3292 77 31543
43772 75 95356
49165 80 85790
22342 21 84984
36234 60 61720
6701 21 34157
59750 64 61587
73334 1 77431
42738 100 66993
28741 62 96980
7742 95 94917
15738 7 47211
87861 48 94087
18439 25 45447
81634 1 93108
28763 28 92370
12108 61 38140
7885 49 11765
57729 98 74765
48023 45 53898
54423 16 72321
53868 33 94288
14724 45 50674
20066 40 22992
26851 30 54111
63414 14 99572
7078 42 27926
15093 43 68864
21928 100 27140
8297 39 62370
65045 16 76551
22347 94 49764
66280 95 84533
9600 10 90094
2107 29 82992
45017 42 80545
2884 74 69703
55228 5 87574
1270 83 39060
37089 12 37116
26440 12 54089
5225 13 8255
21204 97 71445
886 39 67099
42230 89 79720
28592 29 28626
80836 32 92645
42477 13 58271
18432 42 87872
15665 33 51767
42581 53 90277
8004 18 74170
5230 28 9482
18784 50 73035
24369 26 68198
10680 33 16576
58668 11 93628
48 18 33647
14101 9 28964
3303 76 48968
55471 99 61387
16561 96 49753
23904 89 63531
29036 65 97669
22050 33 45992
746 84 17105
22805 46 91137
70184 50 89116
2323 76 36916
59802 100 67614
33859 77 36905
58737 65 84335
20342 73 73474
5037 29 66574
15554 39 16833
5862 52 43710
7179 28 11801
95138 73 97860
53380 47 87284
18910 27 46530
65361 18 82933
41433 17 89421
59911 50 74141
30408 33 58601
34122 22 75385
57376 38 97019
34842 69 48264
63712 93 87826
25293 15 80559
17474 45 72141
40362 33 51076
82412 75 97107
18820 88 66941
5687 45 40841
72613 76 74159
20212 65 40213
18399 19 74764
30892 94 53171
7885 9 26371
15351 45 52728
698 67 96414
21528 39 63894
32864 1 72536
238 35 61880
79190 76 92153
86788 69 89376
16205 52 81332
42654 94 48751
32245 38 91633
10443 32 24762
84381 34 93677
300 4 21064
46264 57 87652
24722 27 84008
87614 42 90909
9736 63 65828
49833 2 86976
5352 26 98623
77287 79 91829
78541 73 97542
10611 55 18303
9916 25 72422
41592 72 96692
52821 57 57533
60126 60 82512
8566 55 42742
44905 46 95740
44374 77 93730
22016 3 26935
21726 89 69939
43602 43 75902
75093 73 81074
19375 81 89815
43217 16 48312
10763 64 92268
2578 60 62800
15114 6 50391
4238 49 7330
53799 92 80385
17822 3 20538
42668 16 50400
62248 53 73418
33689 80 94867
3621 56 93371
62540 42 79207
9004 28 16112
41404 11 50927
30490 10 98142
5928 84 45956
7337 18 17890
21575 47 21848
12657 70 63732
581 37 10544
42101 47 91027
19047 25 96128
37034 55 94477
37315 14 84153
599 11 53473
15531 64 26612
58364 60 63567
57688 88 91544
4608 34 86321
5611 71 80070
28585 22 51719
62851 29 76857
41161 51 91750
32960 24 93917
81401 42 85475
11517 2 90882
37876 54 60488
18272 21 60415
78541 57 79399
48110 6 76758
49769 7 52466
41435 27 50715
32600 47 36381
52820 18 74321
24532 50 80660
44816 94 77699
7900 34 19949
84110 3 93785
1534 71 89232
64726 46 98992
85343 39 92781
53880 23 59610
63385 93 67078
48122 31 89407
61737 45 96456
52037 18 80306
23160 15 75368
12883 72 82454
30192 65 80146
14597 19 47998
2449 23 3938
62318 86 85081
20817 76 59866
57968 60 76586
29927 15 53640
46343 37 58306
17680 49 43843
13658 88 41763
6860 44 97264
35082 71 81317
10444 87 96089
64914 11 90521
40287 35 72405
1117 70 67189
12251 50 56274
9296 75 90057
12972 79 72997
13661 76 45153
20159 79 47806
3952 49 49868
38123 69 53113
1493 89 31223
46877 65 96982
36641 31 57967
13645 2 75233
41268 63 66780
22598 74 49297
35511 15 88945
3675 6 56189
2816 98 6083
7751 47 46261
31592 37 71321
3105 1 25858
18565 1 92175
23070 27 31364
2339 5 97634
51505 15 77230
58188 10 72710
70647 88 86194
1927 13 83603
137 64 19486
9281 98 55810
15328 55 94659
52861 5 64709
16856 80 94163
20706 100 30124
27498 49 48480
41479 86 86882
91660 40 99424
15488 18 76928
20867 16 94913
50276 69 82948
51208 73 58022
6032 79 37089
36038 83 90709
49724 40 75634
64178 92 73307
46904 56 69587
47055 100 78760
28422 54 56488
60056 90 97051
72395 45 72616
42407 23 87531
4932 25 85844
24988 2 40395
5982 23 50936
13212 75 42008
31355 72 40712
13615 87 19816
36218 22 75793
35798 94 40180
78378 69 79126
8981 93 35274
24101 10 52665
43835 11 96463
3136 90 93929
9125 52 40445
89 75 80406
72846 12 99373
82148 28 91691
38888 46 98980
2591 30 69876
22575 20 25500
79872 43 92279
62144 32 71212
58685 3 62605
66595 37 76660
34889 19 66977
13983 57 88347
32169 55 82326
64345 49 97345
40384 11 72664
29769 77 63153
13757 98 33105
41731 50 82328
50677 40 55931
48526 4 98547
32421 69 93621
14169 60 68942
53567 48 90190
11715 18 17583
53625 78 62733
1389 32 67200
50177 14 66821
8719 94 22099
18194 73 84923
52114 54 62495
10345 86 63370
3766 44 12982
3700 63 48592
9705 83 77348
28954 65 83229
2020 84 85606
18487 13 94938
59554 40 89941
22789 97 29526
27680 53 64472
3337 29 83243
1218 59 11442
78124 43 97555
5858 90 19141
23224 48 37842
1797 94 21000
5870 92 20074
75394 62 99982
27437 61 66916
60193 47 64021
42225 2 49097
24022 41 93214
34090 44 36279
40303 80 92612
81534 39 88573
5158 15 12575
85871 17 95311
39318 61 52873
28940 42 83254
45553 94 94443
37420 43 82302
68330 4 97237
44398 46 95497
40737 43 42209
68762 51 72709
11947 86 46730
71852 38 85587
24317 46 95046
28994 92 67544
31795 36 44728
14051 45 41214
29017 38 94620
23479 83 49436
61739 67 97911
32075 94 35921
5100 17 42380
53177 85 88152
25756 23 43033
38794 1 57324
86176 59 88798
16961 56 51628
3998 33 48164
40120 97 43094
23868 25 56039
17975 73 77561
12934 13 52054
28716 72 34589
47351 11 83675
14299 6 92982
49764 61 86193
16696 72 35686
56904 40 64500
60726 22 80390
28404 57 72131
24942 22 95430
23580 33 85561
2591 25 10953
4283 48 89258
1669 41 25910
50886 91 90558
26638 79 92347
62213 56 95507
21192 85 32995
28438 84 31746
53256 9 90808
8267 18 72681
18925 29 51670
4659 59 5996
86038 82 99251
63532 78 73973
10642 50 68196
45622 89 87671
55012 90 77075
17553 97 45543
88417 10 90509
18642 61 27918
14313 54 59858
22864 41 63995
64285 99 93197
93531 40 94784
62255 99 87326
28570 15 67916
17494 97 46475
13586 30 89193
55360 54 93724
29396 82 76708
9985 56 17896
45736 57 80642
5531 22 93332
23434 22 47372
8172 99 10254
1809 45 88519
36255 80 80756
39175 36 61391
47004 83 87604
88036 18 95336
2099 41 76193
19750 80 82045
1232 19 49676
9422 55 39140
76788 19 85354
38542 83 92856
14663 47 72874
14003 26 73142
12936 24 62826
23399 81 38179
18544 57 66607
47982 69 91509
52365 66 81102
7905 54 64924
42484 15 55980
33637 66 42236
5867 25 33376
20636 21 62082
6755 62 66259
196 1 96936
12445 2 14538
60180 70 82543
23521 8 35648
24945 49 42430
23220 68 91851
36290 92 55469
9084 97 72287
8486 47 24657
24794 49 63650
1437 21 97482
32131 72 35528
37028 79 70581
61369 57 83939
14021 52 30719
19970 52 41664
36872 74 55124
10800 49 15593
2879 74 30809
37003 84 91914
8238 9 91848
25622 71 97715
31271 39 34096
37248 30 90605
25469 45 77131
26112 20 82281
83015 79 89158
7931 100 49549
39628 64 76194
95573 22 97244
71611 93 75030
38546 68 88695
14331 46 38045
95071 28 98940
15832 6 65256
81199 66 93274
75851 28 97134
12134 79 73775
24495 82 83367
3584 74 3829
56140 43 74327
30574 27 41439
18420 63 99612
14366 36 77327
285 91 8054
16167 69 84555
4205 72 72458
4278 34 25013
23804 83 35242
32518 59 86233
17924 4 40902
77503 23 78809
53671 91 55006
5127 91 76371
19019 76 65758
23314 3 39315
886 99 39954
9287 53 14936
9414 57 98669
4686 99 19901
58731 29 85248
29965 24 42131
87605 96 88293
8700 16 44859
68914 93 73676
95025 35 97230
38191 56 88515
23898 60 42510
301 68 98022
3182 68 86310
12744 45 80527
58582 58 84746
80467 44 84954
65315 74 90879
57770 19 63456
19356 90 86785
25092 47 90829
25011 89 70527
21250 57 79348
11347 12 40416
5639 2 63151
14472 35 19386
20957 54 72743
16171 1 89931
44682 24 79600
7449 59 59909
62680 24 76089
25853 88 81121
79126 56 97943
27598 81 74679
45079 33 58907
6470 21 93729
3072 63 68587
50898 92 91457
11330 4 77346
35317 45 90870
15529 35 77938
65842 40 85400
54671 22 71127
10350 49 43918
18581 62 26522
16499 93 68605
49398 95 57565
18648 27 42981
80005 51 89023
8627 51 34501
8579 41 70701
56671 71 59349
63207 75 70729
12157 79 24193
46108 98 95568
75303 7 93356
40085 24 91931
33188 21 94150
34247 81 36765
82723 68 97001
15163 30 68819
71519 21 90911
1740 89 49080
1489 94 3536
1725 52 93488
49858 5 58515
6884 83 24463
32719 43 72845
27326 69 50706
1099 57 55199
36939 5 59810
34430 70 64530
18771 8 82266
16112 54 29200
34423 19 84386
32367 64 55215
27005 54 82219
24030 93 38562
39361 29 66437
40719 26 61309
4906 3 99083
38461 9 64992
26776 86 41810
3642 82 71846
87843 34 95460
27483 99 63661
23464 76 29275
62612 86 97678
31230 99 70049
3714 18 54105
22829 81 60202
18726 29 27013
64402 51 94293
11433 14 52423
381 66 14121
43517 90 72466
72733 68 95098
31303 48 54921
17610 41 21919
5146 60 5703
73908 11 76325
42834 45 81427
17652 7 18330
5323 89 95929
74543 21 88450
15663 74 91247
1811 53 38205
45837 65 84592
3149 97 86326
32532 39 67780
47217 71 83494
34717 28 66367
68684 37 97525
25287 73 33506
12753 6 19551
59974 91 77415
52910 32 85966
8918 85 19103
87210 74 92383
65799 51 68665
48936 86 49730
46849 45 94142
11373 91 76697
5422 84 81390
28139 28 84708
6077 18 89694
80615 4 96248
76705 63 92782
25787 75 74126
3985 41 69553
5163 37 6728
52896 76 57357
45465 77 55803
59500 98 71918
46494 4 50399
6920 2 93145
10919 36 57696
7388 59 33893
41207 32 71565
4918 78 60156
8245 57 71599
40405 73 82891
8523 77 32915
20002 97 25264
19196 74 34143
56119 7 60552
44534 75 79175
1831 56 36128
241 10 86742
21801 36 45951
48941 54 81542
9562 10 55916
11060 69 82215
5418 12 39448
43079 68 52342
18545 49 98836
5602 99 89789
16303 95 23134
41103 76 78673
45702 31 64787
49312 82 67299
5636 79 10675
37923 97 93830
9548 17 24197
71494 36 78445
25678 82 53705
33487 57 71115
39420 44 63404
50634 6 99966
44250 51 64121
47693 86 64475
15546 22 52796
6480 1 37021
62696 52 63305
46376 13 98782
44383 74 90854
9296 42 63601
44150 99 68180
66029 70 81521
41929 17 58961
5697 70 27077
15684 18 22191
1420 31 23236
23616 10 28191
92603 41 94205
53711 97 54954
35710 19 78202
48826 83 51131
46973 85 49237
37521 49 68267
11986 61 53252
2021 83 76577
76450 96 90956
39297 85 60015
77194 47 81551
52532 59 88949
41674 22 60079
16114 90 76261
93373 49 98879
48520 55 94076
5775 87 86235
7141 35 56151
35748 94 48596
18735 45 38750
41724 59 65914
20186 8 67323
28813 67 72404
86875 43 94952
68342 84 92994
8959 65 43282
2989 99 69111
25028 87 25153
1781 28 82423
23115 28 37519
52538 2 88898
50026 95 74205
13525 3 31664
55423 21 65870
85577 17 92374
11139 48 36489
5124 23 61235
46984 80 66547
25818 36 85456
13325 59 74247
39156 14 70619
52153 7 93167
9007 90 46747
42904 51 80174
46317 54 95219
32814 11 79990
46330 100 72025
31542 7 73695
14968 86 67281
70949 9 75136
20081 33 65333
63890 17 78598
57564 29 93990
3803 70 62140
4524 91 70542
66758 21 79531
34232 86 76870
35846 5 98661
49105 32 57607
23338 36 69666
27296 37 44437
82126 62 97371
45861 16 93217
2507 88 83651
8285 74 79822
13671 22 17103
3888 20 71980
8145 47 21238
29355 62 68050
32007 22 58880
13036 100 75162
8434 73 61292
60191 97 61239
8998 40 30499
935 92 6868
489 13 22588
7474 11 88986
62025 32 75590
29827 2 89693
17841 21 23114
19609 4 58515
2401 11 10503
21832 45 27265
5757 29 31321
24029 50 47414
16576 9 91005
53977 3 77592
16494 54 88045
73220 8 95132
81031 49 89673
16230 33 70714
43168 9 44124
3476 45 44302
40529 69 81880
42963 2 70340
63087 7 66459
40783 1 46994
16405 96 64654
9808 30 73015
2809 15 79501
51243 52 91038
11879 54 98551
9554 77 53877
48249 91 89885
38539 14 83393
29264 81 38317
72479 40 73874
77296 35 86024
43236 78 81470
21950 10 83558
44234 57 78240
22885 21 41897
4118 98 65385
56843 96 96953
19769 60 54039
9716 26 23303
60669 40 65458
82351 8 89426
93300 90 99728
29178 62 45830
34387 98 56565
83526 69 84366
9447 86 79790
6470 67 78754
15957 39 59165
6573 16 40214
35499 79 86141
65218 23 91082
51980 65 88901
8757 33 63236
21489 13 47081
3669 15 42569
24447 89 26752
52847 60 69414
41726 62 96326
25728 59 84807
79263 20 86589
9691 61 51710
986 91 35910
10728 91 28069
63608 97 87783
25792 72 58423
37950 53 91028
62683 65 83751
22451 16 42217
40837 28 85785
17659 98 45747
39199 42 56350
70252 68 95272
15809 21 43245
29480 8 69237
66737 53 89898
43963 20 65559
18143 29 52698
37503 9 43034
18001 90 51910
45363 13 84910
78946 39 97180
36859 100 54749
753 60 37379
79887 32 92792
25137 85 94498
24394 7 98145
11139 17 16622
80720 4 90087
61404 22 79951
55580 51 68984
25804 9 85223
9694 46 76233
46712 29 63022
23967 30 30092
58837 53 72182
47343 44 97300
18738 87 37568
69784 20 96309
13797 82 71239
44403 24 73059
18224 7 77822
2736 13 28324
24750 67 79701
42567 26 62661
6582 5 78738
86603 11 97781
66639 39 72366
4918 31 75520
20481 100 58117
40414 33 92423
985 90 22513
1105 89 77767
20402 91 44146
42257 87 51398
40611 21 50275
10878 53 21894
196 55 4949
23171 61 29879
28257 1 72664
7847 92 40532
37570 4 95832
43622 52 46272
54721 95 91264
75053 43 79806
21542 83 45380
20443 28 41673
5286 86 99783
40802 87 74248
25447 14 83054
26441 25 52299
38149 60 83495
33314 81 63500
39514 26 92571
20006 78 87735
16111 92 55048
35151 52 51083
9758 6 72841
12593 44 51899
21491 22 33776
21454 94 26507
84126 5 95857
33939 100 50391
12474 40 93878
51465 42 87689
17313 62 76363
64605 91 98963
12613 93 95621
94316 100 97058
35814 13 93358
8524 27 20895
25910 51 76810
41884 45 64352
23030 82 61316
44602 66 58517
28807 20 97059
7074 67 35462
18036 51 83876
53604 77 80671
29251 88 51643
47451 46 80893
27325 46 55194
39751 53 46480
49350 50 70977
53841 23 81672
33449 40 89086
50570 6 93059
21504 14 86143
8934 20 59400
15593 34 59205
7264 49 12004
13114 24 28209
32658 31 41368
9290 38 97636
43614 62 62222
23389 48 85015
33559 1 51088
50638 10 63480
67625 28 95683
74318 72 87447
16684 72 96928
1822 9 83610
79205 97 90123
31001 96 80473
3427 87 20601
41922 68 52354
17185 26 47447
15136 33 36775
73941 4 88213
29136 90 78246
11905 3 97042
49730 17 57279
19228 23 80576
45047 12 50475
11896 88 22302
70770 39 72098
53046 68 61873
42005 86 51526
46084 53 67969
57115 19 69827
14965 26 56586
45559 67 60266
72147 73 84925
35823 28 69749
772 45 10097
5668 89 25299
12406 9 49801
26080 88 45119
25643 94 67943
26207 55 56978
17216 96 61313
63888 72 86257
73239 58 82313
10682 18 12096
39845 29 44569
11380 9 76542
75768 18 76848
5704 49 45753
26747 57 68916
4614 39 23225
24137 86 81209
14135 77 19222
40485 85 54457
33360 56 68285
53320 90 89933
28505 33 99323
25318 77 57798
31947 52 70177
26095 73 86094
20911 67 45632
43134 30 89840
17181 16 45069
4819 94 29962
69485 43 91564
72316 17 80852
4757 27 39685
38020 84 43252
19019 92 60335
19814 27 33658
47681 31 94358
33938 42 91025
19101 83 82988
17353 63 57691
78164 7 86073
1368 14 54175
11817 8 61035
39329 59 59949
85251 48 88422
19608 13 48047
23863 74 72108
1625 63 82957
32741 87 69209
24313 74 46307
57521 27 97502
68035 15 77597
42033 17 80972
9176 35 44852
23018 3 91287
10518 5 53916
2044 48 77671
26616 73 74046
46898 43 90848
21328 80 54147
40709 73 65390
16974 3 43305
50216 26 57290
20801 88 81579
79939 14 92127
43386 29 51598
51482 61 91712
88702 77 92158
82538 31 97439
44147 66 61738
36694 71 60161
17089 43 42592
14033 100 31472
6184 100 73803
15566 89 41263
30994 30 48607
77322 91 79162
1898 88 56120
23085 30 47826
5737 55 63283
3942 50 82437
46662 19 50571
12841 100 42284
10085 12 42059
12504 17 57142
19459 89 57309
88781 18 98716
34052 71 42073
22447 25 65202
1910 73 98777
76298 5 83946
62103 7 88287
29598 40 39897
20899 73 46049
18507 78 56283
34559 75 97433
16294 27 88832
13746 47 48262
64817 25 73320
32990 3 46143
7078 51 45376
36494 16 66170
5701 31 30313
17184 96 37298
7658 30 84630
12946 36 67143
61767 2 89474
38493 37 47657
31940 99 79176
47984 36 97928
78987 90 92332
25364 22 79221
27141 58 47057
11710 64 36288
32041 63 42172
61801 75 82076
16510 13 40212
43939 30 46227
46491 71 77240
1488 79 23011
17172 35 80039
41056 62 55295
73598 47 89451
29315 89 80903
23291 5 62483
53197 97 61832
3351 45 13338
73033 88 95536
70038 25 90896
69832 7 94593
59744 42 87932
49923 13 52610
15609 90 88076
23318 60 79806
47209 61 90034
48612 76 93093
13824 46 75334
5706 20 91329
15963 15 30168
10404 12 28597
16967 83 56557
36223 9 91229
19922 36 79992
73830 45 83183
23935 4 50945
24522 8 85961
40680 23 92450
9806 7 44908
43117 25 58187
44744 2 86084
32178 23 86820
20850 85 26628
30938 10 38647
57422 40 95080
71617 77 82919
24202 85 53632
16579 62 83765
90068 91 96042
54480 70 65201
41883 29 85227
38462 57 55243
52649 69 75192
41276 97 90602
63614 24 93813
18371 29 85575
34109 85 85770
27662 5 45112
25615 35 55758
32184 92 85149
15521 43 61671
47114 1 86803
41735 22 69896
29496 55 41932
8813 52 51116
11045 82 86562
34045 5 66667
35230 8 51091
6467 100 57964
31990 91 56697
42103 73 54803
13863 56 19096
11927 31 50786
221 1 99257
56621 53 57913
7122 73 59463
23503 5 31140
23123 49 70351
64319 31 76158
21044 53 33216
23140 17 39082
65890 64 86294
65996 74 83454
56362 17 59047
11007 82 89046
29137 14 61958
26275 97 56714
60020 94 61606
30150 82 65916
75710 91 88595
42556 29 57082
11070 11 93136
9912 6 63875
89913 40 99574
11822 41 52063
56004 30 81024
49646 65 88727
52625 48 91264
33434 48 72974
61634 62 85641
55918 62 89476
46067 46 86241
785 7 17188
71566 93 74986
12494 56 62520
76504 48 80718
43707 5 74871
26697 85 32811
1185 89 87200
94255 1 97444
70986 2 90225
48906 74 86893
47673 35 67218
45915 18 64687
70048 63 84113
38211 96 58593
16545 39 45495
21207 37 65360
13326 83 23087
19188 89 89665
15693 39 49750
26459 66 77286
3117 43 22839
41546 46 94220
11208 5 11632
18484 65 31420
49177 19 60491
248 85 53974
49940 52 65535
71204 66 72271
66301 6 85419
21619 80 66529
2300 81 80101
13510 36 90366
13376 17 16829
28093 73 64405
16734 68 68625
15293 43 16016
56149 20 57919
24282 42 53632
57720 51 89807
84125 76 90169
13727 2 65692
42559 17 65098
56703 91 72268
3816 52 81724
6567 28 6912
22970 74 52865
5202 68 78281
19859 11 49770
19660 50 80268
45939 56 62236
1720 8 82763
78984 59 92714
46813 26 82224
57174 99 69464
55455 54 80167
5363 5 6584
18403 24 71704
29941 15 30792
18135 87 59827
16808 94 18528
29139 20 79281
661 14 46321
2869 47 53964
24821 33 28146
49271 9 78593
46225 62 77532
23476 76 92084
517 89 92499
85978 31 88303
21515 42 46342
17264 87 83432
27776 14 55845
20022 13 67839
19318 81 98102
11649 37 34430
6256 28 83403
48010 89 52514
46820 77 81376
30303 35 90310
1053 1 25109
35640 92 88053
19592 61 63278
53377 20 79406
72806 12 89476
13442 13 50192
80305 67 88699
78615 60 78792
16568 20 41747
3393 12 41604
55232 18 64358
48462 77 83312
89408 38 90194
89190 60 91538
62502 6 89727
34873 63 80073
7945 33 62636
6765 21 54057
15421 4 37262
7081 12 39414
37712 40 45213
3826 86 30358
16929 55 21682
41681 79 62172
31314 80 86990
20175 63 99303
25 68 76470
39431 88 41811
82460 76 94310
1961 46 19999
28893 15 40398
27698 38 86149
55222 72 87328
24749 64 47276
1147 40 98436
144 56 89235
16386 89 26201
65080 41 66093
9768 53 83089
57715 29 75260
22035 47 26085
19625 32 67184
84331 59 90882
69976 78 83392
19085 68 48664
60206 32 64181
22313 71 73750
29638 67 57507
54980 38 96215
28834 34 84847
603 5 41018
6938 97 91853
7571 50 62351
83406 79 95637
9847 11 69846
16347 3 20630
79196 100 82261
41935 28 59534
28567 29 44155
47089 70 53027
40681 77 42040
25427 6 70260
20460 16 44811
7435 36 78535
50394 38 72894
14249 71 58905
15297 98 38557
13691 2 24674
67739 87 73148
52684 45 97575
7665 20 88539
65833 6 70657
26883 55 40378
4309 38 63926
18373 18 35958
7412 7 38716
5332 65 85571
47503 68 89680
10712 56 11503
45139 50 53306
26288 23 67677
51841 12 76890
67583 44 99703
37206 8 59964
986 16 37334
74925 61 95450
47910 1 50046
45545 33 59675
24866 50 68408
55452 32 87107
16775 83 17297
21863 87 67695
79635 69 79916
29520 78 63905
33409 10 60573
60917 17 68659
40376 88 45952
12663 35 59844
18353 93 54577
991 53 35482
61554 27 97645
35530 69 47423
8011 38 48306
6846 69 45428
59843 24 90766
87380 73 94787
63992 100 72918
15428 3 37561
91334 10 97885
94966 4 99055
12529 74 48202
3674 18 7665
19298 31 72034
13480 8 67005
1020 51 78741
48835 58 51103
19269 88 70810
44640 74 48678
12557 22 23285
23556 12 91241
3242 88 10032
69054 15 96675
21521 17 60878
79021 3 81062
54155 17 68103
53578 5 83376
15695 73 42145
37855 3 69732
2336 27 88378
64583 60 84722
19761 51 67280
42251 93 95162
16069 47 42326
12016 96 23921
14181 36 53796
39405 37 58768
22530 15 62846
15025 78 31507
25606 41 85109
51584 83 60893
15993 13 50127
42013 87 97636
17685 62 64471
27724 57 63315
22821 40 43088
31128 8 56928
9635 11 10718
45228 16 47732
48833 26 74345
21408 86 95232
32046 30 51420
30632 96 72020
16578 44 96250
45898 49 82963
15099 74 80101
48390 48 96685
4050 40 40906
13274 60 54630
59422 100 96314
55771 30 76281
19383 33 82444
21386 19 82673
6317 14 12521
54996 12 69834
40413 54 68330
12204 71 67869
7533 91 84282
34364 51 94759
8509 42 23037
26011 2 86887
9502 48 87449
5946 56 66151
4381 34 6136
85964 94 95821
52548 70 55159
12184 4 16288
17567 21 29723
82206 55 93773
45787 9 72503
84632 47 98556
11090 72 15367
16710 32 82026
36372 25 84992
63585 74 77041
55267 6 66674
71091 79 91777
62945 30 85630
60130 38 96309
62548 26 95424
57320 34 72195
63330 51 65966
7427 24 28403
62987 84 73886
29956 84 89390
18515 25 26112
23038 62 60426
13293 54 56452
73316 69 79231
87852 94 95674
41947 81 78421
48141 81 79282
31969 55 78075
16109 71 20383
56276 42 57477
17083 41 79559
25472 84 91798
14990 98 32393
63255 41 94222
64235 65 82555
31005 43 60159
24069 98 84767
44024 3 47127
23625 73 67835
3265 51 29838
11775 44 92804
23553 2 72491
55464 44 61173
77854 43 91159
14712 96 77647
22081 47 26225
14612 51 36415
30381 38 53132
34758 95 69821
21820 35 79420
7007 83 21374
33150 56 75135
53935 94 81882
26812 1 70381
24843 91 76536
50113 11 51039
3952 80 8934
21458 97 42005
21472 90 43481
31161 19 73815
5654 92 48112
9719 79 47153
20886 55 87097
16157 59 16947
56310 81 84925
11171 91 85559
36796 7 68698
16739 19 85620
65567 24 88222
36506 53 39705
41522 92 46827
69101 44 73757
66393 52 69230
63438 9 86010
67192 99 69847
11564 32 73949
2440 47 30102
6707 32 65103
53481 35 85507
68876 60 80725
56934 77 62779
38342 81 87000
36801 66 48480
29177 65 95290
6260 13 95102
13006 40 94679
16542 77 86426
3488 29 19249
16339 12 82806
63677 75 75253
9638 17 78635
20470 65 62879
20305 58 97599
38204 26 68192
19512 52 62166
67703 34 94340
54781 5 65196
61064 6 66733
10333 3 20448
63221 39 92037
13369 23 36262
2435 99 15293
80615 22 94224
1776 9 43756
20114 25 95386
17270 22 58238
15142 6 94035
1910 84 26857
40759 90 58555
40596 93 43349
59798 24 73149
17213 84 81623
47141 37 81342
44599 92 81117
79450 78 80920
34083 96 37231
16124 30 65060
10696 69 36252
30306 97 47897
72753 60 98124
53323 80 71655
47371 71 60141
5448 35 88914
69174 87 69371
52697 8 82983
22484 69 27922
14504 53 85074
54021 81 63188
7656 29 24014
2556 60 90052
4568 54 29282
33194 91 71973
5534 29 14692
51945 63 75732
50301 17 58240
4678 71 86642
43417 53 67327
29933 57 62837
3111 44 93821
7905 37 93735
62130 33 70795
10895 71 65662
30871 53 35370
787 46 18731
25398 67 45498
44064 32 44904
4731 37 28843
19969 58 21959
4150 47 77654
78 85 73553
28376 68 33391
28328 5 59915
54674 80 86541
13927 69 42475
49121 81 84145
7735 85 84365
21667 95 31815
29648 38 35714
45730 70 52848
4996 97 40151
13940 66 73405
23609 25 91676
58313 76 60961
13218 40 88853
52648 64 65009
61415 58 63758
67460 14 71229
21845 99 88045
4293 97 17764
55711 86 79380
67353 59 77229
55268 19 78277
34312 37 95140
66955 89 98838
45616 100 48704
59427 37 62580
37643 75 75223
57803 35 74982
13977 84 34913
36753 60 45000
61531 73 98460
10713 91 22202
70512 5 86541
11320 76 14945
58047 89 66468
93485 27 99983
24333 26 29578
21788 70 55659
95921 49 99284
38028 57 44167
56978 48 73768
6581 88 21085
97337 20 98758
7591 27 95262
9148 53 23777
8151 75 28615
89214 93 90726
5985 11 15713
63700 73 87427
27356 82 65873
30475 32 82788
49172 2 91131
42682 50 65927
35280 41 72783
71506 90 89824
52629 79 85113
11157 87 33392
1865 37 23376
12993 62 50764
39265 41 90694
36606 59 49085
19001 19 19761
3726 70 84800
19737 13 58762
50784 44 72130
10646 77 48306
51667 84 89854
56503 39 66855
8582 74 27318
44045 70 94732
28088 62 88087
236 48 84072
5290 20 7395
34920 19 86447
18971 1 79647
1001 77 8448
28353 18 94580
8381 31 10605
20643 94 27870
48215 15 53855
31818 76 97825
25475 76 39075
8094 56 69038
37350 43 64912
20899 30 89285
75249 73 86971
13575 27 97715
68515 66 99893
5608 89 73331
9464 18 88093
42012 66 87972
21411 56 55113
9875 73 11034
36887 89 51089
61445 87 68264
5975 66 49544
18149 20 45142
39966 91 89404
15998 74 66048
29161 61 71103
14624 86 26819
38555 43 49449
65761 46 76333
25276 68 25852
619 63 72702
12802 67 82662
30274 75 90291
59548 7 95353
33554 84 72291
60546 23 67846
75299 1 99241
71704 82 77953
34230 6 61591
33684 33 85000
45888 11 48511
21819 72 34333
54414 6 97966
52399 65 87328
5833 40 53086
47714 84 95269
5815 11 44052
3914 1 43612
24471 2 59878
4856 32 36311
28952 21 30264
28928 67 41117
23592 100 79201
40244 62 57905
40878 49 83547
9319 73 11510
689 95 2065
58536 57 90364
67664 30 82326
27878 39 87817
29578 4 57504
13034 76 15050
72072 80 90570
31084 51 41890
12309 26 77899
40196 39 66129
2381 24 21382
49205 50 67730
19202 28 58104
51813 67 93270
7134 13 70711
2996 82 25593
10285 51 58499
80756 81 82546
11453 32 72406
20415 74 50556
26079 10 53975
79975 36 91379
9893 15 45777
41452 28 95869
54335 71 84407
7913 38 98560
52106 83 86635
36109 85 39100
56410 52 68442
4268 81 93521
3137 76 73954
