2000
3949 32 57393
60732 68 92871
69822 98 85077
22596 96 84070
51001 31 82375
2486 1 91232
65485 2 77773
52291 92 54484
85340 64 90942
80009 50 95288
5132 20 76998
37431 38 67241
35175 44 57284
87422 90 98064
16558 27 42218
18651 29 92328
39987 56 65755
57474 17 67897
56336 10 63900
22415 59 41968
41340 46 88149
48106 4 87250
82669 96 89311
15184 41 27362
35472 7 64669
22307 1 62801
14870 30 81808
42754 83 61787
19472 22 82812
23791 93 57878
69872 74 76364
9447 55 13170
21699 72 85522
49675 75 95981
5656 79 72766
32710 41 56578
30728 76 74131
44798 2 88066
75430 34 84305
54012 32 60734
29378 37 84508
18202 78 51377
16074 97 79892
63399 60 85492
32551 78 60565
48612 20 89968
13459 99 92463
53325 97 97260
3984 98 33168
41314 69 64876
20560 11 89680
18278 20 93463
19059 93 42595
28261 84 81065
5159 86 22243
23804 22 39333
15997 45 70393
7199 55 93151
2409 55 98886
27888 57 51834
24358 25 44538
2201 68 9073
9024 23 10544
21592 99 67618
65441 96 91119
3204 24 24239
18006 85 72865
15685 60 26490
3441 17 15919
49445 70 99220
35624 7 82736
24791 97 86623
48121 9 53899
52830 35 99563
39027 83 91898
37488 67 71524
13039 48 51535
12572 94 91093
49360 45 65318
31871 67 77662
75661 27 99297
16762 94 83689
34896 47 62604
14977 66 40331
48652 23 52834
24979 80 54483
73924 54 91152
35828 2 90077
1927 18 5040
3459 72 21597
61490 49 81189
25924 99 74907
64952 30 97224
7413 62 86924
16312 23 36176
71646 80 74359
41014 17 88373
34599 43 66526
74516 34 92591
9874 57 54355
14343 74 37335
17341 62 52751
4031 85 12536
336 40 65696
73821 29 82003
13412 42 42291
54858 78 59743
33381 9 37281
79447 26 87894
6102 73 70101
3208 79 67186
3747 56 52988
48303 17 87018
43839 90 45652
59191 78 66366
59364 23 60380
7211 37 64954
78952 89 99334
12862 43 70950
64117 29 99718
64546 13 91359
8134 10 73501
28741 72 54937
48644 59 51996
34349 80 65715
16768 15 59445
9256 15 69780
37822 61 61893
21032 2 83220
81751 90 93257
13120 84 70751
17350 73 92041
83761 2 98380
17021 8 18998
13900 15 84252
90587 34 92735
45260 60 64084
37993 14 41813
45315 21 81022
4657 2 80876
19726 73 78261
6965 74 87785
8978 57 23159
53351 6 91618
9321 50 48657
5443 54 80448
50130 21 95308
3125 6 75407
2142 38 37596
39287 74 87981
38561 19 93123
20752 74 82544
4008 14 61418
9191 81 33770
11104 92 47686
66885 76 94030
74443 72 96285
12461 97 50582
22728 27 30685
20979 44 91787
40839 73 52501
19423 2 72274
19572 72 97538
27253 67 44497
21546 29 26571
50518 36 60541
4239 93 71884
33987 68 59886
31521 4 53454
25655 34 99858
38777 28 47697
9196 73 71328
10983 56 30015
69918 6 81738
56658 1 95959
50608 28 73187
57016 6 86494
89998 5 91811
40284 60 60109
1904 27 18606
82274 54 92081
73872 88 85448
24787 91 25599
67391 12 83289
26979 78 51556
37620 57 97214
55162 31 59946
44356 68 59353
12111 83 50517
47269 25 59586
46104 77 90669
80256 23 82306
54529 19 74092
20590 75 72407
60829 96 66351
20962 44 57771
41639 29 97162
40345 18 82511
3380 80 22882
3243 36 16382
13938 84 19816
16146 77 99637
17860 95 84382
32387 72 43216
58519 11 96986
66702 96 76398
28172 95 57382
12349 20 75168
27313 55 42306
24354 98 34517
11271 28 46411
3369 7 5977
74021 4 96930
19522 26 52304
81714 9 83194
94 19 9867
12663 17 30906
7258 42 89579
1196 31 9051
45427 46 48954
63821 31 78712
19389 85 44372
34207 17 47912
87151 29 96579
42241 59 54833
29804 66 94003
40392 53 79937
77714 85 87180
81438 27 81567
28579 15 82609
33264 61 65886
68377 68 71436
23883 73 89647
54025 63 55752
2362 100 81897
27304 5 68740
23345 47 41743
40722 32 81999
58648 70 65393
85351 47 86922
51170 23 66598
40432 95 95699
2656 6 23159
11817 1 46995
12541 27 63229
34227 85 41444
66974 92 80897
4663 38 67682
13267 82 85617
20383 9 22496
25819 97 34315
17297 33 41342
8303 76 64594
67605 65 93419
12400 39 75611
21538 78 44934
20633 39 45156
53813 44 62175
58666 40 81251
31018 90 85624
62266 81 92682
13772 55 39014
16661 41 81309
65739 54 95545
18273 76 79116
34921 98 94806
74777 73 84079
47471 14 70449
3323 22 65037
36083 38 51242
25077 40 75344
49240 15 79248
29350 28 59072
76729 67 97197
439 16 76126
36555 50 43812
22853 39 78010
12738 60 90342
15246 17 56938
19450 54 72004
45493 27 51997
14777 56 85424
5251 84 55205
40446 88 52819
72274 45 97157
85958 2 90330
2636 73 15230
32132 10 33538
58544 54 65035
995 34 29505
48474 74 79473
28070 68 75912
1717 90 90603
67584 95 73909
57532 69 91266
30338 80 74056
4544 99 64909
21234 21 51078
60219 17 98305
25222 48 58362
1296 23 14521
25694 47 45213
23059 43 94553
10994 43 77933
16922 77 77889
80085 13 84224
28735 80 74351
46227 55 77593
36976 58 95655
19485 36 77722
34191 8 82641
11984 30 65745
32395 2 70271
27075 57 70782
28310 20 85261
82798 92 94758
34689 21 67121
17340 58 45481
4598 52 50199
57666 9 84323
17978 53 96812
28075 80 83894
50642 37 67686
49665 30 79614
91677 59 95123
31196 6 71039
66943 33 72038
12697 45 49998
41489 89 86792
8017 44 98499
21926 16 86952
32823 31 65156
86584 85 93427
34955 57 38826
51687 21 94639
15524 10 81749
8157 32 8293
48538 80 86522
26883 57 91354
88334 56 91152
41001 4 57870
54984 63 58586
26842 21 63580
46997 60 87405
24650 93 30333
71405 49 87140
20487 63 56011
70404 51 77019
38698 55 51230
51239 79 95330
25810 24 32511
5765 29 94773
10820 36 66608
27626 73 98933
34849 85 66675
65776 49 86472
32161 80 71559
7009 67 11263
32388 64 61974
1645 66 35223
2079 16 28838
43300 33 99784
12136 6 48947
32808 93 52704
47314 63 68016
25040 49 48805
68247 50 89270
40970 76 54938
15580 16 84770
52295 6 59575
26520 15 64061
4740 24 95689
82614 3 94234
29483 3 99256
30019 24 41592
37699 55 90564
52930 83 86794
25029 30 40220
51555 72 96801
85870 19 92848
4783 25 78341
7469 5 98231
58426 56 73222
13721 31 74656
43119 23 95742
427 35 13310
49133 69 54801
2029 90 25481
36666 41 87625
10682 71 89724
66068 12 89236
70660 90 92539
2920 67 78631
27933 47 32034
28502 52 62415
66640 100 69410
44588 100 57222
43617 96 90313
63086 76 84371
1526 27 72384
58170 69 90216
51833 79 55188
61251 19 88082
13965 50 68629
62243 17 76063
21556 41 81459
12388 13 15624
58897 21 80929
7662 100 64759
57167 22 88401
48869 39 60993
20639 16 34548
67045 47 82746
36281 4 40707
4122 51 99080
49434 45 87518
60653 28 99548
24451 5 43805
16392 21 87286
59724 82 90040
15270 92 17197
77796 4 83297
31992 74 80912
10700 71 46670
15999 48 49722
33957 48 67888
23649 92 69952
29241 74 51371
35395 63 39591
14928 19 51853
61655 43 79499
68632 61 90739
16340 76 57817
27243 95 41154
48483 15 86888
52602 24 74583
38300 67 50363
7914 95 73636
54537 5 84386
1911 19 8425
19854 38 51133
28706 24 96273
24610 11 43863
4822 10 65889
12216 66 54651
48338 6 77114
36987 66 71234
14171 40 92904
21419 96 49308
55665 49 81207
48694 26 66687
7028 64 81803
67132 88 91512
51784 58 86177
53948 85 73721
650 17 74884
53951 25 87106
44769 49 94882
3338 57 24428
20047 11 21405
37552 10 78350
24760 27 66853
10091 62 32259
21508 41 45481
16602 2 63633
26614 56 90195
14709 15 23778
427 73 45585
17642 24 93508
53245 47 64123
7906 62 94955
5469 30 68313
9166 37 26457
23798 24 83644
10761 24 91156
39744 43 55960
17385 5 50424
3997 52 93856
17525 55 73750
21993 83 31591
1183 18 76682
9285 40 16884
69481 65 91230
42937 99 77706
36701 91 73549
26794 74 75787
32579 69 40344
72639 65 81333
47687 18 55031
44516 79 60619
49682 43 55654
45701 87 75663
15877 57 17041
11263 84 98081
24772 65 78601
82384 21 86450
45013 62 49079
68830 51 81397
34465 24 87301
47564 41 63643
60641 41 82681
62042 49 75818
60583 21 99150
98456 98 98898
42698 86 96264
32692 2 41121
21681 15 84736
3392 88 92303
16546 19 28449
58104 13 62773
35395 32 36404
43264 10 88347
57836 82 83752
12972 43 27625
22023 63 43795
49569 46 75533
51465 41 85826
60360 96 74158
50746 25 65708
88387 11 89609
4144 90 94189
45351 18 60592
71935 98 76719
15291 24 77218
31455 71 34497
69858 54 92746
11973 34 36258
68263 85 80208
15238 2 52282
11450 77 74015
43907 6 93851
69603 83 92852
40081 76 83526
47019 45 92001
15119 41 59027
58346 73 64078
60901 13 71363
8670 2 73270
586 64 92947
10636 72 59114
19754 21 60403
21429 33 37818
34682 75 95849
30418 30 49313
2476 86 17112
68999 48 69138
9215 54 90157
61934 45 91375
86594 60 97332
1349 28 43648
3566 60 44920
16398 22 29540
3628 32 88709
10968 3 50842
76763 95 98689
27160 82 91041
73452 80 94822
35672 50 47256
93060 47 93932
38625 47 53811
6372 21 78895
7474 2 85026
65504 60 94743
33282 96 43465
79928 19 88399
47177 67 64614
42971 37 82828
35472 8 89705
8486 8 39201
11479 89 80088
19323 6 54630
22405 71 61194
53766 13 91682
59060 71 79674
23543 47 90435
61602 69 84964
43680 63 55855
17461 70 75868
63828 3 92628
52850 37 63040
35981 9 95005
80102 36 97584
33114 60 82953
15426 53 74497
68520 42 83216
2288 76 32572
77877 9 90209
672 49 13825
4674 25 24437
98978 61 99874
69777 11 81119
23170 10 24337
60109 27 78997
7701 56 9975
41462 23 78633
74660 60 89280
6530 85 74231
11652 23 76307
47817 52 70226
41394 78 45167
61619 21 65060
79462 69 94939
54798 24 55337
78306 46 88562
6549 56 43142
38081 27 56660
25963 98 38855
26010 31 50471
30028 14 59056
37486 12 84271
65325 94 91909
16114 64 42254
92715 23 96456
37178 63 52221
26167 33 46727
13753 68 15074
26974 100 41808
18908 99 43956
47052 83 96087
34048 78 78767
3386 64 29178
50341 86 84036
1016 18 10605
9138 67 36510
32528 61 89118
41849 77 76238
33995 43 89493
29170 14 38265
9822 31 84328
77631 61 85075
9623 51 21269
20241 98 68027
36256 37 69433
10347 73 43676
4418 75 13801
4343 87 74740
32289 70 55996
16863 18 56957
43775 78 91726
26317 44 87232
35 33 56317
54989 69 83571
65077 53 97737
26719 14 80855
14080 78 23287
35567 29 54476
3169 1 28393
34916 75 63783
32745 65 83976
10954 100 30481
25316 66 40183
6130 89 25733
14575 40 47274
40325 95 54992
52213 56 54930
1737 83 9697
38541 1 48027
5504 33 24106
36115 31 90125
4901 54 94635
17301 22 26247
60555 83 94501
5912 77 75347
77012 65 83644
48295 42 96856
212 91 10512
26312 86 99233
3513 11 91508
51911 13 94364
56398 64 86517
10956 72 95304
25851 83 89242
11255 27 28379
72513 78 99894
58593 78 67795
29138 99 64052
14651 81 43676
6570 10 56760
13066 84 86631
40828 84 57121
27198 73 51552
47512 49 71848
8256 22 29493
40030 88 94933
8373 12 84728
15118 50 62833
10016 90 95723
61141 6 95156
27799 18 91165
15775 55 73181
6685 59 44193
63221 2 98557
68063 27 87103
44767 44 85149
20527 90 86071
49967 100 58365
31423 91 65264
25609 20 82034
6675 7 21356
44956 33 94698
60877 73 73364
869 96 94042
6777 57 81296
12672 10 22022
9669 4 44847
71753 5 96747
21884 75 60533
27314 38 62477
280 26 90774
24673 87 34964
71550 96 92277
10510 22 45135
30733 33 64274
20590 54 31388
191 32 84294
23970 10 65596
38910 82 89644
11614 47 30883
67643 78 77149
77366 1 88100
87260 39 90744
85835 18 91664
34552 1 83282
29631 92 60298
276 28 58057
40128 47 58830
3490 19 4620
67998 84 87189
61708 89 85969
23500 70 26722
65787 94 88333
9849 52 96994
4480 57 24268
30403 35 61415
29975 91 46913
18479 30 49101
22740 29 96157
2017 58 83590
26966 98 53286
32931 72 58132
19696 29 39975
27801 25 59382
19108 20 29083
30272 75 71675
60448 27 77605
2702 56 58749
19895 70 85569
46761 16 75342
25960 44 66616
11579 95 59541
17930 25 63878
8150 23 48105
25303 75 61264
67874 38 85117
61570 15 74177
19950 24 79611
91993 1 93138
10678 40 84109
40789 46 99043
56559 64 79713
23979 99 93971
27004 94 50306
6350 22 89940
25457 93 81082
20051 25 89568
75595 27 80683
15559 10 96515
16310 96 50455
1091 21 98267
74420 9 79808
23662 63 80642
2556 3 77405
592 19 39492
39851 69 61187
28079 85 30012
57995 37 99513
18752 60 69899
7747 46 69496
68351 40 77132
74309 51 89965
10220 80 73837
31283 51 47084
21741 15 50924
21119 92 65215
45025 38 98348
18573 33 98347
10960 16 55527
72009 32 98519
32907 55 67303
62757 17 74781
24274 35 96665
76821 29 95825
26629 14 93992
9165 66 23290
24597 48 64848
1026 99 12489
80348 44 85075
41767 35 75722
45197 2 73715
13712 43 39804
43768 20 51089
5027 77 18590
3705 1 76386
53267 25 80003
56040 40 67206
37097 87 42203
12961 56 62126
10737 6 42089
23881 36 70077
44679 91 45636
51018 40 92891
55458 37 60727
51781 97 83618
38265 11 73441
56597 26 71148
2518 59 57640
7284 9 33123
1592 6 10018
9012 67 28088
4258 80 76773
40113 73 74200
6253 29 44347
33587 23 91545
52887 88 76386
35313 46 50163
39817 54 48041
21832 20 80573
27278 51 71192
17537 19 90513
57476 96 73893
2452 58 97275
51047 59 83265
67127 54 98675
13961 22 56483
17175 67 45982
21857 64 60668
89494 67 90767
59892 70 97956
52266 39 76109
497 85 68278
61126 33 81014
4381 20 41132
9247 10 55018
16565 16 28196
15022 48 48249
54377 17 63684
4286 39 94877
30415 34 89532
70729 97 78281
16341 8 64163
72767 45 97999
14516 68 29817
16875 70 89045
43414 69 93167
34628 23 73284
51071 84 79567
13009 8 64544
12831 88 62491
2741 39 22146
11608 9 75432
17238 92 76666
30737 83 32406
27988 35 92362
5874 83 19000
26586 30 37488
360 70 80040
14273 96 27208
66007 19 84145
57787 84 86157
31439 40 93099
25312 95 44348
56933 5 94650
62298 24 87824
46192 67 53290
11563 85 49945
31061 6 71266
58010 46 65673
33460 96 36585
14246 22 50215
92054 43 94330
54340 9 68515
7205 46 84229
61162 27 64633
14845 42 64400
30404 66 69686
29391 12 94574
39985 25 82497
56880 17 70530
4912 23 86724
50896 90 57085
83359 85 98588
27113 9 78020
66183 3 98214
27886 5 45965
22388 59 81948
1811 58 49655
35647 51 68493
24772 88 40661
32625 46 70434
7358 64 29883
33244 96 36058
7325 22 50717
29789 24 34393
63238 8 72168
54170 54 71915
53345 20 94775
51509 60 73458
67857 17 81240
38444 45 88548
27961 10 33400
49937 99 97849
32154 25 33974
67343 99 87364
37302 11 90124
39089 85 65560
24701 35 70221
22107 44 88400
88722 85 91782
3298 10 79716
66190 23 79512
13240 45 42200
16506 11 53398
45839 22 54699
59635 46 90892
36666 86 63698
44507 69 77016
38340 6 68492
4788 97 56041
35354 61 98112
42445 68 92521
5659 30 11726
83909 15 84446
16063 6 62363
30547 5 36713
57240 8 86416
11036 79 18723
189 54 63608
51629 75 54613
2106 93 40064
71817 16 77225
79199 67 89304
76004 2 81579
43095 66 84307
75741 61 88756
74423 92 75543
28787 65 40502
54570 43 90662
50350 85 92625
16640 3 87070
48227 89 89188
53385 92 81268
63203 69 87117
3373 85 79482
2625 59 79481
26334 51 81118
3800 84 15710
11827 67 18475
78340 92 88403
41333 22 51584
32549 69 63448
76606 11 81974
16163 77 32868
23946 76 61377
9443 94 10615
54445 86 82444
88331 50 89240
2339 97 78787
65347 66 75049
78906 28 83711
6485 87 61494
82255 81 88901
79584 88 86324
31558 26 36930
32963 38 52720
13846 2 36848
19085 79 38161
11601 19 82103
9498 69 34769
26691 81 50335
593 8 63419
40979 78 74746
49388 52 79238
34947 30 94079
14842 45 73441
17011 49 53041
8930 41 50976
56722 39 64283
74262 6 95345
636 43 72334
40626 6 92458
21210 33 51770
75799 16 81181
6032 49 18627
18406 67 44805
3869 92 57389
50933 96 90990
70193 75 71569
4555 69 8220
41360 49 87546
16139 60 40165
72765 75 78829
43234 80 73007
58435 85 59331
9270 59 64444
12058 60 37062
34587 76 66855
21929 100 80886
6458 11 50937
5526 18 59561
17148 20 64525
48838 70 68298
44041 61 59059
11349 65 94424
1628 35 94518
5912 32 84961
71902 5 81700
17726 41 69330
16233 92 38716
56895 38 57335
47558 56 69898
31692 79 96419
18148 22 18386
63620 76 88328
72734 57 72841
52835 66 58189
14868 42 29251
13014 38 70682
3101 78 42108
74520 43 96424
33946 49 39879
64304 85 87683
35516 27 73580
59540 21 70396
24359 70 54806
49657 9 91993
15429 56 64617
69590 1 71536
17064 65 44774
34080 89 75891
21527 94 40656
33573 66 92944
19473 44 57715
7816 100 32885
12936 61 43471
36376 74 60187
60035 51 70186
34942 22 68744
8329 18 30610
69406 75 80649
10546 18 80414
22109 82 52515
17944 28 33414
6345 78 69920
14521 2 79191
31344 14 46498
9480 92 40333
19425 70 25312
12859 77 19332
27977 56 86979
11341 87 58979
13034 89 38854
77494 4 90872
43581 95 71375
77038 49 93708
5276 38 22938
11162 7 57088
4684 46 80853
21927 78 49955
27451 25 64459
44144 87 68697
43434 31 44821
39881 100 94085
58361 80 64976
36269 54 53036
18334 31 40432
20184 10 31338
13852 54 30978
27911 96 75381
57254 63 61005
10743 78 91520
1834 30 53281
2247 82 61712
14425 11 54454
4929 72 92314
5571 40 22288
86533 9 87319
25431 6 72272
43311 42 86847
32854 70 87024
72 46 41783
55803 45 91117
7817 51 77826
23757 86 40541
57851 52 74286
97127 39 99123
29938 31 69514
8417 65 83763
15112 78 33411
3443 48 88008
38172 7 57174
30177 49 59908
41840 90 71717
44614 53 51199
7013 54 29640
3593 39 69163
52696 51 58875
63240 29 97742
39345 47 74980
26751 84 88698
2097 52 67222
10814 4 59108
59620 64 93330
21315 79 42745
45088 27 75443
21522 97 73628
10853 12 48353
58736 100 91617
35626 75 81089
41629 72 48459
3010 32 92223
62804 80 97658
37545 69 73898
23996 16 55678
5236 63 68262
38298 22 74714
30861 29 74381
80450 23 94032
9847 68 31640
1191 94 12119
10547 1 95208
12338 79 50292
53654 42 81722
23173 97 94960
34880 11 93411
42459 58 68565
7094 67 69743
61369 10 96994
8883 98 55143
22808 79 39195
4123 87 44444
88523 46 92226
70347 69 91283
24960 100 47450
14219 42 74743
20569 7 38803
17535 66 71678
9639 6 63879
41110 53 49068
2898 10 50704
9466 13 68557
9528 93 59169
2258 16 10192
10165 20 51415
28973 75 73832
39839 47 63848
6000 79 8013
33203 92 56161
2296 60 13035
22456 40 66009
15089 10 95813
45388 27 97226
17395 4 92154
62287 81 68879
8808 94 97085
20453 9 97870
16070 15 21728
38 71 55759
66259 83 88989
6884 3 45900
58847 46 94041
16630 44 54038
10069 70 71746
20418 13 35484
14785 44 88409
28839 100 64895
36642 9 80385
4213 17 86778
21845 70 72439
56202 45 70050
76200 92 79761
52507 38 61219
2 34 24459
49704 74 73031
25383 6 40416
38168 66 39871
47421 95 76083
67157 93 73543
39149 76 42910
55084 20 95515
16792 100 63906
639 53 59679
24065 15 44172
64240 9 88470
47793 76 52445
33225 15 91077
40048 71 79378
4950 94 9199
31097 36 38559
16111 66 50252
22932 19 34620
28814 25 41822
49016 35 61680
74904 97 96719
64539 72 91379
550 88 81610
2575 70 45012
72000 51 74362
87578 88 88097
10591 67 84730
466 95 74829
16000 94 23154
18124 11 85899
5106 57 48741
9986 87 21779
74357 97 98595
28748 24 56245
64696 95 67191
74766 52 75136
20256 54 27244
49890 2 57071
284 87 77226
8368 87 24870
68018 93 74332
17549 77 75086
8335 14 27007
891 52 83859
5398 88 42287
52971 51 91384
2284 65 40320
17422 37 50684
41559 98 96766
24722 62 92706
45321 44 66508
2878 93 24771
65792 77 92508
4485 69 27150
54391 99 95849
2653 23 85412
23145 7 58513
46451 67 60246
807 10 22458
68183 78 70725
59043 3 83102
86940 4 89912
15494 65 75788
8331 50 99501
9634 21 79948
9832 5 93894
61986 57 68237
3278 15 24544
81074 83 97568
16361 94 62571
55397 85 60243
68522 3 74152
683 38 21683
2909 15 73775
6495 23 64610
32253 92 83996
21325 16 86553
8418 91 67672
59671 59 99627
52123 36 82322
7931 7 48425
43291 53 65305
9033 93 28612
31475 33 73843
65304 60 75421
53733 65 96436
19637 2 45487
59941 82 89428
48572 19 70207
58924 21 80637
80369 10 85973
80268 49 80676
43605 1 58475
41092 92 90975
27005 96 97898
15889 86 54275
50763 4 70101
8116 90 81874
29790 2 48810
2071 15 63758
22673 50 87673
63002 47 86315
26187 44 36021
1638 58 81593
85247 76 96909
44018 6 92280
2425 34 64146
53009 87 64965
5077 39 12190
45709 25 80319
95018 97 97250
3189 84 77357
3471 51 34777
53292 51 95013
41905 91 61170
3315 39 61929
42751 6 61826
9013 5 73171
58673 41 95721
58078 83 97230
6984 89 20038
27569 49 37782
40288 58 52834
32401 59 66502
20802 45 23506
28661 55 92604
12858 23 94277
65284 5 94086
10488 89 46958
37174 42 40533
52537 31 70594
18696 52 53019
75855 17 81631
27451 31 66087
23936 53 27753
70204 35 73430
74881 89 84622
9395 32 66758
31022 89 35333
5797 28 9824
83968 35 85723
15206 4 56959
43578 87 94941
8896 5 48110
14952 71 98946
14959 74 43505
18448 30 72294
14712 10 86426
64900 51 70375
39340 93 84067
19655 20 86746
12539 98 61032
78449 52 91524
3897 18 15827
17152 16 25749
14227 44 92411
12833 42 25028
21930 14 61662
47504 58 68670
20684 7 58773
75360 68 90758
67917 98 73138
19066 61 71355
3826 44 49567
67424 49 71138
33097 99 93035
79649 81 82354
895 26 82411
17599 80 33840
16098 72 25061
13806 25 54785
48424 59 72383
12652 62 63017
54542 8 90485
12647 4 57787
24886 23 90566
46565 92 84399
827 2 4978
5419 93 83442
86576 30 97554
9879 100 20305
37005 66 74826
47941 100 99666
50951 22 66052
44640 31 46300
32884 30 55526
37560 59 60387
13746 83 56233
54680 51 69421
15581 72 46610
30184 37 74490
61571 32 80658
48645 50 78548
28680 100 43519
9622 75 16920
57276 31 83736
52373 57 96149
395 87 89418
51914 34 83295
28076 86 36355
35802 18 99410
4345 2 32812
37555 13 86293
8485 30 23560
17214 26 78844
54447 27 96826
7969 20 46045
64729 29 83970
41241 95 94344
38711 14 50085
8987 7 97710
17612 51 54221
63841 12 88204
26589 28 47571
9399 83 50609
16215 59 78402
23875 68 88617
9312 66 70815
72490 51 84518
33543 33 68671
91696 4 92126
74165 7 85294
67506 97 82272
22686 67 43981
38361 74 58229
8385 39 72818
17956 55 34224
41557 9 50632
30690 36 88284
80296 12 91868
36349 71 53502
28680 72 68328
23843 32 91777
42397 1 86062
56435 25 96253
35187 96 56982
30333 12 58639
48444 26 96604
41048 66 93179
20594 96 94621
18964 41 45849
6324 92 52273
51039 25 87038
6201 96 54084
40676 51 78807
49599 28 74859
37229 7 62028
49180 99 60629
4081 94 99101
16519 18 16972
10561 77 62500
5734 98 49282
62165 26 73934
58706 39 99915
36258 54 36677
27237 88 98931
39847 96 88705
32132 35 35547
38870 97 83049
45518 9 55603
30071 12 61482
42103 97 78672
7106 33 48947
53656 67 93191
40482 47 86871
25799 35 92571
40621 34 82267
3242 27 54053
19871 17 65213
83997 78 96703
8478 15 94623
84836 32 96452
95580 54 99348
55230 30 63046
36459 58 65960
53018 60 76267
43978 59 66161
7462 46 17876
71779 18 84327
93703 88 99328
41597 52 86927
83537 3 94383
51867 47 99705
2283 25 33238
16412 24 27648
16384 53 73913
16843 95 59858
76535 93 91613
40254 35 67406
42487 75 50110
38127 11 81843
70929 3 74273
61348 41 90685
77842 81 96010
25715 86 75949
73116 4 86303
88891 35 96449
22770 4 32696
38508 89 72286
62640 82 92351
21681 80 63522
28522 40 88675
35790 72 96329
33717 64 80581
40761 29 81639
8691 84 28330
61571 22 75624
1249 12 82245
8123 63 25648
14050 2 92159
70605 99 76232
10959 76 24911
1938 31 23547
5841 84 19282
36614 89 56012
18832 81 54362
36114 74 58581
18060 12 88722
35982 21 37802
21826 53 37411
39487 67 85682
66735 31 94748
5937 54 31199
34527 43 65532
8837 26 57501
49743 80 78229
70946 15 83673
3693 35 60108
44962 73 78055
40016 29 42316
11212 83 13506
48778 33 86342
36065 94 74468
56872 99 66698
11463 5 15498
42431 80 79372
41513 80 92200
45613 57 53473
57336 83 68483
58155 28 91354
22972 37 41107
71056 67 89757
12603 26 77014
9546 21 19371
48262 1 79442
71960 95 85379
59884 27 82062
35545 88 79761
46584 71 78943
20172 15 62464
35886 97 39128
34161 87 74663
81466 92 94806
55946 75 81155
17087 25 34056
51186 1 86386
36676 38 51654
71059 66 98243
63305 82 89031
12478 27 98357
75183 6 85953
33755 75 57637
54573 75 71715
7344 73 56895
4762 72 29912
41969 39 73303
20137 61 87947
57139 1 59563
2756 61 38882
30867 90 93112
28011 39 71564
60508 49 71831
31006 41 59147
16413 36 87476
20234 31 99641
12807 30 25274
9583 9 77161
5516 6 97152
6581 65 86943
28310 60 38765
23806 75 25416
15322 95 45250
76178 3 79210
41186 29 88183
27746 57 58574
8107 27 49866
3967 36 92490
18867 62 43746
4870 76 15418
3448 27 83162
7352 21 13412
15434 51 74873
12534 80 40777
46560 65 47545
68237 19 92147
81393 29 89802
41186 56 49153
43030 76 83431
41634 10 48897
4538 78 6233
56757 59 73346
31548 9 44737
26534 11 81459
17391 19 28547
21224 97 96220
7000 15 56067
34142 87 50708
40624 71 63143
38302 56 78947
7906 27 64597
19830 87 44097
2726 69 22872
41341 49 77219
27254 49 68705
2952 46 81178
11458 45 86153
18428 29 43636
12618 54 32167
2379 24 22498
10143 54 90798
7164 21 29576
41895 30 81050
15768 65 96574
51848 97 61240
70753 85 72351
5617 3 77471
23042 16 25895
17585 54 45061
32542 83 73556
49110 47 63229
59698 29 67252
43274 94 50925
6971 90 78482
47510 38 85553
28936 76 38945
48511 88 65143
37373 96 63889
29262 34 83135
48395 15 99224
35758 93 71113
14415 52 81415
35196 59 66106
11145 10 76087
8469 94 76963
10164 51 82720
1040 35 47187
5495 37 29149
90533 22 98231
34634 16 58889
48490 27 77254
15227 92 42839
4855 92 79143
62255 51 72651
26649 39 93508
22902 73 29702
53010 29 60177
2649 61 91901
1907 32 2530
7148 40 80804
35574 35 85888
29770 59 65693
2244 48 81460
43238 25 58812
53365 62 73947
14048 40 47376
4766 74 96282
6695 81 99947
47048 29 92947
3200 30 39638
28518 46 88029
24152 56 25082
59612 19 64312
66630 45 73495
57320 90 77649
97215 50 99476
33390 54 91404
38675 65 60239
46327 42 91665
93593 79 95595
50135 9 92771
5050 100 63674
15988 60 23683
28086 71 39686
67734 99 85572
40803 20 46383
32233 64 62104
11881 22 51693
46572 31 65159
41349 29 94063
25292 97 64864
44009 20 98151
22183 64 89190
28605 13 40278
57804 48 61977
60915 99 86937
57557 70 71030
31596 39 88528
66743 81 91710
15416 20 43351
27901 32 52367
28725 83 39106
35514 77 96249
34756 58 79751
13982 16 80465
26724 73 96368
18661 15 73853
31084 57 89486
36971 37 47909
69732 31 92198
90068 29 95842
8455 47 73039
22413 43 26516
20660 40 69464
54589 39 98880
48840 89 83535
58055 80 73433
55968 87 77057
14180 80 31855
51620 51 89668
88986 72 96897
77430 88 85643
31502 41 92378
35595 81 81370
33834 95 45129
64549 20 72504
96185 3 98592
22032 76 73644
53239 24 99062
26102 98 85712
38616 100 97214
24670 27 25504
56897 46 64154
4770 31 21240
59628 19 87633
13221 43 86443
15757 7 80442
13265 52 62656
40658 16 70851
34538 83 94803
56350 94 59156
30068 45 69480
19098 84 98726
3379 55 94252
12306 36 81794
34243 40 89538
61342 2 64211
30543 55 46012
31201 18 80090
35877 73 42104
22766 21 75074
62834 40 78572
5762 22 52561
2180 74 91441
30118 57 95236
41981 28 62533
20298 1 31599
16228 93 89211
47461 24 76901
31587 69 51447
37646 35 84525
19350 36 71976
705 95 1670
15847 76 51187
88048 21 90400
16778 20 84514
24422 88 76211
45641 48 56459
12932 20 83032
48239 76 80099
64781 9 85995
23943 34 46341
8643 80 47434
21153 24 81444
92585 78 96948
61247 39 68335
39868 82 68751
64944 76 84682
21248 86 31036
27872 78 46487
49852 49 53905
16166 37 97995
29793 52 46212
13134 32 73982
51174 17 91133
70141 32 86863
6927 86 36930
25258 58 78728
21255 57 39190
2305 15 30433
56670 78 68151
17331 71 40125
42193 74 42963
30556 6 87114
18668 29 52815
20375 47 31657
55245 58 96843
29810 52 62778
2269 58 73755
21588 56 40605
1640 75 41813
39180 69 72613
994 3 79722
21260 45 98640
9436 32 56688
60301 30 84019
25214 85 27189
13944 60 60242
2316 20 19790
63710 42 95658
67628 24 87400
46439 14 46554
29419 44 68037
42703 32 72286
12762 11 29941
8330 30 51628
12032 4 53249
39910 86 45930
31475 27 98536
73339 27 93110
31182 86 41302
62223 49 62280
62533 98 82387
14987 73 87414
1360 80 13138
67185 95 72592
29573 39 51012
12959 45 60348
6319 31 97776
27479 77 99816
66308 48 71059
14236 53 97690
72325 31 76548
22847 88 56639
68497 11 71496
66316 89 76792
41605 18 62756
47140 89 95501
1932 72 39527
20758 16 74892
56133 29 77838
60122 31 86300
20242 28 94625
5500 20 67008
37733 95 54893
10085 29 74330
33945 40 86502
11231 71 75540
14324 12 35856
43920 6 61405
62793 15 94042
22374 88 83555
4044 10 25589
49588 72 55606
24752 47 27236
39091 49 47721
46303 1 93154
14334 78 87635
36651 37 66067
20318 53 39605
23894 1 75640
11102 38 51462
2934 7 74942
21195 42 23546
7969 27 8155
19248 68 73022
23665 56 82254
30305 17 49052
9614 58 88241
16278 59 84447
18794 57 89136
22687 61 57801
50131 96 53342
65026 53 79336
52328 14 93835
11956 8 96958
18136 26 60750
21587 54 52397
28502 87 33257
55444 71 78845
19428 26 41734
38830 65 98284
53970 93 82658
12632 14 91581
13899 23 36444
42866 33 86264
5812 7 50075
63802 1 89999
10622 67 45473
14665 16 57060
86823 77 96560
97118 30 99836
83384 25 90687
39085 30 59749
8260 54 81403
88418 70 90132
61976 94 81828
58769 56 90492
83791 22 87896
95652 77 98091
704 89 18970
42697 67 78741
27429 64 40600
17320 83 32741
20181 30 26843
2128 16 79949
65754 47 75641
11490 89 63087
47892 37 58523
19711 56 78987
3630 48 51465
18128 98 46646
28001 35 42412
13511 2 51675
19517 11 66868
50390 58 96618
74210 14 88359
11670 51 44876
85482 54 86507
29550 35 68569
48534 4 87808
57309 10 63922
31147 28 75591
73910 34 74855
32215 90 86207
22381 57 93372
9948 81 45496
39796 77 73595
51519 64 56761
46397 33 83931
86359 77 88702
23990 38 43994
13513 70 80790
51675 36 90549
38274 87 59827
8746 29 19074
9198 80 57384
3064 68 73122
23230 40 93943
6880 35 81566
49070 65 49880
29516 68 65764
2722 64 52600
20242 27 22809
42315 27 51497
45475 63 58654
42802 38 59833
53735 2 75976
91901 100 95210
448 44 2065
19165 62 22890
27080 99 35154
10823 80 40256
31694 14 39016
63985 3 78057
24009 60 71594
84885 95 92677
72915 16 84657
40568 22 70048
17350 70 35527
59653 42 78666
18468 16 76182
42949 26 67979
20067 60 38725
20377 36 50781
17079 86 22076
23685 29 65779
60905 35 98977
49391 24 73407
4891 49 72179
16915 1 83655
43815 8 98775
8093 17 98719
25503 73 57533
79577 53 93129
40749 57 55766
30166 19 30841
48479 92 76909
16754 69 81696
17161 7 34738
22718 60 60718
12029 56 35257
3524 22 7729
13644 31 74294
54121 42 94660
24999 95 68389
3059 93 60911
20344 97 80524
31927 60 38494
23926 80 71425
34603 9 77783
74570 49 80926
34209 76 98884
53099 92 97385
10356 44 61529
57722 10 81582
43133 100 63461
61190 11 76075
33096 57 38992
10584 25 17464
32097 92 86924
5975 32 96667
14518 56 72468
22727 37 94450
44651 36 44797
2533 36 42097
25423 51 60458
15486 50 47351
15238 94 61546
24186 93 47322
13999 84 97081
16067 18 76145
14484 31 46675
40855 44 97871
43963 74 52470
18962 20 36701
7044 58 76732
27562 38 41478
24021 20 68013
