2000
51318 75 71911
29642 44 70753
53500 56 64875
44485 83 92656
3651 62 21608
83430 43 87932
26683 71 96066
20597 81 61687
12523 99 64929
55271 63 99487
5713 62 58649
36239 17 48345
16106 43 57269
48468 3 82676
19245 78 59799
5593 60 90410
4065 19 8887
57371 85 95353
38448 64 78868
29791 22 58951
11703 66 91956
9423 75 34587
14920 85 34224
64359 20 88037
20737 24 32891
16983 81 37908
30410 18 31148
67605 92 94335
73090 46 91895
45083 6 63563
75127 65 96337
85250 37 87764
75974 39 98675
32481 23 61491
17537 88 98445
30781 6 70236
18216 80 59342
36983 55 42227
5879 100 73612
58597 46 88585
8728 8 89099
51653 82 76605
821 100 67039
46842 51 82566
45436 84 51793
20707 51 24474
4476 11 79147
53022 11 57412
6258 86 47425
16727 56 54240
35152 29 39491
92645 14 95273
92218 50 97239
21649 91 93273
15555 30 51606
26011 77 89527
51794 60 55536
8354 3 74166
14525 67 26960
39351 85 45071
6789 10 28791
27716 53 77814
13737 72 17432
56675 13 74997
2798 85 94928
66897 26 74542
2499 35 23243
9105 73 60061
61227 19 90198
15648 42 33831
19617 75 45190
21878 19 29025
39169 100 96746
50044 52 89674
31470 84 67528
2052 90 91425
62793 91 91571
66750 67 72620
7303 100 30068
11592 91 23516
58629 66 86344
70141 60 72685
63711 32 81949
54763 32 56943
68450 17 85262
27423 73 40774
76598 73 95222
30804 2 85816
53295 85 98442
2862 87 44286
14652 4 52143
36235 58 64949
55108 49 63733
5973 81 41543
43160 48 80707
83094 70 97779
46033 6 83340
27918 67 69738
13993 82 22614
51658 72 60505
70253 3 95060
44232 60 69804
67299 31 79061
26113 74 99977
31130 59 34224
41617 85 64055
9183 33 55304
76829 44 97048
23221 3 91951
22993 8 85926
10848 56 34818
54189 68 71889
45431 33 98378
7100 75 98804
25327 4 33900
10487 82 30586
76526 16 84102
22567 28 55867
19865 51 63108
16727 35 40173
54886 36 59227
38739 96 76279
7071 74 16604
73720 3 76968
51914 91 68539
24517 13 76263
8663 82 41381
4858 59 57736
48703 75 91521
26200 52 30404
35209 50 90135
30713 44 82146
14594 99 61153
25283 89 59023
58512 98 95074
9504 13 43905
21250 36 79232
28190 86 88003
68727 9 93739
85126 16 87320
11476 70 60472
5253 14 37897
4349 88 81944
21970 39 98134
13011 16 33800
10477 62 18245
88730 84 93959
18791 9 23721
11197 90 33779
40451 55 84131
44981 11 88240
36829 56 46082
62524 9 74433
1551 94 92736
40482 90 86024
44371 3 60613
29623 34 58544
36757 62 93512
63439 66 79475
28444 89 38873
8042 32 97360
19541 60 57047
31173 34 72628
61169 9 81955
62315 88 81229
25968 31 94483
20038 90 46623
80354 89 83462
28537 35 66697
15879 42 73920
801 67 27685
69043 17 76121
26320 28 88467
70439 99 75652
1567 49 75272
4812 23 72664
7389 93 86000
908 25 33035
57290 43 75536
42353 80 74961
62066 35 95955
36565 14 44931
27292 44 49264
13532 33 94142
47903 25 95315
351 16 54567
75 37 52101
1446 47 93794
30370 75 82103
68336 60 93853
8111 66 35279
14416 16 35250
28205 77 53586
23832 59 77635
72447 27 86556
39396 17 47993
48777 40 49187
1762 9 56659
43998 20 60351
40743 76 88623
64559 90 67068
75792 73 92016
4463 75 99593
62838 56 96618
4630 42 93900
31767 96 53238
20126 55 45036
25273 92 53563
9581 30 97225
58781 25 96556
86713 10 87724
69287 20 70055
3440 100 28377
34014 76 62238
15644 36 95491
61353 63 94641
32631 83 41145
4984 99 8513
58993 45 74692
5977 35 42466
5311 91 31154
39945 16 63159
12490 39 27717
4693 31 40914
2504 25 23708
34551 34 93562
40289 51 86194
3903 50 94058
1113 19 84320
7810 76 17834
8082 100 77580
18667 18 86995
4595 22 56561
3898 91 29828
64995 26 75919
28456 87 32721
29890 69 91320
7396 58 36378
52745 85 88333
65016 27 84368
5752 80 29778
28460 2 68821
22913 71 76108
9455 59 97516
596 43 46292
14685 41 85214
38092 57 96519
18725 44 81337
70900 22 95891
288 92 86832
13706 43 17625
58795 12 85712
23312 40 38114
26574 9 30162
45621 60 77603
19678 81 57154
27044 99 36075
10382 51 54278
84503 61 94183
9866 32 22235
7503 87 18909
58336 48 76907
50225 90 58555
12846 96 58471
34040 42 75712
14401 10 78927
25453 62 34121
10400 94 39916
48632 73 61889
4582 50 7150
11239 72 84760
13359 27 56577
54003 96 98895
43029 68 51980
7825 30 21765
30779 75 62851
49098 93 77921
19541 38 47206
17537 73 98522
907 94 12133
38021 1 72156
31961 7 80278
80335 83 88056
11244 21 87484
34421 91 84756
60317 25 79298
40323 68 41179
32232 40 98216
5656 28 10291
57201 46 62375
1711 94 34921
48176 33 55873
5547 24 45129
42920 1 67579
17023 17 20402
55946 5 72773
69005 86 98672
77887 57 97805
2684 34 80119
59347 84 84402
68084 6 90202
67862 64 69751
2551 48 57331
38622 15 81468
5975 10 76127
54226 31 95576
35145 86 62815
35730 18 78934
4144 30 93265
3790 12 33773
35632 22 62522
40016 24 79329
22003 60 76519
4012 81 85502
7387 18 40336
39068 57 99062
11408 79 34230
65297 52 98860
33991 60 72640
25342 34 51344
74458 51 97753
1987 90 14965
28725 80 38629
36234 73 54638
24681 66 56238
4502 89 5387
82865 11 98809
3658 59 29997
10225 90 10557
8198 41 88971
63465 10 72039
32595 76 53935
38215 43 52954
1158 6 89309
24215 52 53264
28789 99 39347
15017 51 89184
45616 69 58776
51978 25 85245
69830 28 77702
614 83 40501
22526 16 41398
46368 38 89238
13299 48 29445
13236 9 20494
29903 57 44841
17456 53 31994
8410 72 9146
71629 63 78753
84314 100 91747
18305 32 79604
27178 20 93563
22698 10 56872
48514 24 85548
60336 85 82836
16567 36 31998
18210 79 58119
62799 39 85347
62838 92 66795
11227 17 15998
81567 69 93183
47819 53 91917
2520 5 44227
20742 4 35919
7930 77 26576
40345 99 93714
43188 47 56591
1180 49 45997
42869 2 99692
79501 93 87113
40823 41 77343
50694 10 63545
5407 21 39353
1335 57 68593
63673 80 91072
1325 75 11538
42509 90 87027
38305 2 80894
50513 42 91435
36805 37 56839
50543 34 62897
778 36 48383
19331 26 84218
16788 20 75976
5845 21 42627
5461 42 17489
5018 62 67731
2930 27 5816
4056 93 33662
32836 5 57095
20582 46 42646
30902 32 81199
87051 61 96447
29540 91 85416
8019 71 9148
39503 46 78136
3311 94 49290
12853 63 19248
37603 11 83388
7987 82 16073
80258 27 87882
36146 18 89897
44898 7 79985
32862 57 74926
42187 83 49922
20947 15 53778
14136 54 29025
54116 51 60515
7452 37 66482
52699 98 84268
15717 98 62786
53928 49 69817
10827 86 16209
14552 90 69326
38323 19 41038
10222 2 28923
7041 100 39450
20788 29 31825
6268 18 97168
41888 22 56192
54691 81 66410
9155 42 66373
55873 20 57196
39095 36 82886
12727 100 47123
38123 53 88325
58140 94 90713
652 57 24104
47343 11 65056
26919 80 36582
37643 52 56946
74752 50 89136
5454 58 82232
4187 87 31284
3777 35 15182
58760 88 74841
4164 88 57762
10840 39 96159
15899 9 52757
69092 71 90481
15992 14 67850
1454 100 61098
6392 11 37053
50178 78 76847
39723 25 82677
51447 83 88115
18854 44 21268
31868 79 72582
8607 57 75677
56598 52 97742
71684 52 95144
20497 22 83485
19999 73 90603
34506 67 60959
9831 44 49508
31185 57 75586
19706 8 90645
6478 13 39631
13433 19 63848
81198 36 84888
42328 14 55363
9398 73 13327
52213 73 60907
5438 76 41712
59198 25 71330
26315 5 69917
12354 65 74906
2885 13 92079
47365 41 99441
13076 98 76815
36729 57 86650
3763 98 10065
50676 50 65060
19323 79 83099
28510 24 53927
23736 3 32296
15346 37 66307
61045 30 68568
8379 73 86844
74185 9 83467
44318 65 50760
78355 1 88089
11511 80 15314
41480 39 48349
41158 43 48684
45944 19 64991
51742 25 66124
70017 45 80288
31002 39 98369
77893 19 90911
53093 80 90031
34245 59 47776
932 84 22694
77150 18 89897
66032 95 99482
16155 86 52305
1755 97 85694
64351 40 87846
12754 91 92695
7851 54 70936
36178 58 50105
29688 7 96929
12002 73 43655
84781 44 91341
43760 10 84470
19835 32 45836
1804 48 31044
31280 85 97648
49639 79 65382
80478 72 85915
42628 50 69349
8679 93 19099
7874 17 39281
33146 37 49119
11517 63 43301
39511 31 67274
19899 22 87131
26451 64 28259
33617 39 80337
43314 34 65525
27631 59 42619
13987 36 56864
8611 44 16407
65335 57 97465
7485 66 84439
1185 1 10646
40181 25 67263
61289 47 61740
2289 26 5931
5601 68 29592
79587 93 90603
35677 33 55172
9616 52 53695
7780 8 72820
26684 33 84116
58784 21 70169
10505 38 94664
2566 10 34218
52764 9 89135
30648 9 58863
3663 1 80256
20138 74 70097
27646 31 39961
49392 16 50981
88024 55 95057
20433 12 83136
54755 84 85332
37604 1 38012
4234 75 19562
70413 67 74297
74657 34 83827
59510 17 71970
24598 92 61315
28707 66 53472
39940 6 56440
29312 70 34769
78213 44 85700
15037 78 38933
70601 97 84996
21230 40 32316
70382 63 78558
29472 19 96914
28460 98 98067
24555 3 33064
32781 14 54863
77588 90 98860
67300 77 98539
30772 71 75087
52974 97 58631
38166 66 52060
308 14 49870
38080 39 41077
22035 30 67320
21847 49 54365
29137 83 78769
4991 46 96569
60896 52 85981
22790 96 41630
4274 5 48036
53436 69 62067
70969 56 88423
64653 36 72196
42752 7 74927
34025 23 40068
26302 51 33110
43193 86 76511
823 91 15124
24789 12 94590
76147 37 84976
59150 28 61684
18254 24 36194
51804 35 58148
70487 12 92587
14663 85 25543
56084 31 91454
41406 33 52093
70541 58 89685
17488 31 49651
72328 33 90603
17560 35 51661
30190 91 63524
2510 2 10591
31349 97 43926
64691 83 92912
34383 67 93055
48595 97 59235
30744 46 47015
11914 84 38903
42333 100 56975
4621 21 78741
14833 33 18657
1202 27 94194
73617 66 76240
53143 31 80221
30654 23 76870
2134 41 70996
8882 20 38494
83765 47 86137
64830 74 85503
31911 86 99047
41857 3 49042
3524 70 15403
3061 3 10266
21481 89 56261
1033 7 60031
46729 44 57770
20162 29 75497
75958 89 83460
8145 3 21161
33804 41 77720
40901 60 97010
82440 21 85041
38528 77 90453
24055 26 28667
26396 62 28078
5589 12 44827
47231 92 74163
27372 76 51315
3540 67 55550
12869 86 91793
32080 63 86334
22532 89 84160
20103 53 52602
57839 3 72375
62008 87 65878
31606 46 86929
8026 68 34002
26447 73 53222
24808 50 70206
81050 81 95020
31711 89 78097
20537 27 62100
6194 32 13766
34688 67 71728
65195 18 99190
27026 88 83509
14696 67 17256
22151 85 35852
47977 72 83739
67026 57 72399
64898 56 88299
4131 25 62682
59701 99 93780
1046 97 17586
827 32 42587
16859 88 36282
64503 99 95937
50577 8 60094
1591 32 52065
58811 21 64958
28738 11 49734
183 45 44904
16662 46 51936
54949 77 76587
73604 16 83177
30448 26 81630
17809 52 59962
1575 75 1719
8684 8 31360
67125 86 92194
63451 92 72145
60536 99 89893
6460 42 78082
15046 32 50974
29702 82 34421
29970 98 48746
18340 47 56680
30941 89 67731
14218 42 41837
17718 57 83802
8254 7 29505
84174 33 94515
15934 76 66030
1811 8 13466
56219 34 92905
45829 49 66135
48797 79 96846
46001 23 94783
22937 13 32680
82234 26 89639
79005 78 85194
60065 24 61226
7879 16 42663
72265 90 77788
72849 18 94658
55671 93 94176
46420 2 99253
72811 39 93713
3210 94 27144
1939 78 73487
14351 63 85354
13856 94 33441
78646 59 92720
37655 53 96085
29041 15 86773
72506 7 94191
7578 13 26234
5922 99 65620
12446 34 57816
920 48 32494
45583 31 80156
43906 15 61407
53691 35 75501
12848 67 37853
12641 80 86665
25444 66 77535
3659 65 93658
74090 7 78905
62919 57 79099
26360 5 40353
16826 15 27989
640 98 84634
70708 76 99086
23139 61 64891
5093 47 93295
26770 33 31862
50591 26 99233
14601 74 69596
67634 62 84024
13287 41 72101
21694 99 96811
4275 60 98292
15850 63 18442
45146 50 56911
51320 44 97647
42704 47 48055
6824 15 96580
5109 92 61364
18455 95 33841
63948 12 68668
2808 23 57956
73843 76 91256
35818 7 43225
92510 67 99002
9682 14 76004
20108 4 32869
69313 16 72376
39089 61 83549
89035 89 92961
84078 29 85927
32912 37 67360
40973 38 65260
47957 80 68732
18519 25 80343
22052 17 49148
53292 52 78098
78495 14 81226
26026 61 77448
11434 91 74083
3033 64 19822
962 66 84018
72873 84 85737
37558 92 64513
14417 30 27599
62348 24 69424
28568 59 78435
50066 26 87912
16360 92 46641
24553 88 29389
70770 56 84506
2280 98 34174
14095 79 99777
2642 39 60389
51553 99 88377
2128 67 62056
32589 94 60629
77226 80 81908
15145 82 97756
7107 50 23184
43086 57 66674
6833 56 50399
58857 96 60583
18913 20 86421
25198 87 27980
25531 74 94549
52397 20 53510
65688 57 79969
63361 8 84647
31448 34 89357
79891 24 89809
36490 10 77101
35415 15 50183
11515 43 99996
17255 38 62924
7197 89 42249
47054 15 95737
22564 57 60794
54445 56 72699
26662 54 63371
23540 49 70772
59187 6 80599
17784 63 57914
32296 10 84471
6515 12 11788
7862 75 55470
45267 14 65561
5307 94 82611
22441 27 60215
10445 80 55593
54415 68 72988
83600 80 98919
22009 24 84246
9945 85 43553
33174 54 95645
9430 16 75821
6552 24 77799
3914 56 70591
48081 17 76739
7271 36 33652
23766 55 41575
63377 47 81281
4920 100 81339
36494 85 77466
40554 85 76812
17421 45 82055
17464 97 86421
29293 7 72000
40319 48 62309
29827 24 47019
36727 85 83910
71953 92 93678
54872 33 79750
70241 36 92595
37669 48 45881
9687 18 12073
13211 61 70315
7217 26 70965
20810 44 90006
34595 26 57063
1851 16 71587
61697 80 89573
55105 22 55655
29090 57 40270
4798 96 75799
35656 4 38310
20692 70 59599
7688 3 85865
15595 64 61807
12391 83 29509
5063 69 75834
658 78 34860
39938 92 53300
52188 21 96557
29659 88 95948
46234 27 93826
61724 97 69179
55215 97 96058
2016 2 89013
59800 9 93647
30478 48 72831
10178 77 40279
16227 36 61547
11596 51 68610
30322 63 74539
44172 57 88679
14304 91 45939
33879 26 38345
31571 40 95247
82184 21 82888
41645 100 77487
15258 57 96593
40824 55 93646
65672 94 84393
36124 14 87364
45892 14 48822
2142 12 41791
33122 14 60930
16752 18 22346
26010 81 69595
51535 48 90762
28210 39 32941
9749 35 49119
8157 84 24119
68080 98 96884
68187 13 86400
23982 99 67661
31857 72 77137
53465 18 76207
34791 69 47186
17142 57 21051
10443 87 64430
9372 74 91809
23361 77 97100
62645 68 97404
56829 46 72908
79840 31 82619
7163 95 50567
2231 13 39904
8633 44 83567
7506 41 96421
37519 92 68675
49510 18 56575
11528 95 48022
62327 46 90737
47191 51 51461
6796 9 46952
3064 28 98504
5857 4 57231
75814 39 81506
10675 65 22331
30107 92 33847
56433 94 92947
11856 95 72876
58672 45 72294
94930 9 99314
31000 18 94078
36908 42 81217
63603 21 88946
11365 13 85008
17767 61 58213
3742 60 50556
40346 35 62863
67457 58 80262
52389 20 88600
13071 42 55956
26505 30 64971
18073 74 97345
33914 22 70007
21840 17 39360
31245 22 43152
7692 96 15268
69674 14 71066
70874 5 85419
64563 30 66871
42425 85 67838
52035 75 81303
5950 48 19559
14111 20 79596
21271 33 62091
28188 8 48543
55417 94 87851
27749 27 67133
49096 37 90145
1152 8 29594
71707 70 86308
43527 18 54349
5196 11 61983
12928 81 70390
11517 63 55020
59751 54 85483
16357 34 46788
56545 54 58062
9625 23 56707
11147 63 39644
79366 8 99483
13610 91 18316
5835 74 78094
37986 26 85935
28909 21 80145
41341 30 65292
10360 47 72520
4129 81 36365
2944 65 89338
21328 15 58084
26856 57 99286
61304 78 88390
60659 31 61203
84632 69 91944
41134 78 82244
14947 43 35236
54872 23 73673
18644 55 79124
141 44 37301
14354 74 45439
64334 27 81964
22280 83 53287
34536 20 49124
22847 56 91608
25260 3 93468
1910 50 10981
9713 5 63892
29281 57 79368
4885 60 85058
38415 33 59618
29902 35 48994
33203 45 89002
38611 89 70428
56510 77 90608
44462 82 69860
20833 84 45643
41634 9 60470
40601 12 51939
5937 89 41298
7042 30 78626
58046 41 77141
47840 18 57203
35844 53 90733
38704 27 85917
37967 39 97226
48991 65 85495
4879 71 44632
61463 92 67061
51654 96 91476
50196 26 82502
9717 51 37035
56925 34 65713
43472 60 45451
22324 68 73194
2375 5 89181
10828 52 43461
2959 53 98238
26751 34 39685
46174 48 96948
61085 36 97127
30339 87 38452
42675 39 81781
16210 66 58940
40646 73 69086
24067 2 91187
19495 100 37514
26941 86 32322
9549 71 30447
63056 62 75504
24598 35 77160
85312 21 85496
66615 56 68121
38079 45 85441
11297 52 28219
2724 83 24704
72330 14 79195
19432 79 71984
10930 77 65569
76136 1 96585
12136 59 97298
5198 59 72859
20939 62 79446
5021 21 38889
46411 52 72356
81489 85 83453
63694 49 90830
24605 7 34473
35374 1 94545
996 3 88847
57680 68 78217
19572 20 23374
68071 40 86355
37989 36 86077
34492 94 89622
52250 70 82177
60949 85 80924
63936 4 80666
52266 50 52744
96132 58 98561
66231 7 70989
42955 32 78454
8038 89 60202
47128 81 58113
18362 62 57912
6072 74 6533
51312 46 89162
11074 87 58705
670 87 65817
78711 31 81041
16954 13 42646
128 63 3335
41158 36 59206
32511 78 43706
52472 80 90916
28248 95 77095
11780 63 58296
51146 31 53774
11901 29 41999
58888 91 99589
28132 47 38587
28069 69 76097
23054 70 43501
7064 94 50108
12583 4 29570
60544 95 70387
64579 71 65260
22115 42 81837
3482 5 73424
15201 97 46726
27066 92 79701
15657 31 71612
30226 27 70104
25309 87 47577
64035 62 82326
2723 40 11977
54461 45 92548
94435 43 98619
60515 96 62574
1940 18 85175
29461 13 57644
16682 29 51818
79656 20 88696
91075 54 95513
55434 59 90323
14227 94 41262
73928 45 93849
32754 53 41801
68686 79 96697
16992 96 34928
67672 52 75659
20319 1 96673
16839 63 27999
52562 100 68662
18003 56 21170
16466 46 20378
50235 97 91887
31147 68 67763
8631 40 24140
28166 59 57275
14279 31 63927
18533 13 66347
134 2 56438
3378 48 51509
17826 90 98554
1166 56 24300
19350 77 78323
2153 33 57515
67341 47 74375
4324 34 34478
1574 94 28933
74421 62 88960
19974 1 46678
83621 6 88082
14446 82 92618
32882 38 91900
39524 91 84083
13336 91 47551
16029 1 99854
68682 94 88631
6566 28 98953
18756 62 92063
2204 7 94259
35965 26 91008
10011 37 64430
43221 47 43693
47076 75 97050
53504 21 79384
24715 7 78921
26614 31 61496
8576 30 14926
45261 100 87515
29702 13 42234
2764 33 36087
65384 70 83703
61876 40 69380
5564 77 75358
25084 2 87497
23497 45 74958
11350 14 36601
69003 51 85452
25679 82 91449
73174 27 94069
57233 46 77026
4894 80 75169
2046 30 42832
28612 67 52069
54966 29 76119
28528 47 94270
27274 92 38159
59443 8 64937
1571 14 87283
47100 87 67146
26456 62 78137
13664 50 64215
2652 87 16132
4504 86 66427
13302 77 40136
7272 26 9332
27911 50 29343
4718 81 39829
44664 61 75042
83841 86 90371
66352 23 98736
25564 38 70444
31164 12 90075
23940 32 31424
14138 48 17367
8915 69 15905
3832 89 54642
53807 43 63665
57234 76 61212
41942 59 60368
14995 87 22721
10759 72 98907
42793 49 96928
51370 41 76322
3667 45 24500
33426 8 54513
35106 2 95103
26681 14 67244
10385 19 56360
65234 99 89952
69718 64 82255
52373 51 63089
23561 19 55613
6712 42 43227
7644 26 45210
41242 43 85115
6684 71 58364
12626 31 21382
91534 63 93115
37722 1 56588
9073 46 66639
28155 27 31244
28658 28 89560
24695 34 82457
52379 51 62203
2967 23 30935
48392 20 77645
15729 47 95252
30223 78 45261
14271 9 28020
57511 6 71275
34558 11 93892
1214 76 92961
41530 73 97216
59473 78 76767
72183 71 84023
90507 78 92123
51408 79 54941
63074 43 77295
21482 76 37041
35983 88 91306
3578 23 87069
16003 57 22888
5993 17 99339
15094 80 26155
55515 39 70945
6253 42 82845
65147 7 97846
45754 11 67462
30825 77 85405
14597 46 65829
3395 54 18404
15952 79 90640
32917 85 33060
15469 23 74987
19857 79 54581
3019 45 51145
15347 37 99994
40209 21 56983
24876 13 49121
1696 6 32718
44835 90 83746
2693 87 90933
46282 9 68672
22767 11 85450
23032 76 82799
6712 11 79454
67014 85 93022
42215 13 75816
12273 19 81233
10781 63 94001
22535 45 72825
6950 78 67847
24925 86 28377
62903 90 81580
75882 54 95063
238 22 64436
31982 33 77211
25443 58 47473
5694 84 26527
32412 31 95223
28118 60 75794
46438 34 67364
47504 37 49600
66488 41 84003
55660 30 91453
36963 88 45247
95907 55 97650
16690 94 26323
60304 59 91862
13750 86 45933
29643 15 43189
17917 38 36485
4593 26 71983
8323 48 69213
9434 91 40278
25160 40 71141
41498 16 82819
1444 92 26173
32436 13 81291
8467 4 71009
17054 36 68433
67445 10 75988
80915 15 95543
29096 33 42059
41798 4 83619
20870 15 51022
55676 39 74659
5658 73 20636
17097 86 34020
32585 89 39308
48171 19 61793
68876 13 97432
3036 86 74423
29552 24 92688
2034 40 66311
11086 17 37501
19624 40 20284
82615 96 97286
35156 100 69564
42644 92 75100
21049 63 63443
81749 65 96690
43849 98 90684
59703 1 72424
60197 100 60876
26621 65 30844
21780 71 84398
55380 63 73181
52893 65 93142
79649 3 81592
49289 14 81427
11588 12 82759
15762 61 87838
24837 48 37188
33412 47 52421
2085 99 37839
1990 13 41909
89299 6 91472
6885 28 64797
50683 46 61942
33778 24 51037
1391 78 61946
18306 27 26719
22232 96 43349
24074 6 92460
12303 70 23422
61879 30 78986
43620 95 81965
26829 16 56081
7765 41 37295
11670 42 99481
66146 80 73734
6988 54 39223
12622 82 62998
50622 77 88876
38983 37 89079
1849 92 99028
78037 30 95697
17285 35 51166
17389 39 19049
400 9 69281
79597 31 88115
40253 74 62230
28054 7 69722
21200 6 62979
32494 87 33894
29780 82 86771
31167 48 73610
65353 65 77076
45745 48 83362
59212 27 99708
1486 50 27587
44357 32 55454
47198 25 63399
61896 56 88120
5835 35 53736
18234 51 97541
21436 85 92503
870 85 67563
47333 23 69264
76582 33 91976
71365 17 86861
1250 30 22887
7157 19 38183
14423 13 46137
50600 69 76132
24377 81 98340
64923 51 68648
1455 7 87823
16963 31 79288
48934 43 65036
7819 37 56623
36831 78 82244
21447 20 48553
82983 53 83343
16652 45 58215
3511 28 89588
45212 7 67728
20683 73 84001
76723 96 79294
11047 83 13041
38 19 84647
26303 3 28584
14633 53 94527
64472 3 83884
64629 7 81294
50198 93 73688
85861 78 97337
16871 41 52576
64783 38 67001
68666 95 91389
66857 93 88607
69276 1 80367
12571 69 14535
32489 45 49278
46147 45 91244
7404 82 14074
73855 33 78519
16234 82 86339
7052 47 78066
19143 65 46189
69758 24 92541
92578 62 96949
18317 89 89262
59637 12 94436
14364 78 70677
23899 28 75370
12462 75 49997
74498 74 98055
195 31 18327
54342 79 92604
8872 85 49091
11113 16 22526
27650 52 83897
51680 28 57111
1306 46 70760
21732 30 80830
53370 24 77783
13176 72 19660
12874 15 63212
41694 12 49935
24758 6 85061
1077 41 10646
14409 7 59290
25017 4 52699
58729 32 84067
5849 76 67397
5641 28 38161
18612 92 45580
52631 64 82542
57482 88 92424
31917 57 96437
56582 30 65254
85913 65 96013
26042 77 66142
6903 28 19703
756 70 29212
1047 37 74977
17153 23 17278
29168 27 68335
41184 8 58402
55246 44 96150
7986 25 13302
3489 78 33897
73285 65 99345
67739 51 92295
5476 28 27089
21794 25 29122
35147 7 76466
80591 92 90105
42294 25 56600
1813 2 45148
20301 46 58516
88320 82 89176
61563 98 89865
1459 45 23823
4050 85 25642
5129 79 25834
53758 100 54697
50037 68 62958
65977 93 81186
4604 6 16141
68579 88 87710
57327 79 93824
36916 4 48302
14451 3 84039
63483 10 80923
9186 4 36191
3969 87 31777
39257 57 97842
71382 86 97770
50106 25 60881
30836 50 72114
2453 19 16657
50228 7 74369
45943 42 87425
21225 1 67363
13077 86 25743
59977 76 66904
15907 27 59572
33270 92 77050
13061 60 16143
67093 68 76396
27649 7 93630
43926 85 94499
46514 2 87574
16634 6 63648
39796 22 76643
12735 47 91443
18509 8 76996
55972 46 80717
23051 22 25174
22965 94 75454
16375 29 71486
11052 81 28042
340 13 14381
33527 94 45893
16584 34 83083
10402 88 86612
12183 63 41143
18251 44 73046
9666 3 11441
23397 66 34931
13992 4 43247
39002 88 48912
50661 73 98977
49641 53 72471
30695 67 88618
23406 78 80725
10603 61 51872
29181 15 90097
22282 27 54030
28688 37 45450
62275 91 87831
69021 80 74481
73407 99 80134
81938 81 93565
4254 50 54332
12353 80 81229
2945 88 99945
69808 3 84294
1891 38 4487
1541 26 42262
983 65 8631
17647 89 81865
33904 15 97153
4382 57 31302
38991 49 52350
28697 94 49336
7216 80 91925
33778 53 99111
8187 33 58241
4581 18 48177
8777 11 30327
69455 26 87666
53925 84 99560
23534 72 74641
39177 54 73168
42413 3 77435
5087 92 90432
16449 87 81886
6361 54 52325
33252 44 34748
25553 4 87291
17144 38 18649
54083 60 81387
65523 47 96222
6703 41 34811
44518 16 88210
3798 82 95616
16954 15 37381
11176 55 32862
11691 81 55099
11381 70 37209
33315 67 86646
22091 32 93294
31034 52 71239
18523 74 96788
35475 1 38017
74771 34 93636
37135 20 93585
38903 21 65760
51736 36 83586
58310 42 60977
48804 9 68453
36015 79 70030
908 15 75155
20930 76 76107
22509 9 43633
44831 52 62691
1935 20 12109
4614 30 87810
70098 81 80700
43572 71 58499
7727 39 69422
79651 63 84074
12240 1 53404
6152 74 94402
17432 44 69872
17329 3 40252
7878 92 41347
22178 69 63039
32332 88 78989
57201 48 62991
612 93 50373
79378 93 89740
3909 57 30069
28822 21 54310
63185 58 78472
50109 40 87098
12105 68 90875
54530 26 73099
38626 71 79262
32835 33 45957
33655 79 51886
58236 12 58613
28169 91 50312
45352 55 94075
4309 52 7320
6231 95 57228
19651 35 83991
38402 46 94820
15064 38 45603
8314 77 69507
12907 12 99812
11143 93 17584
27996 30 42243
19044 49 21791
50228 37 89094
96165 19 97236
31336 96 96728
12256 86 64825
4005 81 38730
53973 89 57780
31722 78 33185
51880 99 99899
9795 45 87068
11989 98 81651
48711 37 80532
78610 79 96427
56570 27 58982
10063 1 26275
43090 82 52968
8853 4 93334
16825 50 27855
46347 4 61115
35720 15 98660
44940 43 75984
16774 58 25387
1093 49 66823
35885 97 41568
93461 7 98535
27717 26 93005
7922 98 28194
88426 51 94133
25356 13 94686
29045 37 95859
57685 82 69476
18167 49 54261
6917 35 23642
45201 27 76574
11913 77 91210
11273 89 59843
63032 99 93042
10527 75 96739
15130 4 90877
63675 92 79414
29992 59 70965
27718 33 56542
19726 54 29429
10013 62 49139
33010 48 39124
61310 84 81157
80908 51 85226
31319 25 48264
17651 72 80259
25596 64 30117
29462 78 42145
15159 51 25676
10924 53 57326
34293 6 71600
43658 92 64556
27098 17 67230
9209 86 40849
14529 57 19370
50317 36 54974
3759 6 65533
4735 46 44799
21307 17 27725
45172 84 66006
66064 91 83956
32267 27 64435
67205 76 88084
27679 46 45310
50449 14 70989
12432 14 30304
23389 19 97627
27124 68 52898
9102 51 62178
23399 89 84790
12152 88 95098
3145 91 41917
43707 32 87633
42948 75 57788
11989 93 47105
10329 73 97522
52848 50 76080
6211 10 84529
27975 82 71515
7434 20 73166
24625 25 83633
82470 28 94778
58501 68 89322
25595 24 72010
67158 93 68543
35250 24 74080
45519 22 51889
27575 27 98348
10970 26 76016
71390 63 71632
33754 23 68556
35933 91 45033
51155 30 79913
19884 41 44024
17288 59 59609
6721 49 94155
15956 59 58172
82654 18 92604
66152 22 98557
208 15 3073
34588 9 58838
43082 51 59874
6972 26 76296
80467 42 83892
228 17 2131
67603 29 74295
50241 39 58264
3778 72 51036
51923 6 72306
17920 68 56409
12987 37 96795
24718 42 90567
43602 37 61381
6947 16 46534
89299 70 93046
37411 84 69449
17813 67 89288
92763 98 99859
5232 27 48696
166 58 35935
38975 52 43216
44510 59 75541
43610 33 64628
81292 99 91406
18193 53 44308
13423 11 70381
48810 12 63761
62310 66 90155
22734 24 23245
14189 21 51986
37520 73 77169
45237 45 57006
46859 49 96800
76112 17 95792
72042 99 74903
2742 95 51150
39106 69 94846
30027 5 60653
12089 85 83892
58888 29 82497
13956 57 56853
3679 63 10751
24329 45 47671
42602 50 84851
62774 57 66369
66582 9 93700
46884 49 82433
15770 25 25539
27643 56 36340
35722 55 65234
30005 75 60183
56356 34 58636
12537 39 77316
4556 68 46118
47701 96 48975
23884 49 62375
19988 28 90809
52612 32 88887
76952 50 91742
59986 63 70578
36009 22 84367
11706 2 25936
435 37 37536
7687 17 54356
38739 19 97027
4626 1 21946
64959 86 88771
63541 64 64069
14104 16 78862
77011 99 93000
69428 88 83355
39276 79 84638
45233 87 96009
1083 91 46919
2445 8 56184
71552 76 76262
42782 49 57542
56553 23 94123
6780 16 27734
7812 28 89838
57990 41 63355
18501 41 55949
22559 19 88882
34067 23 92800
48420 24 67223
81271 54 87749
19318 11 55193
17775 52 95182
51121 62 82704
17140 45 85740
78138 33 92977
23236 59 33495
57983 69 78801
4702 19 55715
68818 32 74510
23845 14 68993
71363 39 83448
5414 52 24404
11945 75 24135
66881 60 68002
18216 95 61605
7958 86 75970
65369 74 95036
63287 10 80147
7942 96 8474
52626 25 87627
38796 84 41171
70227 81 90607
50943 93 93648
11217 49 57984
40830 79 79305
5605 62 12615
53920 93 80991
75627 22 91012
21720 80 32704
19582 49 57980
45116 55 81605
13242 1 35499
5385 78 44252
80724 26 93465
19122 17 36940
47367 17 57113
26294 15 92535
33897 99 87875
10354 59 60821
21582 28 24807
19370 10 95789
51147 60 97318
38064 61 86717
38068 10 92235
73252 32 96313
53540 40 68872
3474 72 47716
74539 97 95563
56684 52 68249
83134 1 84692
36022 56 94518
34727 49 91682
86128 73 88874
15248 71 66525
68682 62 91417
31957 54 85112
46738 5 74795
10744 53 34329
52924 53 61359
15118 41 30893
59347 7 85749
66795 80 74522
230 23 36053
59773 69 67495
72238 84 75575
13218 55 52321
2060 77 80332
18561 23 99996
69934 92 73919
30236 7 77873
49768 58 88255
27476 32 92466
31314 48 45894
17203 94 46405
17056 81 78620
26186 77 51085
22361 14 24249
22293 83 99450
2858 57 48347
59280 28 77426
18696 50 90663
37629 4 64376
41663 5 49339
31011 89 33914
24191 20 36041
14274 46 15446
29791 83 73318
31927 58 46022
17537 42 29377
7900 82 45177
82997 87 92740
94016 48 94719
32694 17 94825
48969 85 64781
13530 15 55244
62425 8 97116
77715 71 79175
58530 9 79685
45467 5 62207
5468 63 98606
69078 61 79911
57273 84 93466
18924 7 70236
13194 26 71826
52359 53 83728
63054 51 78044
62648 52 98881
36302 39 86176
53261 17 54957
30043 80 69045
11371 49 25133
17667 36 62488
46041 88 60597
56 82 79914
43096 22 46267
29533 30 86387
49635 87 97438
87819 50 94809
30871 77 56395
44280 48 72865
88002 53 95668
22385 58 32909
72735 83 82185
16175 33 82857
76757 28 98355
1079 51 58527
18576 8 72222
72960 17 90189
70062 59 92032
17167 4 47203
4008 90 55872
21223 86 66674
60672 30 87514
25590 50 93952
40881 100 53873
45544 5 57401
13244 41 41226
18447 48 48467
12305 93 66007
52708 25 75592
15968 32 92635
40042 79 46269
47937 71 63805
29755 75 65607
35128 57 43189
35154 41 45718
90097 18 95495
31096 11 37812
60887 20 87006
77960 55 95008
32567 30 60224
29036 13 87320
7483 20 32979
24661 47 64327
25187 62 86666
84340 95 84446
70206 12 95933
27362 56 43662
27649 31 70800
72144 84 90356
21094 91 34260
15249 13 84756
31731 4 48990
3149 71 50572
16931 16 21974
41004 69 58378
24122 86 51311
59408 89 99545
16017 43 50508
31070 71 98860
21944 25 42505
43869 69 46595
3381 54 80893
50559 18 78609
52963 51 82483
56572 46 76986
66371 4 71458
47599 49 77247
26519 21 29977
11832 29 67795
25432 79 51089
20710 24 22807
19690 28 54551
60959 51 97326
53769 59 76764
22743 48 37326
45789 72 61815
