2000
49353 31 75033
11766 54 89026
30991 37 95561
40243 63 46298
49193 77 88203
77535 17 97913
21603 36 31050
20415 29 92387
15708 29 73225
226 52 96451
58262 62 82871
16063 95 52707
43848 64 63832
16666 73 41398
36049 58 80516
8586 26 60778
22007 82 43466
71020 91 75322
57894 59 74865
34045 54 94701
60210 14 90132
20372 57 55650
23389 20 75755
33960 70 82836
22570 49 68810
95297 95 95936
19814 37 91384
24076 53 32925
48623 62 97375
61304 52 95398
17309 73 52871
45651 14 60014
32299 63 67009
26545 28 30362
14402 52 86867
11822 57 71749
2605 36 40982
52620 73 95040
19046 35 27252
26720 69 35329
31876 41 80879
7764 54 21793
66969 27 96358
51794 9 89974
41730 21 63870
82538 74 89307
11735 77 86760
26150 93 30892
44692 79 65455
79475 78 99417
4237 2 39459
7177 63 32299
36926 22 88096
29598 51 61977
73389 22 90986
40228 21 98519
59803 44 64358
15024 84 21947
20370 45 78523
80191 31 82423
70742 31 77806
44892 25 63925
66496 36 81250
3862 58 50270
46838 41 99085
25835 37 91319
4476 85 62775
85240 76 96841
55770 88 64273
10147 88 93553
81026 84 82284
7686 14 50569
31284 80 95685
5487 35 46200
16315 1 75055
21783 26 31313
39740 70 87177
5640 92 17629
83349 80 94941
75578 97 96465
1627 5 5341
9730 22 65136
69035 80 74906
47229 42 53923
48219 87 98595
42387 77 52303
89936 62 91854
74842 44 98364
39611 65 60486
28941 74 82346
15782 19 43753
67718 89 82091
41856 100 73335
32276 11 48585
93393 50 98041
16927 90 56359
32907 75 88163
5567 66 64154
14276 2 31637
8027 94 92194
7792 47 85338
16782 56 81935
69761 15 75364
9398 80 67666
62124 26 77773
5425 91 67573
7540 27 57610
18177 68 63427
29412 66 55865
64839 91 94677
57657 65 98807
31727 49 89879
78215 12 82748
90427 97 95225
26944 69 81454
79775 49 90399
17139 51 77885
89965 81 99509
90057 40 97583
21037 79 68444
89596 31 96002
2324 63 90039
3035 84 28462
9297 34 37896
50706 55 69459
15703 100 67360
17438 70 70168
33836 36 93526
59767 35 89164
35736 46 45842
47602 89 61047
7355 20 57190
36640 92 56724
52660 81 76334
2587 34 82854
46357 39 75623
48893 96 53862
23246 80 94784
35460 80 42599
55482 19 89504
37 88 71912
40934 25 82650
80339 25 89387
52842 63 53058
17046 76 54406
45318 34 56906
41446 32 75068
23769 55 28681
4919 6 55930
41709 50 84713
6272 60 18308
26007 57 97094
13727 41 68555
11772 95 97939
23973 47 27024
1350 27 75107
35015 95 37594
80457 33 99434
19541 87 98212
9173 100 37690
81381 40 91528
35174 86 47270
19511 12 73847
57999 9 79164
34912 95 94380
45769 10 82739
54560 84 77328
6313 4 79515
14679 31 43041
46156 74 63567
32818 16 87664
3337 89 55471
10377 34 74350
44810 22 63044
17555 48 55149
52615 74 58344
29067 64 61391
14447 30 31994
84595 44 98607
38758 62 69664
25663 59 68471
56308 53 90910
21819 35 70087
40985 5 87538
865 71 62945
29357 76 64236
94913 43 96857
47039 26 60285
65613 34 66613
25089 38 79133
47 87 18579
11728 30 68137
67210 26 73870
6273 65 21783
44695 46 83066
13789 60 37630
63335 51 65311
39558 46 70450
24847 97 50734
32542 95 82492
88440 100 91468
75909 82 81292
17704 83 61578
36284 17 85613
54031 69 78227
69051 68 73145
15683 54 40380
16124 33 59918
20124 79 58018
7930 84 17405
21732 45 56129
20826 65 81348
37301 64 98630
13906 56 47608
10013 27 58749
13433 94 45902
30701 20 86393
5772 70 74043
73558 32 90619
11346 2 21850
33686 70 35983
3633 46 97068
3149 25 21010
50182 69 98726
14346 62 17306
15819 39 16572
12457 94 36058
3765 25 5693
48923 51 97517
628 28 69518
50773 64 66917
89292 8 90388
92132 47 94038
2412 96 84996
21696 72 53525
34629 63 99459
64396 34 85761
44557 46 80457
38474 88 94802
10010 58 53562
23233 10 86053
4323 85 51324
75936 16 87658
12351 2 58199
16229 39 26231
20054 100 37876
32404 78 69465
11868 43 33075
21663 98 25823
41695 91 92355
68728 25 73341
15640 35 46240
82591 34 85728
20706 89 21449
62100 16 90162
18555 71 82928
76416 82 96045
37676 67 89274
56426 76 84862
12559 55 70647
13069 21 81273
31469 6 56121
60762 87 99540
58760 91 74756
18641 43 78328
36151 14 54069
69257 51 87194
26700 86 49510
85195 52 86933
93414 13 98215
30072 66 92779
550 33 47222
20550 80 97521
78060 36 95344
51834 75 93829
79135 13 92588
13585 55 97248
60134 36 77623
37934 58 68023
64544 11 93272
27994 92 30636
51337 19 65612
17100 53 47613
38246 76 56244
38993 11 73956
67913 27 82679
26061 23 98938
82676 35 86112
2601 59 6872
56359 58 67703
75143 97 77538
49410 5 76891
17225 21 63040
25608 46 73844
7901 24 33119
30938 84 72646
16524 67 36557
23318 17 85891
48352 34 60228
67827 31 78450
62089 55 94755
34874 48 68634
2693 37 31082
70732 79 75171
83303 90 84941
7985 58 34262
16457 19 43002
2876 80 5062
19791 10 61133
46741 72 57807
15680 96 72594
39483 61 61686
34053 56 46730
12553 46 27804
43476 52 45431
25566 2 89379
19825 93 85117
18424 24 26714
50909 65 96590
90040 53 94514
17637 37 86777
9229 27 91548
73115 11 96444
71768 56 86080
14151 75 14459
86951 83 89368
30172 13 96964
87696 68 99976
88050 31 93198
35488 63 88063
49855 3 82697
15109 73 99824
46041 43 66097
8098 52 59574
42094 4 97232
26441 25 39348
3342 38 42104
46836 89 58536
43091 78 46841
51196 16 58039
25132 90 43565
35004 10 70544
14966 63 40687
39022 88 95316
60967 12 81568
23364 86 66125
74057 52 89705
8475 37 61117
27067 81 55481
24331 80 45462
9943 89 21108
75933 75 85761
23803 29 90228
15438 6 28600
19754 79 56670
89434 48 94416
7712 64 44073
70551 1 76244
3777 48 49127
37380 87 57857
53033 41 78482
50219 18 62035
30124 67 71604
50299 36 76895
656 28 60970
38711 74 73785
50449 92 86418
78774 50 94653
23010 99 63201
41675 97 63235
65959 27 93562
71935 17 88785
27470 57 52021
7334 84 23217
68330 9 78386
26637 49 30403
4819 68 34134
12446 64 76228
55368 71 59778
46985 54 91744
85640 40 98142
6505 84 79634
47795 57 75714
26169 89 87892
7014 24 80223
23052 78 31401
10475 58 72242
34794 37 77459
40613 37 52753
62496 31 78790
50255 90 54660
16832 77 20195
20872 26 49028
31224 62 80033
80901 12 99136
10446 40 22714
35830 46 49739
13352 26 74871
71026 28 85166
62992 46 77141
297 28 13171
81235 88 86207
48105 80 78837
9088 25 71486
51255 65 96375
25915 15 74400
43589 32 51303
6224 39 68571
14071 81 29646
32974 13 86937
29727 1 46398
43251 4 80567
23311 97 53940
43002 9 91910
27046 91 87220
37064 71 91890
26282 6 35280
25248 15 96595
11740 23 55373
63237 35 76621
49762 10 78488
5054 15 50507
20374 58 37465
45052 19 49693
20941 60 85146
25423 17 33590
31859 19 95949
225 26 64322
41466 20 69619
57088 50 99635
9653 70 37487
35937 6 44228
86626 37 99625
25710 35 70462
17424 4 72325
93089 76 98292
958 70 55731
10490 77 48967
19894 3 38061
7704 58 12757
4171 6 97137
37169 91 42762
17210 46 85414
62101 26 99787
20862 68 40293
24184 48 65808
34872 85 51377
8034 91 70382
17033 84 24750
47690 87 65757
59631 60 79404
71659 54 93439
13837 5 28629
11182 95 63470
13378 1 79470
25215 30 52201
9538 49 28555
77105 22 79855
47271 8 99485
7256 56 96903
21405 90 50757
4809 58 59675
17992 32 31186
24380 90 61115
6708 11 72485
35148 75 52800
20539 33 76794
328 82 1986
30406 33 80493
27245 66 34784
3484 78 98209
10753 23 47332
23688 34 72756
14809 55 40605
11612 10 67757
68034 3 86083
384 81 56910
37041 86 43427
2151 20 48783
15125 41 16502
12605 88 17725
57538 39 71918
76306 51 87647
3232 79 78132
47256 54 70199
1974 83 25797
37230 32 41818
41704 32 70947
20736 80 48990
68819 9 77088
15161 57 53679
53465 88 77739
52050 25 73950
18381 64 24064
48199 28 50166
34725 99 57895
23612 51 93619
62343 19 76722
59142 66 80917
53202 57 89834
10935 50 44862
13074 16 45276
29255 99 93408
5843 73 36989
8182 57 46965
65272 10 97717
69147 79 83361
55313 7 95517
32367 6 33385
8462 91 26789
52457 4 79884
63567 64 68472
21151 70 32770
11306 42 94076
6976 84 61770
45441 50 52208
49270 6 56217
39439 2 77356
9631 13 92603
418 49 38959
36521 44 84632
84254 5 99164
66156 51 95847
3905 44 22353
70430 64 84301
97938 14 98025
82210 47 92275
85350 49 95678
17593 28 45237
45823 67 62164
52980 12 93942
50399 12 60697
4902 76 9348
59545 93 81148
36660 44 62567
19400 94 52356
54434 45 69279
21083 80 43502
79950 87 90297
32763 38 61347
43157 88 76239
41246 76 83933
43039 3 53857
23016 11 85403
90115 67 94465
24293 22 34664
9895 23 27492
14566 64 26931
30261 32 44594
9554 25 79971
36448 57 78577
12577 62 78715
43644 1 49275
19939 36 94884
33793 32 71733
46209 94 57340
7785 97 75579
8649 59 89711
9782 34 11390
44697 59 58927
35215 72 35976
48402 37 81473
62569 76 90637
54645 75 58411
39837 81 46298
4497 38 15737
10613 77 59083
33390 12 43199
46029 22 56342
3498 98 67695
24018 29 84178
33850 55 74350
20139 41 76905
24024 54 96543
10056 32 64116
37131 20 97284
47982 55 52995
12737 48 67427
58356 58 59808
7023 49 97887
37289 25 76671
43502 98 75755
32735 15 97890
21676 93 31105
71644 73 72331
920 20 81049
5769 21 30684
35612 8 85147
8207 99 26417
7604 2 43195
24381 79 52421
1361 2 72092
31213 64 87405
50697 73 59088
19775 86 69225
52514 70 64874
68603 92 99449
52972 37 54552
6845 79 29999
34199 31 53386
73174 50 94700
12243 12 87476
56629 31 61306
40643 15 84781
56145 19 81627
36975 44 88643
15241 18 81393
8642 34 52803
85727 35 91533
57854 55 84265
86254 34 96811
39354 8 75225
5125 77 13338
17828 15 91226
528 45 49981
1038 31 34871
10493 11 64365
31026 94 53648
30801 66 68213
11228 90 45532
22366 26 40116
11943 86 73587
44208 36 99242
10286 11 31496
23492 7 84342
10490 43 33580
27281 54 64179
17440 33 17910
65374 32 92968
25935 78 61254
95337 31 95438
79179 75 90030
19917 47 37130
64348 59 72240
69040 66 96396
12527 2 54156
7571 8 58795
80424 46 94913
64659 13 90434
28261 21 55291
54932 19 94359
27693 70 84410
84844 97 93757
64286 7 93451
3960 1 4160
4955 9 17396
617 97 62650
51765 13 97083
10467 27 17484
10285 72 98386
11293 41 11397
20099 44 79782
14425 17 25008
60375 66 75614
8987 3 52738
87156 81 92514
42307 95 93222
2522 95 86435
4071 13 54196
24907 72 92649
4214 99 27447
26927 64 89877
29264 6 41115
5350 86 45019
9569 64 31807
27885 1 91145
34005 12 57790
16663 17 89734
11823 50 78265
15940 92 78930
16301 20 65943
77246 80 98031
43889 68 54293
23046 95 73826
88671 93 94860
51509 98 84896
14309 74 19540
46548 22 86507
55496 20 68896
2845 99 34039
8272 59 92513
65784 27 80367
18275 96 60376
11323 14 49529
6532 90 9238
48981 12 72238
65384 9 89172
50230 43 88624
4160 31 57528
25429 47 42676
32197 39 63325
11846 71 62709
8406 2 64787
27929 76 93078
48176 75 52340
55200 12 71783
16448 39 51478
71812 76 73073
47972 31 94551
75494 28 80282
34336 4 60579
9931 17 95947
7452 39 72540
63928 7 72458
7203 95 95652
63097 2 64264
45665 84 49120
79532 81 86839
43341 78 69066
39209 52 46446
41744 11 79778
9350 49 48630
6634 6 73804
41221 10 91476
31535 44 53398
83438 63 91603
23494 97 88960
33978 13 83480
6572 74 22537
5162 10 64539
16251 40 62271
5678 85 28261
29828 4 93630
18343 67 78228
3883 33 5899
37160 93 39931
77197 30 98523
59374 43 79764
83134 96 90738
41032 93 66029
2098 26 93962
35478 4 95904
80001 4 97206
67169 11 98057
51731 11 52139
64012 26 94214
54518 6 67127
36474 44 72131
53153 56 95476
18125 90 74218
3110 58 82814
22016 88 80978
29339 95 59605
16447 30 65210
51018 11 68544
60710 11 82613
8669 94 51071
30100 46 74725
1596 65 38717
50057 81 72411
27640 40 68215
8480 91 55482
14328 68 58955
14803 60 31173
40727 14 73050
67512 62 75967
36520 2 75684
645 39 15988
34542 79 99113
91137 57 91671
51484 22 94741
58549 93 64911
28378 81 83862
1979 67 85624
86619 50 94673
7637 56 50222
53456 71 54171
8479 82 78420
72620 90 81313
64851 82 85696
25683 54 84640
4524 48 16784
24467 100 83506
11837 95 97083
29778 42 48854
89905 28 94822
11912 4 94582
64069 12 87163
75094 81 89233
53499 17 72180
95281 34 95723
16069 56 38620
6789 43 62975
87812 87 88452
30768 48 46099
64574 54 91382
1856 38 33303
7846 54 65987
41501 38 65650
7311 39 56981
42505 33 47502
45128 34 48389
14597 97 95360
30092 34 40315
6927 92 68039
63533 76 84280
45641 16 90289
43631 39 97793
77798 83 95470
12657 38 67950
68523 63 86652
24320 79 60423
44500 42 96052
81 16 40454
50299 32 87071
85872 38 97143
20473 33 53692
60970 65 62871
58214 66 66144
52093 100 97648
18049 53 46846
12158 4 22026
30214 11 98778
16208 63 50204
60082 81 62490
12047 79 81858
74029 70 74526
59172 42 89680
76331 49 98166
9111 89 83706
6274 34 90547
33159 16 90067
13615 81 49759
18638 10 57099
13215 29 19131
63733 27 73733
70154 31 75781
10060 75 79710
17453 51 58531
15135 72 19183
14124 43 37051
1741 6 79196
20354 22 60679
7603 24 43534
5535 60 71475
4126 74 93737
7246 33 87029
32124 92 44181
26106 70 54668
45234 92 50564
17059 89 83569
61803 57 77069
41989 36 54357
62123 58 75718
31548 90 81249
17787 86 59157
65690 97 79322
46737 63 82608
42801 71 97527
14258 5 22603
69632 19 71303
67860 80 91277
4521 26 28854
9212 69 15097
48113 54 82738
29497 82 72379
14785 29 99713
14555 14 32417
26685 69 95708
47158 32 72068
78124 61 92140
56348 31 61766
20079 2 64944
43461 90 75191
33193 31 61747
10210 1 98120
80580 63 81963
49862 30 69672
28527 100 51077
11098 92 75932
79530 94 87028
16436 43 60416
26230 8 28964
41131 31 42322
23801 83 88808
4502 34 34583
13359 70 45081
31650 36 83301
70862 90 79417
25381 85 64936
20789 29 37067
77288 3 86718
56951 51 91168
46756 65 51735
59524 32 76163
72781 24 89834
2072 74 6813
607 32 35637
22972 10 77804
31196 60 84671
32018 4 39993
46567 73 87813
11844 67 14466
12305 11 29976
14994 95 50270
11668 57 80973
94626 26 97649
3102 66 21629
4297 51 60041
56954 97 87373
42939 1 96499
12756 27 89677
14370 64 66531
24947 4 33647
31158 10 46005
47440 85 72466
59895 84 78254
13677 94 93717
30601 29 59505
12805 54 15968
89691 32 90519
40680 12 52990
13935 16 49690
35836 47 92089
11986 25 13645
8089 72 44461
36349 47 42156
35059 67 93374
27209 64 29567
21347 2 97303
63355 72 85641
9934 49 61582
31608 97 68178
14314 71 20582
1662 92 24437
54791 30 70421
75073 93 85815
50715 48 85333
18911 93 25066
15626 26 74072
4259 52 38571
59103 41 87500
44521 17 75528
44615 5 55190
30457 37 57170
92 51 51156
12365 16 37988
48410 91 92718
1143 22 71892
83141 84 94855
4063 92 38699
20775 27 70552
13541 14 33482
26420 54 84704
16988 19 94094
43978 71 52183
14776 26 79070
53578 53 69040
66549 66 96087
86248 28 90962
46832 65 78234
78939 76 96276
74554 54 89622
64150 76 82979
10250 91 66782
47064 12 52634
66593 29 74012
72262 65 79609
50366 30 50907
86053 75 89743
9986 65 78212
21259 20 81640
62841 77 96552
54249 73 59168
20766 50 98160
62928 65 94111
37006 12 94096
52822 5 91501
45389 97 84960
34490 82 81798
86950 83 95561
71555 10 73991
44536 17 72574
1680 19 9455
47999 39 88828
6714 98 62354
13237 32 87326
49442 14 97858
22972 67 63237
31189 65 40955
14671 26 59622
42608 78 46256
23460 9 91497
42675 64 88497
25706 93 71682
8299 1 81017
1848 85 29163
21110 15 86530
30255 49 42147
17590 88 42447
36488 17 93054
33616 39 36293
79513 31 88493
37968 72 75977
30692 52 36377
38746 57 46793
67936 53 89407
22250 61 99141
25475 87 36835
3754 36 90096
18116 6 45170
36945 11 39931
40450 69 95581
66057 19 81217
55643 49 59246
99598 82 99920
3043 59 93754
6225 25 88784
62036 53 80607
28951 49 60715
5058 72 15453
9608 40 40876
46850 70 74752
21611 74 22382
68779 71 70767
56912 12 68047
23794 70 89179
74782 18 98996
21747 47 61854
6901 36 22875
35710 27 79518
44375 93 56560
5137 29 13198
69199 6 90339
50212 51 65746
1160 2 25386
13336 68 62492
14622 73 44315
9603 15 90571
72911 63 77896
36987 1 75398
17819 41 58013
85372 100 85722
2776 76 14040
11708 5 26451
15587 90 80197
70323 8 74760
18662 67 80888
1855 76 86088
64606 33 82140
13239 7 54758
57525 95 92718
37070 76 82614
19647 24 66638
71330 66 73030
21221 49 59454
56683 5 71971
28086 88 47122
9099 99 61863
33520 40 63840
44429 23 55509
75747 59 86977
69799 23 88779
46207 46 54277
9859 75 27697
10206 79 49889
3371 8 88457
82621 30 83145
16568 60 36251
2190 21 17022
20356 85 89001
3688 71 9618
50667 90 88877
38048 17 51319
63987 99 81317
7428 74 91633
27407 3 76396
82085 85 98343
6176 11 37565
47882 16 54441
35614 72 68305
83362 90 90698
25529 100 74906
8203 34 47778
18078 55 20024
17492 100 95261
16035 86 39783
7014 73 28497
8184 49 57291
52495 86 92533
44867 35 91081
73295 54 78880
21141 96 33741
33031 60 93668
31581 53 64264
21342 24 63605
4453 22 86632
8043 82 81750
3379 78 83707
45992 94 55801
19170 90 64551
80240 4 96533
68711 40 77966
5783 20 75531
9692 25 30207
3379 89 99367
3232 4 36951
28110 97 69995
29443 81 86619
52853 43 96011
5013 94 50440
95537 80 98346
27725 15 83651
70156 55 76077
16217 28 35050
36800 99 77176
18593 8 24981
37172 57 83569
16943 32 37675
37336 80 70110
23234 51 40242
51486 32 52009
3233 89 54170
61989 10 64815
9638 72 45152
76935 38 97914
31420 88 76345
51949 94 92808
66481 29 87137
15912 62 36491
34469 64 50257
37408 71 74129
3061 50 5197
33860 31 67078
3588 16 44378
47007 30 94581
23109 9 23753
13999 11 44162
91571 1 98983
33707 83 79012
31096 49 78493
32937 17 71471
78217 3 86092
57204 10 88261
88510 66 89176
24582 11 25848
20436 59 93100
12084 100 71781
61992 93 71253
6898 27 51906
1404 53 25578
26647 4 44761
69921 87 86660
3157 4 74325
84835 37 97638
21784 23 78748
7221 58 93587
15967 36 35032
59521 3 65557
31756 69 61387
20468 81 42582
22591 65 23223
1892 59 73020
1896 73 44366
22407 100 89916
32676 14 72197
6416 4 8019
79267 65 84418
2878 24 28000
1232 75 28578
34747 15 72016
61940 66 85601
38397 87 52420
48455 8 64974
1400 61 10473
17641 36 75523
88012 95 96521
1504 14 73203
11422 6 92512
3049 52 38998
25759 91 68465
25917 71 89760
10995 6 42179
61860 26 64872
28902 83 82159
8743 49 10665
34286 63 47166
74473 44 95684
27034 97 59904
69820 9 86093
35348 66 73077
30383 13 34008
84711 93 93437
31945 45 86153
5069 25 62097
31139 23 80634
6356 8 80937
27611 84 51058
47437 43 96213
39271 84 61851
76502 75 79768
7873 15 22120
57378 84 67326
81792 98 98385
36852 61 45009
46667 45 47176
10394 35 21178
42580 30 93052
58510 72 98169
47278 8 85594
32025 49 92673
48192 10 85756
16276 55 59165
6878 37 67515
37660 81 40571
7110 11 15513
12348 2 28080
24924 97 58266
25368 34 57306
25305 89 53539
79758 71 81357
47293 68 54141
40864 86 42641
51183 63 55166
5221 31 15068
8461 56 94133
39108 63 93676
17182 81 23666
4075 4 55458
83754 66 92416
91842 79 97081
23588 77 99311
47215 40 84156
17303 30 82049
37123 28 47222
16942 83 70735
15705 28 22850
69089 34 85001
6685 32 84019
42259 30 92228
66941 34 81198
19674 95 27520
27517 100 75976
28025 52 72936
6542 30 31420
41422 10 69167
55978 25 69805
32722 39 62030
41276 9 46354
86396 62 89771
10125 74 11237
72400 15 96831
24073 7 27229
24326 27 43423
17093 57 72453
64764 96 94437
28219 36 36677
3880 86 26371
84361 17 98079
21909 51 45970
83172 49 93573
72502 71 73367
59571 40 85128
19338 64 49236
14298 10 42268
81754 57 87903
36160 90 57497
44325 91 98429
45894 25 52690
9262 3 67978
9570 3 44565
31678 87 75373
54417 73 71010
22870 46 57159
43638 84 73553
52413 49 89412
22676 90 99684
58304 81 59019
4966 73 12287
32501 44 90384
20636 21 39448
5050 6 76571
18137 63 98209
18723 77 95304
5626 88 23084
22702 93 51141
22785 67 38821
2198 56 6641
44580 70 61395
89609 19 94734
7589 5 28719
41291 83 81113
43337 66 78796
16818 80 20643
38639 99 58035
11024 11 84302
74460 65 89732
25922 11 74380
23475 58 44726
11911 24 91653
45917 18 53818
32753 58 41393
69215 34 97272
3749 86 39017
45910 87 89231
60704 37 67285
3952 29 64720
31827 44 40244
72054 69 73404
1641 86 44507
36751 5 52621
14884 67 71076
25561 13 40394
17663 38 86277
6582 24 58201
20882 10 71380
58692 88 83995
7990 72 14256
589 73 35744
35436 11 58574
26632 50 91763
79442 14 89773
67633 24 86025
61143 11 72568
18610 38 63038
29134 46 74186
49394 49 58959
38693 22 47940
60853 75 79106
13816 83 66006
52786 49 55587
25685 94 88700
43528 95 62204
34014 58 67807
20435 83 89798
2855 64 7205
40366 81 59504
10516 93 76851
24963 66 54277
4806 22 52775
26936 57 86924
83581 86 99953
28456 7 56167
46917 75 84049
10370 6 49831
15137 52 86292
51682 67 82035
75997 66 88211
10027 66 44688
57606 30 72774
41047 63 61112
76368 62 88570
6968 78 41989
23791 82 70852
64088 32 86421
19067 92 27307
35909 15 90023
26984 7 44316
22265 72 26087
13228 93 34639
27456 11 95478
23634 90 57812
20531 81 79116
11807 94 43606
4459 93 13364
14607 6 96063
14327 40 32723
58247 29 71158
82742 2 88127
28674 97 34653
61606 18 65439
50058 80 52494
27876 6 79704
33603 40 79908
19576 84 49052
42081 62 67445
9125 96 49216
69295 57 73895
84187 83 87062
16128 91 47352
32491 76 56302
66087 1 72357
2156 19 49298
19226 64 28512
6251 5 95419
47359 43 70396
6118 37 37346
78079 94 97173
45751 82 92798
7817 95 87867
50083 86 85793
13039 54 95383
42157 74 61961
63189 94 69404
15703 40 51723
24853 42 83404
80350 42 93011
1367 44 77960
30760 53 99624
28253 12 98820
15287 61 50432
21116 75 36285
90447 49 98959
4145 82 71697
12606 22 62535
37618 17 99104
28544 50 47272
37040 13 63721
37080 12 79114
39695 22 45195
43915 10 99338
40485 38 93629
69246 14 70169
9618 67 85196
37128 42 70952
44131 80 73594
90087 20 97171
20160 48 35625
24352 63 45659
85210 86 94459
8160 27 27575
71684 49 71894
34786 80 79735
72166 92 90584
24715 36 44341
10061 22 33118
219 85 97360
46101 96 71565
35622 30 46074
2608 15 76982
56973 59 59571
64522 3 86228
20761 18 31171
27814 44 78897
15171 1 25732
81019 92 81592
73047 58 97932
4954 81 51553
18411 79 78161
67011 86 74530
5542 33 77078
26366 37 63617
8218 99 96977
10875 34 80590
35573 64 77190
5475 18 85150
46243 86 80508
19028 15 37646
4665 30 65788
12037 25 67292
46194 70 89983
34315 60 58173
5079 12 11878
53875 76 88137
12752 6 38902
18159 36 35269
1818 59 84392
33536 39 54320
49911 11 61771
3151 31 43209
19918 12 85142
69514 29 91602
69050 52 88247
10253 65 20644
42568 47 60767
32581 46 45043
88990 65 98309
45884 36 94665
18091 34 55257
44911 44 55036
7260 11 40477
85066 8 90315
1268 58 77551
46956 94 51999
1279 90 31350
48383 53 65292
37777 63 76628
21277 82 92599
12533 23 36940
44854 44 80784
29696 97 70099
26805 39 47994
2166 63 50451
41423 69 41807
49394 32 78160
56178 53 66840
10512 29 89548
59393 64 81478
27961 6 93759
4530 64 21948
3487 1 36541
33654 76 93852
4662 44 20690
27604 90 55904
29358 18 70921
22009 8 26551
13786 78 90646
28165 76 86856
87338 17 95005
43340 73 85792
80738 54 98255
48609 1 83233
12715 36 48156
90458 55 90783
17025 7 62841
47202 47 78085
4665 26 88268
78465 31 80857
71448 10 99577
29196 22 40840
12517 42 24823
43155 24 50330
67744 79 70630
33728 21 60470
18256 66 52158
67438 24 76158
46068 12 77951
33596 4 56228
68706 78 91310
9327 76 31287
56615 63 73443
8786 38 98593
71192 61 83249
17089 54 25019
47011 84 65785
42331 16 42381
29304 1 37053
56770 6 72632
60286 51 75835
41442 55 46696
81026 18 99299
49545 58 64591
30255 23 77012
10492 90 31809
42148 88 52468
76623 100 89561
15169 74 26260
50 88 43599
16414 42 64507
26434 66 40877
2622 81 73274
38826 23 54275
39421 67 74811
77333 39 94224
5042 57 8701
78007 21 98049
58541 31 90298
30212 94 92478
19189 57 87344
3344 50 23376
53246 54 67186
5406 20 71871
21313 52 61000
32039 39 40941
12783 85 31543
28276 58 29183
10041 26 76811
39424 90 88970
43342 41 58528
20758 21 37541
28154 79 29628
54860 89 82038
41224 78 50749
71931 77 72078
10890 70 11389
6738 44 90377
5692 52 32727
12116 63 74101
5732 3 54528
1964 58 11747
46601 73 68041
6080 72 67987
45025 13 66839
38735 96 84142
41704 30 87893
36563 37 47933
34544 32 65918
25935 73 94811
21507 93 33947
33617 60 91675
5896 70 21714
5406 37 50545
56151 56 80010
49736 33 97227
10216 51 54764
36168 10 75469
15212 76 60176
19812 14 59475
65975 85 89499
15286 98 92910
29896 93 95641
12035 86 16005
835 46 82231
78840 81 83213
68131 21 72522
39388 65 92177
30913 82 67804
12222 51 35922
49702 69 77496
21068 29 50486
14849 59 38675
52549 71 70134
37797 89 89576
23371 65 68037
16830 14 87193
34459 67 38651
12569 53 78100
56977 36 63627
440 13 79586
81951 65 94275
50853 70 84086
34977 46 61915
12990 33 82770
47199 70 98418
9328 25 88663
54835 1 87064
75697 95 88389
16595 88 34080
21005 7 98045
55644 50 73532
38766 37 92262
10984 18 99291
83738 85 92426
5142 6 55363
27440 68 79266
62423 20 90889
1523 22 67827
17526 15 38646
2939 79 85952
39555 71 68426
3962 5 24750
72952 87 77309
23081 23 31751
8788 77 32869
57845 86 66674
13142 97 21227
6476 75 60218
46196 30 46585
35091 52 80977
81583 46 87173
72160 47 77087
3426 78 59742
14226 75 37525
68004 65 83501
34110 69 51421
69903 66 74031
8379 80 41622
22766 6 52556
25823 59 79975
50802 25 70734
51063 2 62676
85948 1 97309
54720 20 84987
18427 20 98622
91790 32 94071
10389 74 16803
2414 14 68185
7095 94 83248
50838 92 63024
41894 3 98211
77745 47 99472
53801 29 86585
17000 72 73059
10812 59 11027
30949 18 81327
72632 8 87711
39958 32 46231
52361 6 89824
26944 79 99997
37418 23 75860
10685 47 71604
80899 8 97089
54433 30 90089
26659 84 77846
27619 44 68599
10584 5 26100
71113 58 88829
51998 39 76802
12987 38 96722
9033 64 53355
60689 70 91491
51205 30 53977
5485 85 84233
77002 71 82806
49831 28 77801
51652 5 64959
23536 91 79459
13414 42 74177
46402 83 90315
35898 18 64516
34453 89 37990
688 14 35029
84938 16 94867
75415 99 97058
43785 62 86660
13645 70 66077
50450 82 76492
9327 25 78241
23702 82 46368
36656 99 61994
41041 44 86125
21674 58 33084
28451 67 88612
27644 62 50149
12805 33 74106
1603 94 16598
10896 49 83162
39889 72 53326
14002 16 91119
75817 9 90696
932 34 55188
42685 59 94157
1126 58 39735
54603 61 63386
9859 42 54742
46114 47 94809
13279 40 17359
326 79 70258
26222 32 57580
48660 30 79685
52533 43 86616
43786 97 70018
247 73 4453
32012 73 61339
72578 18 98345
3091 52 76990
7478 28 90856
43703 32 54516
70010 37 98216
25842 42 72490
24 40 42175
42610 67 74243
28716 91 64859
36838 86 87031
32812 32 54497
12922 100 92047
49609 39 64474
14593 90 22016
46532 35 52822
43041 33 99182
7484 5 18562
21044 68 33043
150 42 1319
38699 32 53785
63899 83 87129
9964 12 95938
41890 14 55430
1735 16 23668
82138 69 97585
23273 81 63698
14503 74 44825
3357 49 24652
57035 94 97587
4953 89 80041
35505 43 82249
74477 11 82367
10726 48 40416
34726 89 84050
6290 6 16073
60545 86 70329
52360 5 83751
67428 32 82364
35454 70 40652
55076 2 86999
16673 32 54190
4294 24 55107
34822 74 47482
27527 18 70498
23925 31 48395
5849 98 54007
22761 89 82087
44287 43 85834
32206 9 86412
12245 32 54127
32319 2 56615
4656 16 12208
48552 25 59780
73810 29 78679
15857 17 56874
21145 61 82153
76953 45 79018
3447 90 4730
3688 24 49748
78567 65 84141
5969 16 90341
9455 87 25542
29647 26 67708
64031 11 96155
6132 29 88020
28757 6 90393
72480 88 97297
68590 97 83810
10454 85 41490
16469 8 80413
22752 60 47901
11156 36 91619
27983 1 63586
16941 75 21361
45171 68 54502
29663 44 99369
47099 51 92513
34043 81 37687
32728 23 84848
21559 1 28547
40590 73 58687
32743 51 51216
88146 46 99781
60283 17 81304
83422 35 96828
80188 62 93715
45183 4 55420
8541 27 9647
33135 85 72493
8228 11 31133
46947 92 86823
15133 26 96865
61936 37 88642
20593 94 71140
38793 91 48295
19883 43 59811
18619 36 63664
30799 57 94615
4455 100 85585
73028 23 99070
56992 30 80240
18992 100 26082
20210 70 63055
1047 76 44919
45343 71 54882
36894 53 47489
56119 54 56649
43350 49 84813
6083 55 23677
88903 9 89154
45325 21 49323
54420 3 85380
10431 35 65721
10988 77 17144
62269 70 75805
76691 73 93804
32623 21 93392
28394 20 95933
66603 5 95756
2113 53 55966
71685 8 79353
24917 18 62035
41320 2 75517
41085 24 56207
14934 30 52368
5606 46 91482
36089 82 63973
55044 81 74992
19012 51 47828
28886 27 91575
76148 7 98677
14455 70 63817
48904 98 66853
45365 12 93292
5275 54 38248
13843 48 26311
25142 74 97303
69205 79 77645
70701 15 95870
4021 72 29260
60005 66 74890
68362 55 88811
6217 18 10753
6344 79 35728
10873 18 81272
59052 9 70854
5027 56 55349
52114 56 94743
44724 40 86941
44398 27 73710
47069 3 90735
40054 89 53191
78775 82 99321
23251 3 63474
27078 14 42009
42369 30 83341
1214 13 95474
15902 93 41877
37071 25 42430
82145 33 99635
72535 8 72604
8416 26 72656
70035 70 84500
52069 5 58795
4209 89 17368
40920 31 94856
73681 6 85333
1898 86 86097
8376 24 43916
44929 1 51489
32023 22 82120
75628 18 79612
17271 10 31474
15509 37 29748
9452 12 88491
45423 46 83123
57414 79 76958
63190 76 66186
6442 34 99652
58427 88 82301
37426 89 45754
7150 5 44207
40385 45 70251
63301 66 76300
4977 40 17874
5244 57 65794
30072 67 57156
62532 68 73258
22691 98 89383
13240 41 43974
66059 89 82248
30026 1 71503
1917 49 89997
42121 71 73932
13581 51 97095
67298 3 96176
40609 4 73721
4370 15 36777
10627 4 50225
7002 17 96174
26181 89 37538
45876 23 64920
38460 29 56440
90633 6 92701
26507 43 72599
21107 58 21719
17231 96 49472
5759 41 86780
1597 49 33417
1691 8 77136
39724 97 42350
901 13 76272
44416 89 59406
754 90 41516
18313 63 73568
49642 61 61529
26906 77 96296
51650 6 55368
26162 66 71740
20576 32 39876
16681 1 87445
2614 6 6951
69267 72 81527
41740 38 69984
9435 35 24098
43344 54 91357
59653 98 92998
630 51 72312
71716 10 85818
8004 71 33247
4646 2 71718
87064 57 93528
41123 40 44802
9506 71 33486
23031 57 71661
10256 27 87368
39526 73 91980
6167 41 85948
54521 81 74443
42361 71 49651
6163 86 83920
53015 94 80678
63518 26 66878
77859 60 83742
91186 59 91641
30064 29 76131
46340 8 53238
61342 47 72047
407 66 61660
49090 79 54438
39647 30 86894
11194 10 52915
521 23 54816
603 42 56209
1027 98 1724
55708 37 56631
9772 64 16849
48304 89 96054
19555 89 79144
47941 7 56288
69333 57 90720
20793 84 86622
7138 35 10202
2909 92 95824
4070 95 40961
8287 54 88985
7797 41 37468
28065 67 71995
32905 76 56558
7286 89 15438
3930 54 13228
41598 44 66975
91111 18 92787
27026 65 68761
20298 20 64632
26018 14 60111
40914 16 45836
91017 97 95979
20420 19 67205
26811 66 84163
53863 8 94516
39203 36 80946
23221 50 31200
69891 37 88773
5451 82 24880
3702 3 43796
