2000
2562 84 3956
25717 96 50917
28423 33 99516
85845 94 94191
4277 72 38449
24656 25 74153
16845 43 63910
12993 72 46788
58150 20 62035
46032 38 83471
16199 3 33298
57749 6 79273
27903 69 80216
2322 67 75241
25563 41 81340
21557 34 94960
33740 70 39924
85169 13 92671
33775 26 50545
29715 70 49271
11204 32 20527
5372 87 11875
11 22 71796
57550 40 84882
59934 86 60371
4803 8 30303
29876 99 57469
36924 40 81838
92240 28 96986
6264 78 39573
25719 100 64287
59991 17 70277
17483 36 32048
53552 100 60496
87156 14 95062
15756 2 19117
19302 27 82890
8758 2 17302
48466 45 79297
59836 67 81026
47358 3 95135
7988 91 81396
29716 79 77393
6808 1 27387
17087 38 32143
47490 13 59651
6669 24 34173
83031 42 98173
48034 56 62575
22442 82 82845
28970 85 49301
31123 30 44867
18015 50 87789
12375 30 18851
32776 100 35790
60397 35 90309
40489 2 66426
72974 1 73765
54938 25 84317
73114 58 85533
44665 89 84348
6971 6 63014
92575 24 98943
749 79 62019
503 54 50058
9129 34 99487
50904 66 82724
43581 69 49045
17508 8 91318
22542 6 99942
4127 41 22906
24224 78 26476
22149 21 85989
12436 17 90993
13825 49 43721
65125 34 85203
17298 28 28241
69237 42 89317
48482 11 76932
41855 5 63586
30886 45 38031
65831 94 73598
38876 23 86558
24063 89 34154
39000 4 73613
22794 61 75455
47327 16 71224
15739 4 35996
35094 15 50918
79592 23 98792
11458 88 80380
40026 58 42315
26415 93 63622
19471 39 83882
29203 13 87704
36217 83 71933
3419 74 27657
34698 67 36369
12493 3 17525
3995 28 77780
82579 65 92919
95068 67 98136
14065 91 60967
34979 20 74077
14422 55 81187
15702 97 22050
29016 26 53855
41705 89 87974
26835 93 28200
9526 83 18050
10784 10 46766
15008 84 42986
16001 100 42544
2413 18 61931
73892 4 79237
34266 87 98833
15592 27 43849
59610 38 75720
57432 35 96445
44148 36 82944
50939 56 55416
29232 49 74322
30736 73 83305
37617 15 87062
11155 13 74658
60879 83 82489
84157 96 85192
85089 69 95877
10051 23 99867
12689 10 18294
65620 87 68059
7909 54 38518
32809 4 91441
27928 49 54307
42884 12 59082
37003 83 87246
1957 66 22936
48290 49 98396
62979 21 73606
48246 90 59273
13712 19 38349
29308 16 66737
3465 19 86654
2995 76 89150
33722 70 89224
20960 15 61412
35478 87 39406
32528 91 48711
42588 82 50604
55298 92 91520
44193 39 60831
66741 77 90679
21684 79 77273
51974 68 57208
26801 88 53502
17363 62 65379
17980 68 23687
1544 94 36323
18805 31 80052
73541 56 90991
30923 47 72117
45361 51 66221
710 80 21879
1018 20 17551
88116 3 91222
59826 44 65713
374 88 88694
42118 60 55655
90903 61 97635
64055 49 75888
21768 6 50986
63482 88 74542
12835 17 75164
26952 25 65454
16699 74 74838
29115 53 45366
48027 26 75877
86223 18 91978
841 75 55686
13144 3 16574
30273 22 83487
14838 9 35563
5450 50 92012
5785 40 64481
20949 35 24351
21016 11 74320
3915 7 77865
95156 91 99659
54591 10 78386
25317 71 66619
54306 52 80166
56425 76 99006
20472 100 29303
76628 49 97708
65945 100 72939
67925 21 74976
37978 75 92302
14240 37 31496
8531 31 14467
7948 7 68836
57092 9 89462
60187 10 97771
51769 15 58546
79063 86 83550
15696 60 34863
82940 16 85035
68716 67 76064
83355 91 94890
49543 50 72481
72473 39 83531
13 51 50428
83985 91 89011
63382 28 66059
1699 68 7513
33997 99 63953
16433 83 35693
15209 62 15443
31470 6 67963
26840 76 80641
49325 15 91763
16915 27 45230
9008 36 91988
50853 58 81361
20080 7 27443
23783 29 58849
74636 73 80828
11342 59 54441
5829 59 56196
36167 37 99381
37429 11 55726
36311 39 43297
30085 26 51747
50374 26 50971
66230 5 82847
26799 64 33578
79300 85 86095
54644 57 83066
1931 8 39762
21350 18 68122
14696 81 40960
96084 82 97717
10769 64 79501
62364 14 65050
27175 45 99783
31859 78 35413
32406 90 41970
30075 81 33729
17064 16 76668
19424 81 65073
58962 8 89495
56852 94 88411
90054 59 91726
10060 94 22846
8365 20 13140
12101 90 49491
67730 83 97842
20165 31 97126
44264 3 57461
38801 32 92550
18513 10 67185
17058 31 43212
6769 3 41683
68995 24 79349
54073 22 99647
16018 71 95526
21987 15 50235
3405 33 45794
10192 5 73980
30889 51 71506
63091 43 90593
9391 18 12427
33994 63 99049
8864 84 69317
797 73 91966
34949 13 48214
11531 34 57208
41863 86 88898
2171 42 31630
76257 43 83086
38346 62 52504
39132 67 58769
7169 31 56389
66679 68 85042
43942 13 46519
18451 14 83362
10418 43 53384
594 59 39303
6056 15 67540
27131 28 69123
18558 98 74826
77102 85 86852
12397 9 70089
13800 47 45072
1955 75 44208
17442 75 72611
42261 81 49969
53550 37 75560
63593 92 90514
29981 80 30917
7395 21 60321
36626 22 71112
16940 60 33192
49412 7 80651
30415 15 66563
47322 2 97888
62436 95 90645
33741 97 56927
51580 14 74075
7510 16 77100
53555 24 71006
64576 91 86994
40534 83 82992
6577 72 98636
40707 46 57685
23549 73 36641
12635 1 22293
10950 17 56021
19826 49 81037
52444 99 80367
11491 77 18381
27809 75 43163
28588 42 71166
18510 3 75999
36446 48 53084
41273 69 53990
26022 62 48953
4413 56 91741
9209 71 59426
8273 62 10744
34498 61 45446
68477 2 70425
35937 94 61393
19174 66 19417
21580 12 71399
31678 71 64754
39480 2 95855
6353 94 65208
63205 40 96762
56085 67 96769
54555 59 62323
68404 72 82709
13768 30 19575
56677 97 81216
23011 92 76313
46658 88 77643
5955 59 70214
39555 4 52173
37424 32 60745
25527 1 55370
47254 74 94365
28368 41 67645
54992 41 81592
46083 20 54976
24815 73 71914
8212 78 98002
28967 41 79236
87678 69 92970
38033 16 94222
45261 38 71335
53505 88 64474
51347 72 92313
10119 85 42331
50452 98 54439
2666 68 26437
54224 43 92732
4544 44 92388
74170 90 86071
6259 28 23090
33447 81 54883
17562 86 91129
62938 49 67939
18603 25 48002
10553 68 94861
24619 68 28317
2271 7 35041
22103 1 25521
48948 9 79713
1644 79 83878
67112 12 91442
17994 18 41350
2680 48 25519
30869 8 33165
6763 86 58087
23927 96 67765
43076 81 87985
11427 65 55818
14357 76 77313
3785 47 31965
2312 65 32961
44920 11 96450
55331 68 90507
47334 28 81653
30021 28 58691
17752 95 34534
65700 52 83092
75421 56 89937
81320 43 96474
3384 32 97292
19976 96 22185
17892 88 62244
20346 89 59741
3717 7 69176
23 84 56600
46534 48 49000
32055 67 79225
52868 58 55471
5185 40 51770
46096 7 70838
4045 11 76257
30686 32 68772
33707 25 65318
22442 55 55454
21294 50 61734
45181 88 46107
13434 17 62682
28894 96 29718
37571 67 69672
52446 52 61624
9311 96 62044
16299 91 39680
30272 98 59829
36458 82 90149
10006 33 29458
61566 94 79100
31957 80 53984
5494 52 71762
28266 97 82300
3742 8 27395
30987 48 87930
81242 68 90120
90520 61 92806
3312 58 65062
12993 83 85044
42337 96 98602
1667 95 63069
61747 9 92171
17101 18 57050
24915 10 25646
13888 69 62667
21347 7 97992
15629 13 65766
14059 43 93674
21362 51 81152
93467 75 94909
13368 21 75253
25897 1 32156
25701 33 28428
15507 5 48353
25936 6 67435
87266 89 96824
56188 70 94010
38737 88 44666
65237 81 75965
23046 6 56145
32453 61 51354
53652 97 92414
6843 42 37658
46805 69 84723
18375 58 23873
18804 88 51079
12784 43 21998
62617 21 80081
78363 40 92568
89588 21 92435
4361 82 46261
24207 40 39260
70250 74 97089
1911 53 20006
40327 31 64463
61886 46 91878
96169 34 98259
37282 64 97062
14948 34 99647
61588 29 91374
13347 25 88488
62912 70 80870
53976 13 91032
48223 23 70461
35280 29 46269
33447 79 75466
14250 58 85476
7002 88 54119
19996 71 96319
53656 29 63579
21191 69 60517
64392 16 70198
3843 100 94163
83461 9 90957
26165 67 95544
67444 15 99492
2190 24 42785
50578 82 99470
43791 84 90419
36929 60 72254
22115 35 83415
12776 79 49506
21274 91 99681
37829 49 91677
48673 4 61121
72806 55 84034
18086 21 53868
11485 11 80942
19325 33 50493
27019 75 85900
22040 6 89953
72660 14 97868
10831 83 38300
39079 11 62379
61257 39 65928
24275 78 55303
13561 88 76280
33285 56 76509
51791 33 63750
62935 95 85743
3123 19 84190
12601 20 79835
12409 97 94203
6519 91 69968
41652 19 86434
21709 55 66547
55210 97 81653
75917 74 85617
52717 51 80078
8229 83 40277
55557 29 69307
10824 92 92213
16437 45 47088
29192 1 50597
19024 64 21559
27907 45 94255
17934 10 37152
8137 65 38358
14635 53 55775
55413 82 89560
41929 33 44398
37161 23 92234
14679 83 27746
37453 66 77910
20978 89 64812
37420 49 90065
8497 19 39496
10008 35 35150
26340 59 47318
9663 70 54508
40458 71 84669
3242 3 25577
35704 72 73088
10521 29 22757
8328 26 33651
37267 77 78560
32662 22 60803
16430 38 79156
29409 79 76390
19797 92 57599
2883 31 87592
47184 92 77745
35107 28 77980
84124 77 87190
14643 97 17383
44886 48 76396
11866 19 73167
73699 76 93170
15202 19 33856
24432 76 31715
7377 3 12654
47576 47 89793
47669 55 62358
15449 16 67743
60358 30 88487
68483 59 80654
19386 56 96214
3144 8 82228
2430 70 78574
18724 8 88534
10461 31 21118
11634 32 13384
7059 88 15540
74092 58 77873
19413 34 81200
30202 18 78586
79327 50 98384
82377 51 89072
13867 92 19045
33939 18 58011
22287 64 35971
85730 94 88977
20718 13 28275
42771 28 45505
13746 41 90136
19751 77 88957
68344 16 86116
9824 55 70788
11549 23 31662
18353 37 45852
20702 72 96749
53253 44 67166
42498 56 66038
22558 66 73580
29053 73 86679
57444 66 59442
23145 40 82159
12176 4 43903
55284 49 64674
66301 48 78711
41799 98 62809
14467 24 96995
47493 24 55440
13576 18 71440
51345 72 92205
63740 68 94792
24138 14 57247
21799 74 38577
3593 3 18418
70111 47 92825
20097 29 89300
5889 35 55314
34677 69 85443
31090 48 54786
17606 19 53906
92547 86 95310
1596 70 90936
17039 47 84207
30632 64 37059
74941 56 90675
25332 88 63446
88872 12 91741
76352 85 90666
30714 74 82735
21409 74 95270
60077 10 68133
56751 80 80736
43938 32 54217
5996 90 96333
16812 72 22561
22245 1 37066
12155 28 72683
70324 43 87672
47205 4 90477
27200 51 74763
98063 32 99666
48432 40 82562
26455 90 35005
10702 62 78983
24158 15 72866
60010 77 75378
19357 49 41340
33771 56 93166
24081 16 78034
36757 86 51061
13679 39 99848
77473 91 89782
43509 42 77347
1059 30 18835
52041 2 96174
60865 24 75733
64952 58 73416
75823 17 87466
5478 51 47891
32487 10 69018
42742 69 57890
66381 18 78742
27044 79 61330
27046 30 84722
18060 28 48607
12463 27 50967
61743 80 65797
27800 68 96322
10272 72 62245
22163 78 91225
16682 33 96997
9179 59 9625
48912 71 77305
19348 28 80282
8096 57 76008
17992 98 98653
8657 5 48140
29954 56 70697
2571 57 68124
36496 93 92218
33504 33 80511
3623 71 40913
7704 89 31250
62423 65 86521
36873 26 98718
16345 54 71660
62865 9 94020
7937 98 70273
61429 74 99121
26219 79 64354
37913 11 99893
4157 18 45736
145 48 16722
52428 75 74400
11501 36 71406
8589 31 39244
89957 62 96589
8544 54 63982
8747 1 61936
93368 82 99838
53836 5 86622
84951 45 93068
9003 62 89922
32864 86 84890
2093 50 8719
92133 20 95577
7292 81 63965
12242 23 57749
8885 68 85132
23458 69 99499
7004 6 71927
54273 2 72231
39445 43 93497
12841 86 72046
17880 48 41043
51864 98 94883
38616 75 77605
11042 16 74378
21345 73 80689
20545 80 23077
56029 65 92070
1933 57 28347
41804 24 71295
90154 63 92466
5351 54 26980
32351 67 77805
35695 23 42519
16853 12 34967
52010 39 71050
65855 75 76989
40940 70 77965
22367 63 76794
25775 87 72323
89033 24 96852
25252 27 52762
57148 30 93041
32533 85 80808
3183 88 70049
44891 32 55335
7302 85 35164
76286 76 79722
16035 95 21025
29457 69 51794
12635 100 17270
54393 54 90476
53298 72 65766
74751 39 82578
20545 81 83324
71683 34 86958
62582 37 95496
10089 41 70123
7737 9 74889
21272 91 68507
2910 62 10807
38911 52 52269
6135 58 7628
43346 75 44607
6410 95 80125
688 8 87398
55794 2 85172
5652 20 75757
1100 48 64143
54557 10 64624
16755 26 56518
47416 92 78358
16277 53 93526
29088 38 59687
14253 89 63265
11505 77 46266
1794 99 52159
66899 17 96202
74227 37 80040
52283 70 99160
37480 59 78318
45220 74 58271
552 16 56882
47511 56 83502
76122 39 80284
3033 27 9858
19211 88 64826
59425 18 81958
66043 43 73271
24549 61 79091
44101 70 99658
66293 60 76126
85077 64 96337
35721 66 49839
7531 38 75388
31996 97 76559
43654 46 73297
95121 96 97963
3706 55 42660
11406 96 75538
19786 67 61915
15682 9 74995
51769 89 64619
49286 62 49768
47213 76 78618
17865 87 46903
94315 20 96500
42247 67 59874
63990 36 85946
14 4 17537
28732 42 86001
22994 44 25690
56779 24 99879
32727 69 87038
36720 47 74074
31580 80 73543
54286 29 92454
76173 59 87936
33605 93 64813
24519 47 48756
34411 89 47664
16128 54 20642
6737 61 24311
66831 1 81383
41722 28 83468
43791 20 75502
27509 95 68076
42703 35 90925
30061 46 96737
10216 74 33138
29180 46 99288
36007 10 56903
57059 6 74519
75264 39 99627
48413 14 79247
32080 90 57088
67814 97 89548
34689 56 46381
9494 74 56853
78197 87 94662
49290 8 96094
6968 63 38918
18931 8 59759
7423 28 81654
12645 87 97063
1691 13 1964
659 32 68513
42608 15 86436
34802 74 42616
22766 72 47614
38950 3 59838
51723 21 59772
52250 51 83874
31901 9 94330
18189 64 76068
15735 98 88531
14701 14 95187
21965 62 41363
84374 94 86785
32564 64 75900
13247 73 64075
18648 91 80709
33524 9 53398
94332 95 96675
26798 59 41999
3376 16 88668
37215 2 88924
3518 64 58463
15402 58 88833
71064 92 77968
49581 37 96903
2807 40 69641
7887 98 54616
28130 49 67444
80980 75 86278
53318 41 73511
65952 87 78384
31948 94 76185
15421 61 80359
38683 38 61554
36262 56 62701
4597 16 91661
28738 3 36660
42319 3 52536
16670 59 94863
26907 80 73727
55253 3 73172
20744 5 29811
6060 49 40857
11464 2 94719
47333 53 49736
58394 34 59064
2727 3 64915
48822 67 90265
13656 28 72395
41856 8 77041
1255 81 91262
23424 76 46250
59028 70 95339
17879 86 90776
15424 24 27647
51530 81 96597
33225 2 81436
43242 39 72128
2570 60 21370
77064 47 87781
64937 28 95132
251 11 38752
74310 21 79404
16749 21 92496
39593 93 55089
37217 40 75011
20588 24 34871
13283 87 17893
26655 13 93203
23696 43 87969
3355 9 36718
45663 5 86468
13498 76 61668
16233 49 39266
27768 13 76444
3742 9 65932
57515 89 88994
85539 66 87746
2455 41 47073
37265 41 95964
16863 91 52681
10400 14 14215
46979 17 73244
3584 56 45841
6975 61 47034
33853 75 64882
3196 60 55372
88261 82 93168
76592 30 87175
30952 63 56060
38973 62 51402
11352 11 49386
84954 46 99145
5162 90 32595
33106 86 94677
66475 2 87742
52800 34 83761
1325 90 30539
71506 63 79663
18037 99 68100
599 4 51472
17873 40 30314
12427 42 36809
9311 14 24589
2987 46 61475
57738 27 89924
21768 75 99868
72167 46 75516
43697 20 76312
20179 72 54781
74129 37 99663
69183 1 76971
2566 12 75206
59288 89 82882
80179 65 99678
41786 67 67568
11078 95 60991
28961 70 30147
23725 37 81603
744 28 40744
16241 70 48059
6984 72 60926
25351 96 41744
51578 19 94004
13906 34 39495
14606 45 52211
2723 87 39537
44963 30 89043
12534 48 70081
13026 69 22360
51979 82 74403
23982 36 70409
14709 43 20714
40526 50 57453
28027 32 51691
22460 75 34572
48214 32 53047
29280 97 63077
72664 37 74444
6155 61 79184
32288 10 38819
308 49 78435
36109 92 36475
53993 51 94709
41160 62 64521
41853 76 71103
484 17 68484
18502 92 25860
864 59 13174
86280 82 94837
73891 90 93231
31508 21 84307
2343 63 18058
11652 86 65354
7673 45 15825
93047 60 97390
67814 1 78129
56503 5 64907
38380 1 60624
20643 71 88537
34640 56 43998
28688 93 59382
40691 67 75961
23932 47 32795
5448 44 94156
46240 30 78507
8161 51 80536
68187 41 92893
70554 70 98435
31411 26 63819
33825 72 82447
63245 66 80045
290 60 60676
40048 29 96670
293 83 34574
29518 8 63116
43432 26 99850
20801 42 95315
59691 47 96091
26358 49 65262
18233 89 48286
30160 37 32450
49426 4 56841
17042 29 38400
73945 50 75373
7032 38 94449
19700 80 37719
602 55 86698
60674 6 66577
32145 66 40510
40425 59 76257
6056 30 98245
28917 19 38201
56331 26 91892
55537 54 81329
51867 63 54471
27251 19 98556
9875 38 10322
8500 14 56522
68757 24 72590
18834 19 50463
69747 7 89306
54817 99 55731
42996 17 98396
31551 35 47950
1655 20 76957
27022 36 52547
71760 68 86620
56996 40 65179
62222 82 63300
7936 95 48736
38709 27 56112
15885 28 99213
16550 48 40976
31414 66 84332
39585 72 73221
73152 24 94045
42465 97 93299
43996 60 57649
17855 79 54390
61555 48 77320
22929 58 88171
40473 74 83501
9521 95 72502
74302 32 89539
12498 62 28774
6230 13 34813
41537 48 44681
15357 56 52858
34309 67 77771
39892 42 98840
36879 62 63633
23203 28 74696
19352 38 60599
47610 3 85916
22557 51 97665
65330 17 75794
39901 29 48933
9065 77 70870
24641 98 57071
25465 2 84987
29985 90 76531
7545 25 77053
2300 5 37581
22780 77 66286
38616 68 45880
40340 4 96644
76273 18 92605
52949 61 80922
50205 25 99939
2670 41 3987
30921 69 76763
57539 64 83479
24281 69 45461
39120 90 72599
30009 42 59940
60264 44 67494
63902 51 88468
86334 4 88059
41500 97 55039
270 13 84333
9652 62 13144
22555 52 29598
31125 4 44951
80184 88 96983
53591 84 86561
554 25 71303
26279 54 72555
23694 87 51965
44643 80 46415
32170 52 46326
11486 70 32687
29248 41 70086
25073 28 81079
23596 16 66669
55020 86 98295
5960 93 77414
72198 56 95667
60541 26 98244
15670 3 47429
6438 32 57356
24332 37 31899
34137 53 82033
15500 40 57079
5355 40 21414
49020 75 96529
1425 3 34577
71082 79 80082
9990 14 10367
13292 32 95139
14470 32 14548
30368 23 62725
23053 5 68991
8115 89 26931
35006 39 85988
20634 100 96701
47977 29 89358
43574 34 58664
39320 21 93811
29667 3 35892
2792 72 41594
71490 62 75886
31967 10 39096
48327 55 60397
78327 49 81177
46404 98 80216
37731 78 55563
65604 23 88833
77087 19 92077
47119 32 72820
39976 12 76529
37752 46 89852
23133 69 79663
2893 56 94818
9379 76 35286
61448 71 73475
24788 16 97538
40225 52 44892
7615 41 98168
51554 86 62094
1439 32 78258
44996 43 66697
36477 46 41980
76824 38 99831
410 17 32933
14351 60 50504
20794 84 57799
13673 85 97409
65432 81 91867
5477 48 91042
6308 22 17121
2361 48 55307
10014 64 41942
31354 68 63677
39230 22 64478
2472 84 38007
8066 35 19879
10039 42 91671
53992 88 73330
743 34 11271
50864 89 79770
22178 39 74512
23644 91 30781
64894 46 77038
59888 86 74799
1930 15 63270
74149 9 94291
18342 39 68645
17730 69 18119
35625 62 89379
8818 78 93066
53940 44 64920
14443 97 82912
6753 37 83193
64075 61 76266
29515 25 56797
11438 76 91617
6920 63 72247
21804 100 78306
80118 93 84954
52553 74 83619
113 24 5954
7051 58 39260
16731 8 45926
11570 58 70473
975 57 28884
6331 71 86471
23744 18 42898
45233 55 85906
92628 99 99705
3653 73 83787
27122 57 40386
3330 41 96530
74678 27 80310
40132 33 69229
845 17 66554
14221 47 62419
33244 27 61836
39047 76 66359
94074 81 98255
24805 83 45267
1561 11 13794
19361 22 50880
76412 100 77214
6287 48 87393
32187 53 35089
21488 33 70993
25886 37 38119
7049 16 38283
46767 39 61686
26125 14 57798
3355 70 63251
42404 47 92134
34464 20 88379
25951 98 65301
28040 43 61657
18409 26 80374
21833 34 40089
70255 56 84253
32771 87 64906
39567 73 61443
45262 17 68179
54446 4 71783
60353 37 61416
41679 3 78787
36617 2 85985
88876 86 94365
15040 82 85217
358 85 92664
4274 65 8449
39876 73 78406
42917 74 54532
22434 27 39464
56050 83 90843
25594 69 41948
10335 17 20078
70324 12 84932
23079 97 59981
14927 92 48478
13832 80 76638
37669 31 53667
1995 42 58111
30239 37 69059
55898 90 99905
65076 64 95047
36916 18 97261
21940 17 91584
44965 36 91521
5908 46 65048
21141 24 59589
36436 22 63846
4116 5 79318
42116 8 96197
48519 74 89889
62670 4 68539
13808 31 81779
16437 10 85956
23449 93 65328
27105 26 62118
17349 8 29735
78869 41 98276
21296 81 56842
19737 97 36513
36620 63 44638
30759 96 91484
37686 64 68374
14254 14 24293
36516 95 37171
1460 38 15098
9151 25 33918
61990 100 84439
12625 56 96408
40460 88 68447
8385 100 93124
9833 38 55869
40273 78 71056
4040 27 5584
11275 16 75703
48985 65 89233
2889 55 21694
15784 50 94301
22679 51 79547
85073 24 95152
23810 92 82345
8905 11 28361
26916 98 31564
37517 44 40857
20414 8 32883
26207 62 90758
43770 97 97581
35824 5 90251
38782 4 68641
69616 10 85922
12003 41 18315
21255 63 92848
69754 33 76808
14262 43 37031
68860 8 91284
64897 7 97809
1642 97 64481
57957 26 97359
36904 23 99903
11507 36 60814
19665 46 81526
81551 44 86423
9712 97 74114
48054 87 88670
16055 1 97680
43839 19 88673
56169 79 82809
64814 76 85051
55897 78 89672
7441 8 76656
26476 34 43488
25301 47 98577
26991 90 54041
163 34 20849
58057 7 68341
8992 4 87060
43307 58 93652
14083 60 34482
14799 29 59985
58717 36 79269
5185 66 25730
8931 78 54632
46205 87 97840
49342 95 54236
59737 57 83126
7304 35 24657
19067 91 81527
50527 95 73052
41917 15 91253
16599 5 73186
63620 51 63673
44968 72 55709
8946 32 79789
20759 97 97953
71735 66 93678
16270 7 27996
4788 38 88793
30004 91 67261
86615 26 96675
56167 6 73823
965 11 73692
4190 46 15954
94850 5 97886
39177 16 89467
53483 92 78063
39027 31 53180
452 61 56377
14635 42 40076
19558 64 30000
65839 42 98263
30350 21 53668
29559 52 98695
36088 97 40962
770 57 43215
46773 7 47126
46500 10 75853
9146 38 90163
518 8 19270
31938 11 85092
63562 14 82405
52498 62 83623
65971 82 72754
4497 84 21991
6547 81 50778
69135 18 82812
23445 37 54456
34994 64 82199
18544 48 45386
25493 46 48124
61812 69 67311
123 45 11306
24639 93 44702
78743 72 98448
50937 81 99445
19412 48 83552
42551 64 53657
6429 70 65990
32324 83 32718
49450 76 51996
37729 57 56741
48801 8 50369
45376 79 56455
38210 36 89736
31067 46 64538
11191 34 34765
52797 38 55520
66091 18 79834
68426 7 90176
56598 77 63266
9774 44 19431
709 73 45048
2413 11 46440
26468 83 84443
6284 97 38531
21496 54 42850
37305 2 42073
14045 16 33398
5604 72 91590
21580 17 67843
23908 11 83012
49083 14 56390
17233 39 37522
288 64 33959
63889 63 84891
27974 19 77573
10532 85 80539
69368 32 95037
625 84 88331
2099 43 3376
50674 42 99379
36171 8 71870
20665 3 62905
16760 66 57999
47386 26 49078
57611 24 57806
30333 94 82797
49658 31 96857
23100 87 25910
40598 5 44515
51575 47 77336
65636 13 82836
39878 67 43602
9150 63 21910
49977 90 81086
12 58 41892
15519 100 58254
153 1 4532
16898 67 92571
845 65 54277
12445 45 27073
7859 24 94569
63763 42 69999
26502 23 88641
4155 11 10856
9585 3 13300
73094 8 84066
37701 8 74653
78882 51 97928
3702 91 74951
26559 10 57932
53799 50 55315
41184 53 60661
70520 11 76075
90632 42 99471
55871 54 81389
18263 6 95924
26990 82 73923
47027 93 68588
42445 59 59780
30302 15 60487
1342 15 17051
5844 72 89847
31013 22 83966
2178 40 63631
57294 78 66599
37948 34 57980
87606 87 92238
8099 62 23404
996 53 69554
33843 61 47953
369 24 57936
29079 23 66677
30981 74 43640
55428 68 68325
58712 37 81206
3062 18 11578
7665 73 20941
43732 53 62948
26476 29 66634
3947 91 17028
195 11 13497
72972 91 80993
19201 57 65120
20288 40 49308
29748 96 30046
69614 25 71194
67964 37 91589
16141 28 33999
21140 58 75080
47367 30 48338
62261 84 72023
13251 67 18375
11557 65 43526
7599 53 76895
24980 93 68188
57736 82 75284
57077 54 96088
37412 20 75880
35458 75 52575
27291 20 77952
78044 81 82222
5986 69 87113
20672 21 36595
7860 37 50044
34669 23 54897
3643 6 90000
61006 30 70209
68550 30 98071
6395 43 95060
6327 5 61844
19406 51 41760
61544 19 91030
13470 43 68892
38454 88 43806
35485 33 48430
10815 69 76315
7359 72 48203
8723 35 14701
31465 35 73013
7512 21 50055
27590 78 86869
71618 79 89769
11649 49 44506
28373 82 34434
90027 54 96417
85238 100 86092
13722 6 88061
56226 29 63704
31492 54 58107
53197 28 88557
2397 89 97191
13457 6 25485
44092 56 72784
48301 91 87907
24835 18 44770
60825 67 62938
8029 94 91439
6191 22 73005
43995 85 85348
65739 54 74477
69322 90 74395
21070 26 83607
8124 62 70508
3638 46 36204
3740 51 60167
18215 84 24261
1880 64 90295
52076 70 87305
79867 50 90409
41518 50 98392
14699 56 31003
58529 7 65918
52091 42 54947
21786 93 95120
6661 31 80828
19248 92 69166
30635 91 65623
29133 91 40822
41801 57 72015
254 44 16171
74666 2 83964
28027 34 81395
52992 50 61126
26082 77 79422
40390 38 75677
58192 51 71216
18769 31 63527
34891 16 36915
74226 18 97043
57631 33 98876
28007 16 41191
38373 2 90071
93752 83 99952
44627 25 75363
31289 39 81409
549 80 25062
18050 46 25197
54278 66 81829
8825 15 19351
36745 55 84481
34359 51 87143
24959 62 63811
26797 72 32647
27113 17 67536
46799 47 97028
15086 49 87577
10271 24 65994
45433 31 78534
31523 100 41003
21438 38 72405
39853 21 61156
43538 6 57615
47483 14 77094
3387 20 35016
50475 45 61356
79715 14 81625
22159 7 61987
5480 79 20611
6126 79 93855
47492 93 79706
23875 45 91288
17116 15 60419
70033 58 79120
17745 16 18648
9794 9 50283
40077 97 90308
71815 64 77325
54976 10 94707
17404 75 78555
14212 17 36180
60206 85 79572
6743 61 45016
34820 15 92950
77102 31 81210
511 89 41501
27706 19 82719
6092 97 85851
31572 100 41685
15873 28 92810
21647 21 68888
81812 75 95430
24141 74 31953
26567 35 34962
53360 49 62663
69828 20 71390
35386 22 57265
29148 27 80661
90942 51 92218
38952 20 74574
4806 30 78253
14956 11 47985
4554 48 5834
29251 50 54491
49313 49 52012
56348 63 90469
43273 79 51895
32549 88 59742
97194 86 98270
66911 4 76734
33547 98 79520
3994 37 58672
21609 83 80143
62463 56 84210
33004 100 64730
39025 40 71454
8931 11 17100
40117 33 89479
16155 28 49615
22365 84 37911
5112 47 81096
65755 13 93056
48476 38 58005
5462 78 23835
53696 36 88509
88175 38 91941
2786 17 95130
2861 59 87395
93688 68 97906
7088 97 96458
45776 78 46318
34687 41 69723
45242 98 66627
17351 64 58977
19405 73 95418
7680 62 67758
86670 44 86849
31460 1 72537
36557 92 47164
92543 5 93844
72244 19 84322
26114 96 87623
16988 45 23055
19139 66 45412
75085 51 80248
12999 69 24030
22350 42 69403
34951 88 96665
69689 34 85281
28284 2 88201
2290 68 87107
44501 52 44657
1345 78 98792
21980 19 74309
51421 97 89743
24315 55 99592
58571 42 77608
25351 14 93655
41927 64 60070
21746 48 51120
47543 100 74099
39805 4 42300
51692 76 74806
36452 44 73943
23278 67 30141
14376 23 49084
59715 59 63397
86867 70 93964
1238 20 9511
49066 10 83333
17804 18 21022
28559 43 53285
23551 87 92323
23053 26 40022
62683 27 78178
16706 21 59985
13268 46 21063
56402 5 84219
67348 82 75794
26950 64 87049
44644 28 86787
1492 7 20959
58483 12 99485
22620 70 45872
3448 7 46049
1504 57 14580
54528 22 82686
45307 41 90379
17558 42 33588
48430 53 95782
49090 59 51513
20426 41 85285
30876 72 77951
45535 8 87572
46790 57 69842
4060 26 43037
24340 18 91398
43013 94 77849
3976 27 61665
65900 11 90765
52520 65 54928
38927 85 51178
74779 35 77086
3277 68 86931
47320 1 53748
27523 34 91320
36058 60 66598
4903 98 22195
12365 62 86300
31931 30 78935
18341 10 63815
6169 61 38936
4923 30 38068
9177 87 77504
23557 5 39538
9763 52 96460
2751 75 78832
45208 81 57106
1056 85 11115
64262 43 96041
10959 11 33744
74446 31 87794
60309 52 80423
78127 73 86417
7795 96 73180
44701 94 97871
53425 44 96545
25617 40 35248
21250 99 27437
7435 25 94807
2230 59 92042
69960 82 70432
81372 32 90105
15112 45 40004
19990 70 34241
9272 16 97092
42179 60 90504
49921 56 93664
39105 40 86414
51409 8 80138
15809 61 53582
57828 79 97447
20441 66 72971
11748 77 35790
11109 37 25975
39731 12 94676
40223 43 71667
40749 50 80140
39879 52 84017
14227 24 98180
2378 92 89558
9293 25 67858
8857 40 44205
26396 96 95280
10535 88 95537
49910 90 70512
90451 94 94948
29970 69 55912
26573 53 33218
4103 27 58025
20680 99 33738
27847 49 92632
15076 11 75036
23107 46 61078
3738 9 45773
9928 24 51880
89200 84 94688
26674 48 91126
44198 22 60811
73008 95 94408
40743 98 82350
22105 94 89640
35652 89 68161
9719 48 26697
6580 3 65395
16877 49 37781
2640 75 60105
54289 100 97780
36900 30 71146
36039 76 47173
57352 33 98935
63868 99 94377
65182 61 73795
27469 10 52260
73216 14 73707
7936 62 20198
7405 39 81245
60433 5 71207
61322 47 67085
6644 59 22700
41066 53 61594
54380 49 67778
13026 63 66031
51332 23 73791
12554 100 62442
7197 32 10740
6385 39 44255
70073 59 71382
26508 87 99101
67708 59 69731
36774 66 71295
150 81 14177
7152 11 53382
88462 95 98281
54240 68 67652
21419 93 95619
6301 93 16002
95640 62 98389
49198 14 91458
19212 90 99649
3126 81 93569
7472 21 85642
43284 95 64248
69978 57 82041
12085 76 81241
42466 86 51356
11112 30 46765
12589 57 23685
53794 3 93267
14918 11 98524
85899 96 91543
11260 96 34155
10992 75 58748
1545 36 21244
76907 4 83828
77553 36 94616
2484 62 57129
59853 30 82124
31379 85 51550
12484 34 79413
64734 19 65211
32583 62 92743
16915 87 81685
86053 83 92083
81251 86 84680
858 36 40647
2149 16 81616
16041 66 69721
29187 58 79228
23170 20 92243
2108 49 87079
20428 78 39959
4203 32 51945
45774 52 99665
23445 24 51508
24141 19 62508
76987 72 91337
2595 65 63279
49226 51 80624
34455 63 94850
6334 97 16317
64890 64 69114
4885 8 27189
38760 55 40083
13233 89 69869
5605 53 86394
41447 41 89723
44717 42 57346
12279 87 96746
3354 92 6910
11882 26 81239
12077 18 18616
28418 100 64170
3209 69 63980
26845 19 84412
4749 55 69671
71270 90 76218
20825 62 43512
83183 53 86921
16692 14 73346
9581 15 63472
44707 33 68793
52029 52 57292
31938 2 41136
31722 65 86497
58652 19 86052
7855 38 36024
57305 11 89189
348 62 89656
72617 31 80832
6778 18 24509
26189 37 59328
11518 34 90328
12391 51 94729
51565 83 80443
718 5 79373
25031 44 28050
40519 18 49707
42003 1 71763
61520 7 90549
41244 41 53706
48083 9 95035
10752 97 57358
34872 96 42344
51274 55 52016
30003 47 43003
13036 73 17313
1456 26 25548
38591 8 68268
38455 60 80118
60982 87 75443
3019 31 49890
35718 90 86179
19244 3 90792
18149 19 68161
25522 85 35527
28438 10 33855
10138 74 32795
5187 47 66414
3261 51 56021
5149 60 78196
66345 27 95508
1506 11 36263
2805 37 97652
19964 89 75491
4440 52 47347
19603 28 69342
4243 87 53306
15051 92 57416
35681 13 50630
49822 34 93959
5119 9 85694
62746 8 83873
42961 51 90203
27112 18 42050
15515 13 46508
56951 89 72610
24812 56 81732
41768 82 92148
40967 83 81721
739 67 22356
41927 23 48108
40282 60 51176
13559 70 72963
18157 28 28299
40882 85 92283
76197 35 81767
21649 29 45095
33234 14 38857
50414 22 62627
58323 73 73595
88886 50 90673
32783 34 69234
61511 87 90431
27780 52 80865
93745 43 94865
17590 18 84798
30630 13 72009
19444 90 26783
85 87 6320
8383 86 75959
9673 57 69320
14576 67 73283
62572 56 87423
6650 50 55436
31842 80 32410
19753 58 39532
1432 73 37332
20506 60 40440
14949 73 46258
