800
7972 23 30524
32470 57 35478
13670 58 14875
22248 35 29155
8094 5 10732
17105 79 30005
5612 79 8898
2888 64 6392
18734 51 29325
17757 28 27394
20075 28 35832
16767 67 20770
7025 51 19634
10847 69 21295
1361 98 18062
13495 42 36699
11557 5 17960
23810 76 34218
13641 58 34189
6000 73 31451
21769 25 39379
8235 37 30219
31735 100 32870
14462 11 24040
28781 28 37119
15294 50 23260
1691 88 4950
3541 61 4380
1526 75 39316
6955 31 31211
17335 5 23252
2255 25 20519
22567 68 37621
27621 5 28900
19058 42 22894
25058 53 37310
5085 75 29269
25631 91 36824
3900 99 21969
4513 18 35549
8796 37 15630
1334 49 28102
5501 24 22022
14884 62 33666
28922 4 32699
10113 25 31812
10627 73 27015
7360 52 12994
913 93 21773
24084 51 35228
8072 67 39058
18445 51 38533
11921 79 14960
17827 4 23027
31450 13 37827
2915 38 30478
16465 61 20127
8514 50 38586
6160 25 18300
14199 50 32817
32410 4 34220
31450 86 33614
11850 8 17766
7648 19 32810
9230 71 9859
11749 22 23210
17412 29 31991
4786 29 31286
4950 37 11268
2402 84 5314
16036 91 35806
10490 56 29181
473 56 34845
6468 3 32940
2952 79 25330
10053 61 34361
4102 29 29256
13611 19 25142
13352 25 20335
32147 65 33133
23915 18 27055
11649 30 36521
9024 58 14825
3694 30 13647
8549 82 34297
27895 96 38320
10251 3 25428
1371 82 15831
5656 7 35589
25639 9 32934
30335 10 35654
7882 67 8058
15395 68 18999
17873 85 33854
14979 12 23048
11029 18 12968
15791 35 28978
9418 71 11041
22823 19 32904
257 84 2784
15018 11 28092
11593 45 16065
14688 77 24782
18971 13 38583
18667 55 28856
294 90 34654
17068 84 35203
21179 74 38484
5837 27 21444
20274 11 20948
1656 11 33894
12554 14 37489
3431 16 24354
3099 46 24690
6337 42 14571
1081 77 35281
8968 20 31271
13829 62 34330
21429 97 33457
14593 63 18515
1624 3 27301
1217 76 18259
8131 3 18006
16115 68 32799
28815 41 32850
30664 67 39928
574 38 22050
4986 39 28005
18081 79 27233
10170 85 35027
33573 95 38855
10776 15 35238
21077 33 22381
22908 16 33994
17787 63 26479
14573 25 32710
1951 81 3622
10807 71 26585
2388 59 19731
6714 31 28498
6386 68 28929
6124 81 12031
24016 35 28908
3665 78 23513
12514 46 17309
17326 39 39384
16320 18 19409
5848 89 8412
11343 70 31779
4387 83 33091
1983 51 25922
28999 25 34132
2447 46 4690
32474 65 36000
3358 60 19396
432 80 2613
901 86 36918
19126 66 33464
23595 4 34704
3915 11 9090
12946 19 28813
22280 39 33251
17720 4 31123
32647 49 39260
13003 9 32635
1954 74 26323
483 43 30929
13074 46 17195
2740 50 7313
18926 15 32342
9807 6 36714
1727 75 8819
9112 70 14105
1808 20 7221
15804 43 19237
15763 82 19034
22549 57 27706
4587 70 34328
31943 60 39315
8865 41 16070
1855 99 38218
22870 72 24693
17401 82 27275
15450 30 31791
18123 68 38129
13355 64 26230
27683 4 33801
11527 2 33037
4212 43 11766
2594 50 35750
9621 85 17325
28461 37 37184
28333 94 34475
5681 13 6019
10496 8 11004
19961 35 38600
20335 51 23703
6469 3 31087
9965 56 37439
2142 83 14545
1095 1 10727
5013 90 17480
9747 83 31653
21196 96 33394
25883 78 27450
4075 53 33500
617 77 27802
11215 36 27260
7575 33 12373
18133 72 22309
36360 37 37477
9830 39 38755
2788 95 4016
4823 78 33098
13211 100 32150
19206 92 34995
22551 92 24246
26941 81 37521
9641 10 32747
8 59 6006
5206 93 10818
19240 86 24192
6449 37 30401
32854 59 38039
3994 79 31127
2727 9 25415
1338 51 35570
4406 82 33793
786 5 20919
24546 85 38657
12711 44 34139
5763 3 7050
5330 81 32524
22773 15 32917
8102 13 33094
13885 57 18693
11663 58 25645
10782 72 27073
27673 13 32340
788 49 25991
15276 92 15987
32671 51 32871
20415 45 36155
19030 71 19545
716 71 30983
12379 16 36665
26549 4 36032
12972 73 35069
15742 74 35575
828 7 35784
17885 100 19674
31086 79 31187
12933 95 37887
3531 21 18937
1672 22 23525
14898 1 29757
14635 99 29719
2260 45 6704
20865 7 31486
2078 11 12598
7766 39 15941
4143 66 26958
15116 84 28841
17172 64 30719
29658 30 35224
12344 6 19396
16862 94 27745
11296 47 18253
8649 98 29730
9590 60 32788
1161 99 6584
2959 7 34951
31917 78 36907
4931 79 23920
20870 2 22294
1023 12 36869
22450 18 28817
3742 10 24729
3600 8 6691
5907 77 27163
23532 3 29041
27489 83 29214
12216 28 29806
9509 6 32469
10040 60 18476
19514 98 35083
14316 12 37613
6274 30 30986
3874 23 39990
9450 36 35959
1870 19 22467
10850 60 14753
22846 36 27368
13467 6 20887
2931 78 25875
16307 7 27777
16738 53 37901
17607 76 32804
10089 55 29988
18728 72 32928
5956 44 7490
7622 56 26058
21066 86 34331
8544 12 36429
24340 70 26330
8959 37 33746
9469 16 34023
24688 93 28317
10043 99 16100
248 20 8185
13429 86 33894
11063 25 29760
4770 53 21307
4097 71 5263
5311 96 38942
15426 7 39492
13900 5 27456
22500 26 24171
24658 7 25911
3812 67 29275
32411 80 38253
3330 1 38977
11665 19 35074
11415 70 28539
16085 67 31522
19216 96 20620
15028 54 29140
19942 94 32551
16726 84 30821
1753 20 28658
3369 85 11737
5845 41 14943
4785 32 12814
1756 30 20116
11368 93 29665
16153 90 22441
36181 28 37650
24340 98 32388
25762 44 38306
4584 34 34910
19555 79 37282
10242 72 36368
3168 64 7050
3450 28 38899
30788 100 36640
1609 63 26969
13658 73 24281
2288 96 31362
9385 72 30250
192 28 8479
7344 45 37726
20581 3 29143
13972 78 19937
31312 42 33185
31013 31 34263
8521 59 37455
5382 31 25129
24419 13 27070
1174 64 31252
10516 50 30472
3 10 36257
36825 21 38045
21819 69 26470
2895 6 21558
6275 15 34230
25251 97 35866
26400 81 34447
9429 87 26217
16390 42 35273
17960 32 37296
8516 24 26775
20140 9 27807
10856 97 13367
19090 8 29475
10445 59 20594
6470 71 9299
1224 86 6551
17637 65 39893
16757 96 31762
1026 71 26034
14344 96 34664
26999 53 27680
10448 84 20484
14872 25 18114
26207 84 33590
2577 77 17131
1807 32 18963
24800 81 30165
11721 15 37021
32691 34 33997
1126 69 20310
24767 67 38168
10006 24 14612
20431 77 29302
12876 45 32943
29269 30 39526
14155 61 18182
21482 35 23561
14149 56 32524
11863 3 14748
11680 7 27115
25298 45 30781
6159 41 10454
5657 12 7520
15105 23 39460
7179 10 31518
18125 87 21233
20100 33 35486
31032 88 38334
16712 63 34099
7254 97 30770
4059 73 22013
9218 76 29087
20080 68 22724
9296 26 17149
9037 48 11006
1278 88 7371
4078 29 36077
32426 18 39562
16893 63 21250
17316 12 33198
19784 3 33543
22058 47 27782
3770 23 37752
2713 51 39823
36125 3 39558
6591 74 36933
25682 36 34975
10690 62 21674
2827 68 32115
772 58 21723
1046 78 12673
782 90 21959
13687 36 32782
13086 100 38209
14874 98 25888
8961 69 15987
21629 5 34174
30559 4 32674
10947 36 39378
5763 8 18498
34833 25 38119
11879 14 14386
8271 64 11906
2366 45 36394
1758 14 32493
5550 7 24892
33666 37 36123
26085 63 33153
27949 96 34934
5207 27 19684
6569 86 19087
9488 52 27044
27653 95 31143
4507 73 25071
11848 89 17989
10121 13 23733
5458 1 26419
14912 50 23745
4813 22 15081
29962 32 37652
15748 67 23066
213 94 1464
10007 45 31302
7952 87 21241
1783 89 31358
29012 73 32430
5660 1 24415
19667 45 35420
19090 55 33279
11679 27 14349
14849 76 35230
3111 44 12531
14449 55 28044
824 38 3396
26012 52 27415
22921 36 31080
5753 29 27543
1597 43 32073
29884 47 33923
30028 2 36988
5731 39 31984
17470 68 39801
5784 82 38523
24715 20 27919
31855 70 37023
13032 4 34874
10167 38 19820
2347 89 31821
3583 2 15296
5025 64 35967
31582 75 36437
28503 18 31732
7343 71 32677
6826 97 24023
21992 46 28169
19568 24 27771
18402 75 24688
5876 15 37113
14211 80 37173
11462 34 30761
27940 34 29270
16300 37 37020
18038 7 22875
28786 5 28870
3734 88 37998
15973 27 19732
38344 45 38901
1559 20 21649
37818 94 38547
20569 30 31609
17141 19 25288
5706 54 34275
3095 2 16666
18145 40 20748
10896 42 37068
6906 47 7335
34614 90 37860
15819 46 22674
1587 40 11765
16515 68 28513
30007 63 30350
7350 35 19520
21158 57 34931
8509 1 38804
4510 4 5969
35701 47 37878
7987 16 32736
7212 85 12940
18832 22 34759
25380 91 39535
32692 84 39207
6944 4 25165
8744 65 13454
28901 4 28925
6429 21 26633
10848 44 30985
9553 16 25027
14458 8 21486
25468 6 39610
29068 78 29903
14294 4 17416
30052 92 33019
11679 46 17513
34930 53 38339
11556 5 30468
11152 99 27046
23016 21 25569
26131 37 35919
2508 18 5360
5854 87 17510
5143 11 29989
16640 46 38125
6518 73 18812
18896 57 22231
10120 8 32050
9357 56 20971
20084 94 37393
14054 13 33352
17571 13 31858
11321 11 35645
27520 83 37311
6844 13 29890
22254 37 35933
182 68 35467
1384 8 34859
958 45 13141
17108 37 25377
16867 27 35506
18175 55 30019
19036 7 39410
17874 20 30809
189 46 15536
2631 11 37194
5044 21 31110
4791 40 24524
6023 82 23778
25300 11 35673
24281 59 31290
6891 66 18313
44 26 15523
8662 21 37398
14023 57 31808
15477 93 32608
26909 88 27252
2518 7 14859
25906 36 31794
12118 49 14244
9879 78 35188
26201 29 38861
32821 39 33911
15885 44 17275
5114 28 8625
7236 71 23866
17795 23 32689
11246 51 21747
5452 48 16797
3036 2 13337
21838 36 31458
4098 86 17254
3940 74 4279
14879 81 24948
23293 41 28895
1091 44 29752
8585 43 15486
2159 76 5835
15514 92 17308
14092 38 28809
20007 35 27545
24403 16 31674
27671 32 33027
15493 37 29204
1771 29 39113
948 41 6220
10550 14 34537
271 42 14408
13866 37 23525
898 17 28581
10139 100 32192
12817 17 32062
9791 7 14300
7381 54 18925
2909 47 13515
27034 10 37655
9647 9 9752
11309 58 25190
9685 3 36872
7591 84 29456
6545 20 14525
24054 17 33248
2904 65 5528
25553 18 33331
2039 53 25512
14369 41 38427
32856 57 32945
8996 85 28993
23681 43 34436
17455 69 23762
1568 81 20049
12540 30 30834
16741 72 21834
2276 54 14608
10806 67 33955
6854 40 24387
13582 27 14540
8187 32 38994
18077 93 27001
27865 93 28237
21347 96 32149
477 34 38898
4529 18 27975
23211 16 31650
12527 22 14977
1458 96 4967
32199 20 32230
11 7 4636
30520 41 33574
9422 36 15149
3846 42 8419
28216 29 37674
25027 56 32699
11694 28 20130
4499 94 37872
15974 75 35930
7056 74 13391
3328 1 20835
5679 84 25976
26332 72 34969
30670 72 34803
15678 18 27550
29978 39 32035
8000 66 25671
2642 45 35863
11768 79 28875
13534 57 25434
33867 32 34130
23511 19 27327
7897 37 20959
2438 89 15024
31302 18 31540
19912 15 24189
18834 48 23219
29150 22 32331
4755 78 29866
20121 38 22440
20354 68 38740
34802 59 39313
5213 63 28356
26211 46 29024
12018 8 36175
16114 56 23441
18653 42 31675
6780 55 30897
21195 92 23076
610 32 4711
8497 39 22837
27099 2 35206
3050 63 15543
2714 51 27500
7625 28 13304
36179 32 39774
2587 83 25131
29639 23 33932
7814 71 28397
8630 72 36315
31963 71 38037
7303 39 28797
27144 12 30692
1416 80 35416
5075 94 33964
10320 42 37833
12324 89 15197
16319 35 18867
21457 82 27495
3551 43 16061
2903 66 10743
31350 46 36578
27654 86 35848
2378 55 35476
6355 22 30804
3964 89 29867
16423 11 21075
12599 80 25685
2480 94 22187
3899 46 37703
24730 94 30790
25839 42 37331
11383 96 22214
31868 17 35657
16053 7 29036
11291 17 26498
6167 20 19985
9103 65 12021
8878 99 32463
15341 10 18415
32174 49 39517
784 67 25805
18546 53 25930
5913 85 19098
3115 96 22245
16117 3 34552
11592 20 34562
20322 17 36479
28701 28 39834
26324 66 30823
1729 39 20847
20261 15 28341
2759 35 22211
28174 54 28594
36348 70 37408
28136 17 33016
16383 10 32888
30047 40 39592
3080 72 22975
3876 36 28375
3478 46 27497
16578 97 23934
13107 36 17376
14386 34 32479
23533 13 25268
7309 64 28398
25309 63 25617
16927 96 31766
23272 86 25607
15288 46 39576
1983 40 8473
24548 20 24989
5387 80 37168
2823 87 35913
11190 65 31396
3726 53 36575
29531 16 33038
33551 29 34911
4529 84 11015
12869 31 17902
24102 84 26817
5981 75 31926
22378 8 23027
14192 3 16138
3193 55 11253
29484 29 38549
1640 68 14079
14140 88 31974
24702 81 30625
15079 87 36174
25583 73 39604
10711 37 11516
7728 35 31991
19703 46 25545
15082 29 17162
3782 11 14565
3956 60 27671
11789 94 17619
15347 11 38793
3328 69 23604
26763 67 39415
23521 40 39720
5739 4 20856
19309 70 30258
10944 40 31844
