800
20497 18 30919
34483 26 39407
1480 36 4195
1795 24 5077
24206 90 39969
32640 4 37731
6014 92 20089
15593 37 19722
17008 54 19449
3219 48 25217
6303 67 36780
2754 60 14417
26832 26 38344
12594 94 16151
6526 29 12109
22536 77 28019
9050 97 35737
16896 75 35015
11434 54 30486
17626 72 33660
11911 16 28620
6284 39 20485
11792 98 33553
27760 50 37277
5192 9 11048
12968 86 20292
5494 24 14171
9447 26 13979
33351 84 38550
22916 51 34351
2620 28 14366
17913 26 34108
10098 8 15937
25013 17 30382
8848 51 26606
1046 35 22518
10554 87 31459
4865 29 28723
12402 2 23917
5092 20 21924
19549 58 31025
6362 45 35800
10395 30 17994
32245 52 38255
31073 77 34212
469 45 34696
19169 52 31405
8241 50 33868
5759 54 15203
4168 16 25110
32991 83 38387
4374 43 29502
945 17 27824
2548 91 22971
29267 66 29395
21668 83 31513
19477 77 29963
12611 13 31743
6999 61 12233
9881 73 16947
8786 50 32243
11232 19 30625
11743 33 27207
10921 18 18896
17230 89 31547
18368 7 31619
28460 87 38229
15874 43 39597
26933 89 38383
3290 43 35820
9844 86 18388
1200 53 3193
9073 85 24167
24564 4 26052
2359 24 24188
25782 81 26450
19980 94 31468
3158 22 8578
13970 100 37731
5482 36 10362
2360 9 29059
11586 39 27683
13192 80 29846
2927 85 19627
29356 31 29801
11559 51 39543
3436 80 27699
8478 47 22693
9339 98 13736
15946 67 36751
3860 11 17356
3099 55 8397
1767 52 26531
6054 45 27394
31830 84 39769
6407 54 39024
342 35 33781
862 41 3177
2812 49 29736
13099 97 22880
12378 23 32943
30156 64 35614
22037 67 39081
13805 90 31401
8503 40 31445
6093 62 23170
10652 1 12564
14252 29 38136
37940 55 39832
995 72 10877
4371 21 31586
14733 51 38221
21492 25 38657
240 19 16752
4804 83 21375
279 64 33147
6973 83 20257
7949 45 27014
12823 25 32844
15135 50 38419
25832 46 28638
30088 31 36664
7308 76 32523
448 9 23692
27257 54 38886
5534 24 11809
7948 92 36004
1269 80 25037
14072 56 32076
23538 63 32550
27783 41 39438
20589 97 29170
12999 46 27141
2970 37 19181
10114 12 31422
4960 33 38717
27311 7 35116
22 79 1183
2092 36 19428
28537 14 29869
4008 22 38787
3670 92 20207
4340 50 19846
19003 72 21354
21521 23 29479
18500 79 28377
10982 10 33224
10840 69 30411
3016 91 20956
6832 67 14110
28635 18 35777
9395 19 38342
13239 50 15812
18625 43 27369
27156 11 30102
33862 71 37231
23747 1 26497
4595 5 8792
4485 48 7137
29790 47 36278
9230 91 29866
392 40 2297
1517 63 6713
10523 76 12713
22904 87 28174
10656 87 13544
16425 24 37038
1157 93 32918
20600 87 24254
95 50 39066
18659 66 27363
13963 67 28921
6712 52 31653
27662 31 31318
6152 83 9675
12989 36 17082
28048 64 33160
4791 96 39654
25791 88 32755
21430 3 38426
21340 5 23137
33387 5 33450
14724 80 31036
13804 58 25199
856 84 31724
3189 6 14476
15195 52 29938
17034 53 28357
7691 49 30583
17761 84 31600
908 74 1682
34385 63 39053
2872 7 14243
31739 13 38123
604 97 6877
23656 100 33523
12571 24 36871
11024 85 12862
3758 87 29580
3252 59 18395
31571 81 34140
34075 62 37133
3100 44 10709
9634 97 22931
20824 38 27469
32962 37 38085
17737 32 34703
5364 90 19298
17751 93 35488
27958 44 38744
11080 64 32922
20462 64 32964
13714 47 24996
4583 58 7288
14022 43 38646
12463 72 16847
11860 77 22878
599 7 25460
6284 39 23203
8794 26 39540
29692 14 34711
19245 9 22977
18281 24 27166
1013 6 7206
21096 67 23708
15653 68 36877
3914 100 18063
3793 8 26954
26934 93 34952
7163 8 23837
35008 41 36867
3965 44 4764
13852 1 20486
17912 80 27361
34661 84 37346
5444 99 16987
2469 43 24471
30519 65 30742
3642 7 33746
4176 17 32888
18135 80 24601
23121 54 35119
21703 15 35815
7067 38 33880
23641 97 23861
12191 51 16115
12542 7 33414
34145 63 37368
8569 4 32565
8386 33 11677
5451 18 20931
12257 3 39745
2329 37 16795
19315 45 22837
35275 60 37655
14161 45 20679
24989 26 28062
6608 93 30972
24876 93 34922
6673 14 36269
16465 35 33585
305 60 4797
2353 6 21330
27391 31 30492
17436 97 35243
17621 89 27919
13720 47 17130
18173 10 19042
30005 28 35227
13782 12 15533
35592 33 37415
2876 10 11977
5771 38 11939
9033 68 23721
9081 14 27019
16004 13 28753
2709 39 16322
1332 9 30086
24715 15 28483
6210 55 31198
17505 99 31982
3321 100 34221
3633 36 8020
10615 11 32053
13972 49 17934
12376 93 38207
12016 71 35739
3988 8 7712
6317 34 30193
16114 77 39311
2950 28 8923
23837 54 36724
34647 42 38676
32069 80 37471
36587 46 38547
13171 41 37490
17474 67 39763
13273 12 31123
1107 14 21866
16413 21 30208
10581 30 31518
24719 32 27957
3888 27 30520
9270 18 22731
7859 63 25704
6396 19 22441
4199 4 12300
12851 92 33368
22011 57 22461
7692 87 39967
5071 82 14659
283 4 4402
11508 44 30153
10066 44 27829
17819 77 24305
29202 59 38147
25930 84 30560
17944 1 21479
1690 76 37309
9591 29 16155
16978 81 34989
13516 7 37942
8594 35 31984
18254 55 26836
29156 22 39831
15009 76 32707
8422 30 37888
26716 31 26944
24620 30 26809
14889 97 31331
16616 45 34739
3243 84 37352
7287 53 25241
21249 31 38994
3733 66 20326
19603 75 20754
26784 44 31905
18162 25 27713
11111 72 16731
2608 94 26363
5726 12 18460
32795 66 36000
17772 94 36870
11547 18 33082
25138 78 28012
6893 75 28538
5218 21 24758
12402 43 26319
20518 3 24479
14901 66 29747
16855 48 19586
19497 70 31329
6349 4 16210
2319 49 31140
15606 35 28093
1806 29 12306
5627 39 34436
7585 74 20028
14610 56 33053
2372 18 29731
21339 71 35371
36 65 37869
2817 78 28645
20595 31 37077
14720 21 15817
5464 24 19157
26218 19 39992
598 70 1360
5357 77 18351
20484 15 27641
3820 8 13908
5727 37 11988
21052 64 26142
25475 62 34362
29082 3 38681
7194 39 17513
20189 50 37909
20995 27 36602
18526 74 21419
8841 99 21940
14243 35 14887
38735 6 39917
7459 28 9140
728 26 2191
19012 11 34822
19253 74 27205
18254 8 36015
4376 28 13526
22934 60 38145
21331 35 24321
14357 28 17137
23152 65 33821
34363 80 36786
14214 99 34234
2146 35 31253
11766 12 12593
6239 45 18800
19410 44 24820
6978 70 32061
7196 46 26339
35008 18 36685
308 49 18304
2969 57 4223
9233 7 28850
9342 89 36921
8528 73 31205
18112 81 19059
15730 38 32918
16475 52 32693
19613 49 21498
17323 91 28946
310 48 17540
5214 38 27226
14736 74 39981
3664 90 17402
17140 42 24046
15204 49 35491
21257 84 28047
11700 77 29789
5725 1 36244
14025 96 36427
11598 53 13714
4256 45 16092
3709 68 26681
30461 18 38159
9469 50 38518
1025 28 18191
2079 65 7145
25551 2 29989
10848 90 35878
13270 50 36447
9240 60 16419
2523 94 7348
11286 27 29023
33302 74 38390
2562 55 30870
11539 77 35518
24753 98 28599
11880 52 27695
27651 29 33768
301 35 39954
24498 33 34182
23112 99 39988
32545 1 36950
9939 79 34191
9407 32 12291
26388 91 30969
32309 31 38105
19535 66 31700
16191 18 28668
1586 44 11046
7714 86 27796
23776 38 33619
1640 39 30754
37741 99 38725
9261 65 13767
24783 6 29643
16951 65 35863
13774 55 18056
9826 59 12433
2589 58 13665
5120 24 30403
11007 99 36894
36877 20 38428
29656 41 37159
20031 78 37796
27946 28 34701
8219 19 23325
4892 68 32721
11353 14 30084
14864 24 33778
9054 75 26495
32003 68 33063
9795 35 16005
14531 21 23547
2828 18 8541
13046 96 15058
16093 90 35897
36287 16 37495
2121 28 12736
6025 3 13866
14344 60 37122
8350 41 20977
31807 95 38235
15245 47 38554
8041 1 30209
7965 12 20184
5588 78 13583
10842 43 37147
738 73 2691
32663 100 33185
31161 17 37253
25995 42 33509
3683 34 23063
38432 12 39070
9250 30 30418
6208 82 7473
4877 60 19467
31823 12 39139
17651 16 29859
2893 99 15826
17918 62 32043
8209 59 17769
32392 41 36495
6930 50 38430
3936 59 33325
5420 19 36111
1992 48 7132
1049 1 16529
13285 78 18699
5389 89 10122
350 52 18385
35258 95 37054
13979 31 38867
12858 65 26305
1429 87 37980
26983 10 34366
15654 17 20325
5733 97 29760
7154 65 18202
14650 64 32527
2797 68 17526
3131 15 38230
7701 40 27515
22440 61 31684
5944 40 27857
16162 86 34913
16334 5 30391
1322 40 36720
24053 98 38684
37 52 5291
27187 84 38776
13864 80 22893
23123 12 34817
15660 35 39352
4034 68 13941
23520 1 33474
5702 31 20600
22805 28 28617
3293 18 15528
1857 65 34203
5014 84 20602
5989 42 33980
1591 16 6514
2753 27 19704
16438 67 31786
39592 65 39838
4026 100 28038
30029 57 38307
5785 87 16786
31663 30 32050
12474 59 24474
5645 76 10945
3869 32 10631
372 2 3633
15423 12 36484
13636 20 24223
5543 45 25586
33488 30 33720
18489 91 25549
2937 21 24480
2728 72 31443
15473 36 18668
18207 53 21341
3092 13 5981
33176 50 33649
24588 54 39579
11409 19 36152
14963 43 36502
18474 61 38911
19365 23 37770
1935 52 28239
13475 5 35217
671 56 23330
3037 91 11808
19533 83 26992
4792 56 8119
6413 48 35054
28837 10 30665
9948 11 25488
4433 45 27623
13914 43 34418
5900 71 26424
8179 27 23678
17093 90 34719
7298 58 12497
30014 44 30814
16391 68 33699
2251 30 25470
9395 44 23844
18798 32 20360
29590 6 31632
13134 27 33902
15659 6 38245
3973 78 8631
13278 52 35840
3632 39 6272
1732 86 24798
2544 23 16832
11984 88 21169
212 62 17334
1604 86 2377
642 30 25484
2788 21 20017
561 21 11001
2418 73 22813
3023 52 33163
2762 22 3713
8111 25 22111
20877 77 38687
560 81 7635
7428 44 23749
36399 26 39316
15603 5 37769
1732 31 26291
32848 75 34958
20403 61 35673
844 84 38142
28207 2 29215
14702 43 22927
33939 73 38372
4909 80 24988
7741 14 38352
6897 22 13563
14678 19 20799
4385 28 29305
33374 53 39959
2957 97 15836
22536 29 23677
18953 71 23959
23059 7 30736
17467 74 19249
29716 35 35881
22067 81 27352
10522 57 17696
25167 1 34258
3571 38 24275
15199 8 38879
23029 72 27871
7018 34 29447
11616 93 23444
2645 36 39542
20984 38 36617
37306 82 37616
1539 62 25981
20814 91 36101
13135 77 14472
12221 47 13642
2985 8 16273
5633 62 9049
9331 75 14061
12102 79 28616
6489 32 34198
883 68 29724
37213 78 37575
21555 5 27936
12291 35 36826
34168 32 36182
1868 100 20675
36401 78 37237
23104 11 36521
20888 1 34920
8132 98 8334
1260 76 34279
13798 24 36147
24173 68 24628
28549 11 37101
26107 77 38502
32645 50 34577
36707 8 37374
25726 41 29909
15946 39 28717
21564 95 35410
4990 39 6081
10619 29 37296
16166 69 19179
1617 10 25877
11212 93 19735
32824 58 36382
11299 69 28628
4608 94 23905
15157 61 19572
4093 37 9756
13407 15 18380
15246 26 26830
4991 52 6365
3497 87 24622
14329 86 24274
20719 48 25512
9470 58 22127
12652 94 19464
9765 20 16252
20303 36 34384
16602 51 22645
7059 91 36868
1807 66 16245
18563 16 32474
1972 33 39989
38955 5 39680
35202 23 37197
34731 81 39551
1195 83 23774
16663 78 16895
63 37 30909
10789 60 22452
10268 1 33798
20452 13 34574
26585 1 32031
17340 57 17510
9453 11 22927
2152 55 8145
23679 50 29469
7485 6 8608
4926 85 32193
12460 34 20320
23489 71 26775
14214 5 37303
29130 79 30321
15445 10 17197
35399 79 38125
8253 62 35325
18158 51 24485
15613 41 35447
4950 73 15051
24391 55 36752
29773 95 32800
2198 88 7630
7301 96 10805
8075 47 15019
325 41 27001
8595 35 16437
8693 2 19613
24834 65 28996
4172 30 29754
27063 35 36853
11512 21 18219
9088 26 37718
13583 37 19490
8968 82 9498
9574 98 20939
16797 14 34233
23312 74 37875
25934 57 35618
1233 89 19508
2311 64 8242
11141 62 32733
11771 25 32859
20214 94 27783
7394 53 17730
21176 92 30463
28576 64 37305
4699 72 36302
36083 42 38281
4393 57 5853
21695 52 33098
7405 56 15753
10674 94 30993
4590 72 17272
6805 46 35723
934 40 19010
17853 24 23280
25065 80 35343
4212 2 18162
9094 40 37753
21811 92 23069
28744 28 38238
28750 56 35977
1883 49 15637
25840 25 36928
21154 94 32038
8704 19 27293
30004 83 38711
19090 57 33681
14778 41 36499
25539 9 34836
11668 23 23201
1337 6 6322
3410 23 27746
12125 51 24045
18079 65 32135
6256 6 35294
7088 29 33540
11967 62 34464
32094 54 36312
6619 60 28127
23134 89 25923
2138 30 33311
32972 11 36768
9302 63 12086
34942 40 39720
22668 16 29282
724 24 6054
962 30 39518
10893 66 17813
33269 93 38548
8998 96 18508
21473 97 22762
4482 81 17728
10033 92 18699
11854 26 23579
