800
10724 65 29311
9085 96 31871
7011 20 13948
14930 92 24703
9908 1 32665
8853 70 30673
523 75 38360
13409 27 17483
18846 20 38333
396 43 27862
10475 76 36386
28569 66 37426
3901 77 23702
30910 66 39586
5243 62 21169
30274 46 32286
13124 71 19724
30254 35 37089
18896 28 28058
15587 9 37670
18726 21 38382
245 85 6269
1155 19 7234
7298 6 25870
10281 76 39344
26062 59 30428
2117 20 20270
5924 32 33131
22220 6 32037
24232 27 36182
13397 93 13843
15877 84 23509
7357 18 36020
4392 59 20854
3330 64 19426
16157 1 32992
2022 93 18945
30974 62 38529
9821 7 12698
15652 1 21125
14828 84 26573
14170 57 27367
22948 65 23589
14599 75 16821
19719 6 34642
10625 7 31374
15411 94 26342
504 69 29474
315 42 18661
2076 24 26116
169 86 25776
8744 37 26575
16262 58 19592
5350 22 11333
7728 59 8312
5637 99 29914
5763 58 32667
2147 94 6245
5416 56 33134
5832 83 10432
15494 21 19938
36836 31 38806
12444 1 29362
1038 41 26881
11753 86 37068
29624 19 31514
18165 91 29020
16978 97 37821
10886 29 32047
2658 45 31753
18643 78 35194
35884 1 39746
15136 48 38245
14430 16 31052
22065 71 31934
3946 42 25062
19879 32 21194
6279 15 31068
27623 3 27627
2993 8 35122
7040 49 15217
4737 79 21104
7597 55 39385
18464 49 18821
24698 8 34127
654 42 6355
7994 8 29262
11121 21 22174
3481 31 30711
27434 49 32019
18664 91 29232
27804 25 36861
10205 56 37409
10778 28 33490
6798 53 15698
17530 3 31595
7784 24 31286
14060 93 23299
3449 45 11291
19108 64 33874
380 25 31342
8612 2 32162
7962 89 17768
1196 99 18349
28450 31 31035
4482 50 23794
15152 90 19039
1321 27 18995
25557 46 26102
7162 15 31391
21840 2 28382
33942 47 36738
22942 17 28532
17698 60 30420
20784 64 37217
27163 92 32776
12270 65 25179
29863 67 32640
11472 79 15139
18163 62 39398
25722 83 27735
1274 63 37080
4479 26 25804
15764 59 34063
27585 90 31143
26546 15 34833
11303 84 22025
10950 44 29223
2091 61 25323
30068 54 38416
18864 92 38627
337 89 4208
11016 93 31259
33235 79 33764
22370 54 26217
35313 75 37168
13047 7 18767
18770 6 28195
6660 81 35964
11033 72 19383
2298 26 28951
21635 15 28889
5871 87 22457
5942 30 7539
35201 14 39817
8673 1 28691
18156 92 39292
9955 62 37756
25084 81 37241
843 69 26021
2733 100 17512
31449 73 36370
23478 2 24422
37576 23 39643
13592 42 24953
24460 13 31718
6047 80 29256
21489 76 37166
13395 61 21971
30057 63 34215
8504 15 33772
10385 81 24915
2823 46 11834
26750 35 37585
10124 10 12545
9805 84 28610
9778 55 19529
29572 30 33073
32867 1 39910
8876 2 39154
24318 85 25486
6887 25 31745
21557 4 38031
23341 77 26546
9619 24 30627
5988 67 38422
6218 21 16741
10919 37 26467
17845 71 31354
26128 66 31885
25387 100 39385
17022 29 21302
24631 62 33174
3050 61 34950
25519 7 28442
32910 29 37559
16168 38 22728
14859 47 36402
20137 79 23249
23803 35 37360
25240 49 32449
4542 9 6980
12158 2 34057
6284 29 22428
7312 2 33383
14666 71 15044
10737 85 20896
1767 40 35109
7518 27 34758
551 33 5034
20475 25 37116
5131 9 5838
1087 33 7142
26400 86 30250
953 27 13657
15061 35 28081
16152 71 32423
9873 8 27220
16795 38 28127
38106 11 39139
21580 20 37839
14562 87 19681
3460 96 29956
19868 79 35632
22132 84 35667
8044 1 19104
1251 2 3183
6803 2 33078
3078 64 12395
12600 26 17034
11134 95 17470
16918 78 18125
6027 18 11874
4957 80 27961
5367 36 13166
4050 43 29724
12734 25 31061
29541 10 34547
22746 30 32937
9015 74 35154
14066 64 36139
4160 16 22918
1998 77 16243
15948 7 24954
3449 18 9639
22265 73 34928
4303 44 6518
31168 99 34218
2580 43 6753
2011 20 37755
2034 16 17074
20835 96 29412
15970 56 32248
17904 89 19777
23601 18 31959
12010 65 15028
9997 55 33503
21325 4 37405
13219 52 39504
29998 97 30901
1175 94 27457
34212 66 36019
3254 17 29744
7527 7 14868
20470 99 25303
32505 1 33986
10255 3 14446
10453 75 31683
16001 68 23398
19680 1 36974
21528 66 27859
27388 88 32745
14720 92 33908
7274 19 10734
31387 53 38406
5242 93 28200
12674 7 36996
10344 95 13581
17656 81 28477
11744 95 17578
479 20 14337
14511 9 30991
33363 25 38803
7231 38 19327
15414 80 33219
151 39 19344
4467 44 32212
1022 17 29839
6261 57 16307
30303 44 37498
17996 64 27606
32060 60 36411
18037 93 37361
5930 66 21297
4591 95 18748
18805 28 38120
5642 8 30735
24508 28 29733
3671 10 10850
2776 35 26743
2404 17 38953
20260 44 25091
12716 42 13205
12226 34 29123
5629 51 25460
20431 32 27412
8634 23 26647
5238 15 35739
24440 62 25338
34411 52 35798
3547 87 4701
24712 89 26365
27986 14 30516
14914 37 30843
32958 97 38727
9570 3 37166
8232 65 30973
13878 89 22285
7356 70 27524
2804 7 11634
1202 81 19434
7726 82 15935
12026 27 13612
20953 31 22610
3484 66 31519
27437 15 33611
384 4 29842
1720 26 30030
448 74 6090
4172 22 31844
6634 13 18944
7102 69 37335
33344 85 34892
2938 47 34196
3076 80 20568
642 49 4303
5331 52 15904
5063 1 17488
22810 26 35860
24788 94 31078
31998 84 35793
13079 32 29457
22403 8 36504
10296 14 31197
8443 58 16255
13599 86 39763
1191 96 4560
28135 57 36231
6099 75 26237
9259 43 17704
15661 12 18699
7178 55 30583
25115 33 35149
16874 33 36123
22870 44 27069
10783 70 26497
7396 31 12715
17253 41 19299
27431 59 31452
17327 77 31062
7255 65 11840
9471 20 35849
14733 87 20554
12546 52 24113
11412 51 21956
11872 59 31451
366 96 23444
8850 95 34164
9062 67 18407
381 9 27725
26504 97 26901
1919 56 5735
12605 49 16941
12620 31 20027
1809 5 35006
24421 2 39774
17454 91 18015
4894 65 20010
29230 37 33511
30208 89 36447
6026 58 24626
17176 3 20843
13403 49 16269
17761 65 38481
33371 90 34196
9394 77 24615
21416 89 31273
8508 96 37225
2621 10 16173
17166 25 20918
8272 2 26927
29525 72 37036
14579 62 19534
7414 86 10194
11780 6 31219
3493 24 25776
20234 96 26607
4443 51 8977
209 21 6703
16090 55 29808
10502 29 12894
578 79 29214
17532 52 34723
8618 27 21626
9570 98 23112
10229 64 13571
541 82 17862
22631 72 28185
2978 80 26741
414 44 23557
1535 40 5752
8627 4 12007
22921 5 37136
6164 36 36815
3131 52 25274
2609 46 9996
24580 85 31420
2104 95 35486
6963 89 21226
34925 48 35802
7262 91 16589
13911 6 16214
5697 31 33012
806 49 18211
18664 59 35092
22927 40 25326
20779 28 26199
26779 20 34510
16861 92 36933
25326 26 36245
27464 34 29859
26713 17 30614
10137 80 28872
3146 25 12325
13714 69 30098
22442 68 37467
1932 78 26260
14004 83 31568
8590 61 33097
13718 52 28088
12661 1 20236
4433 27 16458
20977 12 32258
24224 9 33878
14569 56 25025
31137 73 32269
4807 25 7300
31770 53 38607
8332 20 29678
17259 28 39679
23091 27 34456
36674 68 39674
586 73 15210
3152 35 35577
21813 100 25274
13018 10 19188
21486 55 31667
4122 28 11971
28559 44 37653
992 99 24205
1678 53 20005
15065 46 21920
3762 37 12592
36439 4 39158
789 71 17088
19543 65 23698
2621 49 15676
12656 24 29467
7403 85 39523
12733 66 36964
16873 19 28706
11075 64 15831
13253 83 28185
9178 85 25474
17788 18 30522
579 77 7301
15372 21 28427
23178 1 28425
28083 18 34014
15835 85 36966
1243 69 35777
3429 12 9502
1935 63 4198
17357 75 28793
10740 54 39261
9858 31 34415
27033 66 31438
16545 93 33779
18042 48 38651
2440 27 20426
8424 75 29856
19395 69 34578
8858 53 18444
29702 69 37801
10087 46 10445
2814 91 10794
8230 88 39237
12465 38 39833
22940 16 34198
28127 40 38206
708 13 954
39070 70 39833
2966 35 36743
6591 53 10388
18969 87 30272
1196 77 12834
25828 36 28857
7320 36 20522
19742 6 28460
1345 89 15530
13164 94 21022
23845 87 32754
22590 63 29433
22498 91 24345
20907 99 37168
1616 98 29986
1200 20 4992
17936 58 31462
12364 46 19700
10034 14 37191
14320 2 23237
2569 76 7023
344 1 12932
4170 78 25250
33049 93 38295
22894 11 33910
16289 50 31466
14114 2 14324
15859 39 17142
1626 51 34057
12191 37 23049
6992 4 16588
14595 64 21684
9931 57 18562
12873 15 36545
33853 22 38301
13434 71 23158
17937 95 19029
16964 80 37869
3148 69 34351
21668 60 34485
29382 45 29752
4277 70 29821
35579 28 38865
27929 17 34775
30369 52 33147
1471 61 15569
14039 88 23944
397 33 7421
5322 46 35071
503 9 24481
5586 36 31292
4506 16 12400
983 84 25523
24026 91 37084
17852 53 38503
6512 58 28792
17614 77 37246
15524 38 20862
12874 47 33174
2015 86 10621
5843 7 12300
2976 21 23008
7464 73 25729
5303 5 26172
10212 87 19830
21515 26 28729
8994 28 28484
4048 26 21940
3858 92 31831
15780 92 33623
23736 19 36201
31415 13 38204
3019 81 3424
4921 52 7238
17725 58 37044
24916 79 26782
35875 35 39110
12648 29 28397
16311 6 26891
2893 35 21272
10006 87 23569
9156 21 14528
23254 48 32497
12897 21 33377
3314 7 21995
2819 89 18184
9883 57 21007
12353 8 25474
789 93 29033
12668 56 26894
14240 90 28504
4501 6 7000
9870 70 12187
7302 62 11910
16594 74 31899
1089 59 14549
8178 97 17748
7249 85 34254
27876 88 34213
13796 35 18695
5739 25 31594
12410 99 31818
8301 54 22091
16343 62 18827
20885 85 30291
5295 7 36188
22147 100 32153
7358 45 16221
18942 89 21231
11432 52 19810
24782 4 39353
16934 61 20937
30246 34 30852
14108 33 23157
4870 79 10975
6693 18 24708
37228 27 38564
5659 81 17642
534 8 9741
32950 78 36324
8375 23 9316
10435 71 38215
4234 15 32197
20759 69 25646
8209 35 18062
6819 10 7572
13116 84 17992
3332 95 6467
17723 19 25340
7884 4 23680
25982 48 31802
5475 97 31928
1961 6 18411
6412 83 33281
14827 15 29964
28680 93 38232
267 49 1176
31897 27 36330
17149 88 18388
34820 17 38863
12061 49 33492
7702 12 20756
19342 5 32686
17013 70 23059
6296 86 25374
7613 78 10315
19393 4 23891
4214 70 37968
34943 33 37342
7630 14 14188
21385 92 39330
9294 35 13512
8649 54 33793
9687 39 27618
32576 82 33881
4856 22 23019
13099 20 28033
18061 18 20177
17655 71 27248
2687 12 39049
12775 11 16514
6947 78 29866
25784 81 26904
1597 95 30759
4752 12 36426
2586 32 33147
9236 21 38916
16143 7 19563
20758 24 30699
15906 95 20316
2037 36 22470
8854 2 30269
12161 60 33221
159 17 9324
12701 88 30005
7428 7 14234
30942 48 31713
1649 6 39905
20276 34 30273
549 94 29389
12793 17 32178
34021 12 37340
16721 15 29550
8915 100 18397
21346 25 30409
16116 87 38428
2467 47 39671
3147 29 29890
10769 35 26186
26752 41 37374
53 25 32492
4557 38 6725
17440 42 26659
26138 93 39500
1202 46 23725
3988 16 23118
15364 86 29512
2214 73 28714
21518 99 30309
27298 43 32823
1150 2 31346
20586 14 28246
5078 67 25350
30408 56 34205
6813 81 37452
5551 44 9403
3022 90 34315
27066 77 35946
31142 73 31929
25219 26 36585
7264 75 7905
20988 54 39149
7398 83 14741
661 24 4901
8031 75 14031
19117 49 23208
7773 76 37057
30608 50 33291
3031 23 23077
8144 34 26520
16381 80 27752
10687 2 25038
4375 98 10478
262 27 5351
7676 50 34474
29961 83 36228
11997 9 32454
29310 34 29757
13632 50 14452
9429 4 32148
4218 56 11535
800 76 15013
29523 96 35537
8397 23 39664
11980 2 27686
13514 75 17452
4305 73 14539
20613 34 24867
12765 29 38259
2022 17 16024
2474 56 19136
21077 33 29593
3846 40 25880
21885 17 28157
14826 24 21301
5801 5 5829
25655 73 31232
6893 27 39084
19942 44 25937
7143 17 32223
2994 74 24954
26358 77 39929
1740 67 8643
29226 27 33421
2144 28 20536
19432 56 31063
447 97 29371
3941 52 13014
19420 71 34443
28078 41 29056
631 37 37565
4859 71 35272
7322 74 17177
16053 91 27871
27153 97 34428
23120 52 34551
1696 34 18582
1632 76 37032
26541 89 37673
2748 18 36256
20741 50 31008
8864 82 34097
5739 25 21984
6374 22 6561
4392 51 7163
7008 51 7210
14747 27 26766
6709 19 30025
24799 53 38637
5699 39 33732
1876 43 32404
11070 62 30823
1243 29 3326
390 58 18242
33245 50 39075
31149 40 33865
6963 17 26554
20756 25 34931
31972 12 34398
9813 27 13763
10539 83 25307
30387 48 35189
3523 100 30941
29570 53 34653
3499 87 8428
14744 34 18768
4753 23 17357
27235 92 37939
19649 49 35787
3034 9 7324
29105 44 35322
2944 65 37489
36346 22 36980
6435 51 16595
6081 78 9082
31490 21 31829
338 7 20654
15413 52 27235
18942 27 26041
