800
9032 77 24385
11551 50 17956
17367 1 30028
2393 20 21492
23405 47 34009
28004 26 29440
5978 38 8039
9510 49 16614
2604 34 24527
32656 65 38052
2806 41 10508
28636 80 34782
1624 71 18835
5042 12 20503
19566 55 38219
7679 43 11890
6461 39 25370
16826 10 38738
7303 17 12135
948 9 23688
2302 76 8249
6732 86 19859
13370 40 13551
256 77 9530
4722 47 12902
29272 84 39165
3417 30 20445
17608 72 34950
3893 54 15199
14885 42 25864
4296 9 14880
38656 46 39438
37893 11 39073
8690 79 22959
5591 59 32185
9932 61 27144
11482 80 26183
5323 85 29244
13442 5 37947
19583 41 37187
6986 51 29457
26434 22 26526
13147 63 25692
5625 30 7947
28027 5 30941
4359 73 18970
23935 68 34273
13490 45 28376
15447 93 17389
1881 54 17900
9274 83 39205
8157 83 15090
3972 87 33333
18341 38 27387
4117 27 28562
25389 6 28342
9123 43 15655
23105 1 24144
11669 79 23253
3876 87 36162
16670 62 17168
27187 58 36824
1388 54 2543
13544 21 27562
993 8 21489
6552 47 12908
10513 46 12287
25730 14 33229
8214 72 35871
2007 11 16525
5624 11 38836
14097 100 30605
15871 19 22836
9144 35 32141
9951 95 18974
33705 95 39049
11162 12 23898
4050 88 28128
617 57 26205
27695 64 33456
4126 94 12030
14625 78 39478
12584 60 34273
6637 42 38677
8199 11 21389
26775 89 36144
32530 98 34036
5245 60 9502
28576 13 31041
13311 89 34469
10447 74 19439
11117 25 20480
12073 17 39851
2132 45 33731
13614 6 27313
3242 31 27081
7279 7 30836
25012 54 37317
11606 65 28020
17421 65 27784
2303 19 4470
1526 57 28213
323 39 18893
10374 22 35469
14873 65 22460
4375 56 38029
18033 83 28860
30112 57 33179
2271 32 9145
4731 54 29755
25756 70 31014
13207 24 33170
10891 77 34474
6038 74 21910
30220 38 33458
6262 74 19243
29125 47 36493
11394 99 33442
20830 31 26726
9804 90 19315
14943 56 37382
18021 57 36038
27185 39 32317
5978 73 19084
13443 28 34057
12816 2 25091
24790 78 33886
17288 25 37080
922 22 37996
5677 8 21443
6310 3 17709
6192 35 27279
3706 85 20749
15712 2 23872
31883 25 36767
3630 95 30739
9827 22 23746
10102 53 21106
6096 87 8598
28604 17 32256
18523 43 22840
20212 21 30135
14747 25 20762
16797 69 25737
2402 42 28221
29948 49 34114
21089 29 34926
6215 57 34804
9695 88 36663
6174 61 12794
2321 77 7751
3354 94 37523
16325 6 24349
14360 43 33495
5309 12 24085
6256 89 9379
5555 49 32749
17069 8 30987
20833 17 35742
590 32 35040
2019 51 24867
1994 86 6141
22699 8 32317
5118 28 22908
2251 35 12142
33589 40 34411
24724 48 32483
16109 40 39690
17440 23 29390
2394 59 7168
10543 41 14532
14619 18 29364
9672 37 23278
16786 31 27121
1329 34 34395
4345 98 37377
12210 14 30992
35214 85 35872
18548 43 32606
132 4 26335
9101 58 36907
38570 12 38926
12695 29 30097
11686 31 20298
5128 11 19304
29411 52 30986
9582 14 16210
19123 17 22954
21272 50 30257
7427 64 37514
13194 83 31907
21462 86 27597
32484 55 39535
26737 96 37223
7758 69 17609
7352 50 34208
13378 49 19767
11533 11 15847
3870 10 33403
13555 60 35873
28351 56 36018
1709 70 5051
5567 33 16991
30725 63 33804
10660 81 22145
13852 74 26487
13299 95 30870
9318 10 37433
14999 44 36229
37753 27 39792
96 38 27634
11001 84 27297
4811 52 30827
22484 52 22844
16273 57 27706
2597 31 36375
1582 33 11874
10725 35 19428
11563 89 28013
27130 34 35820
2794 81 33071
16137 12 26291
32005 82 38429
6701 7 12480
5993 75 7962
28372 27 34268
13982 100 18131
3591 80 39272
1003 78 22803
36137 21 37419
25207 100 26394
19939 80 20826
32252 7 36491
14105 1 22343
14205 6 38847
23335 44 31603
26122 63 31883
14720 36 34702
21293 82 29229
5132 46 6747
28227 92 37788
9510 65 31900
18976 78 38695
12588 43 39545
8054 47 38853
18301 64 22314
501 11 34252
26019 70 33035
28186 81 36185
13234 33 32663
8366 13 22119
18703 47 30490
4600 12 8297
313 17 37792
21212 33 25967
9843 65 17230
19500 60 24641
14040 87 28914
3936 42 23512
7413 60 21456
30337 79 36043
8591 78 10104
8751 56 14052
8486 22 19506
2525 79 28098
20629 88 24471
8639 52 12678
26714 2 35770
4788 95 13923
16955 77 36390
32162 48 34781
1041 87 16044
12759 48 26552
1016 2 39084
3130 27 32765
2048 64 7312
13633 12 36904
8121 60 39249
32107 100 36977
1432 79 11071
20853 29 26228
1623 32 4675
13650 87 33210
4860 28 33058
24185 87 31357
16190 59 25936
24681 12 26800
10025 58 33675
32590 56 35464
7256 30 31324
3584 6 11200
9813 44 38243
13587 71 32787
2466 93 15012
13576 18 20470
18889 10 34855
26398 60 38714
18943 99 27832
24440 12 27088
9899 50 11999
29844 3 31634
4639 38 38692
12801 18 21593
790 85 30758
28306 51 28990
1098 33 15209
668 25 38736
7616 43 9562
9163 89 24280
8789 37 12823
16093 5 17501
19986 5 33297
17003 10 26733
16877 32 37369
1025 44 21814
7551 9 16137
18458 25 38373
13565 10 21767
4218 99 11068
21483 88 36483
24652 19 32564
3705 36 34179
12814 27 34190
11613 65 31827
16414 78 26277
16684 96 21484
3755 61 37462
6177 2 22183
22641 1 25151
29304 22 37363
14229 86 22466
17394 59 17804
19290 44 19885
3958 71 36667
6008 22 17590
9911 51 23909
15449 48 31423
1051 97 3310
3458 86 3616
20262 26 30605
3049 41 33219
11678 43 30618
178 12 5909
9789 8 13355
4241 5 9932
1469 24 8742
6855 52 31112
10353 33 23260
24379 46 30097
943 6 9479
13791 48 30725
6100 3 9755
21903 11 24699
5999 20 29229
11366 41 38169
19181 99 19910
31015 87 38432
9592 66 29297
4448 48 11221
34608 74 39731
1545 78 28391
7732 27 21448
2256 24 11522
287 100 21578
24494 69 37268
5606 90 34497
12142 73 33796
4835 58 22883
4455 44 24868
7436 52 18753
35 95 156
22383 80 24219
875 73 24832
3791 41 28594
1472 84 32957
19453 83 21640
10739 58 34696
21079 99 26969
15473 60 27076
8874 20 24405
29667 35 37313
4107 8 29196
121 74 37992
29026 18 30649
10492 8 14981
24640 13 38280
30282 67 35695
11624 73 30057
21228 69 37735
24604 3 33172
27488 56 37749
7011 70 34624
27917 82 33665
28071 22 39787
30008 67 39229
14772 50 25833
16252 37 25731
23721 51 28237
358 38 7810
19865 56 29429
1148 22 4894
8781 99 25692
13256 91 33838
8425 47 34776
5306 86 15876
10828 84 35638
760 93 17690
4606 11 30247
10351 83 29717
9475 32 13013
82 82 3442
19735 58 37353
7722 63 30304
27815 30 34549
17601 34 31266
14941 81 24924
35634 71 35991
7059 24 17901
21100 97 38152
4015 79 23364
17714 75 34971
729 78 1208
20539 42 23129
3636 18 7626
20214 38 22215
8039 45 9288
16055 43 23069
3681 5 6639
10605 22 35947
6273 89 17459
27138 64 38290
29817 75 32837
14020 59 32505
5957 38 29211
5218 17 26141
22206 58 31752
15728 48 22234
31015 3 31458
8693 34 35754
7671 70 19108
11912 67 18988
36149 81 39222
14857 43 19576
18222 97 33971
1501 35 27641
13263 73 34362
5965 49 23325
5694 55 35544
17434 81 37412
15409 81 38370
4031 76 17505
4299 76 9830
4696 78 5985
2364 33 35093
23092 97 26742
7996 20 32951
2561 3 18442
18608 49 27139
15048 92 35807
3682 19 19107
33667 48 34265
12556 41 27870
33430 64 34202
13971 4 33617
34806 12 36034
1574 17 4171
26287 36 34928
24554 83 28559
16268 54 34734
5730 31 38014
20454 11 30476
5374 47 39074
27821 15 34029
28951 53 29291
10344 60 37538
27880 47 37825
27220 91 31850
5043 13 25050
16663 97 19164
27431 4 33926
31910 18 34270
5241 96 34889
12947 86 28888
9926 81 34964
24227 17 34346
6862 90 16335
11505 9 33196
5819 30 23527
5624 74 9815
12733 56 36574
20456 20 27879
9592 40 19305
31915 25 32871
14058 26 16378
9690 10 39665
20733 2 26306
2803 8 3670
11083 48 27952
32038 53 36031
14902 18 29283
4517 29 4968
16243 98 29800
9529 53 35591
7096 42 22227
21554 24 38084
4891 15 35788
17306 25 17585
8628 13 12349
45 41 2357
22118 56 37225
24493 95 31199
13690 84 28048
11500 54 33970
29078 92 30863
312 16 2755
34352 46 34478
9881 24 16101
4278 99 12418
22097 12 31520
13927 42 37608
36509 66 39223
5399 63 25369
18259 29 29899
2548 28 33503
9668 25 26849
14360 2 28968
13025 82 30412
8612 76 15168
1979 56 3447
8479 52 11896
458 25 17641
1410 83 7287
31724 88 38093
8982 15 17245
11722 30 38633
7457 70 30468
22528 53 24614
23769 91 35151
2598 1 26456
8373 51 29747
28558 93 38946
8148 96 26165
22670 7 37479
10367 32 34852
1955 42 24777
2752 97 33345
10974 38 13104
18695 83 28503
1832 20 7238
809 91 28825
6916 22 29280
22354 46 30958
28443 48 35348
7227 61 11827
10187 87 35299
5449 57 8957
28864 63 34328
4429 7 25591
2038 22 29500
13446 22 19777
7163 59 38813
18047 58 24362
11341 2 25713
31261 81 31543
17235 70 18222
5131 97 9416
21816 66 25132
14429 19 24932
10748 5 22039
14648 26 20875
7975 27 39977
15383 58 18916
25706 47 31527
1380 75 33336
3760 42 31230
8096 23 31746
11670 15 20901
5934 4 39245
31424 54 39483
1368 100 38498
26740 88 32146
5040 23 14857
28837 16 34730
16836 20 29392
8446 10 36811
783 73 35790
11468 35 35425
9149 67 22821
16765 62 34429
7239 32 8197
5664 70 35226
8487 96 22674
7018 38 11587
26782 72 32833
20880 21 30062
23866 63 34844
7599 15 22026
15046 100 22789
11246 82 33611
8949 90 36297
21489 5 36264
34766 20 36092
17418 38 27334
494 40 2900
5169 23 31873
16348 88 29485
10364 91 39587
13011 58 16996
2386 57 33194
5991 41 34175
24258 26 34285
16838 11 26773
95 12 3288
11347 41 11645
32064 7 37404
8658 98 12749
6569 59 26277
17977 61 35897
7905 15 26042
3467 63 8676
22659 25 25843
6398 20 19220
8609 48 29641
6489 60 12427
11567 23 25787
7106 69 39606
5685 66 32567
35129 66 39447
4323 50 39843
24217 41 27685
9051 41 23676
8032 82 28862
7761 25 31353
6050 70 6584
3881 30 39748
16568 73 31395
12910 87 17463
11157 93 34590
6155 76 38107
24941 47 34674
15488 94 24501
6798 69 33037
297 12 37255
28453 39 37297
3312 96 30654
4367 71 21527
5692 83 8175
14624 39 36168
11732 27 27295
352 97 34819
10844 89 32393
3528 63 7860
4322 32 4640
115 36 14232
14420 61 14809
7892 63 38622
16663 93 37643
12042 66 13027
17119 57 32396
5267 29 24860
16248 34 28328
12807 37 29921
24277 98 36771
16443 11 23289
12972 26 33301
1335 100 24871
2689 55 26055
29951 20 32101
36296 78 37417
30797 49 38729
30029 74 33730
980 16 8689
10965 69 18982
18328 68 32357
26734 20 39448
15511 93 29882
10525 53 34311
4744 25 32336
8785 74 25650
5872 61 11501
19595 58 27505
2189 66 22290
29205 78 30946
15210 98 35856
19643 75 39677
22255 74 29996
26688 1 29496
25461 52 31076
3363 19 7361
16175 6 28041
16185 3 34858
4592 62 31537
15633 72 22413
20454 31 34951
2867 64 16303
22030 86 32773
892 31 36243
13798 90 15433
27507 42 36476
2799 6 36265
25913 37 36980
23898 70 25252
11868 10 13965
19136 70 20552
12256 37 16178
22704 90 38081
39651 79 39926
17841 71 28725
11686 87 20671
8303 46 31207
20561 49 26636
16777 56 28535
11997 65 15027
964 85 5786
31203 68 33129
5834 29 19767
2166 38 17696
201 16 4342
26994 45 28000
17567 8 26940
31176 89 33069
9694 39 28685
1162 20 2629
15414 9 24790
4128 16 35039
681 73 4985
35236 6 37965
30524 91 34384
21725 62 33939
3237 46 33790
25255 90 27794
8846 10 38914
35146 45 39901
27068 13 34446
11042 99 31612
17648 66 26000
22750 34 35746
8984 23 10188
3862 47 36904
24411 20 33955
8286 35 34259
22871 8 30801
14040 37 15976
6676 5 22293
6172 11 14785
134 48 12955
6717 89 32651
6329 60 11350
9648 76 34177
18802 67 26848
12911 54 20487
13200 47 39070
1608 57 11136
3122 6 9686
29812 35 32800
2082 24 22646
12820 71 33400
10944 91 33351
752 59 23562
27848 70 33078
9573 80 29429
3703 95 35902
4142 78 38790
5021 4 32392
3607 48 23940
38109 22 39455
23054 32 37533
12549 89 33691
9429 85 23936
25581 96 32657
16360 21 38406
7254 22 36694
1662 75 2860
6273 47 37850
2403 36 2803
3292 25 16794
12385 88 32744
531 92 5891
4881 72 29888
2174 3 2379
10202 89 38286
10803 99 19687
8233 58 14349
2379 74 37594
19730 80 38056
30267 97 34706
10754 66 21933
8050 19 27014
5199 9 6422
12372 97 21443
19972 8 28183
36433 30 36468
2812 10 25310
10538 36 30108
30503 9 32008
34658 56 37164
6253 56 23683
355 79 23269
3855 95 34381
5611 30 19124
