800
33503 81 39501
13517 36 20448
33143 70 38028
2990 82 28401
25501 98 39292
10296 73 31033
7784 20 30944
786 99 18476
19665 25 35470
4054 83 22163
12972 64 18446
3870 39 19025
20350 51 33045
6407 14 7541
28484 23 35541
3519 8 7057
12358 68 36858
14983 53 25595
10374 89 33878
13793 29 26931
1192 79 38429
6588 43 10916
32916 71 35427
29354 65 31991
5669 9 21956
8006 41 18325
18786 23 31499
6179 15 38222
101 100 20284
1759 58 32110
20615 97 33747
17797 57 19180
18410 52 33889
23336 57 25699
29696 74 37644
8202 49 27902
27322 60 30917
21519 77 37635
36658 61 39189
26632 64 31837
22510 66 39827
7826 72 32462
11667 42 25709
1275 16 23418
9508 49 11050
9475 100 38285
10172 48 32587
5763 3 26775
11849 88 18726
3661 50 31204
9841 75 13373
15982 16 38553
17367 67 23804
11592 72 26932
9731 13 21263
22561 38 30618
7236 42 34234
34312 43 37630
6525 80 8422
1479 28 4774
25500 14 26031
12623 3 23890
32320 64 37916
25307 12 32200
23073 82 29971
7779 35 25069
26411 10 31512
14425 71 21985
9169 47 11985
3031 38 39823
13421 74 25931
11776 99 39647
26402 40 34138
3140 47 35470
1778 48 13021
34557 30 39934
12304 3 13360
12123 51 27822
25221 53 29040
8152 57 8637
21140 12 21816
4369 96 24304
96 15 33259
16075 70 39238
29299 47 36297
2591 15 37214
11821 88 36984
7037 76 31163
15922 54 33343
4441 21 4688
34691 23 37511
16784 52 24865
3566 36 32923
11602 6 20484
5484 45 32857
16402 43 33059
11360 40 27173
6989 32 32498
1457 43 8285
22634 62 25959
2195 46 32223
22198 41 25749
5688 30 39436
8041 8 21774
9181 9 16312
23198 18 33705
3022 65 3564
22027 89 36030
7930 100 10938
21010 70 26875
2223 81 9395
1210 51 39967
5404 6 31224
2954 21 34434
6644 26 32274
7235 99 32404
24629 64 38165
8006 52 22968
10737 76 35592
7581 35 28546
23235 66 32065
22662 7 32632
8458 52 35142
12212 85 37901
27212 48 33534
5421 58 25333
8697 49 31987
24404 92 36851
9688 92 33915
16792 51 27382
7111 57 31704
9122 64 18255
22228 73 25187
29747 45 34329
171 56 3073
33397 7 39466
30996 65 31576
5261 6 19287
19311 25 31577
2618 80 17125
17008 59 29422
7950 71 11716
5025 49 32813
24703 94 34122
10160 62 18165
9335 82 15123
10894 66 32647
334 94 853
22442 45 34755
9953 65 34127
15796 60 17764
5225 44 29632
27742 47 30541
17466 25 23594
36760 70 38762
7635 85 33663
8315 10 23056
18050 14 39257
5195 72 22978
4780 21 16423
19922 2 32130
16658 26 19753
14255 94 35500
29310 45 33633
7001 24 34435
23011 91 28092
6746 46 33762
18342 69 29652
5419 55 13150
3949 44 36056
24951 65 37700
2188 12 16789
133 3 37830
27324 68 37566
9742 3 25024
58 54 14587
73 39 7427
29370 24 38073
23120 40 30530
20296 62 22732
8992 95 36316
38189 96 39089
11011 7 35409
4308 18 16347
5641 14 9600
11907 9 17150
6989 39 21934
3023 96 15223
6700 40 31029
24156 2 27018
9502 67 20858
1912 88 6591
7485 87 25411
24070 50 30149
13708 88 33533
11763 27 21048
23887 91 33389
14797 90 22938
8472 29 25804
3493 51 39628
1103 86 28350
10645 67 12101
15322 84 33156
20562 29 35351
28621 5 37196
9847 99 35653
3589 86 28060
6312 27 13431
11603 3 15556
32742 14 33257
15289 42 19975
17736 62 37228
5130 62 36652
623 33 31351
1989 98 17661
12181 93 38099
7154 27 36455
36778 37 37770
33253 13 33778
15305 25 32978
28366 14 33306
14225 30 17198
8299 3 15273
5041 33 31296
25172 57 36660
26374 7 28511
11372 60 14452
22612 87 23858
9496 81 33844
13562 31 37754
15203 95 24292
8638 60 26087
11578 62 12173
3019 42 6394
12832 85 31275
22884 32 34800
1398 22 33775
10903 77 38775
12723 88 28110
16377 17 20770
2665 91 23519
8882 48 12063
11265 100 19415
1380 70 12864
32752 35 38467
2628 41 22379
5990 28 21484
375 8 22103
35080 1 36251
26966 4 28237
36547 34 38308
35565 2 39356
3613 22 19519
14595 1 24758
16330 47 21649
17407 9 39742
12777 18 25821
13564 45 28220
28330 10 30899
8526 18 18086
3201 87 24848
27162 16 29421
400 8 6632
21055 8 26895
8038 75 22111
21682 93 24449
12440 76 34614
1942 61 20927
6516 33 18957
34831 99 37611
21223 61 34821
22788 1 30418
32921 91 33047
7703 81 30949
4558 5 35441
28958 73 29831
1679 73 35759
14060 80 32981
5429 17 16951
2846 18 39159
20560 42 35426
5539 38 25827
3413 19 34709
19671 56 28019
4268 17 38763
2816 93 24404
8994 73 23388
34189 19 37920
20832 7 31773
7883 7 36583
29429 33 32828
36657 6 38217
7294 26 11613
9101 66 33761
1377 57 20373
16495 95 36376
30990 47 31947
5700 26 9914
13444 80 14037
8150 2 31710
25441 3 33466
819 15 10647
34337 83 35953
28798 36 33294
1453 39 33300
25525 46 32217
10931 5 22534
28606 5 36651
34620 47 37092
15157 3 33948
27538 11 31052
29190 75 32777
4046 84 36879
25617 76 28938
30338 83 33689
22251 60 27886
20319 48 25645
2274 25 29774
22485 75 30250
28928 23 39030
16477 2 28689
8374 28 13521
3663 40 35733
15700 66 19799
2321 84 21328
20001 85 27645
30370 16 30852
24128 46 30392
5666 3 15967
8387 39 32354
28902 54 33250
13078 26 16578
3135 88 3437
28948 92 34579
18292 80 31973
15725 80 35621
2493 41 7094
9537 90 39132
19078 68 29993
35979 29 39300
4769 60 12884
14493 27 36674
23779 17 25300
15518 16 26955
23902 8 32775
27748 7 35042
11866 1 23098
12212 60 37103
22447 94 38064
11160 7 31163
17665 28 19768
12373 61 20365
1380 13 4399
26879 99 38685
5082 16 34250
14802 31 32890
20489 42 27873
16205 47 24670
11778 48 24147
27287 25 29178
13580 32 33698
13727 92 37360
15791 52 17269
13474 16 16438
24332 5 30288
9180 32 37191
19455 100 19560
15219 27 33647
11319 69 30480
20909 32 30823
24559 9 38621
3913 47 9008
2575 2 35230
34257 60 36369
1599 69 35338
20516 45 37451
9261 12 32534
19681 83 33450
15528 72 18402
4565 17 10658
13585 15 18759
21738 28 21998
23057 72 31425
38475 27 38987
12420 53 13475
13827 1 14778
2523 71 36101
15847 24 38261
24414 27 27238
18042 74 27071
3725 24 19762
15365 2 31207
17455 15 30490
2895 21 3073
6217 28 7908
5587 66 27541
15441 28 23399
10578 43 24597
16932 70 37945
490 85 31319
11137 6 32495
30419 22 37022
25239 97 33970
6776 56 20541
10102 95 31697
13733 82 39146
9252 87 24835
27155 38 33290
20658 89 30862
2134 61 3806
26752 63 34867
7630 46 17900
27607 70 34831
8232 9 27977
2160 76 9815
12568 69 12967
16167 62 38904
26598 79 29249
23890 66 30975
1043 65 30210
3049 2 29511
21713 94 22622
1933 59 7549
8251 76 38831
18881 65 25835
37056 3 38114
6380 79 34932
2127 42 38623
17643 100 32178
27744 33 34800
8467 93 25952
33449 5 36687
24006 14 29257
11401 79 16247
16161 19 34700
14915 79 23052
6351 73 16474
7148 44 16009
28539 11 29518
21280 34 38837
30700 33 33675
2783 64 5471
11183 97 28800
5154 15 33744
9278 63 10423
6853 17 36064
29230 21 30895
20240 36 34806
8819 46 19784
3064 14 27962
23708 34 29661
2557 92 26848
16099 97 25701
21212 2 34332
22759 2 26994
6936 12 9136
26879 53 30008
15869 84 39223
28334 45 30574
3836 76 27652
27394 59 30734
2985 21 11783
11509 62 31573
19817 89 37681
2609 54 15164
5362 18 22038
19346 4 37440
16003 75 16478
25811 37 26907
13199 53 28475
21842 71 33895
3212 34 36637
30382 39 37743
19705 17 33625
28529 18 37178
697 88 33495
21952 22 24913
2847 65 4879
28098 30 28856
16530 7 27215
33462 2 37380
18747 53 33896
2585 45 34720
4928 10 22690
11915 34 26568
19408 57 24878
18909 68 28715
19242 37 38127
27048 65 32020
5575 10 22199
8447 37 11991
24308 26 37935
1340 58 13955
3304 73 28181
13461 43 22344
416 30 5593
24022 51 35565
21172 42 32377
23136 62 24203
20260 85 29342
17707 86 32259
105 86 16970
3055 71 30892
14167 42 28128
34990 6 38779
8814 32 19066
8153 39 31697
13367 56 34743
35399 18 37263
11849 72 16644
8426 45 35716
4029 60 21071
2854 60 23929
30647 38 38405
1754 43 21481
2619 90 32910
4075 76 11366
9054 35 28353
19755 34 32839
12873 99 13374
2591 76 25457
29195 40 36433
16858 7 36274
35303 54 37875
18662 2 29395
14225 50 33848
30117 93 37871
13818 50 20938
27426 34 38136
21287 94 27790
10447 90 38259
18506 55 37131
5411 100 6290
10765 93 21875
6247 64 34687
8605 32 37523
17216 57 26730
10445 31 26387
2446 97 38639
23526 27 23906
21207 92 31626
34754 62 35629
20197 45 38358
13686 24 25984
11090 13 32145
26277 9 29275
9984 8 11143
11376 57 21601
30891 45 32238
31145 17 32670
6014 11 10514
21771 12 34023
14768 35 34480
15781 53 15858
11650 1 38326
1247 4 32897
19929 75 37748
9863 40 37107
2773 68 28615
6234 92 32989
27641 70 30970
11138 47 17110
22771 85 37563
4645 23 18124
13919 46 28226
1886 51 18256
32832 96 34463
14455 38 33977
15146 43 28884
15166 73 25839
15616 43 32185
8894 31 26169
36844 29 39275
25368 58 29763
2016 43 34933
15834 1 31260
14386 76 24544
27024 5 29476
6750 81 13908
15508 64 34518
22292 35 28569
20653 1 26564
10188 65 19132
4512 39 4731
25720 10 28053
36460 22 39805
219 1 24262
22785 74 30288
29070 33 38166
7598 1 38254
12498 72 39486
30630 87 32198
31057 1 36504
32580 83 39350
6580 48 11556
4595 55 24126
11325 21 21529
17097 19 18387
30347 82 38400
2192 91 9966
3549 57 5919
11170 13 37565
13523 80 23721
4003 99 33945
5238 82 32886
2455 41 21763
33345 3 34674
21867 33 38691
15121 57 20608
15471 39 29617
23837 19 34727
11002 84 35632
33473 58 33811
14240 78 24978
14343 78 38178
18386 65 25089
18796 58 39618
29664 89 39256
17129 9 32212
12937 95 29483
17172 61 24221
7064 2 34483
13959 4 20382
21321 94 28031
577 68 38642
12307 43 26170
11519 85 29567
2489 66 10249
9521 74 37849
11393 24 24535
6004 38 18451
7112 27 38711
25121 15 36616
12345 38 15375
207 4 21338
3427 26 30415
33462 22 38306
9569 89 34377
10105 59 39964
10000 9 13226
3637 81 37504
18197 58 24870
5278 1 35072
5365 61 20208
3571 53 37562
34386 77 39027
26056 30 38798
30039 67 39595
4616 52 13523
3309 41 3732
8612 56 29167
7379 25 33958
2193 41 21429
7053 52 30885
10582 66 33626
32532 1 38495
31121 39 38245
19728 30 35112
6495 16 25642
8102 71 33808
23892 65 25918
9285 15 12517
4883 11 27830
4313 51 22952
34812 49 35031
16058 96 29577
2854 86 11549
3985 55 23667
12984 19 18352
10350 36 39483
7150 30 13706
20082 48 31727
3603 41 21901
10757 94 39257
6990 45 26173
2122 16 3861
17096 77 27632
4826 63 34336
32431 61 36414
5052 82 26160
2715 88 11092
8500 80 37933
23193 19 29088
21883 94 27166
10555 15 11025
9510 100 36566
18548 18 32276
21754 11 30421
2541 56 37862
9601 79 24980
13204 77 30004
6303 85 10552
4928 43 34751
29174 2 35627
11592 68 19492
17303 82 25770
8013 67 36521
17507 97 24498
13120 47 32981
13372 11 26256
21817 72 23361
12139 65 26564
3387 90 29811
13828 89 36884
12130 23 38313
7978 90 13507
7291 9 19158
30669 81 38832
12836 34 22232
6450 80 6617
20326 58 20504
5082 63 26145
8113 96 12884
16483 68 25802
21830 36 24694
3765 47 19018
2632 39 3509
2027 21 29786
9752 68 39695
24931 28 32252
33535 65 34290
10717 57 27838
303 31 23127
6480 51 24723
1597 52 35939
35874 78 36982
14590 36 35135
6909 67 36221
3005 22 5117
26985 10 33602
10813 37 24940
8370 36 27024
140 15 23345
18356 63 32041
24916 20 33464
9146 79 24728
4153 66 22233
29030 77 32302
29217 63 35434
24172 87 38177
28173 32 29135
8609 75 27355
20550 93 29563
7938 84 32828
9675 17 29471
15773 75 22324
3316 87 32707
25376 50 33552
8021 82 25243
6207 80 26959
14719 74 38684
9516 64 21917
10457 95 19883
21328 96 39761
34467 44 37550
9687 35 12017
34506 95 35010
19600 36 35681
13515 88 23305
30542 33 37414
22302 78 30924
2848 22 28020
22804 21 27530
25802 46 33206
1755 32 34586
16488 96 19114
20881 55 26777
19262 4 22898
13279 73 36158
13032 81 15341
5712 80 5864
3379 78 37887
18384 59 24279
24925 91 36889
14951 97 38104
10421 65 36245
8117 3 30237
13951 89 18159
1669 81 34744
14491 72 32405
19168 47 34943
30573 75 38630
4187 79 29828
27478 52 28951
25834 63 29785
5679 84 33876
19874 33 26625
5986 45 14064
9596 55 15759
15240 29 23163
2900 26 35130
3008 34 38636
1677 48 9568
3202 55 34834
17480 90 39765
18871 86 24527
4401 28 28053
16300 86 37247
6891 71 28411
4604 24 13438
