800
15789 8 30675
18482 88 33613
1479 44 30777
22629 41 28785
5728 35 11326
2179 98 31356
15571 45 23997
25710 10 36390
11271 55 20729
538 46 4451
30758 4 37321
8621 42 22050
7177 72 34409
15522 68 33116
15932 4 28448
2727 1 3737
7166 74 16072
17144 50 35663
22795 8 26212
2540 62 28933
3274 56 6806
1767 73 26439
7709 92 31707
12008 26 33816
22462 12 24933
740 5 36977
7608 88 37546
5908 51 36660
34747 56 38386
20401 53 36109
15888 25 35029
8173 73 30745
9245 26 20162
14582 54 31727
631 13 37481
22005 76 27012
1559 66 10662
8945 36 26396
10301 51 22119
24491 3 36972
19744 70 39940
20189 57 23080
20288 47 32936
20184 9 33864
943 21 9504
36604 4 39304
11855 99 14839
4566 98 38994
1139 38 13143
4756 43 18560
1720 71 30445
9664 66 12698
10673 1 36548
342 5 14475
7543 27 32533
2039 80 25835
32953 92 39103
4847 58 38371
8974 12 12234
1408 77 11205
7457 80 26750
9848 51 9995
19510 60 25039
17225 32 22920
22552 68 31404
10745 98 36409
3951 94 27445
1570 71 15323
16800 8 35714
12710 2 25446
8897 18 29505
32743 47 35534
12752 35 20404
20481 34 39666
2217 64 28200
31089 87 32673
10776 61 23865
10828 19 13045
34815 51 37217
8118 97 11213
12986 92 36161
20682 35 38864
16239 70 16670
11883 91 33573
23542 96 27448
22529 83 33873
34834 37 38081
21267 75 27312
31930 48 32569
6787 70 9845
13621 89 37166
8149 37 38689
136 12 6260
1083 24 36964
9899 40 25716
19199 41 30429
10676 11 26039
22674 68 30793
26923 8 36039
2226 80 24451
23229 59 38182
36198 72 36380
24622 21 35344
3897 54 7294
9114 94 12395
2780 16 17449
4184 49 39857
29357 13 29985
26052 1 31226
2974 9 34928
10291 71 26995
24455 74 31395
2166 48 23583
30467 88 34910
13941 21 30295
16050 10 25902
13642 30 14730
191 22 7195
6400 39 39955
26065 93 37565
20487 58 21939
27058 75 34830
25918 36 28256
6581 5 13099
32661 75 34465
158 45 30159
6641 33 28211
10903 79 31799
4107 47 30890
19665 63 33839
25318 54 35134
29607 18 30718
12956 3 29802
32454 36 36914
1361 25 31676
10176 61 36869
13162 53 37147
854 64 20482
23594 44 35721
22520 21 31715
9108 79 25490
12504 44 19581
2995 83 35204
25475 99 34591
22130 15 25364
17091 62 20537
8394 81 35284
9683 79 35145
9796 100 13321
18052 34 22018
8874 81 15855
4340 9 25125
31621 83 39497
19234 18 39669
13971 79 37510
18602 45 27867
35338 69 37510
34749 55 35231
15295 41 16629
5128 57 11953
12993 71 36248
20842 21 35323
21672 84 27738
3253 92 7979
5676 64 16345
23815 58 32987
15522 59 36218
15433 75 23994
19917 22 21387
1006 95 31208
471 60 2418
3888 28 21512
1548 45 16720
10661 8 18766
3643 3 17376
37046 70 39725
2341 27 23353
10583 30 13285
9078 59 34812
24732 51 37069
25505 10 28304
34016 3 36076
6257 15 20833
4332 52 14901
23480 76 29102
21621 58 36681
25064 9 30250
272 37 23335
13688 45 22939
982 29 25346
1070 51 7237
5273 68 38747
35752 66 36476
27052 65 28692
30436 79 33212
30503 40 34601
35768 16 37018
9417 45 15968
2241 68 7146
14470 74 25088
7340 3 32281
5083 23 28903
1768 31 6217
32942 27 35915
5829 58 9081
9189 39 39375
15732 94 25239
20947 75 26852
31027 19 36645
20702 97 22062
426 22 9130
128 27 29257
11260 64 24446
11738 80 30859
28267 40 34427
2078 16 3215
1010 81 36650
6351 6 33460
7262 1 23455
9205 81 28966
1409 26 28276
26491 4 34380
13174 55 33734
8400 42 11845
34762 19 35064
30748 49 34703
3281 50 36007
15419 75 34728
1144 34 15985
3479 73 33580
8058 46 10697
7778 4 35543
31086 5 38513
16976 49 32118
22785 98 37006
7505 87 26186
13227 65 38734
10336 11 26027
5580 73 28717
5821 24 13665
2940 30 25505
22183 92 26627
5836 55 17546
3841 23 35659
13517 77 23323
4469 97 31545
31610 72 37250
5382 53 19502
24566 69 33922
292 53 10455
4943 70 25758
34838 20 39259
11624 59 31622
9966 16 35855
25951 54 31540
3506 66 22398
20843 61 38209
16824 88 27068
32801 26 39933
20443 48 36252
37123 38 39709
25356 10 28179
23042 80 35030
30902 85 39697
6011 79 22725
13989 41 36019
15157 40 39840
22730 92 32446
20340 43 31879
5382 22 38695
30499 47 37513
12044 37 21883
33055 75 33460
5909 92 34429
24486 65 33479
13344 28 33189
8617 53 31309
6098 43 6788
34447 80 35382
6834 24 12241
2233 2 16110
4145 75 5256
26070 46 35709
163 89 13449
25958 23 28749
4642 51 25840
26528 46 30017
4066 81 33028
3380 65 15683
8970 28 10515
15950 17 37963
8354 50 24652
3017 61 17205
11794 65 39242
18978 5 39001
22981 75 23428
11015 43 16857
13017 52 25936
22423 54 32827
9087 29 21233
24726 17 38394
9932 99 13016
32610 24 35236
2040 96 10628
29990 61 30413
2693 50 37609
7775 91 37897
1003 31 35780
17113 1 37955
8170 53 15103
16562 36 18174
61 51 39925
20932 8 32833
10671 88 37412
9513 5 32232
16188 91 32359
1614 37 9864
13021 4 22286
3418 10 39182
10280 86 36420
19530 84 30792
20737 51 31912
11874 83 32814
33977 15 37144
1318 46 15724
8082 11 13621
17551 47 29964
6768 36 38667
21589 90 22270
12504 70 13298
19474 82 21421
18804 30 26172
23659 14 32221
16455 87 20983
35147 43 35760
30499 69 38761
2969 5 7908
23400 46 31977
19762 42 32958
2691 57 32215
2997 68 29169
9170 43 10552
1807 19 4361
2079 31 18162
28645 73 34731
4744 97 31590
1411 92 39992
5157 55 18045
1823 63 21604
24913 85 34046
7251 57 20372
20285 15 24928
3938 52 5805
30625 38 32983
11555 17 18587
4082 11 25493
6817 18 19844
28792 90 32072
27234 63 27854
7568 75 9913
8065 82 34682
15656 50 19982
28227 24 29553
656 64 16988
7626 96 31265
28442 37 32135
9884 16 30392
1098 66 13852
30134 80 31808
21295 66 37273
11026 35 31891
16220 74 22523
1812 47 4172
17813 67 38329
6640 38 35817
5625 56 23649
22518 34 30632
5732 79 29706
7509 54 20130
18752 2 23067
30409 6 38345
18115 34 31492
2159 95 7300
4873 51 25652
10231 61 11745
7675 42 23801
18985 60 34800
26345 47 28049
3016 7 7610
17100 99 37778
33744 20 35810
21398 33 30957
33049 90 36447
19151 52 34439
35380 16 39143
8491 2 27362
1035 44 7311
11879 100 20291
8651 80 32822
7381 18 36846
11933 17 19226
579 15 24368
1677 14 20361
31472 9 38672
29101 57 37523
3112 26 34575
3794 33 28342
29006 79 39206
30039 75 35335
6466 88 24522
26812 3 38228
16657 68 30148
14704 29 19814
19870 8 19946
22379 12 22783
4968 30 15617
27090 60 32132
9392 86 13500
30031 96 31303
9747 98 18288
13397 31 22612
11313 30 29835
19397 31 24042
2353 50 19227
20929 61 24114
24701 75 31624
26380 96 32557
14139 96 20316
4014 73 6228
678 45 36741
5057 35 15409
8861 67 10061
17166 58 24661
33055 5 38363
3713 44 11469
8765 77 10482
21831 41 29489
33143 39 34031
24382 70 34745
18445 76 32300
8421 22 25956
11191 32 11264
13400 70 28130
26990 15 37503
17682 69 32569
10552 2 20115
12563 19 33703
1604 66 16079
4734 56 34319
13824 15 17435
14782 72 15382
28895 65 39508
16399 13 17646
5917 15 16295
16243 61 33860
15345 4 19162
10515 33 24222
6437 68 35355
30641 74 34713
1761 22 11646
13342 32 32226
6105 62 26128
12873 43 12993
195 84 37559
3776 41 4006
20258 92 28639
22156 64 30724
4420 6 5331
6648 32 9065
17164 67 26541
9044 57 10155
21881 41 37694
3868 81 34273
24037 88 39545
1595 68 32499
32724 97 34246
18104 5 27831
16906 86 32566
14133 71 25661
6733 77 29998
27728 79 31357
1502 94 20587
329 95 25570
8742 75 35611
994 13 6161
19967 65 29584
20969 35 22687
3318 29 36230
32544 11 39267
24338 45 33862
13440 61 19947
1015 35 9682
2977 3 28514
20801 54 25751
6508 41 26398
31686 42 38228
14567 42 24926
7731 53 14759
1637 84 16150
18876 78 35846
32852 47 36852
8508 75 22931
26610 53 37516
5087 52 9401
21884 76 25114
7149 27 24414
9130 34 32784
21437 52 38901
9889 81 26889
10092 47 30814
6040 25 9055
5630 1 32716
14974 74 35551
32749 33 36445
26074 43 28203
8652 61 23715
15492 62 39477
6180 63 30537
519 47 34278
9193 86 30247
10048 70 33144
8083 28 27615
5137 75 39971
20578 24 25228
24467 15 38333
27687 50 27921
5571 28 33330
10405 53 35005
26794 93 27814
13463 62 34430
11037 95 32007
6627 45 21910
34481 18 35335
26653 11 26838
18977 59 22040
26675 26 29472
4021 8 20854
12938 97 15843
19361 51 37930
12818 79 13500
2359 68 9466
11000 36 29794
12698 15 18512
3586 87 22447
19708 49 35219
21392 20 24681
8996 18 28014
24810 7 31749
7659 41 33079
21933 31 24175
17825 96 28799
18026 24 35499
23248 13 36661
25417 98 31825
2638 1 39301
4304 25 33835
7581 5 31930
8697 35 29342
317 27 22620
4719 5 25763
21179 37 26314
8471 25 15164
22165 86 29398
27067 30 36277
13009 52 31283
8604 58 30307
12676 53 32712
17045 92 22810
1795 79 37083
3375 59 27888
30696 55 38450
4518 53 38956
4374 57 38635
11684 27 16890
9061 52 26876
6142 8 30769
6036 14 10046
8500 11 30588
3616 19 29133
1558 4 18017
17953 43 29294
19472 27 23952
20002 48 35076
13895 66 34409
29153 93 38521
11194 8 19665
25311 84 35386
13263 14 24974
26589 30 36995
15945 63 32588
8439 36 35836
37599 89 39307
8449 72 26208
1247 9 21939
10281 36 32807
1570 35 8912
23341 31 37112
14720 87 24210
27200 69 31882
21773 51 24798
31256 31 33372
15067 46 30267
8638 8 8821
26943 2 35400
18347 84 28430
15228 14 39664
8676 98 37949
9229 47 30798
37514 72 38378
20001 100 37387
22618 34 26653
8660 34 37388
6624 88 8758
6122 100 29694
19131 34 21063
20838 42 27620
2252 41 15719
29720 39 36843
12487 18 33055
31005 84 34301
31256 34 33247
14223 87 23420
20725 75 32618
5259 90 32500
16049 76 18057
14240 27 23103
33785 85 35685
23479 24 29890
22372 99 30036
13144 47 25416
14895 87 32509
2341 88 35059
2074 36 20717
13877 72 15399
3301 15 10731
5907 64 24581
3781 12 11469
3125 75 32845
18060 73 28272
2631 31 21569
11709 95 19136
8559 32 10905
13074 4 27019
21259 72 26947
14465 88 24673
7903 43 18836
1057 23 20482
2344 55 34215
25647 74 35951
17097 46 20778
3806 66 8379
24155 25 26111
2638 44 25544
25208 40 27280
30735 83 33632
32162 25 35034
34416 42 36036
22214 38 26326
9905 9 26115
3491 38 10762
22511 19 31921
5159 25 36771
2585 9 25475
18102 58 34300
14453 1 20008
15667 88 31433
16060 45 29404
9538 32 31542
6401 77 28323
5212 75 38774
10996 1 26768
2826 30 13500
13527 20 37123
13705 53 32833
10758 72 38913
1928 13 8715
7183 38 14972
13498 30 37498
7439 18 18695
10223 36 15502
387 7 18735
12218 50 16556
2335 100 4091
19382 1 34714
19034 48 36905
21533 64 39135
16915 9 30211
2074 45 20291
11785 64 31421
12236 97 14377
14307 61 17815
32741 70 37398
22269 36 23340
8010 64 25003
6668 56 37579
12880 67 19380
3964 17 18126
4381 65 29857
20842 14 23583
12753 64 36088
17371 72 38066
12230 82 13839
3554 37 29977
26173 27 28089
16148 80 32926
32271 77 33098
2004 77 19015
11787 65 32649
13246 4 17982
4249 46 10370
28581 12 37438
985 25 9422
14747 23 35490
2172 14 13398
21299 92 21907
21054 84 24388
20837 4 35305
2413 30 32834
1400 44 26939
32462 59 33965
6901 97 30070
7220 32 14428
13733 64 34742
9617 47 10965
18994 26 22472
28540 53 37995
11820 13 36656
17409 19 36772
18641 50 21012
7557 65 16964
8243 55 30981
15659 28 39691
457 20 27499
24975 12 28615
13338 86 21231
3869 95 15985
33558 47 39549
14871 85 22705
23772 18 33487
18230 50 33819
28156 96 30685
21971 12 28205
4759 95 28589
12895 56 28255
3426 96 5814
24973 2 33865
20458 90 24557
25823 8 30016
21801 56 37720
12438 86 16472
2798 36 38379
6951 79 37868
11168 93 17442
4119 17 30996
34395 46 38883
25176 6 27961
1710 78 34645
4812 14 19116
2040 59 18793
2752 66 16043
1434 59 17580
20208 46 32574
9051 81 23499
100 1 14567
5140 1 29469
7296 38 21426
13465 93 19774
11845 17 12908
226 100 19278
24529 53 27309
4127 49 12282
10057 90 18868
22377 5 29181
3937 8 13398
22650 7 25325
25566 35 28437
10557 87 38978
5108 40 13282
15536 59 17182
9490 23 9951
24232 89 31474
22565 42 33668
30378 2 33741
2116 45 19280
19741 4 31071
1580 89 10774
24136 73 30830
29173 52 35021
11140 25 30205
6749 14 23539
11600 24 27197
18332 57 20637
29824 50 37808
21281 14 33565
14226 85 36475
29865 40 34985
16997 37 23284
19802 8 24593
3079 18 38926
4617 7 7325
