800
5444 97 26712
1057 86 8180
11088 47 21655
25103 50 35819
17908 19 35618
18113 28 32410
8812 40 10517
13465 25 33683
16700 41 20569
19525 59 30995
4768 7 12754
2410 10 38069
28825 5 29543
22171 96 33405
6404 1 30296
555 80 18533
12978 63 22902
870 48 4768
5889 94 28017
23855 42 33409
17304 74 29107
24750 1 30817
29692 12 30931
24966 91 26516
11325 37 19356
14618 17 24705
20683 96 31492
28248 94 32979
33329 64 34519
9134 38 14141
13887 59 20215
1120 43 31962
2754 48 26631
24645 79 32680
18920 75 31133
10055 60 10371
22540 100 29245
25386 74 37344
5658 33 37946
24 74 30817
8628 86 35033
20405 39 28014
5190 49 35841
9204 6 10516
9036 15 36732
14668 24 21219
13028 60 15633
7392 51 29080
38461 13 39058
1051 55 11666
10916 60 18918
12412 59 12795
31895 70 38527
6193 30 20167
6960 40 32505
29741 85 35510
5711 20 8927
13760 31 36075
7251 32 18742
34782 80 38649
18606 35 21373
12479 68 30964
9598 70 18113
5733 3 32491
536 87 34000
5079 75 17002
16292 35 38646
10200 41 14815
4590 25 7835
10286 4 24583
1826 31 30103
32089 96 36274
15638 37 24073
3946 41 10191
7486 77 18232
28896 75 29172
6076 52 20143
21357 22 33249
2487 93 11329
13461 15 22863
24014 100 38546
33011 42 37368
23774 99 29251
34420 94 38826
26386 21 30086
7002 70 33839
17977 45 39126
30638 93 32848
10753 18 25921
22090 43 22863
8447 5 14149
9276 61 9462
26021 90 32730
10706 78 37211
707 84 24130
4869 43 22111
3525 52 32085
14846 55 33393
13166 26 36539
10778 67 12502
8792 11 39074
16042 81 31599
10255 71 15116
5964 69 13861
6139 17 6693
16372 73 25284
24800 46 30749
16716 35 35891
11908 60 27837
18816 99 27634
4077 81 12529
29661 77 39397
13164 56 17663
12553 19 29294
25476 80 30202
18232 35 29716
3823 12 32976
6141 73 15230
19570 71 24530
16390 55 17676
5536 51 14796
7194 43 29383
6508 12 21994
26636 2 31262
8009 13 17529
14986 16 27423
6603 9 16284
27034 67 34275
25778 26 31927
15520 61 16446
3806 15 24804
15577 99 21760
19359 38 37975
26171 42 29809
2091 57 27089
3713 47 39080
3256 9 26331
5725 26 14435
1926 28 22370
1227 79 5727
1556 46 18177
3838 42 26525
28141 27 28615
7850 54 33323
38396 20 39075
259 34 21500
3455 22 25076
16323 33 24273
14440 29 39793
12971 7 19596
30995 12 39723
21035 87 29424
7886 53 31822
15730 76 25875
10634 35 20927
8767 99 38500
7613 53 25880
14734 57 27558
6714 65 9080
1669 82 18444
12194 43 15252
15828 39 30325
3693 32 30710
2538 65 11677
29031 98 29403
8651 70 15971
36818 95 37740
2395 23 29860
778 79 39761
22928 9 34626
12186 76 29614
27538 44 39304
26054 85 27547
5594 73 13779
231 46 37281
7011 46 10641
7776 42 8956
2896 83 15478
20102 89 39938
30989 9 31827
10203 84 27047
12493 100 22272
1977 17 35144
30566 16 34256
4330 4 23425
32064 45 36011
306 67 38114
3590 67 18465
27569 47 34292
15882 40 39841
6121 52 37262
5099 68 18357
16092 11 27797
23055 70 28988
6274 29 39225
23 85 24720
14361 88 35662
1058 80 17193
1695 59 28132
8605 74 16299
17448 24 25366
11927 71 24663
31872 35 32875
8233 44 10330
14554 87 30838
37914 44 39756
28473 63 35896
5 33 5180
15324 1 30098
26499 32 31397
3225 23 27781
1443 46 18911
13432 25 34108
33145 18 39290
584 19 14350
22169 44 29480
7535 45 35816
1245 52 19680
10508 26 16051
24161 2 24718
16770 49 30263
12346 2 39853
13771 15 32538
8945 72 10365
2876 77 32691
24795 62 37926
1960 60 30866
37991 90 39224
27730 72 34097
8483 56 28774
130 29 651
30121 63 33239
19457 95 38806
2394 5 21231
33487 71 35976
9982 58 30696
18191 12 18593
10552 75 24301
19625 70 20584
28424 44 30703
22276 37 26118
20428 66 35521
5447 46 18292
11446 15 35336
38220 74 39920
37575 20 37787
731 14 10329
16294 23 32772
4227 52 37565
28292 79 28645
2791 78 37752
12953 65 25607
2532 63 12153
38764 81 38908
4342 33 29781
21527 45 35689
30238 53 34510
3705 31 29912
24120 91 33155
38047 80 39400
16153 79 26372
245 7 8140
4435 88 22193
16142 75 34753
13432 44 29132
22416 81 37927
7800 34 37593
14015 36 32378
17447 29 18754
15553 10 19343
9247 66 26979
20446 4 25072
5657 46 37294
22842 67 39926
86 23 37603
16767 14 28105
29733 80 38769
1893 16 3105
11541 54 20347
5252 76 39469
13262 17 35545
21634 97 28619
27239 77 36011
28990 15 35859
18252 64 32381
11714 78 18363
13614 82 29484
12919 89 15842
16309 63 38213
28541 62 39795
7791 74 31389
18580 92 36964
16579 12 28014
13262 28 29648
1102 68 15321
14237 60 31182
35820 58 36929
21 72 37516
31265 81 35887
6903 35 9610
35031 61 38425
1731 90 18470
34930 77 36646
11278 83 39505
2725 49 11423
9819 91 30530
710 70 10869
10677 74 34314
17000 55 32715
15632 62 35750
7654 49 25447
3530 81 39989
1817 57 11542
31480 43 38582
21579 63 27985
278 3 26866
10633 18 38759
16508 28 30897
88 43 22086
2998 94 39043
30636 64 37071
15389 38 28703
659 51 1391
32190 71 39062
13168 78 39200
8627 33 18427
11615 38 26330
30985 35 32656
2180 21 29125
11411 83 36880
21499 67 25102
37794 21 37862
5582 14 16133
13276 2 28945
18173 61 38028
24952 19 39062
14370 30 29261
9217 70 16192
30363 62 38682
14138 81 15233
30760 23 31955
23144 38 25210
25883 2 34157
11887 30 17560
501 7 34319
25381 72 26657
28627 12 34727
9262 86 29539
9826 35 28292
10566 70 36057
16240 74 25920
1201 44 7421
12243 16 33858
32626 96 36654
18724 91 26176
23070 49 28580
27498 55 29690
23846 79 26501
25476 76 37597
18346 7 34598
28473 88 37539
1085 60 31735
13157 16 31913
15402 57 18103
2574 81 33338
19058 28 29914
7792 14 36864
18288 30 21391
2810 29 16271
35802 72 38857
2343 27 11693
3042 63 30335
34326 77 35835
20582 34 25938
21993 69 27355
8198 32 10195
31923 74 34399
9066 57 16555
7960 20 10223
9537 41 36227
19632 7 31213
1825 70 36589
15477 89 39163
5086 90 5372
32719 9 33994
9457 58 31068
10390 60 39024
17657 78 37741
8521 69 18860
22235 42 34416
1662 82 34219
14517 81 14779
14238 38 29358
18538 26 29948
7132 2 18583
35682 67 37543
16095 92 30258
26239 39 35102
11728 30 26285
21461 13 24293
24500 7 26748
17985 81 27270
6862 74 27890
20867 72 37072
25507 56 39167
16055 18 18945
9127 3 35197
23052 43 29195
12358 66 24593
14 77 10883
8141 10 14115
8149 97 8694
10240 66 23629
7944 7 11332
7284 73 35680
2139 44 6634
11262 77 39801
9725 17 24107
14721 7 31909
19950 73 22899
1657 29 2739
29732 81 30146
3817 43 29213
25291 67 26646
14247 72 18494
7781 36 38635
17126 100 34310
12544 89 19227
19083 20 34312
26473 89 31690
6828 96 13879
24283 28 31728
2151 37 35207
3540 21 32178
26367 18 31157
31535 46 39111
25833 36 33595
6121 57 16002
12543 72 23519
28131 79 33559
2884 54 36346
8768 96 35666
16379 29 33221
17660 43 37725
5779 84 7125
9698 92 18531
16815 99 32740
4569 76 31460
5734 21 9306
4280 52 20138
13224 71 37421
13692 39 39516
17017 10 33608
8055 100 33403
7659 48 22887
10061 43 16295
5113 5 31558
645 43 10404
12417 25 22747
17462 42 32913
3428 52 24899
5304 5 7965
15718 59 30522
26035 51 37573
16547 53 22087
18434 80 27373
13393 35 35490
17750 7 35259
25510 22 30236
1832 9 16624
17212 2 38797
28554 10 38922
9977 84 29044
12057 78 32777
26945 9 30649
26548 8 36443
15171 76 36849
23883 60 25485
19472 20 26850
27144 5 35262
37381 33 38500
612 63 38590
15053 35 31698
8921 80 34001
6581 17 9466
10925 49 12582
11524 35 21099
15695 52 31835
6501 74 25020
21678 50 26667
12413 45 12906
3321 76 38264
11596 86 31413
8597 43 27827
23732 62 34409
32125 71 32496
13392 42 23199
1237 9 33646
18562 7 35676
16490 59 21056
16594 47 31818
18946 87 19592
10394 59 22927
4112 96 8354
33209 93 36011
137 69 26033
38143 38 39789
5712 61 39972
158 78 27752
22518 84 33537
5176 40 28486
4941 61 8952
37141 6 39225
15299 65 24276
28714 5 34983
7632 11 32547
11838 28 35061
17401 58 33581
14221 71 17656
1213 18 39803
16561 23 16982
28332 17 37984
36598 100 36971
2870 51 14415
33468 18 39024
15733 80 34244
377 84 33927
229 28 26890
26552 82 27566
4730 74 31903
3713 82 24229
35598 77 35799
2975 2 10506
19154 29 24438
14844 100 19841
37876 28 38889
19108 39 26298
25882 24 35088
6882 44 8496
5631 64 27978
2494 33 34553
18505 22 19740
31990 66 37994
1075 22 4649
33974 25 35843
5080 16 6585
5247 18 38455
23193 26 32349
34134 19 39531
6448 77 16476
13109 20 30844
16353 80 36820
27033 22 30130
12886 77 14818
16274 40 39946
24285 73 28487
29937 1 38084
13171 8 27139
3098 39 28633
26126 11 31785
36518 42 38004
28100 44 30280
20641 49 27367
21405 35 35698
1475 78 1770
5917 50 6231
1468 41 36497
14639 12 25790
8871 35 18288
20335 78 34987
3994 57 9131
7227 86 38240
20597 40 24012
15449 10 32231
5482 56 19841
19277 38 37025
23557 16 26401
23810 48 28979
9273 86 31747
3328 4 29974
7562 79 11977
15493 31 33184
26366 19 36037
9075 67 23228
11754 21 23304
17729 43 25799
8039 74 8344
7712 19 8547
16231 90 31656
15932 6 22959
27251 10 33652
17632 35 27217
1475 90 6439
2440 55 24830
28713 64 37214
33398 55 37185
14761 39 33059
7421 18 9760
4361 2 20408
18857 40 22550
15777 12 27374
14770 50 26881
6524 4 32228
24831 73 30733
6397 6 32635
10589 46 23505
20057 73 21754
10184 67 33153
4957 47 15346
1602 63 5806
17932 10 36960
17128 46 33512
27878 34 35074
308 29 1560
25207 83 37462
22112 11 29214
10739 43 30796
3046 57 16884
14069 13 35215
10560 45 38599
17198 31 32617
24938 5 33401
1687 1 31840
21664 84 37408
1834 20 25615
13453 17 27129
6623 71 29707
15962 47 37705
13719 18 17308
18062 85 33236
34543 3 38540
29975 49 32157
24548 11 38569
29855 31 37780
15576 89 34506
24240 39 30352
12040 15 13500
13361 7 35030
20426 46 36141
23756 43 29689
15975 68 27905
8790 27 16850
11493 25 30703
30998 98 35915
16191 24 32869
19919 93 26063
9759 27 23504
21676 79 39080
14948 53 36507
9477 35 10619
11172 35 33492
11160 75 32306
5022 59 25821
17945 59 26369
25723 44 36073
9475 18 26294
29718 8 32519
8556 10 30520
20946 56 21507
5135 40 16788
10930 12 32703
2092 63 36185
5084 36 29028
4688 23 26787
6600 67 34293
5177 60 6969
17432 78 22381
15798 67 23477
22091 22 36413
7142 95 34129
5649 89 21072
19022 23 25699
5846 34 33927
4857 80 36730
6037 37 6118
4721 33 35972
821 59 5290
2154 14 36902
23328 62 33886
6380 48 13554
3737 45 7998
3697 62 10894
5673 35 37461
18447 99 19631
36450 21 38697
19568 37 39645
388 9 39280
3397 23 39912
6439 29 14706
23381 42 24772
14773 64 33399
24576 11 37180
24527 83 35734
2898 99 13032
21719 35 37780
11265 91 18207
1311 92 33868
8575 70 10673
3209 38 20082
18162 67 29136
9363 39 39632
13383 68 39315
12342 93 16562
11709 6 29260
6756 14 16902
21165 13 31504
13395 37 37896
3020 29 29850
17811 61 20175
16310 90 27860
11724 44 38973
19314 69 35852
5795 50 20901
18146 53 22936
25178 28 35182
31001 17 38546
16166 99 19103
21469 87 30302
2525 84 25364
18285 14 38236
2615 11 25038
6705 39 12394
19703 42 29993
24847 5 31427
7578 59 16007
30275 85 37737
38750 32 39935
36264 13 38234
14970 13 28067
6998 49 38076
12508 69 17773
2219 58 30420
2605 81 13397
21482 88 33668
3428 86 16659
6236 92 6955
27462 37 39638
1775 70 22132
9592 19 22760
29831 22 38425
17979 90 36517
17766 65 24630
15021 44 21278
897 7 10189
5155 64 28718
29970 6 32282
11290 97 15138
17254 52 25474
17287 87 21729
4570 82 39911
3503 18 22848
8221 95 38867
26971 53 32401
799 92 29556
12321 67 37036
9583 10 10427
136 89 12535
10229 25 11434
256 73 38402
26046 54 31506
4290 2 29431
7820 89 26164
5836 85 9271
2254 55 20984
4002 79 5091
21467 45 36892
19485 58 28116
11151 74 20454
1067 98 30103
30354 85 30804
3213 42 7312
20089 43 20888
14855 24 27218
6541 16 26069
10487 49 34083
22646 22 25872
18631 42 39199
16912 19 27978
9359 57 20462
5173 48 21977
28261 49 30299
23460 72 30451
10701 60 27018
20048 8 26933
4976 26 39081
13719 72 25950
27809 56 37139
5869 90 34354
8522 2 23209
3135 16 37521
9447 13 36668
21768 53 30688
1927 81 14659
4906 18 15231
25181 27 26429
191 54 23835
572 31 33228
35022 75 36992
17836 24 36604
14297 95 17199
