800
35642 7 36779
11388 23 16198
29579 44 36201
8185 89 33634
28151 27 38866
24280 98 26098
14139 100 19180
18594 29 28503
6331 6 35972
3333 30 20510
18763 87 37650
23788 8 24754
9565 31 34952
9803 13 34443
8604 84 20354
10035 83 34378
4351 84 10304
31692 4 34986
4378 75 7652
4201 92 15326
5073 49 37295
16197 54 29829
23934 86 24633
13765 29 36069
20136 91 23806
9146 56 35453
21372 80 29050
8110 81 34365
14459 78 32697
33110 3 37855
14201 66 31185
23991 61 28290
5431 78 10096
13806 73 18788
35451 33 39807
8952 88 32763
4174 64 17173
6 33 25587
19847 20 22506
6538 29 38192
3879 54 4863
16364 17 23215
16688 19 21854
14545 72 22234
36112 93 37921
23652 13 28539
5926 45 12207
2136 84 34291
14199 25 39001
24072 23 28092
21083 4 35823
2867 4 31827
6191 76 22850
15065 2 36002
22973 3 38141
25573 39 37467
34568 82 38184
13785 93 25236
21161 56 33705
6318 61 13296
30714 46 38186
4833 98 30852
8442 57 16605
6415 84 35334
33761 63 39417
11427 61 29039
21070 41 33904
14781 87 35067
30935 63 37396
2408 90 25561
15171 70 28988
358 5 27523
9403 6 14327
675 96 23013
38265 86 38641
9125 55 10461
1623 81 18212
551 65 29068
8941 24 16323
14016 43 23891
21955 31 32127
23855 94 28856
19920 24 30582
4804 21 22608
15414 61 34497
6121 96 29127
25790 28 28743
4937 19 27604
5149 19 29601
10996 80 20180
10831 32 23707
7669 43 38663
17301 45 25418
2737 22 18164
24599 67 38750
36408 61 38760
21940 94 27653
3123 10 9304
11428 66 23673
16988 13 23792
28959 55 36270
6980 13 33695
4614 98 8583
22534 50 32264
28995 25 36457
14196 63 30063
21726 4 30595
19083 17 33722
4247 80 21046
24029 9 34837
17984 35 19422
11554 54 20360
13677 68 16434
14532 88 28358
18556 10 35492
28102 21 30874
6590 36 38170
7846 14 10936
8481 66 16589
7556 62 20458
5382 90 7874
5961 53 30128
8693 18 9162
25889 90 30237
5845 19 11724
19404 30 27803
14798 92 18067
4822 8 15619
13925 40 39718
9732 59 18581
15055 19 36652
20109 50 29892
20512 90 29450
17941 80 30166
27139 66 29763
28579 98 29191
2510 22 16677
9603 61 38010
27931 65 39985
8562 96 26725
348 45 16558
20149 75 39381
4545 7 25121
24253 31 30178
5078 26 17951
7168 28 13590
21828 31 25079
12418 41 37073
6707 61 32605
4746 6 23885
2484 99 20019
23512 35 29979
17253 6 20153
27496 85 33930
17238 40 32017
8177 91 24061
899 27 15006
28959 79 39749
20157 68 23614
3982 2 27018
28207 40 39376
9868 8 21369
27857 16 34998
34096 34 36486
8917 26 16388
20052 41 34591
6231 94 26977
20279 92 25910
4216 13 28375
25294 50 25516
26056 20 30491
13087 12 25200
16482 75 32541
4163 12 34710
8902 78 35894
31700 6 37115
18480 33 33269
32982 50 38556
27439 18 39881
7787 50 20591
15834 10 18325
8974 95 28989
3195 84 21408
28308 64 29768
21263 34 30611
2290 9 36356
16793 62 38267
14148 31 37786
5521 31 34764
7968 65 21750
638 55 30455
12271 35 39190
14645 5 18120
16613 3 28349
28155 48 30520
32734 18 34474
30265 85 37188
26182 22 30469
18985 42 23837
4290 37 21985
3812 63 39377
23385 21 28012
21922 23 26339
31593 43 38819
19980 31 24418
15414 43 15884
18936 7 21487
13417 33 31059
16619 15 32999
20933 4 25526
3777 90 23580
10458 94 22586
21633 88 24384
23084 39 33839
5038 65 12826
24222 49 29908
17733 3 23137
10998 6 20020
16329 6 32837
2742 71 35739
4432 30 37800
8006 37 22214
27965 17 31766
15614 65 23438
5309 22 18970
3248 95 30081
22182 53 33322
12257 28 28785
2884 16 28315
10865 86 29927
28625 21 31648
30561 50 31046
14641 22 24773
9414 23 24207
11081 28 29472
19774 14 36708
2419 27 13509
34388 49 35219
16514 71 37620
14950 58 34315
8799 62 36207
6298 30 14269
11969 91 28825
83 56 26720
5240 51 17231
22050 89 23586
21367 4 25315
32383 89 37422
1289 93 4130
12339 53 32839
22905 56 26307
4971 78 31884
6867 77 11279
17532 58 26996
18105 95 29295
23813 12 37914
18365 34 21695
3261 66 30503
15815 83 38957
12637 94 29926
836 15 21272
14926 8 22511
16035 6 28219
14325 60 30907
5570 65 26696
11908 2 35850
25761 72 33218
7437 53 37563
7203 21 28405
11637 9 28280
7363 26 30563
1248 30 25953
4238 6 33949
5269 70 10262
20637 74 38839
19556 20 20084
6341 100 34352
6487 76 37001
32434 5 35352
27014 21 36757
17474 75 29498
31294 92 34750
29563 79 35774
6214 66 32094
22126 57 23298
2067 9 4597
6157 68 12346
3120 64 13716
29449 95 37080
12126 41 13809
28480 92 35505
13333 65 27915
15253 29 21705
1386 28 28128
6355 3 27432
34896 42 36343
9323 69 20079
1284 45 17081
16497 51 36831
22473 41 35272
12706 15 27529
15800 19 16678
9067 67 23776
5521 66 13234
2797 62 7457
442 61 28708
16612 34 36672
7395 16 30619
10801 64 16528
8461 81 34053
7388 93 12845
16882 19 27116
12878 90 33434
34856 47 34946
1126 2 26106
6947 100 11436
6481 61 31451
6431 28 24600
10180 52 35111
30728 36 31022
36561 59 37362
2299 41 31363
19484 72 27685
29192 75 36379
614 14 13879
5224 70 17233
8682 97 19454
4601 41 29325
19546 43 21258
16292 51 27459
336 83 34091
23358 46 35347
24612 51 39017
11912 66 21393
18874 65 26976
12077 57 33928
25690 81 38280
15073 80 28890
32286 63 36136
3916 14 20044
17953 35 38633
6653 22 38066
23911 42 25962
2656 75 4280
459 48 3414
29747 71 31741
5279 66 16876
29514 59 31152
1304 48 17323
8345 38 35063
5657 63 28954
9138 41 30912
4449 24 14619
3695 63 36685
29255 46 31497
11275 58 37067
10992 33 21434
4662 80 26374
14915 43 33411
2069 7 22854
3811 5 33643
30129 3 36211
23057 36 36500
27195 66 28516
15896 99 37552
6855 55 36349
2498 8 18352
28987 14 35286
6921 74 17368
29523 62 31776
1960 95 7305
19383 60 35386
3806 37 19243
34925 63 35283
1935 14 17512
31 23 13064
2353 59 36366
8826 54 18255
27754 87 39999
1140 1 2410
11516 13 34368
30486 53 37009
1757 4 11981
18325 50 33807
36508 66 36692
14379 92 25354
4211 77 15441
28543 50 33011
2870 54 10130
18397 19 30270
38745 51 39071
27200 13 32817
32462 79 35810
16319 2 35217
8082 31 30942
24032 3 38049
16945 70 26862
21275 20 23904
5298 6 29920
9333 61 13023
28379 69 29535
2985 82 32596
13390 22 30159
14005 25 32381
7152 30 18680
18615 99 23712
29376 32 32682
6133 59 10429
2207 35 15115
12892 87 30773
1508 1 4125
4851 1 10283
18722 32 34714
12894 42 16297
4508 84 22279
32117 76 38615
19819 8 30603
9109 94 24697
7308 26 25052
25115 89 32860
9658 82 34135
4220 38 37314
22556 61 29739
207 38 23966
12218 82 31530
22072 74 30125
30136 87 30230
28827 55 32923
1389 11 12149
3697 47 19430
10110 17 14497
9040 49 16449
32434 93 34901
26042 91 37793
12725 25 34963
15243 58 35986
4395 29 29563
6136 85 25237
8046 38 18064
14252 86 22149
4963 84 20519
18685 64 28079
28991 11 30984
22318 23 38604
4195 7 16343
20036 11 24738
7814 51 20954
24461 42 30333
13055 34 37929
24425 23 32003
9943 62 17239
6020 82 27868
18932 19 35719
5992 32 27631
29655 89 29969
15891 62 25262
22046 29 32314
21960 5 25418
34945 74 35058
30726 11 34956
17469 1 19351
33806 44 36846
12841 35 18829
20245 19 36379
13956 96 15758
3409 33 20285
20520 8 33763
3087 57 10783
24795 36 33020
8957 22 33688
1111 23 26524
2303 1 26864
34410 30 35270
26654 78 34231
17229 2 26841
212 80 33732
9245 62 11462
32544 45 32791
14930 60 34565
12236 6 22110
12900 77 26326
1948 32 31620
20162 17 33363
12364 6 39792
1387 49 19646
27318 27 32963
14063 51 32286
15694 11 39152
3724 74 32593
14243 5 23213
17705 61 33447
33533 65 35474
13333 81 19241
17582 50 20702
921 69 26307
16771 19 21410
5357 7 16904
11834 16 39042
23563 41 26622
17357 73 18076
2290 21 32517
31899 42 37356
19935 11 20630
1072 37 34275
1526 28 38406
14785 13 23729
4450 46 34759
6535 82 34791
18903 22 35884
7215 71 29067
5026 41 11936
15466 46 25347
12082 27 21004
36002 69 38177
6806 20 36246
20766 64 22886
5275 90 28013
14097 49 34593
31903 92 32243
22293 98 32526
14032 98 17705
19211 12 34054
6996 75 37134
18174 48 27075
30761 21 34343
36107 65 36461
26774 33 33051
1066 25 38659
8807 96 30309
9277 71 10046
13967 80 38735
15907 18 33905
5798 56 28868
14170 25 28049
14023 89 39961
6972 62 26268
5411 55 33027
10200 35 11064
20121 58 26167
5913 21 6468
13989 59 15512
3946 9 7002
19486 1 39770
4753 54 36977
1913 79 21084
10994 11 13533
31122 53 39175
12656 58 32913
12668 19 15237
9476 2 30063
6618 45 26950
31504 94 37644
21050 63 38580
2915 49 7368
10917 55 31474
8706 89 38725
11784 98 14696
2012 31 5029
9471 15 27554
28777 38 36553
30296 61 33950
24235 40 35617
14137 34 16456
1082 72 21448
14731 48 22811
16771 39 38037
944 8 26198
25869 70 38162
17765 41 38324
24989 64 25751
19588 58 32023
845 49 20562
16934 18 19096
93 75 2295
21081 48 39898
5447 26 32340
29173 45 35522
20820 49 24612
11598 1 39793
3526 46 5809
14600 44 32775
9858 26 10407
21963 93 24743
15779 61 23271
24047 42 37842
33578 29 35052
2249 22 34215
17650 66 31385
26343 40 34533
5547 16 10701
963 91 17560
891 71 26803
18174 36 21750
14299 27 34691
8233 34 31378
6269 40 16559
7210 53 21506
12087 41 36701
19181 1 33411
9564 82 17660
10635 72 37050
24215 65 29786
4736 10 14708
23902 1 29616
30835 74 36136
12618 94 29179
6871 60 16637
23004 78 38252
10863 100 18833
35311 40 39431
8123 69 23151
4023 49 16432
29359 67 31265
430 19 29714
4880 51 8171
1566 77 37618
13995 22 16547
4397 16 20648
9145 57 32677
24860 91 28102
25452 71 25661
18227 29 21932
24509 67 25792
1228 8 33567
29390 26 38870
20370 84 27606
4161 32 38894
511 15 33991
6351 80 9993
2244 80 36011
9778 34 33788
18435 65 29312
9994 67 33679
18911 79 19285
8056 36 8098
13171 46 24437
27764 60 31396
8603 33 21199
2067 28 34732
27833 5 29123
21497 80 37521
24694 75 26102
4491 56 37793
3400 23 8984
18216 59 35262
6318 22 33386
10458 42 27826
33542 12 35710
14155 36 34738
9476 15 33627
15949 9 25551
15571 23 21779
15584 26 30480
9019 25 35449
11681 37 32996
26084 44 29971
25752 54 34736
2565 12 18982
2462 98 35893
818 83 10892
13286 12 30329
8210 51 32561
33789 41 37031
16587 95 26771
11918 61 12074
37972 62 38985
5283 72 11041
30241 97 32350
26407 46 27202
26058 79 28914
6567 55 34141
12515 63 21965
9452 28 22769
2079 98 33771
1275 6 32405
29060 54 36364
8432 53 36293
6898 2 7604
1129 66 16208
741 32 4315
16786 48 30446
22396 47 31137
21196 29 31458
18585 67 33221
29267 75 32580
16572 34 32625
2373 72 29292
22187 47 23127
8997 22 21894
9287 19 34614
8323 98 39900
22919 73 27490
24574 64 37275
15063 54 16168
18106 12 39792
7845 88 34721
11953 35 27928
4541 39 36750
34802 29 37847
38571 20 39336
19656 54 39569
16317 74 34294
1793 68 8129
12726 15 34170
7382 40 28847
3713 50 4151
9807 65 12963
15073 17 25363
14274 37 31818
13673 34 30713
14306 83 35664
16765 64 34239
17211 10 33158
5827 73 19624
17435 13 18522
588 58 35786
17756 8 30500
14122 99 37749
7461 47 39753
19546 69 22303
24257 66 33513
443 75 34465
4880 46 6374
14170 100 20457
11198 28 37029
8104 35 20715
1569 65 20490
1164 5 7807
14884 85 25025
9576 22 34856
2184 55 7899
25997 23 27338
15837 59 23103
2337 17 15694
16698 97 19005
21284 88 29280
5015 61 37741
24823 4 39796
18226 26 33889
4983 52 5822
9511 44 33128
35566 55 39770
4057 52 36254
16196 12 25814
15579 36 39932
36425 75 37269
29514 94 35395
1842 31 34130
9817 7 10505
27896 5 29972
12155 94 26068
4593 85 13288
381 70 34913
17889 38 21304
22429 82 35019
2873 10 8716
16956 9 32027
34662 23 38081
1384 52 26157
9392 56 36783
17618 72 35404
978 81 8113
4312 98 9462
30358 100 37557
4111 37 4158
34999 75 37553
5653 69 5801
24825 83 33330
10626 93 25213
7126 84 27325
21182 99 31605
8522 21 37203
19280 80 25173
1155 55 2813
2318 63 7336
28093 100 38588
12972 71 21901
9004 39 32931
21542 75 32358
13347 72 16274
9125 40 12065
23486 73 34654
17506 3 36430
9104 26 29540
31793 93 35865
308 49 2512
10446 40 28048
12363 53 16071
13562 97 21514
14510 68 36611
7186 75 22334
15654 97 36842
16327 19 20900
9960 68 17425
26341 69 38304
26942 17 31399
2420 27 5752
23080 31 39353
12815 80 24638
17359 95 32929
