800
2161 11 30839
26163 1 39411
9161 23 23985
6398 71 38139
27246 81 33657
1706 1 3379
28358 11 36448
37032 70 39500
31870 11 33468
13760 40 14453
7086 74 34269
19984 24 31579
4909 94 14923
15780 22 35240
4614 29 25653
17750 44 31986
4475 96 6510
35237 35 36711
934 98 5777
8029 24 22823
285 48 13560
6804 100 24210
24813 31 36426
7978 63 26445
9512 63 33336
4573 40 27647
25272 73 39584
1834 3 34146
4060 3 33552
8445 2 29684
4699 24 18784
12364 40 13334
4304 2 30971
7978 80 29879
10791 19 22462
18353 90 28222
7329 27 32725
21127 31 22187
29232 81 32111
2135 52 27102
18011 63 34359
20309 16 30416
5362 74 8721
10690 84 10997
4536 66 24005
2215 74 28290
16426 30 30056
7704 83 36335
4817 40 30837
17025 7 21548
28923 39 30634
7042 73 38104
4621 20 23390
29922 2 38480
4853 77 29970
7396 42 27978
9820 33 27545
1888 47 39808
8283 42 31797
4706 24 17232
3810 48 14879
24302 68 37530
11163 4 17401
7427 9 33009
659 81 14445
20801 51 32328
8235 31 37687
12523 5 33717
18273 75 21435
34168 9 39649
18426 58 32685
35555 74 39347
6838 39 30604
6138 74 28936
30193 19 36637
29313 16 34907
15285 62 21149
11750 36 31406
20874 32 30706
1351 51 5240
20682 84 25898
15347 65 36123
17644 30 26594
5192 81 32090
5850 43 37497
744 12 3077
1436 92 20701
21821 8 34821
22298 35 25262
7633 97 31301
1659 88 34785
28802 85 32076
19087 16 32257
4122 20 7722
20460 10 29625
29348 5 34749
14894 55 35152
6153 97 30382
34116 61 35197
873 42 26598
9616 24 26695
1758 61 7916
14221 26 18435
2343 81 33940
10795 70 26357
4679 74 37497
20192 93 33934
34852 97 37082
16998 70 17995
2108 71 26779
7042 69 23099
18656 14 21154
5683 4 27285
20856 20 29745
6119 75 36496
7145 62 25678
8432 35 22849
1142 13 31411
3337 55 35392
9256 39 22250
5391 82 10426
18901 1 29849
20988 3 38351
1304 13 6580
26293 25 34195
5876 47 25567
19034 77 23206
9495 67 28972
14531 58 35948
30074 25 37807
19928 57 37058
3423 13 12809
4212 78 19939
18654 69 22162
5913 87 19471
1437 46 26821
21124 63 33739
11185 27 36465
3649 71 33897
5734 66 7257
13719 68 34661
22788 19 34460
5782 16 11481
24037 70 28848
14157 7 15000
11835 70 16283
8469 3 10844
32591 93 34057
26154 80 32478
28365 65 37897
31344 46 38446
34182 41 34761
2674 91 33611
611 38 6637
15055 5 17395
2412 65 17485
21826 94 34875
10635 23 35112
17725 2 30040
33448 76 38213
19311 58 19660
22023 64 34888
2058 23 32399
6664 97 14287
5025 30 14719
7731 57 38652
37549 74 37997
17576 53 27838
26298 37 27659
24006 35 25372
31037 47 38711
28823 23 33853
36777 66 39028
28117 24 37895
7396 8 18937
8996 60 34024
2200 79 25406
33356 95 36838
14308 23 19093
14932 89 27233
10534 98 39411
16349 58 36154
10200 45 30424
3015 73 14029
18761 64 18961
10954 78 18847
1173 16 27285
9352 46 26040
30389 14 34386
3197 6 7641
5740 92 15629
20605 22 23379
10280 84 22304
14193 78 27087
6021 36 19323
10154 100 27311
29832 38 31015
3900 44 15982
12023 17 26536
12396 28 27258
19927 100 31620
24664 12 38000
24482 20 26415
27160 95 38082
31208 5 39547
765 63 27386
14122 58 16524
3721 20 32471
11905 82 13887
8900 75 36707
16002 24 35253
4118 22 20935
13878 91 14104
7180 35 19324
956 14 11698
29976 35 31014
3363 42 4478
7692 79 34155
973 87 14163
2992 95 21695
34780 15 39001
26692 82 35030
12207 100 39534
3615 10 14066
278 81 25667
17737 10 31232
28204 62 32133
11606 88 21662
16751 94 19781
6758 27 37368
2881 89 16768
713 97 4821
850 51 32862
25020 73 25922
2814 3 39243
20719 77 30379
18052 98 20342
11508 1 26688
20715 46 27663
15308 14 37137
27356 13 28492
33894 78 38110
28270 49 35766
3495 18 31717
27581 84 34968
8973 45 9887
12904 60 33133
6674 23 30601
10632 26 36101
5347 71 16839
16024 43 38079
17360 35 24602
926 93 32762
25358 72 29180
14416 12 14890
24213 57 39786
15986 75 30207
18781 62 33239
15678 12 21006
21680 50 33622
3847 12 24754
224 19 3427
316 93 19384
20366 55 27854
18271 31 32403
6365 29 36784
12410 6 17650
20965 1 25327
7792 34 31811
14974 99 19836
20373 18 28661
8488 15 20871
5868 95 11998
4908 88 23680
15004 24 20668
1412 89 9345
17173 50 37052
1630 90 22327
9494 64 9845
31178 41 38307
6497 77 8558
35040 70 35119
10185 90 24010
10930 51 32863
160 3 39551
7248 45 28444
17758 88 26714
7105 97 12278
12020 69 26993
15149 1 23854
9750 49 39419
17371 9 20370
1834 90 1929
35639 5 39100
12168 75 29091
9166 91 10669
19554 47 31501
12309 43 27677
27271 3 34262
24190 43 34094
6252 65 29523
1963 39 11766
12740 57 23563
17554 65 39567
5094 41 39759
7363 11 18162
7493 15 20709
13738 24 31342
6326 58 32936
12544 9 21312
2433 88 26022
11498 40 17974
218 63 2249
1947 83 7878
26 25 29397
23308 57 29659
11609 65 26665
12234 94 21120
9732 10 19184
12895 19 16165
36122 94 39824
25060 25 39174
8383 67 17454
2476 41 22896
429 8 32564
6786 60 27523
25822 93 39197
8092 94 27235
4536 90 15643
10528 33 27342
20390 29 39191
18678 100 30994
1855 11 28791
10127 13 32218
23898 37 35017
24850 52 35116
28951 2 37876
14650 71 16948
983 64 12237
9614 82 27053
749 12 17789
7564 79 38548
8650 10 24036
9492 95 15515
19370 32 31093
992 95 31090
10627 92 17109
15334 38 38285
6855 90 21037
22168 32 34692
2052 75 3941
29970 48 30466
28716 88 35472
19170 4 33498
6000 90 16119
10963 78 20941
22372 69 24140
7707 46 18088
2054 87 10093
13379 77 27650
1733 23 4643
4561 40 18667
7717 57 21070
18796 80 39800
6360 12 37135
18168 48 24762
3391 38 5443
9663 1 15322
9705 46 13482
9130 25 33373
259 15 7973
4965 17 16881
20527 79 37072
874 92 4872
1773 28 17360
1622 100 8289
23637 67 35110
7202 13 10335
18313 100 25371
28482 5 32148
18862 92 26822
29445 61 30603
11058 45 35915
22602 41 35902
4900 68 22646
31449 86 34499
11882 33 13853
13243 99 24397
30673 9 39160
22922 67 25597
23107 62 32921
6759 84 14505
22466 20 33684
19936 86 21661
8488 40 19466
5973 4 13326
26641 63 39856
12177 77 25523
5600 8 37591
32703 26 35066
7177 37 29287
36120 88 38965
11871 42 38040
35633 60 37270
30176 34 33287
23553 80 35388
26176 97 35472
15257 91 18279
21319 8 23391
3680 88 26754
2289 24 6799
33056 76 39413
3897 19 10743
7979 40 39644
17275 6 38814
5077 54 20875
3626 60 6090
15897 30 39363
21941 31 26245
26989 12 34456
24128 23 30133
27101 75 28558
6378 58 15345
3220 77 11043
3310 50 12732
15235 26 16793
30339 62 30837
21869 19 30657
4090 16 29474
36131 16 39343
18345 47 39634
2156 58 3154
22619 47 23641
9897 36 18744
17846 19 37272
14466 43 14709
8779 62 36885
11694 50 36243
17413 83 38360
1097 62 9467
16359 2 35952
5364 25 11370
16741 33 19542
10198 70 19652
14990 93 27355
23414 61 36668
13155 39 25015
9904 5 12106
18599 26 35598
8329 12 30744
10697 62 11175
8266 21 35350
3233 35 5881
15255 96 22751
6543 79 34999
4137 29 16940
11662 67 22470
23569 37 25737
16377 43 34001
3787 71 16429
13651 8 23151
4094 62 35018
7525 38 32363
17271 43 28304
34975 48 37032
21440 90 26317
23579 37 25368
24285 17 31764
6369 1 25015
7915 85 11339
6135 82 7651
14093 6 19962
7741 67 9951
19534 65 22735
1653 26 20296
16106 70 37233
15505 80 31259
15916 47 21879
25526 73 31792
4498 54 22086
12620 20 36899
22500 73 32340
26594 6 33375
34708 34 38277
17761 69 26281
5542 14 24372
1764 70 30958
12587 52 19602
19131 75 33565
24452 49 28826
8212 9 39866
1882 20 23358
36080 85 36510
9279 83 29967
9874 77 29049
10881 74 28306
4042 77 36437
6306 42 32459
16919 85 37358
32493 28 35385
30540 17 37953
13531 23 22170
13786 61 30273
598 45 31641
10674 12 29580
11279 44 39282
9487 41 24144
11876 96 29113
496 43 4931
30706 59 39493
5967 26 11573
7805 73 31056
6581 36 21554
30133 82 38097
1091 28 9543
12633 80 29064
2534 87 20593
19075 6 36000
9293 83 33729
111 68 15825
11207 60 37542
15133 7 34364
23690 80 34326
11552 98 34441
17956 71 36793
8686 83 39129
10909 81 12495
16976 54 31023
11968 47 15992
30402 11 35600
22836 4 29510
10721 36 27777
10950 68 28759
28985 33 33705
20855 40 28916
3364 42 27951
25075 55 31395
20077 10 30476
35584 43 37909
15485 14 17392
23234 21 25811
11759 67 34458
25804 84 33023
24523 24 34376
1200 13 12305
31747 15 36304
18365 19 29721
1564 74 29138
951 33 27469
26421 97 33769
5140 61 14339
23051 83 26485
3976 75 4601
581 85 1034
29696 57 35375
1855 40 28571
10755 76 19097
12136 93 32634
3458 78 34491
18988 72 28371
10320 68 31063
27052 52 35935
3255 54 18286
8726 52 34229
4867 80 32685
21870 20 22067
7616 8 7976
15438 97 34549
6633 15 19515
12969 43 29264
20837 60 25711
5612 33 34766
32638 1 34921
4859 40 5953
32955 51 38770
4604 87 24084
3020 14 12777
18284 75 21516
21147 87 24449
7015 77 23954
17989 52 35508
28821 51 28890
29788 41 38772
4681 2 37009
3858 15 31983
13140 43 22222
2477 14 29327
13862 47 17257
3259 100 16673
20189 65 26573
19319 62 26296
3584 5 16841
20555 24 22168
28209 89 31291
1921 64 15833
18841 37 20124
6038 3 9256
1756 35 5352
32814 90 38699
1480 16 38845
3771 58 4804
6859 56 34559
4994 10 14243
9724 25 26908
7685 13 21377
1470 87 16422
29981 56 30234
20179 42 24476
16919 16 33777
12051 43 38929
21838 79 37504
145 92 17673
9267 99 26248
17223 45 24721
1707 54 25352
13599 19 25319
11337 79 13318
14993 7 25593
10606 59 29690
4826 96 13259
8509 6 9540
30283 1 34981
4237 84 36139
8016 9 13491
328 57 30157
23531 62 30128
9396 95 22490
22669 17 34448
29057 73 39906
18876 15 26995
3034 52 31200
20471 26 29128
2325 40 11058
13009 34 14696
11040 20 20786
7875 20 30114
23499 55 29895
14739 62 16422
7928 69 36608
18798 89 23708
24003 6 36517
13098 32 15674
18455 7 35279
12220 33 33807
15126 20 35024
3913 18 37045
10366 8 22115
2869 56 33087
18513 30 21024
4970 89 26931
215 21 4326
31518 31 39218
1736 73 27710
22800 25 34814
4435 66 25193
28628 67 31841
14119 67 39988
14042 93 16297
9329 38 17027
32158 31 39190
9732 57 22230
2182 37 17622
5124 41 18390
1256 85 3018
15878 61 20585
20948 40 34936
18341 6 25070
5571 24 10030
9465 7 10732
17327 22 29513
36432 92 37005
27254 88 30729
2431 6 38446
675 35 33345
16093 64 20388
17419 84 26491
22972 8 27482
6068 21 8294
4062 44 8060
14199 67 16563
4230 73 31334
14348 59 35443
22021 46 25054
16408 13 23506
4247 41 36698
26983 44 35953
20758 15 25937
3165 77 24456
15583 49 35917
9348 10 32632
6507 35 9559
9277 71 27810
25103 51 39662
35325 34 36225
29050 95 34726
32743 75 38529
17925 69 37017
28881 93 37599
32434 20 36768
4167 77 13392
2791 6 18039
27624 3 32834
31640 23 38165
32932 92 34249
14375 53 28931
23451 37 32082
3244 71 33612
6417 70 9552
17647 45 37725
7004 53 33424
14405 38 17240
16752 74 32973
3340 55 37490
1996 30 26209
23249 93 33275
12940 36 33973
2344 34 33620
1544 98 15218
26999 57 29859
5112 100 37497
5727 91 25159
10229 14 13020
8174 66 9337
13372 60 34412
15004 65 37202
19387 96 38758
29992 5 31154
21817 30 24238
1082 63 36693
2006 94 12605
8931 30 12187
15142 92 37308
3097 31 24052
8981 47 29643
13747 37 18810
23535 13 30944
11041 30 14916
33197 44 37283
2756 37 37106
26389 78 33572
16572 64 26334
16638 69 31664
8684 84 10700
4647 66 9261
19137 58 30457
25334 82 28310
1020 74 13495
14635 97 14990
2401 59 32257
6976 66 17366
8419 24 17637
6541 88 25172
23383 56 24385
12248 66 34271
2048 14 14632
26139 71 29301
3810 99 28597
11418 14 32766
7150 81 29851
16055 38 22023
9160 36 12915
15700 97 24662
25485 94 34772
8866 51 26501
2479 85 7443
833 30 8593
20312 49 28214
6331 55 37700
4068 37 25203
36085 10 38063
17241 99 25000
7492 61 11488
22969 81 30540
32155 52 35111
9018 20 15532
3224 12 19168
5880 43 7416
33406 20 39479
2434 59 11447
12027 10 30623
4408 27 14744
1614 72 37753
10328 85 18467
5190 35 7007
13664 95 33946
7955 40 37495
4491 50 27298
12091 60 39949
17586 8 25085
4683 35 14606
28958 19 33085
18097 86 38969
30065 38 31118
1425 58 21522
1021 58 27997
26987 17 39953
9454 67 30524
12224 32 14437
29018 34 38714
2767 47 13091
