800
17983 58 24589
13566 36 30055
24690 38 33968
3891 64 9230
2588 21 32343
9581 27 25250
20057 16 32130
10250 21 22691
31190 1 32242
13100 4 20999
4756 82 6050
8077 98 21092
3307 11 31072
11971 92 16052
923 75 9384
23184 70 32284
34584 40 35023
22613 32 39526
6531 25 27722
17164 74 35813
270 59 6766
587 13 28165
19186 28 36778
2345 17 35467
12117 50 36717
10532 66 31148
9448 14 35018
17326 80 20331
313 86 21461
883 41 29084
1253 55 31886
13952 71 39832
520 61 10082
14812 57 23608
2543 91 39777
2178 36 8715
28130 93 38816
1407 24 29550
16619 91 18316
9001 11 35137
35856 56 39740
13319 94 29388
32919 25 34332
29904 97 39489
35517 91 36512
1311 90 8260
6589 50 11023
665 97 31137
8416 55 23545
6911 5 20155
30303 29 35252
28611 23 38867
2143 48 33701
906 75 3486
12732 88 21900
9495 31 9729
1268 72 22912
8512 47 29034
27 86 30004
18171 75 28442
1185 43 36182
1378 92 31474
17314 44 17524
23249 62 26350
19628 16 29246
17013 89 29544
13623 13 30154
2412 17 10612
6820 35 30157
29200 54 37969
5523 40 37255
25761 28 33286
13559 41 36679
29917 54 30852
22991 45 34585
35511 84 39638
13660 41 27835
21029 99 24275
5195 83 12397
13044 21 29364
3198 39 29509
16469 26 26405
2360 50 20320
7789 13 35376
16243 40 22909
8440 80 34337
23996 56 37469
1740 73 28927
10150 13 14189
16234 85 38361
13849 18 35226
15928 67 19031
31581 67 36371
8505 41 24517
2323 79 8969
13337 28 15095
19658 14 31814
20432 43 27601
17559 64 37806
20326 84 37741
12348 72 14011
12558 10 36670
3486 9 37920
25020 94 32201
12997 95 39097
3315 24 22533
10796 36 18799
12908 83 25707
16272 91 32871
2759 41 16471
13379 81 22977
18149 15 33479
14773 78 16193
28978 66 29785
24501 99 39904
3143 86 11128
17800 30 19082
5243 7 8903
11126 73 26633
6900 2 9387
20968 11 24036
14761 8 34352
37188 49 39928
6124 56 20608
3526 55 13433
13975 82 27970
28308 98 32993
15354 90 20966
14064 14 14473
36456 92 39816
38437 32 39387
3449 37 18598
18895 96 39425
36115 79 36248
3568 44 34797
7173 67 20357
5700 100 25531
30928 71 34221
14047 88 33427
12129 66 29589
2886 52 11183
187 48 8407
7191 72 20886
12330 36 38543
13056 76 37470
3050 72 33176
2655 64 28461
9146 95 20598
1531 18 36188
16602 31 30996
9552 13 12291
33232 11 37830
11302 48 35022
7547 56 17304
6642 58 13384
33745 97 37561
6101 84 32592
13263 90 15218
2351 77 15494
16133 26 36332
19567 79 26430
34742 46 38834
3079 61 33321
10533 49 35068
694 21 22619
7230 83 15848
29226 22 40000
15747 10 20114
33834 20 39152
6322 28 18167
2693 54 39579
25059 22 34316
16335 79 26473
9006 34 31061
16549 83 19419
20102 19 33887
11158 20 24231
1389 61 14298
2228 2 28287
2931 62 31082
4084 3 34278
26912 65 36774
396 84 3016
14591 5 14620
27859 51 36132
8037 87 24290
21268 45 32840
17563 54 38482
19161 79 38372
8962 98 18429
21049 57 37375
795 60 24727
11623 38 28120
262 48 32247
20705 22 28957
15865 11 25401
32434 60 39056
14 24 15577
23247 71 29601
11993 24 18425
12670 94 20057
33726 1 37077
7361 25 22728
5565 87 21258
13432 19 26505
30319 39 38962
5156 83 23574
1656 22 20329
34064 50 37405
20151 61 34713
37562 40 38760
7363 13 29353
32155 57 33360
5524 47 9168
11172 29 14719
1625 47 11007
17634 98 34058
28083 9 31952
21643 20 29882
16657 69 16955
11599 5 13472
36752 12 38880
31024 58 39214
18404 60 29152
13951 96 31991
11275 57 36697
37075 62 38851
14296 97 36137
13150 30 17144
10930 60 30583
20913 18 33362
16257 10 28336
7089 34 29737
5526 38 13742
12870 91 15407
11421 52 19463
6072 54 21048
11614 30 14027
34941 85 37012
7500 59 15545
19684 75 37329
10711 97 17256
9678 45 38859
4595 84 23172
15368 23 33083
9306 77 36605
17081 7 21970
14148 37 15803
3382 88 32808
5480 85 16528
20115 89 36058
5128 17 26966
11413 28 18767
14142 19 25369
4609 89 37983
21606 22 38485
17096 26 27084
20837 18 38511
15935 55 20285
15132 63 39475
3612 81 38882
1826 87 32889
3918 9 34711
17590 9 18209
26253 91 33591
33964 98 35115
11114 18 32219
20091 61 31462
4545 12 30646
17464 31 22889
360 84 18627
12819 99 21175
18606 19 23755
10340 16 39570
18863 60 24548
1234 14 18097
21914 9 24988
14124 64 20112
20254 76 36754
881 31 35251
4449 17 33485
4548 60 9592
8931 75 12697
6178 29 19973
16417 32 17460
5149 1 34041
17718 99 26008
27105 47 37695
15046 10 30837
23845 14 34271
33198 72 39674
4505 42 24837
7973 99 13209
26886 2 30535
21878 83 38180
11107 61 36145
25287 84 38075
10045 14 33539
10663 39 33727
9522 18 12478
2398 57 26537
815 21 7980
19083 29 32903
3792 79 35449
32073 96 36113
20799 22 32964
1425 39 6646
15117 63 33408
11879 12 36048
30972 15 34574
3239 16 4776
15637 35 30451
1756 29 36595
2606 59 29589
36067 78 39797
26418 77 33806
8915 80 11393
11086 45 34062
30109 89 36165
10318 80 23682
8214 1 38531
6348 63 27487
2912 85 11095
5822 88 17431
10504 56 29892
2998 7 15860
37165 34 39779
29356 97 31945
31461 44 38312
3937 88 39897
3489 78 32327
21210 36 34272
13221 85 38402
19931 93 37600
20189 1 28057
9246 12 20607
6432 71 7651
12043 24 21374
18724 92 35356
9361 71 18094
14975 8 37953
31885 8 33943
18221 83 19498
252 31 27292
15694 9 25881
2171 39 6442
18186 99 37494
1766 25 7742
6141 65 24830
18851 15 24945
10690 56 19492
11578 20 20513
16385 17 33312
11973 86 38695
20818 94 23877
9112 20 34773
4911 45 7312
6048 32 19076
37776 44 39506
21225 13 32381
2330 80 33623
14716 59 32566
34440 4 39841
17694 65 37083
9953 36 10016
13545 94 39316
2692 9 18488
8774 20 17772
9781 44 14557
22796 94 30544
10565 19 34676
18472 68 25801
26424 92 35638
12310 1 24928
12962 72 15598
11403 25 28984
10621 70 19464
7301 18 12080
2443 38 8204
3443 13 29004
7468 67 12311
8775 53 10239
11824 46 15770
18442 18 27671
6044 5 32073
4455 68 6727
9289 13 26561
8864 28 33762
14259 69 38692
6590 54 14103
24129 66 29765
10846 3 28533
16324 35 32349
14947 2 38176
9984 32 28614
26653 23 38498
21192 22 29928
31920 61 37320
10033 12 18054
18855 25 19442
20148 54 29488
8115 49 17983
14898 75 19169
3798 29 18928
11343 8 19937
19050 27 33541
1345 41 27798
19450 48 39072
14106 56 15848
16736 13 36322
17820 29 19799
1578 60 8121
36931 43 38955
14322 4 20459
32891 24 36352
31389 7 36985
13536 5 26693
11188 99 25356
3448 17 30164
4260 70 7015
29129 10 32038
182 2 24026
25263 1 26679
32123 61 34396
16473 46 39329
4003 42 37418
30179 94 33218
9255 12 33241
12688 44 39836
8255 83 39469
5442 28 15409
20945 28 30181
28661 8 33867
11632 23 28025
7383 49 18131
12389 12 22239
10982 11 24040
7646 73 35434
11683 31 34147
118 88 14543
8718 80 21618
1305 44 8913
9713 69 18658
3825 6 36036
14945 85 31942
15387 24 19555
5077 88 20522
9053 78 35614
13214 98 31916
8414 11 13323
35762 48 36018
771 4 30100
4635 50 18212
10973 17 32329
3230 51 8328
31406 69 39361
21616 37 32993
23097 91 28584
8922 84 15757
4543 10 6136
23239 88 32234
16211 30 33283
31482 44 39445
5130 68 34617
31008 11 34687
33357 12 35765
23885 44 25426
31146 82 32606
764 18 7524
437 95 23302
2977 43 17268
14848 48 31843
4478 35 38796
14907 20 16511
17677 42 38847
1190 57 8354
5454 16 29297
6498 59 7411
14914 23 35716
28195 27 37999
3079 20 15970
9276 94 15861
3449 21 31847
5202 50 24620
17836 33 22282
3618 67 16447
1350 61 32918
24593 42 31444
3722 94 21729
357 33 27742
22747 33 25769
2513 76 35043
16969 54 34867
7476 48 25459
24496 45 36425
19399 12 31765
23177 82 30638
1257 81 23513
1276 40 25096
11544 99 36184
8631 10 25177
911 96 26916
5319 62 30753
2517 65 8245
11074 25 33332
10404 91 35239
6451 89 26977
3222 1 30178
2108 5 19363
27077 37 34931
4429 58 8113
27168 2 28855
507 13 29167
11290 89 31460
3869 51 16262
9501 31 38296
4632 36 36954
20926 12 36659
11303 46 21939
11496 34 23005
2821 9 9390
7211 84 27471
32464 21 38079
5935 1 7860
6320 20 22051
435 34 33541
12312 86 37352
20486 93 32341
25044 79 28744
23501 70 26169
17660 3 27742
1659 91 31285
27152 21 32656
8390 91 26820
10720 99 21738
11284 74 12320
13329 58 21277
5012 38 39523
15474 12 28907
12854 55 27442
11674 61 19444
7101 23 39120
11782 93 21258
11043 75 13563
12711 79 25033
1488 46 37593
26339 73 29065
8940 27 26239
32812 60 36481
26366 40 39807
5419 86 16369
831 100 4219
6064 35 20319
20516 53 35061
4373 22 16831
9836 91 30370
32043 2 39826
8969 98 32894
27903 83 35314
19953 1 21764
15454 80 20661
25460 78 37141
19811 66 35141
25903 96 34117
23912 78 26092
11227 1 15134
453 37 33281
13312 30 34560
6342 57 20788
21883 7 22809
12391 85 24800
7939 29 33471
8601 75 13770
29540 58 39974
907 59 30332
16185 87 23926
36836 53 39359
8950 46 28833
13847 30 18300
11183 86 11974
19123 94 20572
34427 29 35353
18660 14 36766
22099 6 24669
4746 31 17311
12568 54 27723
10077 78 25508
13466 44 37015
9062 9 19771
8634 57 30183
1306 6 19770
36138 36 37961
12318 4 25194
2913 56 21199
11924 31 39218
13005 3 14559
6557 38 23990
17927 97 27703
17163 4 32908
20337 43 27549
12011 75 15505
15622 88 39354
10219 16 32859
19035 1 28039
6612 77 27842
10240 82 17205
18140 72 19293
12192 14 31463
26204 20 29701
4142 68 6127
29334 35 35256
8095 59 36446
22193 74 33118
11323 6 20710
11497 98 22734
7112 27 25543
14889 38 26770
4632 78 39540
11666 43 25573
1475 48 21690
19783 29 21481
2781 79 31235
21231 9 24135
31055 49 37937
34519 87 35019
26627 8 34946
4652 1 7047
2173 15 28563
11816 18 15479
13801 69 15113
23489 26 32457
2601 42 29565
4646 2 35815
8431 6 10242
29997 57 31818
1149 4 2017
4596 36 20876
12456 73 30032
32274 38 32756
3087 61 6382
30918 61 33945
9961 4 29656
3577 79 28204
11064 23 22513
32904 76 33763
32412 19 39239
24941 97 25107
303 41 35947
21046 36 23937
14951 37 16399
468 13 35182
29138 26 32330
5791 80 23286
12738 81 38026
14560 39 18039
16199 51 35779
9424 99 29996
23162 53 27530
2880 36 38525
13181 87 37817
14242 52 34024
17348 22 35925
9933 45 21817
33982 13 38540
14917 46 17451
20870 91 32982
9919 42 23142
27252 10 35474
10194 81 30567
14447 100 16978
7898 28 14879
13143 74 35538
17720 70 24930
4190 27 5995
2635 91 31464
20358 35 34901
272 51 1144
5180 19 12668
3953 82 17173
16765 17 27626
10291 74 13220
15540 10 16862
12336 78 34036
31789 78 37234
18365 86 36273
27183 48 29574
14042 86 18052
29835 89 38537
21680 95 25892
5885 13 31930
14109 25 24026
4282 51 34958
19981 77 28226
1162 74 31757
8565 15 33974
34832 75 39414
33242 5 34898
2060 44 18890
4828 36 21538
13667 49 28167
17979 28 34094
9931 24 32181
13008 12 27096
23897 19 37897
14834 41 26234
843 17 22130
4331 16 35435
20521 50 38344
12887 90 20860
3726 89 5568
29241 62 35736
27356 63 38283
17302 47 21707
11406 67 14195
8453 12 27211
8420 63 30735
12883 74 33335
15269 68 36488
18200 50 27122
10965 91 32835
184 91 12083
3395 15 13329
3920 11 19603
31262 92 38665
18136 83 34982
11710 22 38504
15312 23 36281
13703 48 13764
15510 44 28213
8199 27 27751
19444 18 39588
3299 97 11018
6414 47 37582
3921 16 4448
509 86 28783
23072 69 39639
13662 31 16903
30135 86 34588
7945 17 28117
5463 44 25011
27409 55 32769
26828 77 36853
9726 2 34463
12611 56 15214
20537 19 32696
3924 66 27789
248 10 37868
8174 85 20695
23189 41 32562
9545 11 11415
1472 63 2262
4695 25 17170
817 77 37210
22965 50 36072
9902 53 34258
7500 87 23063
20339 92 27779
35696 20 36189
3693 84 37956
6202 17 8488
20654 75 39808
9332 55 38009
20411 71 34188
25848 98 34888
5241 64 10545
8646 25 10467
10033 39 13951
21271 55 37055
11306 79 27877
8645 14 23018
13817 35 18767
4911 74 23000
5131 86 8002
4872 68 24949
16602 92 32676
172 49 25630
8972 69 21801
1762 100 30728
10153 54 37304
33859 16 37145
14837 68 26219
11750 38 25995
16530 41 27622
239 98 27377
24579 84 39276
11626 45 39174
15652 12 21114
15464 80 21359
11823 76 30028
35706 15 36161
22305 93 22876
16210 10 22122
16575 11 20727
9893 7 20077
10682 61 24058
13581 53 19694
3862 36 17786
7029 46 26474
9781 81 31325
8335 38 22494
