800
24602 73 31848
18299 5 18496
29878 38 30214
26321 3 39515
16314 63 33749
8941 74 19218
1016 59 25343
24183 85 27904
1503 16 15778
23387 5 30575
6990 28 12806
9149 27 30435
24942 3 31750
6632 30 6940
30849 74 31315
10059 38 17236
7640 22 19323
18837 95 34748
9361 4 38868
13954 44 21141
5315 47 30913
9008 62 26299
10668 100 39560
2883 93 6697
31426 98 36120
18594 38 25631
31702 100 36669
8561 9 17602
20467 31 21558
522 82 36612
77 18 28670
27341 76 34972
18307 77 19471
1967 72 19233
27150 87 37561
22364 46 34002
32112 39 32156
14746 100 33660
23909 42 27442
7356 60 12767
6989 26 16151
32729 52 33993
28433 32 33873
380 8 20984
7700 97 29646
21544 49 25422
2204 54 30199
25330 76 36566
18615 1 36145
11422 50 29019
27877 41 37778
2513 77 11291
14792 9 16811
15449 88 27866
9921 17 22583
25661 40 39958
7487 7 21006
16038 52 17046
23940 71 25368
19624 28 23904
1576 11 32245
20590 87 27498
13090 76 19452
26214 8 39338
3842 50 29334
27047 80 35053
339 63 13537
8847 63 18014
6712 54 26327
16609 49 22658
7873 41 39954
944 2 32280
22291 98 25706
249 86 19557
27101 60 35277
15151 91 35281
25342 19 36236
15717 61 19247
7354 77 32961
10364 7 16048
864 17 28585
27627 11 39505
20613 96 28007
3127 78 8060
18624 70 30016
9387 13 27484
7351 56 31000
12449 80 25574
10995 47 11836
12307 17 23583
6574 94 14906
19934 65 22291
92 25 15849
1044 76 32928
16736 65 23580
27513 7 33147
18720 75 37235
4073 85 16437
18037 66 29748
17322 61 38551
26087 55 27716
24728 86 38868
2247 8 8264
23237 78 28785
10811 79 21074
15818 39 33573
85 20 9047
24061 5 35252
8946 25 17013
23732 34 30336
36332 32 38733
7551 35 11059
5113 54 32921
15081 75 30696
16180 35 33422
6863 42 29150
2890 53 28650
17995 83 26825
17125 10 28252
12118 54 19738
14751 36 18031
13556 21 37969
34225 54 37349
1262 44 6814
2982 70 33582
3078 92 25936
4371 67 13609
9827 84 22233
13248 65 25029
30061 48 38927
13117 91 31681
23205 16 33556
502 28 6746
1167 35 24189
1095 25 36613
16745 11 20426
36053 21 36303
5839 64 24163
1827 72 10815
18188 29 29163
2997 76 25924
33363 72 38270
21831 55 25521
6027 15 28004
10517 99 27602
5547 24 17497
12504 92 18775
20932 73 31964
10638 92 36516
10852 52 35408
24532 13 33237
6734 96 37575
24146 76 27761
15384 74 30074
23101 6 31235
26548 1 29052
27876 94 32207
11475 64 20980
13396 99 33852
528 14 38378
119 13 39820
10429 92 17864
29357 32 34386
35239 34 36681
7614 79 24852
2527 42 28044
9858 100 28851
11905 53 36108
18502 78 27694
29059 71 30790
10208 60 23548
5596 65 15154
653 5 1942
23972 38 37769
24045 75 37019
11896 62 27742
442 14 32391
1744 12 7232
25353 24 36711
6882 97 39688
7276 4 38900
673 27 24995
2734 52 39086
34582 79 35965
1009 41 9746
26948 12 30575
17958 57 39159
13349 43 15629
24155 5 36376
13656 13 29569
35373 2 38045
11918 5 22561
25602 23 33360
3669 79 39590
16380 44 35785
22045 87 30242
31309 34 38895
13770 50 38919
3309 58 39240
10077 42 32924
13270 92 37203
29807 29 32635
7829 20 28048
9457 62 12401
454 68 4493
27059 42 39917
21889 25 36898
9998 30 35735
22593 73 35906
13374 24 13471
1624 83 32392
24046 19 32379
15649 57 28081
7541 97 21317
18158 88 36233
2234 31 36392
21686 55 26523
22137 59 39442
29028 36 32242
31800 28 32142
16868 95 24508
10839 79 35162
6061 17 39301
1816 14 25002
23353 54 37116
9607 34 28542
34748 70 38062
12100 1 38200
19568 56 29141
2808 87 12244
26089 41 36824
19899 68 29491
3050 96 37887
32540 47 35296
25745 94 39708
24639 12 28171
856 81 22396
13623 100 15234
4557 12 5836
13733 53 18682
9512 16 31000
15464 87 16417
14244 34 39588
5801 7 33420
20999 40 33872
8690 51 29500
1948 45 5954
13514 74 23880
5644 83 34208
6572 65 13209
11928 81 12704
18704 99 37095
23497 89 30270
25472 25 37002
16757 60 35089
25725 33 26802
1149 33 21621
13636 79 35121
9794 92 16284
641 29 8220
883 4 15193
10089 86 38348
16522 19 26735
1190 91 25657
3910 17 36532
4249 35 37007
20278 58 29502
525 8 36012
32606 57 38116
13834 42 36110
1117 25 34068
10396 31 18675
6621 27 39658
192 1 34544
358 7 6072
26841 19 38168
15991 54 36634
3497 58 6572
3972 73 33177
22130 21 31911
13201 68 20625
8670 2 36480
8555 88 10462
7887 29 15648
19297 24 37231
28315 86 39629
539 8 7825
29117 30 29435
3563 86 29883
8212 48 24319
1401 21 8106
2708 81 37164
19657 96 38732
31405 46 37381
24569 99 26570
29705 49 31009
34151 58 38443
17124 19 23054
5524 80 25583
12218 88 29814
7869 43 28540
5255 34 5988
15151 100 34960
25670 46 34016
16789 32 22114
15261 96 33998
10764 7 11427
12784 12 33648
462 6 2590
27067 8 32868
6706 100 26562
34553 14 35246
23035 20 29937
19375 65 35917
10785 13 19982
11096 29 23241
337 61 10208
17654 84 33833
20102 73 34070
4642 59 27287
11097 57 27573
29952 7 30931
64 22 35981
10510 37 32710
7552 100 17366
7875 61 16833
3797 39 26279
31878 61 33069
12881 51 33627
25960 87 39218
12104 15 24464
1802 29 23597
33504 79 35623
9904 74 30816
18432 34 27697
3627 77 17439
22872 6 35067
10658 34 28067
14388 100 18741
994 48 29101
21994 90 33614
11285 32 11890
19743 72 38604
20212 18 32735
14522 69 18280
21156 56 21435
6351 44 9934
30659 18 36443
5717 75 22890
5688 48 15477
8596 58 36108
10260 40 26824
8112 2 22187
30499 6 36350
5436 65 13985
25720 93 35836
28517 75 36668
22690 77 33056
74 39 24717
9749 89 24243
20518 48 30080
15482 23 20642
22170 19 22677
16442 26 27240
14245 87 23885
6501 3 28661
11799 16 39349
3656 58 32766
8852 42 16697
497 26 7494
17557 37 33214
13369 39 33428
13309 71 36683
4746 72 27981
1960 61 30842
35344 74 39533
31439 85 35450
23703 79 24739
15601 4 28567
1789 73 2259
4723 48 33719
9236 99 27709
368 10 22386
9671 32 14451
4467 89 14866
1259 75 31922
64 20 11280
11223 68 27768
4720 32 6024
30173 95 37768
10386 4 10543
8590 28 27972
4189 53 37875
28131 98 34105
8539 26 12589
8987 2 13455
15030 75 21837
6098 90 13801
9150 44 11552
19517 52 32528
10205 49 14610
9320 3 26712
13416 49 25929
18094 7 34787
4176 83 14971
22008 41 32932
28262 28 36004
25463 100 33352
6134 35 36172
34137 30 37380
31930 44 35749
12337 21 32746
9455 28 31144
14484 66 38078
12130 1 29411
17205 48 38919
1179 9 32307
10228 35 27358
22990 34 36421
420 2 21283
24897 30 24946
26515 53 33867
192 4 13484
26554 54 32072
18474 49 29490
22147 35 23927
3209 95 11007
6613 40 14047
10188 51 32483
9184 52 23787
9296 32 34127
21597 30 39473
32240 19 35020
8899 6 22729
25047 83 36050
11106 51 26551
1243 24 26012
4507 80 6142
5386 66 8460
709 96 14437
9018 91 37277
9410 21 16852
3451 32 24971
28914 59 30351
3377 61 10436
5342 89 36138
30886 13 39349
38687 9 38852
10571 23 28419
31211 81 35163
11426 43 33278
22504 79 34482
34931 88 35607
2944 14 29624
14652 94 18290
20102 71 28478
11864 64 33937
26726 26 35590
5499 39 17014
750 14 16840
3314 23 8557
852 46 19236
28662 62 36791
8246 64 13039
27275 21 34110
24014 100 36487
30064 5 31780
17510 3 20362
344 69 6232
33353 64 37432
29973 62 30222
9822 71 22990
11291 13 26315
3584 26 31892
24261 3 34117
13464 97 26111
11137 76 39583
12810 72 22291
16701 68 31603
10031 65 18338
11973 98 31771
13978 83 35397
655 37 38423
8444 62 17526
6483 47 25821
15075 25 28502
6893 35 24968
1990 78 16161
26793 55 35425
27879 19 31909
4792 98 17838
6519 15 15636
12049 32 14177
17820 41 27168
10009 79 37850
15315 70 26290
10304 99 19335
21423 95 25862
131 58 8986
29913 25 39513
31137 85 33864
26474 47 30686
6435 13 6759
4645 83 30983
19324 13 22730
10924 61 30055
28875 29 34426
11113 1 18343
13243 28 32989
1329 61 5123
29062 58 37159
20628 14 30597
27098 62 35899
27985 2 30778
24504 79 26669
14097 74 32765
24854 11 36821
11940 17 12475
8135 82 34605
2814 16 16443
1482 45 24885
1131 100 33175
22464 66 27977
11670 51 30717
34916 65 35149
142 45 33566
17288 10 26907
3969 45 18945
27181 79 32450
14718 28 38612
5307 43 7384
25545 95 39208
1334 89 38357
27757 58 29909
9122 8 31971
31659 61 36954
15149 2 30564
3883 99 10560
537 3 33255
8703 46 33070
27828 55 39163
32085 95 38370
8632 80 9490
8356 26 27357
8411 20 13637
16357 13 29041
1326 32 22844
10057 20 14356
28611 95 34684
32045 47 36592
18818 64 37737
14849 55 17401
16860 78 34562
77 60 2793
25812 67 34648
3156 43 36239
33116 85 34798
5065 68 36575
431 31 37194
21081 43 21641
9536 41 21643
10135 9 26142
15344 10 15500
14658 7 38562
11225 50 36463
15342 75 28911
12940 2 14606
18784 98 30661
11630 47 18904
6480 2 21807
7665 17 20679
5259 74 22200
18128 75 19244
7561 96 19141
1712 63 16222
8091 88 14997
19802 70 32279
28102 98 32854
9328 46 29530
1198 30 39141
17724 12 24465
18105 36 38835
28871 16 39278
11392 64 14583
25062 23 25745
2381 12 3426
14151 39 22566
9586 52 28484
7674 72 30077
426 5 24414
684 88 25384
2917 70 27774
20234 1 28131
14484 95 16391
2337 32 38749
3361 52 29032
14600 9 23317
6650 71 26030
20100 7 33544
381 83 4548
7614 64 34604
5781 11 7207
23661 91 32432
4563 55 39064
18255 33 18798
587 26 39039
5760 79 25779
4801 42 16974
20857 30 26757
8955 33 25907
1970 29 34254
21112 4 39546
28881 77 29635
24330 78 36104
12406 35 31511
6690 44 35838
1577 23 31888
15235 59 15951
25 70 19268
102 98 19390
32901 17 37116
6932 90 16878
17940 85 22335
28838 24 29511
23573 10 32617
3989 14 35239
1555 100 38757
3113 88 37269
2363 58 3851
12035 98 14859
27591 37 34509
11154 14 29817
1086 6 23344
18660 15 27991
2759 93 29424
1461 94 12848
8791 100 20042
2357 94 5197
25536 65 27983
25799 46 27388
4102 34 32119
2344 49 32308
102 51 14738
11737 81 26720
3979 51 32786
3349 29 38072
4200 82 21515
17331 2 30662
11652 34 22323
5759 95 16773
7819 9 29877
9763 42 34767
21435 4 27130
5835 77 29706
30261 14 32193
8764 33 11798
14348 10 15045
338 27 35999
27163 92 34016
9119 88 33648
8024 6 24085
9507 2 32343
2545 57 32807
8729 60 22724
20031 69 37394
13133 45 29761
22245 48 27074
4184 53 14859
7985 26 30616
5492 9 10981
4962 13 21664
9781 22 12299
9209 84 31717
10561 66 38733
2988 80 14700
19265 19 26338
32119 75 35888
7327 80 31609
16182 61 25308
28767 23 39079
3944 67 24098
374 99 21479
14651 47 22693
12293 21 23691
16928 34 21562
11934 8 18399
8159 85 17199
3291 98 36969
21435 8 38269
19502 59 36085
30506 7 33685
11586 30 19784
575 54 10076
3782 57 17993
7588 11 16665
23396 19 31849
15910 52 38077
36365 35 37291
18223 38 21132
20350 65 30714
525 82 8262
4012 47 25159
7130 75 34790
13718 14 26405
28907 99 35794
10778 6 15360
12032 10 13182
15195 8 26226
24197 28 34740
416 57 4783
29140 52 32085
13635 92 21433
5606 11 38238
22465 35 37421
500 41 33391
99 50 26896
3149 31 5067
26083 73 26416
15291 93 17951
3188 24 6604
1000 18 31780
5989 42 14569
6587 94 8920
14023 27 37432
27979 14 34534
10162 75 13556
16952 69 28734
27460 57 31356
201 17 21038
15763 39 16613
6485 86 15798
10304 64 15254
279 55 11178
11075 96 37111
9950 48 24921
25770 84 27667
29341 70 39784
20871 82 31313
30038 95 31573
11754 98 28892
1417 15 11258
13418 61 36287
9793 4 33974
29134 63 31327
6415 87 28987
16623 90 31576
4552 58 32034
4734 95 22453
1774 87 9876
22386 90 25221
2204 33 19173
9077 46 22592
16699 58 29309
4862 7 6132
4960 71 28491
17429 86 33290
3090 18 10043
4510 34 27097
22223 41 33403
13418 57 33014
5751 23 5859
14222 38 22975
1893 80 16488
16944 42 26039
10905 67 13353
32182 45 37644
14457 15 32798
904 86 37964
17516 27 26898
14092 6 33499
24776 77 25039
10653 2 32586
25179 80 30836
24591 19 26493
7922 96 38606
30546 52 34979
27343 86 31262
15223 35 21976
29911 94 37391
4338 79 5105
5564 3 25582
12924 81 38040
13084 90 18602
16145 78 26055
3223 65 4086
6744 97 21795
11239 63 36242
75 25 19489
10674 77 14206
16631 77 27575
20468 86 25841
26575 76 31812
27869 68 36099
7613 38 39939
2771 16 9578
5486 18 34036
19842 56 23750
15516 34 38948
4509 26 7494
15792 51 34337
