800
9984 66 15137
21063 85 22079
1892 3 27565
16027 30 35138
20029 65 22018
5341 3 27708
20815 44 36667
19041 94 36324
23687 79 29042
24135 37 37048
31425 86 33651
3287 30 16585
19123 36 26142
10507 28 30609
23151 37 29552
3530 90 35054
26973 41 38037
30709 81 33832
22722 62 25934
3701 2 4563
14920 12 21668
12599 39 27775
16437 36 16999
22877 58 24368
23035 91 25133
27888 19 36394
12596 12 28026
15530 99 18841
26563 70 33666
7443 9 31332
30124 15 37670
18934 27 33897
18621 52 35053
2608 57 24429
14318 47 39115
29644 27 30264
957 8 9457
31231 58 31442
463 49 27316
3086 40 36059
8572 5 22009
6687 28 19742
21297 54 37523
15952 67 31966
19070 33 30090
5680 54 15784
5017 57 29449
670 83 8191
13442 67 29983
580 98 39479
2642 60 16154
5594 49 30697
22238 28 30350
5795 2 39696
4655 72 6851
5483 15 39186
23258 61 30452
15822 85 31503
9395 62 31188
12939 53 38863
22789 17 32237
18871 58 19445
5697 77 29020
24825 63 33306
24116 8 38491
22663 71 32751
22416 56 27948
12638 11 20097
37716 31 38255
20966 92 31958
28605 96 37864
26962 16 37980
110 14 3533
4357 92 16290
16056 12 23429
9847 85 25800
9211 48 37505
10956 34 37847
7724 90 38430
2742 24 34210
5402 9 7237
8492 72 14825
27772 41 29240
10697 55 35686
14204 88 37127
16679 23 32265
31874 10 32736
5920 14 13580
13057 91 35669
2256 47 10849
20198 10 27785
21135 85 25013
707 50 30631
3217 18 37130
7852 6 37062
15127 23 24559
12878 79 24923
32885 50 35347
23418 6 36972
7819 19 34712
15296 35 36865
249 73 22160
7846 70 36801
7259 37 15235
18548 7 24345
25024 80 34902
12625 61 15398
20462 28 35984
520 42 34949
11248 60 33819
1309 20 21138
13268 4 26293
1727 59 2802
4042 50 17522
21362 28 33823
12054 71 34219
10858 93 25467
28137 63 38440
2002 71 31718
14879 26 33998
14228 93 28320
29811 55 36024
3259 39 5545
13647 72 33228
402 9 14272
4205 49 32902
9299 66 13932
2478 88 18450
22936 88 39229
5992 72 31605
4805 28 30181
17076 46 22315
20154 16 29061
10565 28 29007
33149 28 34936
6400 48 37729
18620 28 26938
10493 74 39438
11625 31 23191
17070 70 30889
13100 73 16911
17283 75 32097
32297 60 34933
9322 57 32841
5593 19 26986
20543 98 36035
6259 95 8719
10008 40 38900
20509 25 35463
9241 100 15382
8484 82 34108
23056 1 33577
17552 64 31453
12097 86 16881
8573 44 21210
23932 2 35212
14655 45 25787
16880 58 21062
3835 73 4453
24490 44 36696
14499 85 19524
12456 58 23507
18189 75 38384
721 3 2753
15490 41 30817
28805 37 33446
19446 26 27058
1713 12 33938
24232 80 37991
784 53 29564
17016 57 31878
8604 18 26953
7021 59 12607
13526 47 35978
16942 15 32497
1579 89 14310
1022 100 27164
26603 26 29417
14738 37 23513
17923 77 25166
7543 26 18942
4044 25 32846
19336 93 21719
12567 94 34194
7846 55 38227
13162 96 21434
7470 90 39889
28884 46 34608
7120 28 26872
15295 4 31866
5168 93 36255
4654 79 24603
6469 62 25744
34079 23 34728
7708 78 21991
5232 62 27103
18015 45 37356
31991 16 36506
1112 33 34167
2909 36 38362
329 58 28663
3259 72 27749
28275 59 33817
13546 11 38906
16408 30 35061
2448 60 21328
4991 69 17992
4000 25 8554
22087 92 38334
4646 68 19946
10371 70 36338
2856 93 25981
14491 90 27029
18471 51 36128
798 76 27004
11846 63 37949
7048 46 25429
23344 76 27383
36826 65 39013
15247 5 20179
29974 11 34066
3756 47 36738
9166 9 34960
20307 30 29318
192 64 4966
35287 99 35587
20074 88 21351
815 40 5820
12245 56 21734
14505 20 32001
13920 6 30116
11573 73 36831
30374 24 38675
23403 66 37152
11634 6 35698
16706 6 22908
11365 47 32586
10509 12 31309
11824 31 12239
10546 59 35502
18082 83 35008
5108 8 35082
28153 61 31243
2290 52 3659
16773 59 30926
9447 34 15821
8666 40 28807
24782 45 35388
4094 98 27721
3894 22 28047
6007 6 31753
7222 74 10856
2466 66 26376
20293 85 30630
27545 13 30095
5507 75 10037
20566 63 22255
12214 23 24804
8810 61 12259
17703 43 28877
1805 79 26505
12084 69 39902
9941 48 14206
30161 54 35159
1336 4 2348
28219 29 32543
8656 69 39021
5676 51 12062
2104 90 29237
24305 89 25789
7578 5 26523
8648 14 13609
13210 25 29974
14216 59 19737
4930 6 17825
35043 85 39405
23069 82 37408
26083 100 30315
11667 3 23649
5837 47 28851
6911 29 8398
3963 45 25252
29138 11 29428
725 100 22816
2297 71 14388
32330 35 36625
14697 13 15471
5821 40 38279
785 12 32080
10810 39 27634
18405 71 27473
9562 32 36414
25300 22 25380
18486 27 26276
212 22 23629
8915 84 21687
26201 54 27343
7248 8 17666
2751 86 22484
10387 13 35925
24787 65 37553
25046 76 25932
14851 4 39011
18374 95 24413
1138 53 5567
12920 56 36579
9404 43 30625
31098 29 39642
18834 69 31437
29669 8 38307
8799 27 35812
3918 58 29649
20947 99 26797
3025 36 11941
6815 75 6916
1150 84 34038
5188 100 39829
5278 7 18054
7170 22 7227
19997 19 38288
9138 62 31723
3743 90 29634
32305 4 38694
29449 36 33684
5400 74 7540
13900 83 22587
1282 31 19919
33182 18 35564
4307 66 6202
15669 46 30003
21062 100 39644
6043 84 20221
31304 47 31499
16811 59 22660
16184 6 34423
10867 4 32191
1321 43 37171
15815 68 32420
34235 24 35400
31880 78 38089
4210 48 10900
27569 39 35156
5289 73 29269
19220 29 39636
19064 14 20303
19872 44 28090
21318 11 38318
24328 8 37781
368 73 36150
20173 64 27013
22664 76 31441
4127 45 27811
16652 59 28572
12238 6 13931
26356 34 29399
4224 28 15272
2375 38 32497
3496 76 13916
3980 81 30220
15507 93 19877
31296 66 35472
3792 45 4905
12699 29 31287
6030 38 10893
19346 53 39769
28434 29 29339
982 19 33293
23912 58 30197
24318 45 27428
7736 69 14559
1852 18 31289
30119 28 33187
17092 19 32104
7214 9 14576
29855 86 30121
6784 46 38297
2536 83 9671
3396 5 16490
2331 85 34177
18454 21 32037
12391 66 25409
8297 79 19228
29008 100 33139
13387 31 21626
711 23 35947
8815 73 39732
15045 34 38104
2303 80 10740
7439 54 10122
27120 68 36984
8337 59 34878
18108 83 19169
24097 31 28066
4854 27 27472
14622 5 30782
26269 17 27944
18219 30 33299
30603 76 38366
378 92 26074
2558 93 3372
21951 58 28732
985 25 35262
20981 48 35331
20162 76 27353
3051 11 30713
13437 45 39717
18275 66 32636
11892 4 31333
26404 54 28225
1142 40 19114
7242 50 15246
10919 1 26716
22821 17 33447
16735 14 21327
2147 48 38702
10514 30 23160
6851 22 39561
9090 8 12836
5007 51 31137
347 32 18978
5060 54 27048
19167 8 25067
23245 25 39740
26428 89 29620
8158 30 25393
1527 26 12304
11762 49 39373
14251 82 20795
6115 84 34344
13767 59 29828
30508 52 36227
27101 38 34005
5010 62 35496
19365 67 25651
16581 39 35317
18671 13 32409
11330 18 28831
17767 74 39480
6543 52 16792
7257 60 27109
29890 63 36976
8107 3 21931
32342 17 32924
3552 93 19840
8993 18 21817
9465 14 33531
15199 5 22448
35945 13 37507
960 25 35321
13996 13 16873
253 92 9130
5385 23 22828
24823 19 33472
5645 20 18322
19820 86 31480
30242 71 34982
21854 55 22379
17358 68 27499
7958 19 28468
26083 16 37786
1867 44 19741
2155 93 33142
4389 58 16154
19609 22 37263
18323 64 24362
4282 16 26063
6607 80 28238
10305 14 35527
29510 2 37138
10394 17 11857
29024 41 33006
4174 10 24139
22240 73 26994
11052 96 28824
4246 52 25002
20283 98 28152
30072 34 37783
9864 17 32779
19541 40 39702
4967 72 13900
32887 56 35488
2598 18 6182
17442 59 34635
1117 2 14953
19304 31 36768
2047 41 12406
31776 99 37523
28311 65 35786
3103 35 7207
9198 94 16616
30574 61 32248
14426 44 35739
9124 81 38563
25226 88 30076
16251 96 25976
22111 69 39023
25221 59 35660
2795 82 31816
3716 15 23929
25338 64 28791
29946 68 33657
2701 85 33809
23077 38 33763
26884 11 35609
21683 8 33132
10503 1 34814
5418 24 37775
2275 6 3246
7458 15 15060
29484 5 32944
571 4 4070
32099 71 37971
30511 35 34964
21023 23 38071
32075 82 37308
31040 48 36690
5968 60 37196
18032 40 36000
35372 13 38725
17708 81 35736
616 92 32262
27835 70 32950
9174 17 37568
6279 58 37425
15837 99 23811
14174 54 33386
8668 97 16319
5091 46 31910
21358 10 35152
32915 6 33308
867 83 30783
4626 83 32124
9936 94 19749
22907 2 33116
1455 15 25147
16419 51 24505
1631 76 20061
1016 58 27987
7405 92 10767
1911 28 21364
24419 38 31183
7970 78 10478
9919 4 26670
16036 17 30289
9661 87 30932
7427 89 24330
10271 88 37945
23735 9 34749
21453 52 28200
6638 87 26620
15736 31 38549
26937 24 27923
4065 37 26690
37363 80 39629
4784 24 13578
27573 92 38974
17560 34 36756
6922 57 30983
30333 27 31306
12297 60 33646
29692 46 29999
6191 91 33818
7588 55 35344
5897 95 31191
23444 22 35481
4958 73 17815
13517 71 39741
26015 3 26896
2026 74 12137
1027 78 37253
22815 50 27626
2727 76 9488
19216 16 36519
3852 20 22175
488 2 3595
15078 75 27277
18186 29 39206
7727 10 10797
17782 50 38670
5211 52 25768
7883 55 12541
7563 90 11705
22437 47 29433
21713 39 25998
13779 25 23074
7292 59 12195
19735 55 23709
20679 72 27009
8345 14 9712
3404 56 31973
31253 85 37105
22159 15 28593
20822 45 24199
3139 68 10646
18308 34 33292
11831 41 17447
5124 44 23139
3585 64 34242
8480 82 31830
1215 100 17277
21134 24 33225
8197 39 29438
15954 100 24443
13060 93 14537
24056 87 35186
7246 96 28188
2783 37 5615
21583 73 35164
7676 48 12831
791 93 6780
22557 5 33919
4479 81 14980
30200 51 38303
5106 73 14834
8060 36 39743
20373 70 38459
24791 94 35248
4265 40 28496
7478 88 33191
8405 62 22906
9361 69 13744
12497 84 39490
21950 21 24511
6330 43 17734
20603 56 24440
12349 32 23145
15743 31 29090
10460 47 16174
17677 28 31172
10558 48 23732
13507 71 23647
28606 8 30609
28769 66 33086
17840 44 35785
4218 55 30086
6318 32 25350
26935 38 33081
4932 36 15895
15856 62 19863
29069 42 30510
21982 25 39062
19856 25 31245
11892 40 23629
13272 96 20407
22360 80 39039
5686 80 27356
28525 63 36426
26836 86 27762
34902 45 35573
4116 24 6373
12205 8 29314
6383 7 22359
20232 28 39581
10669 32 26714
5662 42 35208
14238 57 18523
13910 20 28290
14686 59 36492
19237 83 29699
30664 99 32099
11477 33 13479
6659 18 39045
3676 91 21993
1485 9 30571
2373 18 25373
8605 16 33478
9042 88 14566
7700 75 33012
19238 46 37573
2718 18 37708
10798 84 19168
20881 14 28257
21796 63 27174
13260 68 25283
16239 32 23983
13812 78 20011
14825 93 30607
17722 72 37590
16681 58 28551
11593 87 36692
536 60 8355
2882 4 10971
4882 83 33462
11178 38 21742
18600 9 36401
11674 1 32389
2314 53 32138
3806 22 19456
11591 25 31487
5070 67 6907
26676 100 33579
21500 40 25343
21285 6 26584
11479 14 28206
21552 51 27119
15944 11 19903
15311 58 24690
10143 69 27128
17637 88 24008
20083 90 36220
2239 62 31306
8371 8 15520
5942 7 31564
21343 38 33436
23231 83 33044
17544 86 19687
14306 70 32838
6859 44 14022
22325 98 37048
23755 87 33106
9672 98 18990
878 40 16866
709 20 15783
4461 48 32044
1061 76 33690
26457 18 29759
27504 22 28986
25511 44 36061
12789 89 35962
28234 11 34909
14124 90 36096
26561 20 27894
6847 9 36163
5475 93 36004
52 26 32296
4397 9 10900
33563 7 37922
22314 47 30756
3860 61 32910
6763 82 38726
16065 98 26542
29930 62 33072
2713 90 12461
1735 48 22842
11800 76 33508
6748 59 18706
15009 32 31329
2416 74 37243
4634 41 27651
30111 83 37913
5150 85 38333
6496 6 9458
5275 66 17948
11757 8 34597
17569 82 24542
30015 78 34448
19392 44 30750
1891 16 36668
26127 24 29760
23169 35 38727
36789 31 37663
2990 18 25930
13270 65 33199
1771 55 22642
976 86 31121
14004 54 22994
10266 38 26419
9706 54 14515
1121 11 5730
5840 73 33410
4293 16 27911
1154 83 15529
15783 78 20731
29545 78 36941
25398 28 32364
5816 99 17112
28173 91 39178
20606 48 23686
26124 46 30388
13595 13 13636
6687 84 27939
12880 71 13776
565 11 7262
6491 36 30281
9350 72 20959
30949 65 35410
31191 60 36154
4960 5 18142
30838 46 35293
29139 30 35392
19906 4 27480
13985 55 38245
6993 45 16841
24806 86 31616
2796 67 24632
3416 55 38693
9617 90 12209
37960 24 39201
5833 54 28226
9649 53 17989
30830 39 36245
12893 19 34156
17809 79 37525
11136 30 12026
9869 9 32816
4312 83 22886
10226 9 33786
24876 11 32639
28576 24 37673
12141 3 19869
