800
8638 7 19203
11992 63 39971
14600 4 20522
27246 99 33070
25068 15 32975
27288 100 32268
3320 73 27087
5366 84 31547
20369 26 23991
37955 88 38951
27928 10 38620
12638 33 17745
31613 28 34703
26779 8 32407
18898 39 39717
14618 30 30493
29504 3 35844
20491 57 28366
16675 90 27787
8444 39 20569
7852 56 16778
7878 3 11529
23849 51 37689
8422 1 33974
22274 56 31085
11051 61 29988
19987 7 21309
16262 63 26909
19587 73 32610
24409 69 28687
14148 92 34015
3544 79 7560
6673 48 35596
38096 37 38373
27191 69 29657
3196 37 10720
18966 51 34400
4148 24 27048
26445 89 32267
22286 17 37861
33671 76 35035
818 94 14627
13984 91 31483
735 26 32082
8921 72 20409
20754 44 21391
7767 25 14485
654 77 27743
8739 85 15374
35503 100 39777
512 100 12436
22362 44 38639
721 94 12937
131 33 20519
4589 72 5474
37582 6 39438
17834 37 38734
7474 97 20548
5003 30 37357
14457 55 27156
10955 60 39479
4051 6 31076
2485 92 32803
5252 10 26487
9954 89 28547
5921 77 32053
20077 23 26700
29489 48 34645
7155 5 12896
20797 93 31903
2367 23 30626
15714 20 36406
7123 49 23272
6799 49 17651
26073 86 26302
14012 94 27693
13471 6 39399
6407 83 35027
19728 37 37602
7878 85 31461
4954 56 16465
562 98 963
15786 69 31725
30345 75 36339
8558 37 39665
13250 75 18858
36235 25 39376
4807 73 34780
2477 34 22254
7290 55 15340
10454 74 19293
1360 32 31291
8188 11 29304
12208 52 26464
13516 39 19755
23698 36 30932
2949 92 10793
11564 1 13591
14250 39 34618
4943 9 32233
7477 4 19076
25475 67 39629
5840 48 9557
12328 19 24966
4330 71 5287
8982 73 21421
30099 32 32471
8662 65 23132
24020 7 34586
13992 23 18929
6960 10 19436
1333 96 36347
9558 15 30807
16229 47 36236
10037 8 28735
10709 57 39419
816 88 39254
12015 29 13791
8965 72 29656
11673 3 20441
24874 2 29821
21736 50 34684
10926 45 35095
30560 11 33598
695 86 16577
19114 50 26564
14998 95 21790
27796 56 39494
1641 13 25039
53 27 36696
10393 53 25988
15857 50 34338
1656 28 11304
4932 64 22908
17704 50 37445
32996 38 33588
3258 84 20450
6279 88 27290
14580 39 39398
37633 62 37744
2261 10 18215
18661 33 31554
12085 76 24472
15606 8 16601
9607 65 12504
7412 91 27732
9458 11 24489
3607 91 22537
6732 91 30301
5481 82 7342
27727 22 39308
9504 9 33935
5482 36 36023
23574 65 27584
29973 50 34275
35886 50 37358
28830 34 37831
4094 1 10822
288 12 584
7719 55 15072
22519 96 27517
28943 80 35362
518 76 30823
1054 97 33671
9750 23 38500
19181 31 39243
16737 49 32421
38677 2 39459
12424 50 28836
8293 82 29331
1812 53 31509
14371 50 25620
4628 15 18648
26172 94 30165
15077 74 29612
809 86 35606
30274 8 39027
9551 78 24977
31009 28 33995
861 67 2629
11050 82 24788
14846 74 39299
6794 91 29894
17188 5 33140
4713 3 11666
23078 35 34630
12690 26 14637
26903 21 36591
29849 60 37742
9121 97 10158
15867 10 33143
4582 13 8023
2111 37 17253
8907 24 10068
29030 49 30437
25737 30 37798
15662 28 27290
12573 61 31682
6845 42 36529
4039 49 15338
21223 21 34628
12667 2 34100
4325 55 29930
11726 84 37239
1266 16 25168
2956 1 31504
386 97 21081
24250 36 33656
26454 48 38408
1254 23 16272
5228 18 15620
21374 34 34051
12924 16 22108
26671 25 28219
22408 37 26226
12203 32 24414
7479 28 10660
10106 60 30710
9336 45 33175
13750 94 18011
19047 13 26999
2841 37 13285
14913 18 21048
8003 59 31644
3021 38 34468
2101 33 31825
25778 71 32527
2631 50 37833
2970 80 33269
8589 94 22445
20908 21 25995
17597 77 24128
15102 89 16047
12374 86 29351
4905 83 30655
10874 97 22113
27012 58 35372
5532 33 7416
26123 12 30705
6919 6 23513
9 34 37138
4925 46 30714
14015 28 16455
16623 75 22344
18697 91 34569
31032 41 38147
22299 7 27216
24148 80 29111
18106 80 36925
22094 7 33273
64 13 35651
9998 61 28358
32084 57 36392
17382 90 26957
26147 1 37700
9468 99 37564
28324 35 34360
7390 11 34051
2271 60 34818
7939 61 34509
10753 62 39854
28432 25 38583
16551 55 34280
10427 97 19200
14148 10 35926
13438 58 20238
36150 36 39620
22134 86 27645
3647 62 17171
539 73 28260
26257 95 31797
34794 64 36633
22524 97 36109
12467 20 38710
7553 14 28313
11968 91 13009
22589 50 35194
6607 18 8087
20987 66 24957
13778 2 24382
1400 37 39772
12011 1 30970
31885 28 32549
1270 1 27699
1337 96 4052
15197 89 22012
9023 2 18455
6781 38 36561
16316 68 38692
2165 87 7195
7368 41 17406
1848 36 9364
3327 33 33232
13302 34 14097
13559 30 14058
18760 55 29793
3158 44 33140
27737 63 34032
2367 27 28412
15383 31 15691
14254 69 20422
13574 1 39409
20563 33 24429
9759 32 29065
1064 87 31834
19435 5 21587
28776 85 38706
3884 94 10240
16787 84 28654
2099 43 24760
5106 29 7702
8902 85 39152
16737 29 23295
4088 12 28177
8572 2 14009
595 68 12138
25843 3 34690
28721 22 35154
24901 47 27822
31738 6 31972
1695 15 7395
19893 65 24091
4669 18 25688
4538 52 36221
2842 9 37294
1718 31 39503
11967 88 18933
24117 14 25042
27997 30 28617
30610 69 36449
39079 97 39299
29631 77 36013
12195 59 12932
18646 25 27336
19939 100 29629
11401 9 25783
27874 53 38273
2882 49 12530
31532 100 33872
29563 14 37299
14063 100 32899
7416 70 22082
12330 67 23495
115 81 11445
15777 21 18269
7681 45 11163
14713 89 30073
4004 93 12509
17951 63 37661
17210 21 31059
20081 31 25640
6511 44 21725
26965 37 37108
33424 36 39902
23465 91 32069
3001 54 26696
25011 54 26861
14079 82 27258
21165 46 38575
22660 83 31850
19642 6 35238
11939 35 14600
12983 25 18388
3906 29 36453
21632 65 21994
13250 84 39295
5535 42 19810
22028 34 35563
20244 29 34775
127 38 24401
13842 89 33545
29809 80 31239
15771 36 33832
23640 75 25058
20389 62 26951
36989 43 38882
3690 42 10539
34159 24 39405
11951 56 33190
3223 36 36015
5002 13 24148
11730 99 17322
21151 15 23571
29058 9 39021
9477 25 21048
13930 35 19809
11927 19 32949
17656 28 32959
15284 47 29416
6940 58 37893
3766 84 26103
22655 96 38558
11287 75 34087
30107 50 37975
26048 60 38565
6519 82 14627
23127 82 35272
6506 100 27099
10679 37 21241
6158 4 19178
12541 56 17588
7024 5 35589
23427 51 28010
28790 40 32131
500 45 18811
19081 67 38825
946 68 34126
17599 35 31861
11170 84 36065
29304 83 35905
17895 75 30587
5255 54 9301
17644 21 31388
2011 57 7011
5626 86 17308
23547 15 35978
13198 40 24805
757 33 31169
21089 75 36149
2525 94 37429
6810 33 20056
12669 30 18310
1468 37 14827
999 33 30696
3515 2 14526
16216 57 19126
16408 71 22543
16611 76 20312
13067 28 27383
34027 42 34573
4474 34 39102
28591 70 37300
6564 28 32871
4105 43 22699
12198 12 12715
18461 38 24928
19803 30 22094
185 91 29249
4792 86 11136
15118 34 29034
5241 4 13526
1106 80 19958
1713 42 32039
19039 5 30653
10111 67 31775
21987 32 26310
18088 14 39555
21584 76 36730
19279 44 35936
23887 30 27725
17747 4 35939
1974 77 19663
1857 63 4053
1039 42 37919
5712 70 22025
26804 64 35181
29368 10 35767
10377 43 23061
10821 89 18312
23225 53 35804
2155 82 26823
9651 36 29504
4791 43 6082
32950 47 38601
25086 83 39264
5843 63 28953
17442 27 29790
13277 8 19613
28570 98 38950
26801 16 30442
2656 26 10666
4864 74 27327
21099 91 36049
9139 33 29970
22744 62 32903
26752 63 39320
27509 85 32804
35016 59 38960
9181 30 27164
3687 38 30291
27943 60 39125
757 40 29911
9626 99 14941
17138 47 19635
5937 9 19433
6257 2 34527
24390 68 31680
8687 7 39444
8736 20 23476
2418 95 37158
8905 25 14361
26782 9 39801
23589 39 38873
13202 36 35300
3074 70 32364
12286 78 21379
29151 2 34789
5574 53 9057
6705 73 27292
10266 5 28295
13490 100 13864
5651 32 29257
14141 79 38332
4820 56 14847
31682 53 36684
24731 94 39796
1993 15 37238
24204 86 25338
8855 63 34342
8242 54 35876
6286 8 33422
1567 36 11387
14586 13 30215
9900 94 16706
29149 35 35289
35338 74 37591
23127 80 26962
22253 13 28212
22117 70 33334
19927 28 29550
15813 61 22742
6705 85 37521
1745 20 30262
7317 3 9233
12975 42 28580
4720 53 32440
2616 49 38468
14586 2 38053
27824 32 30249
35691 49 36101
4756 77 34370
5138 35 36498
13739 27 21630
10274 29 38322
66 30 8733
24521 78 26637
24172 18 30140
34028 49 35007
25807 96 32957
32851 99 39742
11713 21 12812
17017 49 30799
2267 22 22853
5263 75 29555
6539 2 7699
19953 28 33022
11300 33 19147
23280 34 37172
1728 73 20539
24517 33 29986
8121 64 34085
13912 16 19761
25786 3 39149
24189 28 34566
4354 85 26795
12180 97 13638
2416 30 17648
16687 67 20755
28474 54 28841
6070 82 38132
7970 80 11422
26061 43 35171
21092 6 39166
9341 40 13806
14047 19 30906
31981 82 37261
3741 45 29543
26310 6 36040
35234 44 37410
29418 65 29528
17830 63 29910
21680 31 33337
36474 40 38278
29834 82 33185
30321 64 39245
24438 90 27294
20958 83 35431
11262 22 34300
33543 2 33713
3351 20 26497
10805 93 29703
15654 31 23364
15561 53 26693
20849 89 35699
11799 25 23943
1596 15 28528
9484 49 32955
18182 28 20263
6140 80 18814
18829 94 26350
24691 53 31250
25212 70 26166
1924 16 7236
4467 2 7072
12312 58 18921
20874 72 35105
27417 46 32155
6100 57 29706
9148 28 36459
2117 39 36947
3941 40 29328
5324 89 7874
4646 89 38917
32439 90 34405
7915 38 38473
2647 25 29919
20957 66 31573
3689 44 7822
980 72 39577
30513 45 32182
10716 31 29929
25793 97 27034
20869 28 37449
10283 82 33774
19070 20 30551
2677 78 7804
14786 14 21800
33223 55 37009
21526 90 38992
24543 63 26485
13919 54 39985
12592 50 30794
6762 90 28476
13144 36 25003
11215 68 32945
8389 41 25806
8704 8 31646
6861 6 37495
15969 88 33628
3156 24 31078
20766 76 23609
17559 4 26790
30258 32 37760
4730 29 5549
4081 66 31464
2032 52 37215
5368 54 12256
7651 13 29938
4621 94 16017
10461 32 34073
8269 15 38243
13021 14 13217
699 7 37691
23209 2 29175
23970 35 39697
3323 40 27510
1386 8 20238
15049 99 25668
8965 19 21938
21265 6 34942
21508 46 22294
27399 26 31613
32909 14 33930
19433 22 33838
17770 41 34450
3561 42 6218
19441 44 21728
1678 16 35196
30854 58 32202
11170 74 22359
20421 1 30261
8732 2 35885
34287 30 35170
10660 67 20653
17999 1 33933
31654 35 33381
8500 78 13170
19690 46 23569
7201 55 38163
11390 46 21712
9282 97 26065
16960 75 18670
30632 4 39501
23277 28 23621
38341 52 39017
13009 94 19874
11276 22 27018
4828 9 15090
9634 11 16494
14232 39 26923
19897 24 30564
8856 26 15604
13469 11 18358
4264 11 38211
10546 56 15008
16028 40 24693
12019 36 15097
4861 94 17278
23799 54 38093
30153 53 39502
17363 78 17989
21015 24 32899
5683 96 7305
18960 55 30016
19444 33 31899
36569 11 38983
2317 88 4745
9037 21 37177
13400 60 26448
14894 68 29812
80 17 18137
11897 3 36893
33292 53 35055
9904 33 17556
21888 46 30995
6823 20 26060
24157 63 32673
30169 68 31549
10107 33 35894
15256 23 36362
24837 11 24894
20391 98 32012
19052 84 30935
15153 21 24196
11319 32 35160
19498 44 35158
7616 40 38995
18281 66 37185
6097 7 13519
13950 14 26220
19729 30 30456
9369 60 31553
28276 69 36053
6362 40 36722
28251 26 28759
5573 93 31288
23151 11 39190
25138 29 28061
24789 32 35150
1141 98 31578
13527 81 34458
572 63 11241
2951 7 28315
15602 3 23601
26183 62 36106
17520 41 39060
9752 74 10483
12151 63 36590
13683 28 21390
24782 94 27434
36875 21 37450
4260 5 24593
21842 72 29070
14354 78 26797
19939 69 37520
13025 2 29196
35514 7 39523
6054 56 22287
15031 15 21392
474 43 36232
8939 72 19273
6834 7 38690
11236 93 20151
31793 20 32078
5500 35 18067
15165 83 22945
18618 91 34027
29242 29 34308
22833 91 23461
27992 7 28466
1875 37 14507
15217 95 35030
19360 34 26597
28489 65 38186
366 6 37656
9056 28 33063
3355 35 12750
3239 98 39935
26317 53 30223
21638 69 33547
692 32 8540
24002 27 39719
18463 83 37732
4746 25 24500
6501 81 33580
10706 15 25324
24966 48 30546
339 26 37931
11165 45 27597
15708 24 25541
5337 4 27532
23051 30 35077
21210 99 38619
9433 85 37295
56 24 31117
16720 3 34224
8517 74 34626
4683 50 5520
23835 85 24141
30886 60 36065
12873 67 30207
22747 66 26959
1800 90 11736
21596 49 37865
8582 39 15324
26133 75 35237
17588 14 36640
29340 70 35484
11080 11 19203
15849 11 28549
