800
8758 88 18260
37309 7 39633
10996 91 13633
6829 28 32428
3507 68 17411
12547 70 30393
29655 47 32267
2093 64 31565
15531 64 23499
26158 36 29747
13622 28 27927
5628 80 19366
5803 94 14886
27012 13 30480
27351 75 28747
32840 55 37878
11357 1 32811
9437 94 10539
36296 46 37280
32602 4 38902
7017 31 35120
159 34 26641
3503 100 24521
24933 70 38816
13694 24 27325
3792 76 6197
19739 16 36525
22116 65 38080
3010 3 17622
3111 26 5275
6455 39 39111
22757 62 31880
14938 22 29559
6514 5 20450
7041 8 34447
31208 8 39485
25029 69 36479
19647 45 38517
25895 96 34913
15508 68 22856
24698 94 34931
26029 92 30716
5275 50 18766
3674 91 22282
3398 97 27841
18357 3 22873
5267 80 14785
8061 49 33528
4293 47 35891
21439 44 32741
2374 88 7363
21223 16 33735
2389 9 20758
22827 25 30258
333 83 13802
23793 83 35636
25738 30 37547
13827 42 18069
16875 89 30086
3695 91 9259
2350 53 10189
22801 40 31153
12575 18 16703
26430 53 28833
6568 65 37679
33188 95 36144
8785 1 14527
11483 44 19597
30928 42 32484
9109 37 20853
6779 52 39089
21600 62 33522
21257 82 33980
1399 53 29481
22705 57 38550
13727 8 28044
25854 46 38339
2473 9 22435
21823 76 23895
23768 26 31086
21011 77 28258
6655 61 17747
10161 1 34780
385 77 14957
19103 1 39867
3750 50 23456
12591 6 28408
21561 79 33332
4222 68 21846
17806 5 38001
19493 41 39665
10064 71 32241
2311 21 30780
22186 11 32933
6279 93 16521
6472 50 35684
15968 16 33070
29574 9 29959
1292 5 7742
3717 79 36089
8735 46 18037
23363 55 36055
31312 16 38172
26680 64 34452
19484 51 36253
16929 87 18849
6258 29 35299
20793 22 35084
1166 25 1759
640 86 17667
997 45 6489
5140 75 39380
164 100 35334
11392 9 28825
31076 51 31167
4673 80 26669
7393 60 31315
7135 8 13990
8600 82 29040
3375 77 23791
3197 23 6043
15070 46 17039
6952 17 14772
11392 46 34322
20725 61 35410
3421 83 14101
7345 15 28308
26660 2 32120
7171 86 33404
16957 74 39335
9951 44 22051
18594 76 20874
29905 67 32908
26916 25 34000
27968 62 30579
25825 11 39930
3194 39 38026
12459 87 32049
16874 86 30267
28771 54 30842
12976 6 19516
6364 75 32222
12767 19 19993
25473 50 31422
10961 50 26431
33042 30 39815
26963 52 36351
36502 62 38531
6116 56 13854
12622 50 35587
932 34 35224
4574 12 21671
9522 37 17712
4981 64 28723
33226 65 38580
1657 62 20407
24898 1 31108
3767 100 4538
130 71 11304
16760 7 23718
20560 96 22518
5574 2 15499
24753 23 38485
4571 93 36049
2859 42 27189
18396 16 20825
3558 85 7892
17867 87 28925
31756 44 36513
15787 7 23679
4419 61 22089
23670 33 38300
19986 71 32716
27221 23 33087
14080 20 31844
11868 93 31577
24976 22 29498
4019 72 32815
3913 28 17147
256 16 27700
7745 4 32031
6533 54 20871
20131 43 28918
35159 50 38304
3662 9 7288
16188 12 23799
445 34 5196
8421 17 26248
26279 66 34116
9116 95 29386
11489 12 35502
27969 55 35620
9223 40 24109
2132 64 11641
10216 29 37239
266 71 4636
11976 66 19938
29274 59 30643
24092 79 39946
26674 40 37120
29420 23 31424
10605 45 20708
7888 68 16065
9263 30 27953
23984 66 26725
844 79 30352
7434 55 18982
21539 34 29012
19678 84 31039
21683 19 25643
8451 46 26114
29371 67 31929
8356 61 28134
5945 47 14564
10233 81 13784
26762 31 30650
16955 48 31845
14070 68 18924
656 1 32826
1041 54 7111
36163 79 37202
5311 71 10984
7735 45 17405
243 81 13481
20189 67 30516
15511 100 31800
24370 48 38329
4234 63 30133
3018 30 37286
1081 58 13884
9811 68 36334
2174 84 27651
6222 74 16825
20207 99 20567
13406 42 39929
5836 87 29038
1023 15 21629
26198 79 37282
9356 36 39799
25862 93 37151
9618 90 34702
1551 48 31200
32785 56 36885
4158 65 15767
24534 28 31083
3380 90 35109
9156 51 32456
27135 53 31571
3134 86 22600
20606 19 25337
1653 6 9109
15060 5 20590
12433 66 32588
4482 64 26922
9347 86 16186
1906 96 13121
20110 60 26907
32731 2 35920
1563 66 16916
23903 66 26788
12449 41 36260
6497 97 9608
25422 8 38452
2180 94 32499
16396 3 31175
14594 87 27180
28489 13 35963
30570 8 36246
13172 70 38752
28886 88 36469
4050 68 15242
1838 50 23499
46 16 3181
33501 12 39495
18185 27 35699
10214 83 30470
1181 84 20480
19522 70 37275
10748 24 13910
15830 30 37545
13086 64 19352
9684 8 21520
6384 20 31452
5154 31 7850
18169 67 37399
31333 13 35929
15478 12 24007
23169 56 34852
8382 66 24407
7004 27 13321
30153 43 36397
27406 71 36415
5708 27 30282
11984 31 31375
22484 25 30282
574 77 13401
24667 69 29547
29326 66 38723
18134 73 22130
2677 19 19322
35510 95 38974
24046 30 39220
12028 26 25680
5639 81 21288
683 37 36182
21494 1 34577
24804 55 25629
6901 42 13285
19187 24 31005
13208 73 33569
31968 66 32476
6049 41 15552
5973 6 30924
8297 88 33977
9863 12 25119
6697 45 30491
15394 87 34409
22670 93 24696
478 59 20906
15015 22 34975
5589 27 35839
5040 14 38992
1175 4 17447
16484 62 35269
8754 4 16129
41 53 10492
12367 61 22278
2730 81 9037
13119 82 14187
9505 43 29271
9528 38 30742
328 84 5818
3536 79 13542
12273 43 31189
14612 1 24776
5408 26 28488
19485 72 33551
18280 63 33666
32741 5 36753
20722 39 24643
13652 96 17028
6513 83 16399
10905 33 27735
31435 99 32738
9953 15 24104
6453 83 34297
9723 1 9745
5693 82 11609
28255 31 36936
19207 71 30552
371 50 6416
15511 69 18226
23254 87 31924
19717 50 29480
13592 4 33465
25063 13 28923
77 27 15746
15580 46 22647
16998 82 26373
3516 98 24587
9271 94 31177
9854 69 9946
6176 17 6242
4094 89 8116
1358 32 5591
7474 17 31257
6351 92 13634
26581 45 35312
4133 57 9906
9564 56 39701
20775 49 29134
22485 1 22866
8082 10 37614
15589 65 36502
267 37 27114
13953 49 37118
25185 21 34299
32790 68 37172
12713 87 13865
27028 32 39766
10102 46 19775
10643 77 37987
11043 24 32767
12222 63 39786
118 52 21044
1622 56 7102
24571 58 31865
2812 14 38834
3356 10 16389
3461 55 39597
36010 68 39390
33086 93 36022
8884 11 15881
8592 1 32975
8523 45 17557
5916 36 13393
11698 4 30740
3074 67 9899
11057 94 11358
14 61 34666
7504 97 31409
627 24 35179
28574 33 38552
5350 16 13930
1875 98 25122
18159 98 28318
10806 32 20494
13201 1 18097
27238 13 31820
28848 72 30243
29283 56 39423
36026 21 39199
17028 51 28103
2754 74 12596
3746 73 26268
31994 88 37894
9764 31 13211
3009 18 29004
192 79 28778
2127 30 18892
2847 9 6495
2582 67 3186
27057 52 39766
20629 94 24992
1869 48 35501
15886 45 17729
9042 30 9163
28916 30 34225
32820 3 38815
24412 77 30991
11759 22 26984
4857 85 15807
6669 64 12178
6168 17 38975
3670 75 4518
20632 91 36437
19472 51 37903
33172 98 39227
29647 47 32049
4766 61 22769
3198 100 22277
19057 37 28933
20296 31 32172
28704 73 31514
4885 25 8338
2897 9 28620
6654 38 22191
30478 67 39667
22606 98 34438
5682 26 13204
19166 51 33874
29861 40 38633
1380 45 14913
31122 52 36021
7549 14 13433
4063 63 11002
17824 53 36455
2187 74 3868
18670 44 32452
10126 83 31900
12836 84 17148
9483 18 30659
27935 58 37321
9242 41 26610
1243 95 5351
128 38 9558
152 15 38515
30407 48 34961
6763 32 25151
11407 6 34762
10656 41 12308
14080 42 35315
30545 74 37683
4913 28 32853
14223 33 29075
8469 96 32129
15273 98 31274
3026 17 20755
12487 10 28190
13056 62 26227
7298 44 12417
6609 19 30153
21872 91 37869
18490 22 33406
1059 22 30929
148 83 15552
23785 82 25661
1736 27 12993
10364 95 16725
13104 97 37425
9268 58 11961
27126 19 28390
3599 35 29988
8158 24 14041
25357 83 32135
2040 96 39675
12371 32 21250
880 8 21018
19970 7 32410
32230 62 34439
21015 98 30117
653 21 15914
2194 48 11469
25882 48 33406
8106 58 20427
23858 19 27114
847 96 38252
9991 78 26082
11616 69 29609
18711 12 25883
14672 41 26424
20568 84 31633
7925 54 16457
5882 60 36207
9776 11 36112
13302 93 33875
7938 9 22881
18511 15 26238
9460 36 21719
18133 39 21363
22049 39 38950
5728 8 37501
19681 88 28715
757 73 7657
25582 4 37216
1870 41 5219
13119 92 28543
7620 62 28120
8981 7 27574
9170 17 38863
12618 56 27164
27792 8 28413
27246 100 29413
16337 86 37615
15283 56 35071
14241 47 29971
12091 79 38767
5165 5 8931
5131 87 27960
1209 30 2353
20806 97 36273
30021 20 32458
4111 92 6850
11090 26 11938
28895 73 38656
29267 76 39723
14530 46 23879
1666 100 26613
21305 44 23385
14071 74 15086
21498 57 26205
17987 54 36564
5525 78 12098
29861 54 34072
4158 19 11020
19937 3 39624
11150 32 25750
11188 61 28763
24743 35 35084
27697 53 29286
10642 9 32194
19267 61 23123
32750 97 36378
1776 100 1884
2157 2 13836
19790 1 29675
14705 31 24298
3104 76 25088
5874 78 5963
8160 12 27327
26888 95 39888
13365 45 37099
2332 100 13629
5756 82 30368
5894 67 30873
20994 3 22796
8689 45 23352
25450 96 39383
16788 27 35502
10678 22 10913
3049 28 36900
16511 92 37043
2622 60 10026
897 99 34431
16801 4 27500
7623 53 17135
814 100 10441
19475 65 28135
17780 8 30440
31206 18 35985
2773 5 33441
4787 32 26007
8060 79 17372
7927 94 30176
17281 33 27559
11702 15 12713
1757 36 36762
12575 76 15608
5346 28 23650
17964 59 34621
4141 79 13408
7283 45 32750
14439 94 29676
22307 65 36920
9349 57 12753
33056 52 38004
33132 24 35816
23265 22 39726
10009 10 37264
12186 21 19690
29514 39 35909
15060 83 34159
14064 27 25006
21225 62 35853
12824 71 32502
13679 86 25192
10487 24 30987
8102 8 30729
12177 42 27673
32513 16 35784
3754 82 6755
8560 41 22450
13073 48 31938
28310 9 32793
12574 54 37636
22340 84 26586
14204 2 28696
14002 13 30552
5857 90 35490
1282 65 36307
30608 78 38969
6240 2 17499
11574 61 25340
177 33 3453
12333 2 35022
7310 37 37112
1125 75 5358
5663 90 31442
10269 60 28562
14887 89 21628
29065 83 39324
24384 82 35353
16159 99 33162
18132 33 32736
13896 58 35781
8355 87 32204
5887 97 6187
11958 4 36258
32996 59 39517
30823 81 36472
19146 41 33696
6630 2 12801
24584 41 33723
16314 37 38313
20396 40 35439
27256 81 34380
16659 65 27080
28178 62 33067
545 6 33563
3308 9 7334
16561 7 21591
6386 96 25409
5888 43 6773
24008 56 34776
9350 30 9926
18168 70 36727
35361 34 36995
7087 59 13637
893 76 27637
11289 95 21198
21805 41 36502
18247 78 33627
23741 56 36913
15205 88 35089
9972 92 21588
728 30 14731
20137 23 26521
11084 22 37076
32885 84 33622
14190 78 25224
24225 69 26757
5773 82 21648
11415 18 31333
13277 14 21134
10799 24 37456
3527 27 34728
9383 40 17662
19058 10 22757
36569 79 38808
946 14 29064
17671 36 19455
20068 10 32905
5701 88 29690
11473 90 33847
11218 82 23609
1862 24 36240
2259 1 9521
532 100 14029
13156 5 19059
19810 21 36656
682 67 32303
16103 85 39679
24767 39 30185
10781 68 11169
1170 2 4700
8048 96 39620
32941 37 38526
11178 15 28234
30023 33 33474
2371 48 19007
2214 93 5213
1311 74 26760
37186 2 39028
1518 22 22125
3406 20 17649
8154 37 34238
5675 79 24999
20341 60 35375
24604 85 31177
2449 98 31059
24574 86 34170
269 24 32229
4377 58 32109
31045 3 31482
1209 42 36176
17936 64 21145
14673 59 26272
24148 81 32880
31755 46 34470
9033 99 9999
8389 77 21315
18440 78 36013
18237 50 20893
29302 44 33174
5444 19 22929
5545 4 8310
12257 29 31389
26896 36 27420
1506 53 2738
14197 25 38354
1529 18 30003
21705 64 36702
9967 4 39211
5673 69 15224
6506 81 19799
8881 26 13343
18984 30 37089
11460 95 30514
4216 40 28033
19961 2 38277
20866 23 26658
5215 97 14153
3540 1 26714
2160 93 20382
8898 24 34234
4448 65 30427
15808 84 26326
10754 75 15405
29668 99 31542
23433 33 33029
5047 10 28777
2686 51 14360
369 87 21355
19960 10 35371
1657 92 17396
2978 1 31898
23089 39 32990
4526 54 36881
25614 55 34674
13793 49 31734
1781 2 20303
9210 42 32028
10223 72 36984
15274 48 27921
5784 24 16446
1377 56 9304
18816 76 25638
2950 41 16223
11911 33 13853
645 65 14641
2563 93 17588
4727 24 14567
3769 83 4854
20594 3 29604
2826 12 29134
4625 51 10376
14810 11 39492
30033 68 38288
25280 4 32917
10268 72 17517
4083 59 35817
10659 60 38579
20189 89 28576
7159 7 31975
16313 12 30892
13117 54 27018
18945 51 26473
14591 12 16835
11820 8 19019
12309 23 23199
