800
29482 8 34030
2154 58 27328
20303 78 21115
4424 31 30334
23349 69 32382
24895 13 28627
4475 5 9458
19033 70 26242
7609 26 16014
21812 5 32076
22499 97 31953
14056 66 21595
30381 9 39169
25474 68 34631
15562 52 25464
12026 12 37036
34690 29 39023
6299 7 32830
3711 35 37110
16096 52 38137
21419 19 28885
2308 21 6622
21407 32 27911
33475 67 34070
29308 68 34203
18584 42 37606
9728 16 32483
27546 38 31522
3976 98 33258
30964 69 33343
7155 69 14352
25853 16 30600
29227 18 38760
5322 73 13300
25575 34 26829
24150 16 31284
28043 51 37913
13553 39 33217
12665 93 18114
25414 95 28588
16369 83 27011
17113 57 34115
2596 40 38443
6403 54 10087
19208 48 26824
29467 81 33145
10823 23 29871
20139 40 36897
31329 9 32518
8773 64 30637
7605 87 18254
27555 1 39562
22196 62 29823
6216 95 20205
19492 56 38168
14839 26 19762
14306 96 27679
20400 4 30551
5104 100 19924
6130 27 6170
9840 61 19823
13691 72 21341
15214 44 31072
9546 73 24591
21934 81 24072
12569 67 23839
8380 58 12648
10381 78 13378
23000 44 31440
24712 55 25792
3422 85 12508
20945 75 33248
25958 15 26645
22893 16 25797
11403 20 35988
1977 77 22185
31752 77 32642
17781 24 23217
19199 33 35821
3691 2 6647
1158 67 10647
509 38 20309
3452 71 22914
1206 45 8952
18464 51 33083
156 77 29062
8632 90 13094
9336 50 29701
13452 17 18140
21190 41 30265
21618 74 28041
9813 27 20911
25219 17 30721
18466 14 22518
7106 21 31380
28726 47 34973
11192 54 20179
20458 42 24891
21333 71 38780
29777 65 31879
10634 51 23731
24061 56 25019
16196 32 23842
8309 34 35130
10070 42 36423
20067 13 32606
34241 17 39854
9611 56 30147
2757 35 34351
2845 17 5603
27417 40 27753
25209 30 39842
31419 61 36184
18501 91 33228
33445 29 37825
13599 84 37777
4507 100 23522
3314 34 32112
12087 84 28078
17430 39 37553
2385 13 17171
19821 28 31600
22011 77 25500
22057 25 39825
26707 66 32462
1301 61 8019
3645 4 17367
21556 16 32378
19708 93 28264
22919 58 38319
1505 51 7132
3129 53 21074
29740 56 31603
28391 46 28667
17278 78 20957
4810 15 17154
4207 53 25133
21446 47 24407
25540 36 37938
19938 15 36194
18065 28 27509
2258 18 33183
29490 72 36103
4951 25 20839
36315 5 39357
2823 45 26749
29731 10 35934
15373 97 23723
4646 48 22988
5462 59 16260
36492 72 39262
2732 78 27681
1057 24 37164
2920 39 34873
22241 66 39453
6684 4 9065
6856 6 10826
6271 36 15323
3838 71 17671
14446 64 31284
3693 72 18651
3797 100 25407
15972 98 25930
8400 80 22414
17882 57 21018
10489 22 22497
17964 27 28647
5994 17 9428
4059 32 35692
15529 89 28213
1332 62 3410
2263 34 5091
20011 37 32497
26937 36 33659
15997 21 18646
18745 97 21247
18989 68 34781
15935 63 26491
14957 66 24247
3318 21 33793
16102 23 35336
26673 36 34124
3110 81 35920
14338 73 38371
13924 79 23955
16260 38 33385
858 44 6468
5631 88 36082
3455 58 31389
7600 95 10992
451 54 19466
212 39 26967
23525 5 36347
22248 41 33482
14996 78 27404
26559 91 35413
17048 20 22836
15750 86 28672
11378 21 17750
5122 45 29126
27792 48 29761
7055 10 29360
2675 19 10534
13401 20 26507
26254 68 32560
31207 65 34544
9055 52 26347
22100 79 36265
23025 94 36183
10649 95 23996
9234 49 29800
15354 30 29488
6828 61 27196
7741 61 22500
13241 21 28828
9150 31 13919
15217 21 20653
5355 45 6646
25333 8 26966
30790 25 37443
18321 34 22056
19758 60 30117
6382 79 30259
22764 4 27335
13161 6 19176
25431 84 36327
9685 46 33493
24843 22 29120
6242 52 30111
6711 72 6839
3866 88 25119
6283 95 33932
16872 3 26164
28457 91 30385
26002 80 34885
915 14 11377
3176 40 13022
24897 97 35021
5280 71 32997
24733 79 30235
9927 72 24889
13870 75 23920
22476 58 23750
26835 18 35561
11170 11 31143
33218 1 38396
12924 90 28303
5295 80 16078
7250 64 26699
4425 19 10787
21530 51 35769
10840 14 18555
6667 56 37139
38144 56 38653
10457 32 35188
6024 69 12068
4199 24 20981
4647 77 38734
21190 48 29295
9680 22 37169
24363 46 31156
3673 81 22715
22036 51 39074
28945 63 33704
12722 2 14107
4155 42 4697
13067 27 16877
19723 4 25633
30485 46 35700
34661 31 39903
9284 19 12022
12691 86 36854
7418 99 12662
26971 98 38250
2117 98 6905
15680 14 29271
11136 24 16954
23905 21 28390
34832 56 37713
18705 100 22041
1768 21 18040
5971 82 12735
14240 55 23929
6939 11 7426
2355 90 31310
23408 60 28228
5277 12 6551
35536 18 39366
9534 95 36595
33790 74 35413
31657 82 36918
5096 91 38981
2266 36 28762
6448 80 31005
2141 4 36358
5867 83 34918
888 67 8802
17839 21 31908
15827 81 38606
5701 78 31759
887 57 2966
9075 42 26845
409 38 9959
17749 56 29991
9283 63 30095
12873 19 14334
18514 14 38686
13324 52 24569
24247 5 31621
37644 93 39583
4658 55 19259
17724 67 31456
14284 91 24100
6878 25 25176
9868 85 25595
22319 59 34514
2585 2 23833
21970 57 25082
20209 57 28158
29715 74 38719
17252 34 19864
6129 79 39450
6883 41 17285
1579 54 8855
10763 67 34075
3742 54 18505
10811 67 21022
21034 20 26061
18004 85 27117
30223 27 33740
168 84 39601
34734 73 38899
7166 28 20211
4778 1 38034
25213 77 26155
24522 35 31256
28383 22 30724
7381 91 11656
4095 14 28723
20436 59 32409
20026 4 23115
5767 14 28479
34394 80 38144
14366 75 34423
512 54 25262
17006 58 28265
11777 74 34701
7718 92 8063
2146 79 22749
14551 2 29027
10305 94 35475
3865 15 5736
35137 76 38792
4407 37 6962
2726 60 13407
16451 51 16978
5900 40 30428
23167 16 32657
162 61 3496
18589 50 25614
25936 60 31364
5577 32 28345
20770 65 21096
11880 67 28735
21322 66 35918
17167 70 32234
26319 34 30527
25978 55 35120
15710 4 25466
9943 62 15082
3065 1 11173
3705 39 34235
2444 25 38589
13556 45 20358
3222 87 18154
4834 61 5068
11149 73 33538
17500 50 31186
573 34 39464
12748 2 26412
104 88 37619
10304 14 34669
2427 64 13290
11653 28 15167
8352 12 29453
5140 52 15832
1915 69 2460
18061 98 37114
16503 50 37376
17151 92 23702
3873 86 26497
523 46 11066
11775 51 35441
28069 11 30954
22128 61 28849
33227 54 39180
10457 49 24846
34575 87 35899
23533 37 33332
15378 56 38208
22843 21 36657
2935 61 32869
30907 51 38948
8624 52 29799
16312 42 31775
532 62 32942
27614 30 37478
17644 79 36199
1681 36 13704
19940 79 33834
1142 62 32421
33224 4 37416
12103 72 28925
5469 70 31897
315 56 23400
13704 67 27142
10214 41 24673
6904 16 24463
33884 12 36900
1917 96 13206
13185 49 33119
26973 14 28988
11590 19 18687
6567 63 30659
22329 75 37684
7656 30 37034
7823 76 30313
20586 73 34271
17813 8 26066
21015 53 29872
29673 82 33783
31738 11 37061
32731 78 37428
26380 59 29259
15019 30 39772
5237 77 6871
14421 37 33452
13768 21 19641
29453 29 31679
17107 59 35868
3042 17 19317
6064 43 32783
21167 24 39888
3092 83 25793
9700 65 24973
973 85 30348
18880 82 35926
14575 35 39142
27520 47 34906
30220 93 38700
3595 41 7628
3762 72 19812
5090 80 25126
5921 66 33984
27245 14 38633
8929 57 39977
2325 44 4475
1454 12 17177
8685 48 15869
17166 85 25327
25113 22 30161
9870 87 39307
21373 36 37468
22251 15 30260
11650 53 28267
18635 61 29333
9192 59 26605
18065 7 20381
9114 27 34615
7111 16 18026
26971 78 35200
22992 47 34928
15829 32 20516
11275 77 19410
13543 39 37975
9195 84 15869
14691 27 29773
16290 17 18592
4824 11 27956
9172 86 12650
25958 29 32393
16563 10 35935
34212 73 39862
26272 36 39831
35148 28 36485
5825 47 37748
10666 34 17813
8866 49 39118
2128 31 27947
14583 69 15169
37939 10 39720
334 10 10465
20991 93 31032
21804 95 31728
8643 15 27990
11724 48 15545
1683 52 15043
23092 32 27772
15216 14 35212
4202 12 37268
19069 40 27660
448 28 18712
2897 28 26547
19140 95 34694
10988 71 29208
5136 16 29770
6577 87 29341
11210 16 30544
31227 56 31964
21801 21 32722
11681 82 25122
16429 35 25242
1267 61 3706
23870 18 35955
26521 55 31227
22672 26 36628
5300 33 32450
17718 69 24716
881 85 12707
7304 24 17349
16419 89 39791
16184 86 38930
3225 32 37836
15278 55 35805
20597 32 23916
17892 52 32190
6962 5 25577
5141 58 33820
4179 71 35272
3844 52 34376
4400 98 31159
5380 77 34651
11093 42 30453
1633 73 18493
1545 47 34595
8562 36 22765
2904 93 20097
7080 98 28031
18714 37 33227
27957 82 32338
7523 52 15730
90 24 1460
31150 28 35126
3016 40 11469
14998 6 35828
2138 4 2818
12337 72 35592
30739 49 35964
14564 82 15966
7519 93 18191
28071 17 32237
24319 13 29013
4277 37 7799
2623 41 20175
13042 58 32361
13592 48 22243
9163 56 11076
21884 93 33129
9278 37 12735
714 66 10090
16450 96 28140
24564 45 31317
11919 72 12818
22143 44 31182
906 83 33988
7265 55 23204
14150 99 34700
19110 83 33057
17431 55 26719
20498 20 35492
20553 44 21840
13389 87 39221
23223 1 34522
25916 35 28254
31627 34 35769
8949 5 35183
21855 30 23472
316 19 33350
6120 69 26197
27910 35 32035
34089 29 34168
6583 11 34569
18867 40 22344
162 61 2084
5151 24 20397
13062 58 35612
19065 57 20936
4745 60 27845
15490 88 27951
14455 28 38394
16948 12 30318
13208 43 19819
8114 71 17777
33074 27 39251
8594 65 24457
4250 80 16730
846 61 14107
3875 84 13823
1811 79 7674
6985 10 22241
31723 77 38203
7354 88 38037
17622 77 36277
8102 12 29769
15439 12 26830
22096 12 26153
22086 95 24138
18454 43 32440
24810 81 25104
9686 80 26690
22288 94 25379
9837 36 13985
8562 16 29245
4897 1 34915
1036 15 16942
15272 4 39280
3717 33 13890
3019 22 12205
10335 44 23848
740 69 25222
17510 3 29333
28523 76 31559
16545 17 33919
8860 1 34108
1155 17 25971
20535 85 38283
3582 34 16594
22427 14 33287
4324 64 20422
35761 19 38536
32361 75 38413
3188 15 34030
19793 18 27869
21339 25 24067
4462 76 8096
783 98 37174
31936 45 33340
27603 88 30834
36795 66 39278
2767 42 11966
22387 64 38224
33870 85 37181
645 68 6376
7210 1 12366
23131 72 33230
26213 36 38320
3684 6 12086
1476 84 7431
1996 31 17463
17510 47 35081
17695 38 25323
19333 28 21234
30359 99 36871
1429 70 22550
14847 85 21281
33467 62 39228
18071 17 19049
652 59 25080
14325 31 20914
8208 26 26682
7619 68 39422
30499 32 34013
25205 51 28972
1470 61 18051
3102 14 27876
17834 63 35021
10939 80 32787
14389 73 21163
1674 48 30920
10150 65 32475
14986 59 26295
6186 68 29396
16807 12 19856
24294 1 30145
19429 8 30516
2549 95 16391
18494 27 32467
4162 16 26666
21563 88 33268
4020 84 20205
287 100 10309
3211 80 4511
14997 84 32312
15609 29 16351
29418 44 34097
4786 55 4853
16396 99 36674
10933 27 38176
30923 68 33858
4193 44 20486
12717 85 31604
21480 91 22394
3731 70 15067
986 79 3087
16353 9 36260
4166 11 14652
37040 23 37150
4294 44 38073
15629 48 26725
23588 90 26477
10067 93 29091
166 12 9351
19054 67 23372
6983 52 30107
381 25 21301
8458 73 38835
2937 52 11506
14812 9 36940
466 46 17599
5335 59 11878
16984 35 25634
27073 97 32606
30697 44 31046
27248 36 28814
12289 13 36453
18158 56 18959
26296 14 35296
3097 88 10565
1559 61 5395
2367 53 4587
3803 74 11707
4091 63 35672
10852 63 34656
1147 17 5714
13436 84 35739
12208 86 24905
9811 85 25772
5265 4 36437
2263 74 22706
21901 25 32575
11689 27 12477
12945 24 35043
8854 22 37958
1310 11 33485
3631 13 38478
538 94 6086
19963 9 21366
33823 29 34589
2464 85 21390
10934 49 12178
11661 59 11743
9629 96 17780
5168 40 6712
11776 41 15811
11126 16 39563
10488 24 15984
1712 29 32254
5848 66 20700
247 90 21210
76 28 33291
23439 11 29127
29906 23 32898
2941 82 12451
15844 51 27767
9968 21 16022
19165 19 39294
20118 26 25465
9297 23 18585
31903 41 38782
17041 67 19871
317 31 34390
28950 61 29797
25080 36 30649
7839 66 14281
29050 43 29269
26143 66 30944
1355 75 35543
3573 79 7174
9513 9 32175
4370 39 6853
2115 88 5530
6877 75 27674
1273 30 19080
11698 42 35975
16587 8 36923
10465 19 29514
32209 14 38914
15832 82 37686
2813 87 12322
7793 24 34064
30453 50 34193
24242 68 38552
10816 46 38714
18629 90 26130
26543 55 30135
2007 36 23837
31422 23 36708
4790 31 32996
10854 35 30039
21682 39 28892
13409 32 18721
12998 17 36907
31105 53 34713
10812 22 18211
4046 6 9007
11957 84 26449
18615 20 27408
12596 93 25093
6893 39 8282
21208 65 24904
