800
21999 38 30373
6096 86 38945
240 31 23638
14477 52 20928
7643 80 7891
1995 47 29713
5808 65 36271
3407 89 38166
3406 34 10657
14182 43 25250
21697 34 25895
5490 66 5761
28518 33 35331
12405 67 14778
5026 40 36417
21920 89 22462
17600 82 29613
13232 4 35997
12091 76 24625
6388 15 35237
10658 88 35733
2755 7 4352
29319 55 36471
18559 30 22802
12790 38 26370
36478 27 38548
13589 38 29894
33597 80 37494
2346 5 26862
23385 19 31108
5380 27 10420
520 66 35351
12765 100 27461
22003 34 34963
19447 90 35297
3337 62 35469
9443 79 27451
4518 58 21223
2128 60 17402
2662 86 28980
30126 62 37133
29777 8 33113
31045 42 38560
13126 88 28141
7397 15 36394
5617 49 8954
26490 41 30646
19892 2 22417
16312 26 22890
14793 52 25624
7895 45 14198
19803 45 24646
4098 11 35952
16564 57 27877
15244 24 35273
4671 73 16089
573 27 22604
15286 84 17396
9272 51 15699
3554 13 27549
33079 29 37607
11206 28 38457
23821 37 37720
22170 94 29835
22409 75 37943
9286 81 33099
33157 17 38194
18132 70 18929
23600 57 34167
30304 81 32291
7123 7 15894
16352 43 24245
16694 42 21274
7145 63 36064
28084 60 37034
7086 94 25314
22244 70 23075
22421 81 24748
1126 43 37574
14789 38 22696
2653 18 24332
11012 77 35592
28223 34 29805
8439 86 29424
7873 1 20199
9472 76 33010
27084 81 30235
10832 6 15473
23889 67 27977
8602 71 39810
17727 81 30471
30377 41 37004
498 11 22178
26437 5 28534
22517 54 39378
6562 75 7937
4979 87 32674
9409 13 30557
1901 71 24108
27588 77 33823
10469 100 36529
6563 24 15886
13571 87 34943
6721 67 35393
15240 6 18006
2261 28 28166
21810 95 39829
10799 14 25405
18418 42 31227
24063 54 37222
11479 54 26175
24999 46 25980
12486 10 14706
3889 53 27692
6526 35 36517
12920 76 28624
4195 60 26126
18972 99 28343
1197 31 32255
6227 56 15905
27871 76 33344
19976 100 33647
2186 2 38282
3653 81 19544
5788 12 11387
10562 13 20470
10481 46 29578
17689 59 31224
33958 56 35392
8930 69 34765
2463 94 16847
19000 38 39917
28652 16 32706
4377 46 31721
27873 59 29561
13214 85 29319
5070 35 21791
5751 38 36333
23236 73 24673
1347 75 22990
34860 37 37246
6446 23 23733
20654 77 27474
15800 24 26389
36837 23 38064
10897 44 13708
2321 2 28748
30726 15 39754
21080 16 32871
22911 37 29491
11153 48 24288
26960 21 35801
29534 90 35267
16206 49 26348
10853 11 32646
15168 23 32308
4032 48 13167
887 64 30781
24446 81 26319
17957 44 28338
11466 16 21834
19711 75 26912
12975 51 24633
27048 12 33018
12388 53 20552
3168 44 6337
2142 86 13812
9420 65 10134
22848 29 24650
6304 34 14718
16550 5 34592
8875 6 11078
8074 72 16629
21736 93 21946
26846 9 30515
29649 71 34731
5878 93 17014
17245 19 37676
5141 92 37535
20406 38 26092
16151 78 20796
18356 3 20136
35485 94 36692
7898 3 10582
3768 7 13175
2999 86 26901
29029 63 38718
522 25 12832
5309 48 24345
25625 54 26224
6252 62 14181
9908 37 38888
11007 23 26201
15433 81 23438
21874 57 36938
29831 40 34705
6537 78 10576
5479 10 18657
30250 89 36891
11743 36 15294
32048 68 39074
15417 36 34543
35802 52 37938
13763 100 28805
14428 24 19690
12829 29 20172
7498 31 35443
12844 92 23886
1739 11 11740
5887 99 29936
6144 26 25280
22674 91 26906
15284 63 34785
10415 8 15350
717 78 33731
13751 63 39889
21583 56 32650
24429 40 31445
5871 27 20302
25787 62 27875
6684 62 18660
25551 26 35988
4125 11 15421
5102 63 24863
276 23 23460
33008 2 37308
259 19 10113
6456 3 30213
25570 37 32563
10440 90 26236
4110 91 5839
9066 65 36092
1355 50 28028
26423 74 36597
10001 25 14735
457 90 39545
16439 18 25990
8088 86 39973
10297 72 23321
734 51 6981
5856 28 16504
12885 6 25757
11661 41 21152
29172 94 33072
5662 95 28304
9137 12 25851
11415 93 24913
15901 5 33143
5969 27 10755
2896 7 10663
25439 31 38204
8894 34 26143
19459 73 29495
10739 10 39419
23361 35 28109
596 31 27661
21394 5 24933
18668 17 39463
23652 87 26597
32158 32 35080
23741 93 27964
15938 75 31658
11440 73 32080
18907 42 34053
7521 99 9709
28470 94 30115
23995 25 27797
18570 1 34935
32028 31 36936
25565 46 34450
10038 33 35323
16162 43 33330
13540 71 38036
7649 12 22017
7610 36 19860
11142 66 33260
1510 99 32033
8281 97 23537
34422 11 39142
9400 70 19840
1634 64 30122
2836 17 30174
37076 83 37228
28152 42 32499
36390 31 38846
33584 83 37288
20704 63 34635
15329 83 24969
4565 43 38048
6195 3 24798
17168 95 39250
3048 74 27810
28714 42 32594
6907 86 39365
7954 53 38705
14821 5 35664
8045 64 27378
20448 85 32497
18984 49 35003
5671 76 37419
236 26 10426
34248 23 36773
27851 64 36795
16928 63 19123
20497 10 30502
16221 53 39002
7177 80 11974
18317 33 20408
32307 53 36122
10479 53 31518
7839 8 39526
9405 82 16696
28301 16 29528
15535 15 24690
11403 21 28073
36718 26 38703
12317 26 21153
9725 99 33325
5457 56 33415
25769 58 39282
30258 34 36879
3425 96 33794
5604 29 38913
19905 45 23071
25625 56 39919
27447 44 28592
17920 88 34871
12743 96 30327
5744 87 19149
7646 33 7829
11089 79 17485
9903 1 31135
14561 29 33399
2886 84 9411
2540 83 34333
27986 63 31483
7868 18 29879
25332 32 36446
7488 77 36798
11225 18 34242
9968 81 27514
5612 72 23274
1529 12 8548
22882 92 34002
22359 28 33966
14493 32 37726
5461 27 15900
17769 93 30506
3449 15 18987
11435 3 36338
27774 62 34366
16964 71 34347
17622 69 29572
9111 96 19485
29635 5 32480
22323 21 32011
18118 41 29369
11819 100 39179
19142 87 26108
9575 51 15336
19557 53 39823
23542 75 30701
17130 92 23259
14616 18 23670
31124 7 33371
9302 9 14359
12830 18 22735
12001 65 35003
11708 79 29259
210 35 35509
2016 40 26645
17465 21 25806
4323 91 26709
18327 42 29922
35602 2 38510
6636 14 35995
21139 57 38434
31391 79 34179
29609 32 32873
22751 66 30646
26948 5 30095
15362 22 23452
13342 48 30497
1091 47 22824
15603 63 25898
23849 36 38533
6837 61 38528
9631 95 21054
37368 99 37814
38173 22 38804
1662 17 34766
11711 63 25359
22501 99 30364
3101 41 25719
25792 32 39433
9529 76 33266
26399 58 34541
601 48 32878
24942 46 28617
4431 49 29528
6201 72 36131
5377 85 37296
15047 59 22544
27774 52 33729
13501 32 18879
749 99 1250
1469 19 31564
9329 82 37070
586 91 37120
31777 53 35418
7506 57 15138
12970 18 36444
7748 37 22320
17981 51 18313
27399 71 37955
27335 19 35481
7189 4 16304
1610 86 39754
1658 16 20597
16625 17 17034
18331 36 33384
24012 95 27835
37308 79 38352
23767 20 27074
2745 94 26445
4171 45 5228
14547 77 37784
27797 55 36240
30060 91 31914
3905 41 35576
14325 36 20762
12556 84 38907
32730 54 37398
9204 75 26536
18730 11 21499
5850 68 21704
20923 79 27748
4859 82 31681
22729 55 28186
35242 9 39456
16278 46 24370
9 32 26109
8284 67 18994
3434 14 6259
32433 85 38299
34899 74 38131
23 67 37961
16921 38 36400
6608 84 18394
21902 57 32982
25109 30 34101
14971 68 17539
9338 12 35700
2971 55 38011
4762 78 29683
16022 33 20125
19013 30 38017
16449 63 16957
2584 49 30349
4440 72 13537
120 40 33517
3732 18 4436
27810 19 30502
9650 71 38010
36037 78 39516
17619 21 32509
14157 67 38832
7208 42 17940
14292 52 24197
10086 68 10770
16980 63 22169
12588 30 14840
23022 36 33866
18186 46 24257
24672 46 39747
9087 14 15022
24197 97 27403
13139 49 27900
32698 53 37869
10355 90 20890
18057 23 35220
6250 34 36080
826 76 5506
21214 71 33105
19243 72 32577
16226 2 25398
31133 7 36959
25662 100 26014
14922 34 34094
2433 74 39280
34506 38 37014
13409 17 38990
1438 54 39952
1061 37 12477
31204 32 35783
2225 41 20825
2661 86 6615
8849 11 22811
2903 74 37218
15089 53 29070
5127 74 32387
16371 4 27978
3105 23 39615
13868 7 16829
1977 2 34933
1943 36 33476
10384 88 22691
5639 72 38823
14898 70 37026
23625 16 38978
51 46 364
14300 5 19033
7163 90 39013
28132 82 34809
25631 69 36952
16199 5 29660
11141 5 33170
10787 47 17122
35831 6 35917
23642 27 38449
16417 14 37770
6797 61 21788
5785 12 32666
12017 99 35973
7175 2 36727
6247 55 30921
14319 3 15846
7636 59 26750
20385 43 24856
10331 54 23895
31710 47 33529
23458 36 27429
3572 89 7046
30669 76 35858
7270 85 17104
12987 25 36501
10370 32 11278
26484 36 29792
3661 75 13134
7653 33 34892
1001 74 8396
7788 65 21893
22825 56 29282
24032 12 34085
26472 41 28639
16504 31 20227
20576 43 34964
20588 81 31792
21446 76 30515
17190 46 31041
5106 9 7459
21167 77 24539
15383 95 34652
18462 21 21103
30833 64 38623
3482 33 6763
8515 71 38568
3463 39 34108
2578 78 33340
557 79 28638
7206 98 29775
34184 51 37041
6737 44 19158
19355 7 33287
23882 31 32629
5093 86 35737
30652 67 35874
22637 28 30690
28937 63 30148
17551 52 28815
25871 30 32317
18308 41 28770
124 1 492
10807 57 30616
16676 91 22745
12422 81 36187
7317 23 33786
18203 74 34278
17005 18 26325
27879 68 38125
5931 15 28989
10067 42 19092
16692 5 36229
4412 15 5470
35866 90 39803
16469 14 33760
18593 58 31452
3758 33 9557
31684 46 32689
13115 18 34287
2334 30 26774
9596 29 14128
222 44 7176
11113 40 13947
5768 43 37068
14719 12 35381
22996 2 38683
1468 3 26278
15483 64 34159
6104 56 24413
3650 35 18869
23750 53 33720
22142 15 30883
9974 55 31933
9748 16 10395
470 43 23924
2668 16 10873
5651 35 33427
20899 54 37442
20303 72 24530
7674 38 27884
23003 47 34991
15425 94 25975
3380 89 28949
6488 27 36973
14599 27 35680
11851 72 20642
742 14 32043
29607 14 32995
18506 35 37937
13999 35 27813
22913 86 34137
8217 40 38155
23677 8 27264
3761 73 22219
1579 47 11477
31968 29 38262
8841 69 34237
6003 82 10183
11240 71 36224
5563 1 31494
47 78 6702
2789 10 38282
5987 31 16791
31409 58 34435
12448 96 18630
12039 94 29065
6448 87 28980
19651 98 31989
4864 49 12522
10738 98 25244
12366 96 15795
11041 28 26423
33420 1 36478
7904 83 36407
1334 1 32891
17332 86 32716
4974 6 24573
2294 51 26560
12386 67 23566
8942 67 29788
1245 2 32882
6756 37 31118
4904 21 31907
16569 100 23611
2845 6 34210
13691 85 26531
2245 55 9239
26724 26 27221
7583 88 13450
17793 85 37240
5771 37 26301
7124 30 34089
21928 15 24178
2896 93 24419
15399 73 30951
1643 91 8595
5899 7 26362
25212 33 32771
11716 40 32911
1466 95 24567
19588 18 26205
27420 89 36891
31165 97 36226
23941 1 38133
6876 7 10821
26616 6 32577
4922 88 35556
10228 23 34623
10050 53 31395
28615 35 33213
7615 77 28665
1651 55 36601
21702 37 32252
29672 96 31284
31287 19 36727
36690 45 38436
214 84 33515
16343 13 35836
26877 33 28654
36599 50 39783
14363 33 29046
30657 45 35824
6116 83 21386
35824 73 39663
15650 100 37424
5785 28 27314
24013 53 29751
22341 2 39695
12857 37 27367
4883 52 19265
24441 21 33539
12408 61 36786
9647 25 34195
31882 64 35672
33693 93 35467
7607 38 27129
16238 48 21095
5150 4 16878
1910 91 23258
12516 25 20289
30059 54 32591
10279 44 32092
16658 12 18277
19182 39 22601
2096 66 32113
823 5 31153
11828 95 12314
21009 21 33505
9364 67 35074
4437 36 33213
13335 74 22129
32632 20 33057
739 71 8920
26323 12 31710
4620 46 20213
10165 32 30464
26545 59 34480
8422 73 15769
19875 100 30219
94 38 33868
5939 75 7045
38464 26 38603
23309 12 37818
5521 48 27346
34946 40 37820
5839 74 11802
5197 53 39024
1302 63 16401
33303 11 39129
11782 62 18628
28634 82 39032
11977 46 31325
26570 64 31537
32698 31 37661
20773 89 31725
2889 54 6547
9899 91 29938
4834 19 10471
34275 78 38378
31940 14 39631
21573 8 35417
6335 89 22558
29441 43 31599
20214 22 28964
31282 56 33553
20179 70 28984
8371 99 35526
26720 83 38544
9660 28 34626
9857 53 10056
9713 75 22768
17626 32 26921
17959 2 23399
17361 5 36488
18492 87 27480
26038 43 39368
18622 10 22105
1684 19 2987
15632 40 18082
15615 44 31518
18136 18 22179
11740 82 18988
23264 56 35496
34324 5 39255
13591 68 31154
3414 31 11709
4564 30 11480
11712 20 39617
18260 31 32875
9314 92 32869
1712 68 26888
4625 89 21045
25810 56 27528
14405 88 14830
30012 24 34557
18517 6 22103
7707 23 13175
1230 10 14578
6621 90 31203
19635 56 30225
14532 11 37075
18548 28 28755
5595 93 17855
6888 13 12179
9605 97 36159
18171 33 35706
11915 59 25655
664 52 7303
3704 98 11581
