800
11990 80 23613
14606 84 32055
7003 45 16225
26342 60 38816
2560 32 22382
22761 80 23706
3154 95 11208
4190 2 18494
21365 96 31575
33936 60 36428
14644 48 17611
5595 93 26475
5960 1 39985
20943 20 37256
21351 16 35251
6700 28 28918
26248 78 39262
26080 47 29979
17548 92 28228
18003 24 26511
3266 53 10397
9083 9 17211
1290 69 20817
20714 79 31947
33199 98 34355
9410 69 22235
31580 34 36572
11647 84 38954
87 32 28700
21497 99 38327
18899 95 37466
17575 74 27806
21253 15 38981
19445 87 28802
24291 98 33636
20762 13 24190
8287 73 26936
17882 2 25867
9103 38 31192
1817 40 13465
31424 71 33117
16025 50 29932
11539 45 26137
23134 36 30522
7854 74 8308
26889 44 31547
9864 48 16020
2733 90 19105
12305 54 15450
23423 100 35631
32180 64 34635
13805 38 13870
21582 94 26588
1196 43 17970
2805 81 23618
3390 60 9785
9192 48 33343
803 30 31611
10630 44 26751
21185 55 25432
25641 19 38341
152 76 12897
11743 59 27768
27958 94 35541
23558 98 27144
16897 78 26125
31427 35 31905
36773 40 39063
4757 2 8736
17265 32 23020
2114 19 12604
1198 6 13921
21551 37 34600
9527 15 12217
10238 13 33528
2977 23 13885
19500 15 27601
78 78 14053
26940 32 34694
9614 92 39306
939 70 38539
4783 13 24260
27536 12 32782
27637 44 33419
76 80 6787
16733 21 31576
14434 9 26351
16273 5 38640
14827 14 36655
10695 75 39709
15096 14 30836
2915 85 22683
27443 97 33295
21184 99 33275
25799 45 27834
5195 72 16077
19557 63 34434
31358 4 36134
23198 20 31083
11472 65 19093
20384 51 24938
21731 69 37711
26822 6 37598
11398 62 29101
2430 48 34087
2968 35 17923
14676 53 34444
1829 75 26586
14967 29 28012
8247 94 18381
10390 66 13148
23696 18 38037
17122 63 31994
17801 95 26213
5933 56 11903
18913 87 22895
861 98 6251
21594 69 37047
11687 52 25248
17208 35 25991
23580 63 32186
19880 51 29751
11223 83 20398
1 54 24782
3927 8 24175
12663 78 28268
12984 61 39068
26703 45 32068
22273 54 24305
13755 36 36253
7099 8 9252
14167 6 32302
15194 53 33812
66 98 9080
19276 18 33287
21900 89 35904
13981 22 26295
12651 17 36141
1128 75 15123
7872 54 38013
12260 23 26224
17929 33 29249
1399 80 3131
12976 30 30692
14902 79 31196
18856 53 25199
24690 41 38483
6762 52 9003
14145 51 20160
1401 92 38277
36144 21 37952
3134 48 19202
24700 65 35593
10378 59 14895
23959 85 24970
3110 45 39643
2694 82 4369
27583 70 36041
21853 63 37897
15549 14 20624
12366 6 26197
28907 26 34582
6519 38 18695
16459 31 18317
13137 100 31893
7370 10 33301
13522 85 25246
8220 3 22993
23377 57 35062
23106 58 36342
6680 69 34462
2501 64 13393
28460 54 32820
6274 79 23917
34209 46 39828
27866 58 32887
23814 67 33965
13091 36 28984
21610 48 30274
4030 53 4720
24514 51 35316
14705 14 26806
7384 14 33489
24695 27 25366
29957 82 36355
2707 44 36944
19178 92 38231
11603 9 15999
19497 21 27076
7159 37 25115
18520 42 26772
4873 10 39006
35187 24 38999
1352 30 21704
13007 35 32456
28103 99 29722
29562 15 31210
24943 27 37136
4596 64 37219
3815 91 39295
24878 90 30476
11361 35 33775
14723 8 33821
28697 45 36025
15077 23 32882
8319 94 28972
16734 54 33351
2612 14 13846
6703 86 18543
6134 22 23219
10335 82 18012
4219 94 35949
13043 70 16600
26344 20 27200
13671 18 16474
6041 15 9101
14657 13 33496
16993 26 23628
19325 58 33461
2624 60 27489
2159 3 36065
3720 87 3827
6457 71 8611
12514 28 26669
2312 9 27371
34343 5 38150
6870 18 29192
16082 23 21791
34810 16 38254
18298 77 32751
7233 29 8967
264 87 21394
23145 13 35065
9635 98 15609
25147 93 38681
24274 34 26081
892 75 20592
1680 32 33242
32636 22 33561
1284 28 4678
11706 72 12113
29458 91 30920
2894 92 4440
10683 62 22542
1934 31 14735
703 75 8607
8815 71 31877
15268 16 18848
1575 91 14024
7606 62 12465
33222 20 34087
19773 26 39881
4312 55 17357
10225 76 30067
1829 31 24820
16752 18 17794
4285 52 13457
28406 52 29407
24968 70 30026
23310 30 29217
13454 33 37834
14185 15 29342
19091 27 39316
28541 14 35206
3021 52 23208
1183 84 30313
9855 79 34713
37336 98 39871
3098 73 19167
8453 74 17630
21809 63 25544
5037 24 38647
2620 13 22487
9645 97 10636
380 32 28930
4469 15 13786
12454 6 34010
31932 77 38943
982 82 16982
14107 27 23672
10014 70 34030
7670 20 23680
22245 58 37338
10325 11 32603
3104 59 17323
3236 40 7890
10778 66 34159
7529 94 33308
6805 48 19424
1739 67 13829
6519 44 39796
6086 20 13623
12403 29 15221
18017 72 20928
219 99 32640
12277 2 39552
32171 24 32586
17329 84 28384
27645 82 29205
196 61 9907
26658 73 38144
3068 31 5927
5310 49 13719
8357 30 23097
24755 1 35215
23300 18 31706
11306 28 21486
19973 70 28343
4775 84 20809
29694 9 30973
3774 42 4707
4653 32 34689
11131 56 17012
18234 41 27436
8597 98 15852
31387 73 33575
15151 26 33346
24184 79 36244
21344 60 33628
8814 54 23596
16907 74 36021
17587 93 33692
1326 74 31757
9801 26 29063
26948 18 37196
5117 54 16409
27340 81 33036
1749 62 14226
14036 26 23007
28723 90 33696
28486 8 36536
5839 40 27260
2684 26 33052
21651 83 34625
19154 44 33955
12669 100 29190
16321 4 34656
30359 34 35691
15407 44 34581
2797 49 30405
11685 14 35952
11410 94 30784
2979 31 7682
3019 21 21384
1310 48 34676
8971 1 20569
20534 69 33420
5191 9 10470
13110 46 38609
8753 63 30465
26291 87 37905
14169 84 36634
2147 1 30696
13991 6 14614
12361 81 22195
28290 25 38968
7438 12 37650
21615 29 36910
24030 39 26651
10692 55 33818
8159 22 12683
9344 26 33224
6009 58 14969
24022 15 30218
9549 4 27793
28552 39 31164
13559 1 13927
7458 48 34329
16889 72 34308
15434 98 30730
7093 70 18211
13961 12 28827
1674 58 10152
23469 49 30403
6293 7 17726
29375 35 37994
16240 42 33768
8173 81 27802
25035 81 39174
5658 37 24479
23321 97 30968
12399 7 15490
8132 45 21427
25859 52 34472
13539 29 38068
20145 81 25422
9467 38 19099
21534 42 35025
17095 76 34747
6435 93 27391
7226 63 11486
11167 93 14480
8988 75 35244
17938 69 23095
880 65 4699
9800 6 24023
21437 8 32582
15152 59 33006
2506 1 39634
17013 57 26440
16214 80 25111
18278 71 19578
5942 75 17019
28247 1 28793
31333 27 33798
20513 5 28988
3300 50 24589
9383 83 39449
7197 50 33277
5982 96 27527
6251 17 39324
3501 16 31969
1884 56 22815
38561 90 39194
12200 46 29192
20020 16 30908
6203 12 10570
11937 33 33433
26096 32 36188
18703 57 29465
15122 72 31929
31623 22 38532
30603 35 36088
20270 95 27639
745 95 28337
9555 49 19499
9357 98 9899
10816 85 34698
3042 36 8045
2337 25 38270
23618 36 31663
8732 9 25866
21778 85 25879
2854 33 33703
25045 97 32037
1756 82 8344
12951 50 17224
7457 18 27607
22240 62 33183
34448 18 36168
14404 5 17267
12050 28 13435
10814 16 38045
7003 86 34171
9234 60 37963
5422 83 25804
2452 79 21013
3987 82 21547
10373 89 20720
17113 89 33484
21572 25 32542
5984 5 6598
21833 99 29797
4037 92 13043
13733 93 37484
19335 82 20456
3704 74 16175
25668 82 38504
14462 31 17399
20464 44 33222
18635 80 24862
14925 39 22350
16104 70 24773
13090 68 14966
10848 37 17965
11898 79 35228
7323 16 16995
15320 93 27451
31647 71 31729
25801 33 31879
24742 30 26542
32954 71 33928
33986 63 37013
11242 8 21023
7000 16 36659
4775 52 27572
1607 95 19373
15530 63 37934
13357 22 24737
1643 99 13018
19313 74 35738
13757 5 39218
10821 76 24612
36833 43 39662
3559 73 39101
23399 96 38981
2022 36 35599
18382 99 23461
6601 30 25668
5963 83 26536
19015 53 20774
14127 8 30230
4102 79 35924
20854 11 24508
28118 92 39973
25402 15 29094
12430 47 14561
5232 95 7462
22927 71 36982
3368 69 28610
9246 96 19471
13853 99 25923
3601 57 39972
8068 66 26172
5502 18 31739
259 45 26291
14754 50 22900
11367 37 31906
1021 1 11138
3065 36 33952
21900 10 29315
5878 65 10209
8944 17 28052
29549 14 31747
19826 66 35104
14169 28 24029
10311 60 34838
8818 52 12138
5201 8 15098
22906 3 38716
20162 76 34258
6017 20 30305
23415 63 31502
26440 28 29547
15802 50 27042
192 20 34614
3660 9 23955
8215 99 39458
14935 79 18826
19592 20 21663
28377 79 33358
25414 27 26862
3978 19 19850
732 6 17019
12229 64 14063
1467 57 14924
27949 80 32120
4346 56 11905
32342 88 37439
17003 71 20521
23055 86 32773
14207 75 29808
3643 53 38434
22994 54 36018
2636 14 2658
21757 14 25272
10027 5 33522
61 77 12640
22102 74 34600
26975 19 34498
9772 70 33496
2516 43 17163
12134 14 12585
6217 41 26558
5589 97 20154
7193 57 18798
8081 24 22349
20117 69 39705
5515 14 36246
3564 84 11455
10395 37 17383
15598 9 30020
8246 90 26294
12559 64 28251
9828 29 18437
14276 2 25877
6817 84 37477
7333 59 14709
96 33 10204
3066 95 9755
8676 79 34999
20925 78 24284
14537 27 35234
2055 3 9528
13396 19 32078
4386 86 29524
25688 7 39741
3298 98 31792
822 34 10254
23909 56 28313
14933 66 32940
7128 79 39300
22085 38 36323
5215 65 30607
23490 59 38083
7671 7 21312
27440 42 35979
2811 11 27439
30162 80 31585
2827 85 27399
23427 77 29701
12081 44 21049
7556 60 27994
15657 82 31012
31607 34 33827
10831 25 19697
13102 28 36600
13038 90 24456
3585 2 7591
19902 83 30413
5102 38 19012
11935 91 31773
18117 17 27836
5833 5 17816
6891 17 33500
6194 98 20860
10756 11 31884
21456 2 37694
842 43 27485
16204 87 31193
16409 8 36199
28687 40 33410
3536 19 16900
6300 99 12634
15893 72 18340
14649 21 29224
7740 45 36063
18881 57 27283
17344 64 28595
33756 38 38721
19948 85 33962
15010 8 16619
1382 79 16664
25695 79 36541
15737 77 34677
7215 63 36608
13152 15 19285
15345 83 21363
5052 6 37543
1859 89 22253
5881 73 32999
4486 2 25949
10062 16 30346
33315 41 33928
2489 22 18100
25721 31 30009
5567 25 16858
6084 16 37439
11613 40 31734
18636 58 21044
9264 57 17107
18713 56 24987
31895 6 39616
10868 28 36675
11563 57 17837
7375 38 16861
18306 37 30293
4574 97 8245
30434 50 37545
3518 2 5297
9409 19 20824
18150 24 38926
22501 63 29193
10204 88 34497
27046 30 27475
17176 2 32107
11557 35 28665
12234 25 23766
1963 74 16737
5493 65 37377
5823 9 38941
23491 90 32141
18371 45 27000
1734 88 3833
18857 59 31703
72 45 2525
50 51 38191
736 13 34446
9897 50 17580
8664 13 19621
6781 56 26030
18891 5 28664
13309 12 27688
8593 35 39435
19911 100 36250
3788 87 36859
30760 62 36562
10217 47 14098
5251 89 10281
17232 14 23849
9123 76 13210
4264 33 23743
22304 81 31212
4772 94 11224
23445 70 34897
10649 3 34324
27300 54 34756
28708 61 34611
22765 70 39280
12889 75 13199
9029 43 31653
1130 33 13934
669 64 5889
25392 83 34809
26399 68 30241
5964 82 13063
16656 92 19056
18715 27 35092
2548 87 7731
658 55 35834
29465 49 29814
6838 49 7929
3060 18 35047
30123 27 30555
10366 1 37286
11856 9 32271
26091 44 30465
26891 49 27655
10957 10 12511
12273 8 29491
5389 48 28638
17478 5 32578
20110 17 33611
10058 82 30047
35436 27 38384
15864 24 30090
7854 92 18084
20216 96 28973
532 26 31779
8644 98 10242
8825 66 18868
2814 75 26930
3066 32 34014
27459 44 38178
4239 35 24606
15011 61 19365
6862 13 10092
10813 14 14565
1922 32 37006
23688 19 39315
18612 10 38094
12850 34 22942
11270 59 32594
3341 7 26167
11556 38 36517
27735 8 38136
10669 81 35550
26066 33 37680
11595 37 12916
27962 33 37060
159 79 34074
24000 51 28320
1122 73 20679
25047 36 28527
25159 63 30992
1034 53 31898
6824 73 16328
19041 40 20691
1079 51 28670
1171 70 38888
14635 51 26995
23072 3 29761
26709 3 33282
29330 28 36010
14328 96 26119
5781 64 39615
35749 95 37754
5776 40 39995
6034 64 7721
10286 66 39445
31291 27 33505
8476 75 17620
1082 70 24750
693 59 36962
15652 15 35237
11065 73 38987
286 77 10878
4857 50 21363
10220 5 34515
25917 89 36123
13737 89 28740
12922 28 31433
6968 33 10422
10484 69 18587
21521 27 23034
3273 30 38418
10738 76 36334
5578 63 17115
31387 71 32314
4647 55 7756
3336 25 36320
30344 9 39185
25913 5 31385
7532 21 19371
16640 20 17502
53 18 36205
1608 7 29162
17348 15 39329
12098 15 24784
13313 51 39565
8504 4 11692
20346 58 30498
25991 4 37224
12396 92 31524
6029 62 28797
14399 65 32300
272 15 16557
27441 91 33989
7820 50 20949
5481 5 14506
