800
35727 21 38740
12748 99 36464
1918 27 39187
4304 74 9915
7413 76 26159
17762 2 25197
1703 63 3810
11886 17 33641
17716 33 39465
22712 1 33187
1775 33 32022
23450 68 26083
872 38 13988
24868 42 28422
9190 83 20208
7440 98 34315
13022 82 19095
29283 78 35760
1729 68 15069
3344 60 8648
5273 38 37698
9426 58 27055
6376 86 11890
29446 26 36957
7220 76 15465
18577 76 34283
4287 96 23110
8844 14 20701
2781 30 30960
23126 94 31805
1573 80 7898
9449 68 31421
959 76 5774
16092 39 37083
23410 12 38037
164 84 7616
18232 89 19752
13378 49 26171
20460 27 25727
11673 4 15669
794 3 16055
377 44 19488
18866 59 32032
21238 100 26972
1717 25 23319
3277 35 24703
24038 64 34619
14286 27 24613
3629 2 33193
24555 99 33104
13767 17 17094
8867 74 18935
12494 23 19348
3793 54 5501
6227 73 9451
10771 21 28756
2090 21 37862
18261 77 32813
73 21 30555
7713 35 38248
16198 93 28033
18353 38 22780
22994 5 26353
21277 37 31476
1747 9 23437
780 33 36439
1086 92 34687
77 6 10751
19243 12 22237
8673 84 25069
3701 29 37770
7547 75 34002
12985 41 24313
18057 29 35685
1439 89 29253
13002 54 13649
19743 55 34646
19478 70 25128
11100 31 12271
10698 54 30482
16077 6 26856
20623 64 36450
23160 53 36135
17834 72 22743
6752 19 34766
291 27 2250
1866 30 32573
30381 81 35952
1504 86 36963
17065 6 21200
3083 54 31678
11644 2 29387
11836 24 25118
15587 45 16365
15292 1 33265
22523 6 26119
18291 48 23250
4333 58 19545
27095 18 28295
20244 89 37710
774 64 19675
13066 43 28215
4079 95 35292
15068 17 32565
2800 2 10829
20809 65 21673
26993 32 27964
18039 89 33834
21979 10 34567
14698 1 33030
3945 49 19080
11797 76 31664
21884 71 24388
8300 29 8893
2554 13 29336
10164 50 26881
2249 52 5326
3998 1 20290
6500 56 34948
21721 83 33754
16943 87 27848
4206 81 30516
16077 82 37382
17143 67 34783
7470 91 34687
3003 88 3340
2244 69 31850
4707 67 7938
13856 22 16688
24403 39 28381
17975 82 39428
20013 28 34333
1860 66 18744
24376 50 25266
19028 19 24888
5942 60 33111
20507 93 23037
2455 25 15559
4915 22 34081
16482 35 27309
10586 54 20864
6101 89 31929
8222 93 37377
1820 39 16753
572 95 35041
25653 96 36323
29445 63 35715
20423 70 35460
19414 25 31410
30405 94 34782
9727 33 35921
19377 72 19555
4556 91 10943
13091 87 39651
24466 31 32318
622 66 29085
26499 48 31255
17217 8 26277
4190 9 6902
13257 53 29820
13140 17 36344
23795 24 31594
14757 98 17446
28061 72 36908
3544 5 34055
14843 20 23889
9903 57 14115
26052 14 39481
16293 67 26051
2132 22 8534
21043 25 33335
6560 14 36503
9996 4 34820
10818 33 32636
14196 59 27186
17421 100 29537
14400 94 37276
12244 97 36979
1567 40 22923
991 7 38384
18531 26 35678
7984 29 9686
4606 36 27265
9844 33 28307
20714 56 25875
6945 77 9638
22792 4 28691
12587 95 19485
16397 6 25742
5893 65 31155
3352 52 8654
16693 62 25232
2543 31 31010
12598 88 28497
1570 60 2475
15605 94 25632
6495 10 35785
4546 30 35092
8065 23 36562
16687 37 21821
13062 15 16055
9985 61 37543
15968 2 26906
20742 99 22988
3723 47 13722
7380 41 17341
8973 78 33592
5954 90 7021
300 31 11251
8999 53 36851
270 47 9009
469 57 25368
35426 81 36814
32370 90 32502
7127 50 11830
9789 30 34931
3686 54 22071
18955 81 33098
5687 2 40000
8113 51 8438
2255 86 8925
16228 71 35754
19108 26 35987
3326 3 26423
9909 74 19522
14611 64 30796
19233 82 34119
27113 74 30501
18183 37 27772
9895 46 11798
712 42 28372
14511 45 15644
24689 49 35304
9226 7 11049
30260 45 36912
21383 92 33966
1257 26 4351
28138 74 36481
33773 10 36166
9186 98 33849
5392 37 33723
6870 52 25393
4351 55 33802
13962 13 31926
25985 84 39505
3060 32 12220
11829 68 19963
27291 96 32374
7340 76 10564
691 9 12382
2096 50 10225
24433 58 31828
2906 12 37694
26772 90 38140
6389 54 39038
11932 5 32375
14478 25 33983
17697 46 26156
3875 91 30398
19475 37 21926
12381 85 14378
20376 89 38862
21749 59 34968
2268 55 8369
19888 16 24901
10683 19 33081
27017 15 35513
28320 80 29293
18662 36 36629
12850 25 29756
12299 6 15446
9586 56 19373
26616 15 27447
19955 39 30627
10101 1 38942
1487 40 3171
1207 81 25473
24410 41 34561
9789 85 19187
30523 2 36187
30103 86 33696
12782 66 37517
12938 79 29917
13766 8 37102
23212 25 29117
36128 5 38528
20696 90 24380
10317 44 16389
27242 43 32170
9233 71 24553
31560 26 38025
11234 75 15976
35258 46 36668
12209 38 16917
20180 71 22194
12599 21 16574
9670 48 15260
31667 26 32089
3649 36 16439
3149 43 33173
10632 24 33235
7257 28 30561
16983 34 23197
22418 67 30625
26501 99 35606
919 66 1637
10792 1 35561
1426 77 11628
3575 26 20095
8286 61 34035
225 55 4453
16046 88 36853
11015 14 38978
25749 78 25945
19372 33 34636
20775 82 39902
23928 53 25087
9050 16 30039
21739 6 33290
22606 66 34404
26106 82 36826
7661 43 11970
9589 52 33625
16296 10 33421
6678 57 15188
10365 98 29385
26851 46 31227
6183 6 34614
11517 80 22392
15040 60 32245
2708 42 4438
23136 10 30347
12156 66 31035
18845 27 27688
22555 1 30803
30391 78 34580
11698 70 20208
15141 78 36105
10128 27 29651
23673 87 32743
31661 86 37489
4354 70 29461
20702 29 30153
17683 19 22298
15071 1 28885
13772 67 34582
12642 17 35362
7733 6 16156
17840 85 18580
12417 19 36510
16959 6 20904
28641 95 31319
13903 24 34948
3865 100 39144
4787 11 25774
7916 84 16563
2263 18 38500
23268 41 23422
14639 13 27959
22054 47 39657
16656 86 26451
32089 70 35720
74 31 30294
10546 6 35184
23250 98 29021
24803 2 38471
696 30 17719
14372 51 27132
10647 40 15671
10783 68 36124
19443 29 37683
1226 9 2704
398 91 16877
18380 71 22725
24670 27 35324
15227 44 19412
15625 91 19703
16726 75 33457
25013 35 39017
34558 25 35267
5051 60 23327
32677 87 33111
19897 1 23408
4421 22 37769
29663 31 29985
16734 51 32790
20326 44 32341
15631 21 30622
28747 50 32380
7935 83 22217
28570 35 31516
9623 60 33580
12589 22 31012
12341 49 20006
23419 12 32099
8879 18 15554
955 31 21267
14047 64 33228
21061 20 37252
36745 57 37036
26782 74 30675
16040 56 20310
16440 57 24755
22192 98 39474
19057 59 32807
28576 42 35696
769 59 9496
27825 46 35172
16361 68 37891
12827 99 39422
27902 67 28279
34067 59 34545
15466 84 37727
15401 56 33107
1844 66 35871
622 57 35243
15033 8 37148
3709 39 33496
16362 96 18105
11321 28 23512
14364 38 35392
18333 44 29345
5779 25 17292
21693 13 31260
2164 64 34724
15091 73 19170
18684 92 32960
15960 100 19368
7514 6 27957
7829 15 30471
10873 25 11687
19929 97 35289
7088 10 15196
6546 68 20955
37361 65 38058
27560 97 30401
697 36 3024
1221 7 3433
12973 8 33732
13871 99 30959
563 25 20488
19280 89 21320
23487 70 27447
15379 80 19653
5640 33 13664
9869 93 23227
11249 97 28339
25824 5 38971
8713 57 15361
32157 55 38316
21251 20 36305
1048 93 34019
5961 80 35156
4048 91 11906
10566 31 25589
19142 89 30427
12394 22 26041
9520 46 27759
28239 97 33514
30581 18 30854
22361 28 30412
15214 83 18707
22399 37 24423
12631 74 36236
5942 68 29693
9465 55 19617
6357 62 36374
19787 71 37883
1224 34 21417
28423 100 33258
840 88 3057
11399 60 28319
13649 42 20679
15221 47 37234
14854 29 22255
24774 69 29951
24478 33 34214
13890 27 38210
7329 84 24674
3468 97 26056
1904 44 14392
17279 77 36894
5932 30 34720
31983 9 32439
15323 68 34091
1584 1 20605
5724 85 33832
10828 91 37346
11300 6 29761
6446 17 37383
1192 46 38737
1570 20 31443
18171 56 30691
2659 63 21737
11940 65 30242
33100 62 36529
5428 67 8354
5205 72 38378
5099 24 37178
3209 18 8322
9539 93 24015
7130 28 10272
31151 47 32005
22 64 36328
24802 88 25078
16969 28 25609
1353 60 17846
3288 1 14193
10098 72 22919
21057 6 39583
3570 53 32115
25349 55 26048
4016 47 11710
24994 29 29333
27581 53 33949
26643 41 34332
23185 2 32854
3153 37 28546
17336 15 31340
795 18 24859
11976 42 23278
15595 51 36334
15354 1 36392
22203 22 33610
5940 36 11638
3967 67 5273
10884 13 11111
678 18 38880
12964 98 26715
11201 22 24255
10441 34 32464
24903 8 26555
17525 83 24344
21448 94 35731
1101 33 36081
17449 23 31843
28740 20 29309
10241 40 18899
21469 87 21803
12844 89 13380
21119 26 27410
18157 90 23888
9082 86 22968
6636 11 22835
4460 82 17219
15750 64 25610
3710 17 21184
1767 71 22882
14727 9 32494
8320 88 10025
2363 44 15796
31788 43 37273
8292 29 20311
25907 10 31491
20588 82 24098
7676 43 8302
23391 96 39613
19531 14 29321
26290 92 34667
19259 84 32056
23186 83 29861
4256 98 23548
12549 43 18825
31196 97 39658
14607 40 30468
19545 27 26979
4771 86 18642
17187 2 20582
11470 7 33487
24793 99 32013
19068 71 35335
12851 29 36380
26650 67 36040
19867 8 31705
15125 60 37157
24828 29 33658
19071 50 27022
23857 1 26844
9430 49 26573
28968 71 29530
4481 73 15467
20164 22 22422
22504 100 38657
20386 82 24227
23307 66 33060
14190 36 19445
7602 85 9989
7922 66 12687
16324 60 32366
27556 63 34202
8295 40 31464
9867 3 36547
16368 76 28398
18830 54 23035
2473 79 34514
17327 51 24098
22886 44 33342
18760 46 31114
22423 9 27054
4469 20 5768
659 93 12586
18840 30 28992
32928 18 35646
3841 14 26744
19278 43 31075
20069 58 37112
28618 83 30138
7618 3 17689
4908 33 8621
9963 6 36925
10760 26 39216
12874 21 19461
14151 80 36145
10972 64 39519
15952 89 35128
3486 6 24177
10634 52 11337
30347 14 31652
21977 6 35098
26845 18 27558
105 37 4912
4877 42 15833
21880 1 27680
21913 14 33859
35436 59 37418
9018 77 31508
28057 65 34492
24884 28 36011
11810 64 20898
19843 88 22422
18075 82 26629
28350 8 31663
14547 89 27313
31277 66 34876
4817 32 21401
1488 2 30716
12298 58 31576
6844 19 19057
22325 46 26265
26990 81 38261
28865 39 38771
7122 30 18665
20659 26 32162
23049 95 23804
6552 7 21090
10202 46 20944
33474 32 38878
5651 100 16579
9001 21 27860
26989 31 33213
2015 16 31442
19087 53 31560
7669 8 7748
31852 72 39861
6675 10 20867
35058 85 39456
976 90 36290
11006 43 28017
15235 4 34962
25904 92 30620
4528 73 32540
12578 40 29977
2597 9 22768
14555 66 25130
24939 66 39271
7094 93 7840
4198 38 24881
8360 54 9370
11438 40 31104
3671 66 7743
12537 37 27828
3059 58 38429
3071 43 31641
945 11 18401
12503 76 30031
14458 90 32506
18304 19 26133
10292 53 23394
12549 71 12873
11999 97 36443
28640 23 33122
17708 35 38783
1026 64 34834
29445 91 36229
449 80 15448
36022 33 38546
15635 43 30715
9212 90 22561
27189 27 35030
22278 55 31175
32003 22 34930
6517 21 6784
2054 45 26350
5284 86 30695
4222 97 10435
4630 76 23230
919 55 27949
21134 97 22986
10012 52 35970
18472 49 35813
11885 96 35893
23138 55 33382
9150 46 30362
8770 80 36591
21269 88 22422
4161 43 31319
34068 18 38195
164 18 1031
18236 82 33899
10841 69 17194
23391 79 36438
26275 99 35705
6759 20 28338
6164 3 11331
6708 82 11619
22235 79 39142
18373 91 21492
6732 12 36365
3704 47 30064
23133 36 31939
6439 87 30385
8904 48 13613
23093 92 31052
25859 91 31977
29873 87 32652
4394 75 25084
3523 8 20376
9464 84 35006
3181 11 5358
27379 73 34311
27954 59 34363
9470 47 18987
6618 34 35333
11607 51 25765
30788 17 32992
10115 5 29636
26566 62 27347
8462 50 36331
16772 54 18489
2668 10 3282
13104 59 19214
26123 82 35004
24383 27 39305
19295 57 23826
11355 81 33094
18394 67 27080
31739 89 32344
29943 54 30902
8998 61 31449
11780 20 38776
30400 29 31772
16817 49 19606
20553 9 34198
3020 12 36950
5798 20 31511
21741 87 36384
1539 50 3307
12345 86 34203
2116 2 24100
29850 11 34067
11744 52 26816
24620 8 36613
988 99 30966
31768 33 35438
23745 100 31779
23440 39 23670
7989 35 32903
19670 93 25770
12848 79 39724
14644 10 32675
12193 28 23816
20738 18 30463
31119 70 34570
8933 69 23801
1218 94 20451
27660 75 39557
12727 46 37851
6665 52 22210
9775 32 17527
3764 23 13068
28559 10 33311
14026 36 18292
20199 54 29819
6753 32 38425
14540 94 30915
9673 86 34023
16185 71 34458
19261 25 19402
1626 88 36437
7177 85 39600
4022 37 28708
23648 52 37989
3559 44 10387
4719 25 17855
34187 15 39639
2750 81 10137
12460 18 27147
10573 25 37943
6543 84 18178
10483 17 21057
